2026-01-05,1099.15,1113.82,1120.10,1092.17,369486,586360639.00,2.57,2.38,25.84,0.81
2026-01-06,1132.67,1169.68,1169.68,1126.39,484537,798899077.00,3.89,5.02,55.86,1.07
2026-01-07,1173.18,1190.63,1202.50,1157.11,485849,821838601.00,3.88,1.79,20.95,1.07
2026-01-08,1178.76,1166.89,1196.22,1155.72,343793,578842865.00,3.40,-1.99,-23.74,0.76
2026-01-09,1169.68,1283.51,1283.51,1169.68,769166,1379367076.00,9.75,9.99,116.62,1.69
2026-01-12,1318.43,1270.94,1318.43,1243.01,757638,1376889079.00,5.88,-0.98,-12.57,1.67
2026-01-13,1271.64,1260.46,1282.11,1247.20,456173,824810555.00,2.75,-0.82,-10.48,1.00
2026-01-14,1259.07,1266.75,1300.97,1252.08,518860,948463019.00,3.88,0.50,6.29,1.14
2026-01-15,1267.45,1315.63,1365.21,1267.45,627053,1188094325.00,7.72,3.86,48.88,1.38
2026-01-16,1340.77,1316.33,1417.59,1310.74,786791,1529811847.00,8.12,0.05,0.70,1.73
2026-01-19,1317.03,1358.23,1368.70,1284.91,541757,1037484617.00,6.37,3.18,41.90,1.19
2026-01-20,1368.70,1344.26,1374.99,1298.17,446205,851763678.00,5.66,-1.03,-13.97,0.98
2026-01-21,1330.99,1365.21,1377.08,1330.99,429506,835886056.00,3.43,1.56,20.95,0.94
2026-01-22,1364.51,1342.17,1364.51,1325.41,339040,650017735.00,2.86,-1.69,-23.04,0.75
2026-01-23,1347.75,1391.75,1396.64,1335.88,513916,1012085805.00,4.53,3.69,49.58,1.13
2026-01-26,1410.60,1530.71,1530.71,1410.60,900890,1904047657.00,8.63,9.98,138.96,1.98
2026-01-27,1512.56,1524.43,1564.93,1465.07,829304,1805764502.00,6.52,-0.41,-6.28,1.82
2026-01-28,1506.97,1633.37,1643.14,1490.21,793287,1784501172.00,10.03,7.15,108.94,1.74
2026-01-29,1629.18,1592.17,1688.53,1529.32,875508,1997127280.00,9.75,-2.52,-41.20,1.92
2026-01-30,1498.59,1432.95,1498.59,1432.95,560733,1164134615.00,4.12,-10.00,-159.22,1.23
2026-02-02,1289.79,1305.16,1363.12,1289.79,841705,1598460165.00,5.12,-8.92,-127.79,1.85
2026-02-03,1329.60,1338.68,1345.66,1300.97,505821,958084997.00,3.42,2.57,33.52,1.11
2026-02-04,1361.72,1395.94,1396.64,1347.75,495185,974805674.00,3.65,4.28,57.26,1.09
2026-02-05,1372.89,1335.18,1372.89,1307.25,446316,855560793.00,4.70,-4.35,-60.76,0.98
2026-02-06,1298.87,1365.91,1390.35,1298.87,353747,688568666.00,6.85,2.30,30.73,0.78
2026-02-09,1396.64,1370.10,1396.64,1365.91,260716,513515944.00,2.25,0.31,4.19,0.57
2026-02-10,1369.40,1379.88,1400.83,1367.31,244202,483332601.00,2.45,0.71,9.78,0.54
2026-02-11,1379.88,1477.64,1496.50,1379.88,545577,1135654583.00,8.45,7.08,97.76,1.20
2026-02-12,1473.45,1484.62,1531.41,1461.58,465297,994162486.00,4.73,0.47,6.98,1.02
2026-02-13,1455.99,1441.33,1475.55,1433.65,314016,651926828.00,2.82,-2.92,-43.29,0.69
2026-02-24,1483.93,1479.04,1497.89,1459.49,337169,713542572.00,2.66,2.62,37.71,0.74
2026-02-25,1479.74,1548.17,1578.90,1476.25,508538,1121082595.00,6.94,4.67,69.13,1.12
2026-02-26,1548.87,1557.25,1608.93,1537.70,439103,984728271.00,4.60,0.59,9.08,0.97
2026-02-27,1550.27,1712.97,1712.97,1548.87,768453,1840975403.00,10.54,10.00,155.72,1.69
2026-03-02,1767.44,1849.15,1879.87,1682.95,1063470,2705022494.00,11.50,7.95,136.18,2.34
2026-03-03,1815.63,1769.54,1929.45,1761.16,1112828,2931233194.00,9.10,-4.31,-79.61,2.45
2026-03-04,1680.85,1812.14,1890.35,1680.85,829710,2149765023.00,11.84,2.41,42.60,1.82
2026-03-05,1861.02,1747.19,1865.21,1724.85,674803,1711518610.00,7.75,-3.58,-64.95,1.48
2026-03-06,1745.79,1716.47,1824.01,1710.88,677377,1706464361.00,6.47,-1.76,-30.72,1.49
2026-03-09,1689.93,1675.26,1696.91,1597.75,603471,1423941205.00,5.78,-2.40,-41.21,1.33
2026-03-10,1690.63,1673.17,1690.63,1646.63,387624,925922979.00,2.63,-0.12,-2.09,0.85
2026-03-11,1682.95,1616.61,1695.52,1611.72,469200,1102920787.00,5.01,-3.38,-56.56,1.03
2026-03-12,1613.11,1593.56,1654.31,1572.61,445660,1025922705.00,5.05,-1.43,-23.05,0.98
2026-03-13,1592.16,1527.92,1607.53,1522.33,501689,1118103609.00,5.35,-4.12,-65.64,1.10
2026-03-16,1527.22,1507.67,1536.30,1440.63,562730,1194132977.00,6.26,-1.33,-20.25,1.24
2026-03-17,1522.33,1474.85,1529.32,1473.45,259848,558349225.00,3.71,-2.18,-32.82,0.57
2026-03-18,1480.43,1459.48,1490.91,1435.74,251635,525116394.00,3.74,-1.04,-15.37,0.55
2026-03-19,1428.06,1353.34,1432.25,1347.75,451251,892981456.00,5.79,-7.27,-106.14,0.99
2026-03-20,1352.64,1322.61,1374.99,1307.25,546953,1047577690.00,5.01,-2.27,-30.73,1.20
2026-03-23,1257.67,1232.53,1291.89,1219.96,476766,856373311.00,5.44,-6.81,-90.08,1.05
2026-03-24,1263.96,1270.94,1271.64,1221.36,391215,698426138.00,4.08,3.12,38.41,0.86
2026-03-25,1298.87,1305.85,1328.20,1290.49,458603,859108097.00,2.97,2.75,34.91,1.01
2026-03-26,1304.46,1273.03,1310.74,1266.75,270941,500120636.00,3.37,-2.51,-32.82,0.60
2026-03-27,1251.39,1312.14,1329.60,1249.99,385383,721228365.00,6.25,3.07,39.11,0.85
2026-03-30,1312.14,1313.54,1325.41,1286.30,277869,519580654.00,2.98,0.11,1.40,0.61
2026-03-31,1329.60,1298.87,1329.60,1288.40,1370931,3127246965.00,3.14,-1.12,-14.67,3.01
2026-04-01,1330.30,1335.88,1344.26,1310.74,1159885,2795487291.00,2.58,2.85,37.01,2.55
2026-04-02,1329.60,1304.46,1329.60,1293.29,1071308,2378888614.00,2.72,-2.35,-31.42,2.36
2026-04-03,1307.25,1287.70,1310.74,1277.92,728804,1619308031.00,2.52,-1.28,-16.76,1.60
2026-04-07,1298.87,1307.95,1313.54,1280.02,808231,1767886757.00,2.60,1.57,20.25,1.78
2026-04-08,1320.90,1369.68,1393.71,1320.90,1088242,2423298218.00,5.57,4.72,61.73,2.39
2026-04-09,1358.70,1337.69,1361.06,1307.40,710434,1547017232.00,3.92,-2.34,-31.99,1.56
2026-04-10,1346.46,1299.05,1349.45,1298.55,729451,1567485095.00,3.81,-2.89,-38.64,1.60
2026-04-13,1296.32,1315.26,1329.96,1296.32,606832,1306410516.00,2.59,1.25,16.21,1.33
2026-04-14,1323.02,1319.98,1341.57,1306.95,593476,1256509449.00,2.63,0.36,4.72,1.30
2026-04-15,1339.67,1337.57,1380.56,1333.66,763305,1674581188.00,3.55,1.33,17.59,1.68
2026-04-16,1333.42,1347.29,1353.47,1313.23,624162,1324476038.00,3.01,0.73,9.72,1.37
2026-04-17,1338.00,1338.38,1364.47,1329.83,575488,1224381555.00,2.57,-0.66,-8.91,1.27
2026-04-20,1332.01,1370.00,1373.81,1330.51,789551,1689992419.00,3.24,2.36,31.62,1.74
2026-04-21,1373.73,1396.81,1416.37,1352.35,727037,1635502991.00,4.67,1.96,26.81,1.60
2026-04-22,1379.53,1404.72,1414.66,1368.90,752116,1633563585.00,3.28,0.57,7.91,1.65
2026-04-23,1406.42,1327.79,1410.88,1324.04,882974,1858370776.00,6.18,-5.48,-76.93,1.94
2026-04-24,1318.59,1327.03,1333.81,1295.99,478724,983999028.00,2.85,-0.06,-0.76,1.05
2026-04-27,1322.86,1299.37,1322.86,1292.58,426206,864873133.00,2.28,-2.08,-27.66,0.94
2026-04-28,1295.60,1264.21,1299.92,1255.28,542717,1057921622.00,3.44,-2.71,-35.16,1.19
2026-04-29,1264.21,1333.01,1339.80,1262.76,650556,1331185554.00,6.09,5.44,68.80,1.43
2026-04-30,1323.65,1320.28,1330.07,1303.02,462169,945345043.00,2.03,-0.95,-12.73,1.02
2026-05-06,1324.69,1417.86,1420.96,1324.69,891731,1948301598.00,7.29,7.39,97.58,1.96
2026-05-07,1428.65,1466.18,1497.46,1428.65,904457,2137656090.00,4.85,3.41,48.32,1.99
2026-05-08,1462.82,1482.45,1484.93,1445.45,737648,1718287229.00,2.69,1.11,16.27,1.62
2026-05-11,1475.75,1480.88,1496.02,1463.13,712885,1633257182.00,2.22,-0.11,-1.57,1.57
2026-05-12,1513.47,1532.02,1568.87,1468.13,1215293,2866975602.00,6.80,3.45,51.14,2.67
2026-05-13,1549.17,1579.55,1614.53,1548.35,1168728,2874027841.00,4.32,3.10,47.53,2.57
2026-05-14,1577.98,1481.80,1578.27,1481.80,897846,2123561191.00,6.11,-6.19,-97.75,1.97
2026-05-15,1477.37,1420.63,1483.10,1403.72,828265,1832980473.00,5.36,-4.13,-61.17,1.82
2026-05-18,1388.97,1455.49,1482.54,1378.64,771275,1702991198.00,7.31,2.45,34.86,1.70
2026-05-19,1448.48,1450.63,1497.86,1431.57,833708,1913398339.00,4.55,-0.33,-4.86,1.83
2026-05-20,1437.86,1437.96,1453.26,1392.24,613160,1355132584.00,4.21,-0.87,-12.67,1.35
2026-05-21,1454.70,1414.95,1510.73,1411.94,904155,2048819013.00,6.87,-1.60,-23.01,1.99
2026-05-22,1441.88,1459.89,1468.36,1437.19,615443,1384969049.00,2.20,3.18,44.94,1.35
2026-05-25,1467.03,1402.51,1483.61,1390.62,728354,1613805398.00,6.37,-3.93,-57.38,1.60
2026-05-26,1390.17,1542.76,1542.76,1360.49,1200716,2766625425.00,13.00,10.00,140.25,2.64
2026-05-27,1597.53,1658.99,1671.61,1597.53,1656857,4170567175.00,4.80,7.53,116.23,3.64
2026-05-28,1642.63,1729.94,1770.33,1624.69,1946482,5148208192.00,8.78,4.28,70.95,4.28
2026-05-29,1730.09,1557.10,1731.33,1557.10,1712893,4310296960.00,10.07,-9.99,-172.84,3.77
2026-06-01,1526.24,1516.90,1619.78,1507.53,1437974,3498259705.00,7.21,-2.58,-40.20,3.16
2026-06-02,1524.54,1552.02,1595.05,1449.46,1196596,2848535348.00,9.60,2.32,35.12,2.63
2026-06-03,1538.03,1555.27,1596.27,1527.22,1036993,2542823948.00,4.45,0.21,3.25,2.28
2026-06-04,1529.14,1507.10,1542.95,1495.19,782115,1842517427.00,3.07,-3.10,-48.17,1.72
2026-06-05,1500.34,1453.44,1523.82,1442.83,918776,2105063616.00,5.37,-3.56,-53.66,2.02
2026-06-08,1401.66,1390.38,1445.89,1369.07,802809,1736317975.00,5.29,-4.34,-63.06,1.76
2026-06-09,1403.92,1392.71,1412.53,1348.15,630051,1347659268.00,4.63,0.17,2.33,1.39
2026-06-10,1367.86,1388.08,1403.37,1330.61,837330,1752460141.00,5.22,-0.33,-4.63,1.84
2026-06-11,1397.67,1526.83,1526.83,1397.67,806316,1900810933.00,9.30,10.00,138.75,1.77
2026-06-12,1679.45,1679.45,1679.45,1679.45,306016,812700981.00,0.00,10.00,152.62,0.67
2026-06-15,1801.76,1847.21,1847.21,1792.45,2645753,7501541393.00,3.26,9.99,167.76,5.82
2026-06-16,1864.84,1966.19,1994.16,1864.84,3069449,8861071158.00,7.00,6.44,118.98,6.75
2026-06-17,1978.41,1927.62,2031.25,1874.38,2780829,8298333813.00,7.98,-1.96,-38.57,6.11
2026-06-18,1907.73,1879.17,1957.05,1843.29,2520910,7332257518.00,5.90,-2.51,-48.45,5.54
2026-06-22,1896.15,2027.52,2044.57,1866.14,2930134,8921554499.00,9.50,7.89,148.35,6.44
2026-06-23,2014.85,1837.34,2017.34,1824.70,2493661,7308814316.00,9.50,-9.38,-190.18,5.48
2026-06-24,1785.19,1799.91,1844.10,1743.14,1773694,4917131720.00,5.49,-2.04,-37.43,3.90
2026-06-25,1808.92,1784.46,1848.82,1765.27,1607476,4460962895.00,4.64,-0.86,-15.45,3.53
2026-06-26,1769.08,1761.66,1862.15,1735.95,1640316,4554925286.00,7.07,-1.28,-22.80,3.61
2026-06-29,1752.52,1857.76,1857.76,1752.52,2014804,5763110062.00,5.97,5.46,96.10,4.43
2026-06-30,1814.50,1766.72,1814.56,1718.53,1771363,4885129009.00,5.17,-4.90,-91.04,3.89
2026-07-01,1758.39,1819.32,1875.01,1752.71,1615540,4591394742.00,6.92,2.98,52.60,3.55
2026-07-02,1775.13,1767.54,1843.23,1717.95,1478386,4078095776.00,6.89,-2.85,-51.78,3.25
2026-07-03,1779.19,1673.55,1786.52,1669.07,1403170,3666503164.00,6.64,-5.32,-93.99,3.08
2026-07-06,1677.41,1585.39,1696.48,1579.50,1093211,2716038589.00,6.99,-5.27,-88.16,2.40
2026-07-07,1584.23,1555.32,1602.78,1546.53,860210,2302568618.00,3.55,-1.90,-30.07,1.89
2026-07-08,1554.31,1484.37,1576.04,1484.37,1148583,2919167246.00,5.89,-4.56,-70.95,2.53
2026-07-09,1490.28,1511.81,1514.91,1423.76,1238046,3058997615.00,6.14,1.85,27.44,2.72
2026-07-10,1510.00,1460.85,1521.55,1460.85,1105135,2810601806.00,4.02,-3.37,-50.96,2.43
2026-07-13,1453.78,1419.05,1464.72,1409.71,1027999,2500994868.00,3.77,-2.86,-41.80,2.26
2026-07-14,1416.43,1447.46,1453.49,1390.87,977412,2358182149.00,4.41,2.00,28.41,2.15
2026-07-15,1457.06,1384.11,1457.25,1380.88,896783,2122798992.00,5.28,-4.38,-63.35,1.97
2026-07-16,1371.43,1362.91,1402.46,1352.23,746745,1736961848.00,3.63,-1.53,-21.20,1.64
2026-07-17,1357.24,1315.86,1378.98,1292.09,940767,2107476269.00,6.38,-3.45,-47.05,2.07
2026-07-20,1366.29,1329.41,1392.31,1294.02,1199999,2712345510.00,7.47,1.03,13.55,2.64
2026-07-21,1330.64,1350.25,1355.86,1226.65,1293501,2851865889.00,9.72,1.57,20.84,2.84
2026-07-22,1342.18,1376.07,1410.99,1338.59,1320975,3098126648.00,5.36,1.91,25.82,2.90
2026-07-23,1381.90,1437.06,1449.61,1357.67,1157784,2798131611.00,6.68,4.43,60.99,2.55
2026-07-24,1391.74,1345.85,1394.07,1342.03,1032478,2452870077.00,3.62,-6.35,-91.21,2.27
2026-07-27,1348.99,1374.49,1374.49,1331.87,702993,1678569467.00,3.17,2.13,28.64,1.55
2026-07-28,1347.02,1335.16,1374.89,1328.43,623867,1436513444.00,3.38,-2.86,-39.33,1.37
2026-07-29,1339.43,1379.14,1396.51,1313.41,909785,2128799109.00,6.22,3.29,43.98,2.00
2026-07-30,1376.90,1336.66,1405.01,1324.02,710089,1657027478.00,5.87,-3.08,-42.48,1.56
2026-07-31,1365.82,1362.93,1397.58,1351.77,838188,1956634445.00,3.43,1.97,26.27,1.84
2026-08-03,1354.70,1374.43,1381.85,1341.03,593176,1410640987.00,3.00,0.84,11.50,1.30
2026-08-04,1379.94,1426.81,1432.37,1379.94,871588,2090392344.00,3.81,3.81,52.38,1.92
2026-08-05,1440.64,1473.76,1480.34,1421.06,1141037,2795115122.00,4.15,3.29,46.95,2.51