2026-01-05,7.09,7.06,7.11,7.01,1380160,997147850.00,1.41,-0.28,-0.02,0.53
2026-01-06,7.07,7.01,7.07,6.98,1470459,1056265088.00,1.27,-0.71,-0.05,0.56
2026-01-07,7.01,6.96,7.02,6.95,1174238,838784623.00,1.00,-0.71,-0.05,0.45
2026-01-08,6.96,6.92,6.97,6.91,1154168,819024504.00,0.86,-0.57,-0.04,0.44
2026-01-09,6.95,6.90,6.96,6.89,969564,687082677.00,1.01,-0.29,-0.02,0.37
2026-01-12,6.90,6.93,6.95,6.85,1454039,1027262879.00,1.45,0.43,0.03,0.56
2026-01-13,6.94,6.92,6.99,6.89,1343319,955733518.00,1.44,-0.14,-0.01,0.52
2026-01-14,6.91,6.87,6.92,6.85,1664328,1173727908.00,1.01,-0.72,-0.05,0.64
2026-01-15,6.86,6.76,6.88,6.74,1677087,1170167655.00,2.04,-1.60,-0.11,0.64
2026-01-16,6.77,6.70,6.79,6.68,1966452,1354899239.00,1.63,-0.89,-0.06,0.75
2026-01-19,6.70,6.65,6.75,6.64,1571530,1076596275.00,1.64,-0.75,-0.05,0.60
2026-01-20,6.66,6.69,6.74,6.64,1614528,1108773453.00,1.50,0.60,0.04,0.62
2026-01-21,6.71,6.55,6.74,6.54,2537215,1720486884.00,2.99,-2.09,-0.14,0.97
2026-01-22,6.57,6.54,6.63,6.52,1780562,1198219173.00,1.68,-0.15,-0.01,0.68
2026-01-23,6.55,6.47,6.60,6.45,2225669,1488871792.00,2.29,-1.07,-0.07,0.85
2026-01-26,6.46,6.47,6.56,6.43,2582310,1721219418.00,2.01,0.00,0.00,0.99
2026-01-27,6.48,6.44,6.56,6.43,2312737,1543139323.00,2.01,-0.46,-0.03,0.89
2026-01-28,6.44,6.38,6.48,6.37,3280865,2160619184.00,1.71,-0.93,-0.06,1.26
2026-01-29,6.39,6.43,6.47,6.31,3145114,2059288785.00,2.51,0.78,0.05,1.21
2026-01-30,6.46,6.45,6.54,6.45,2439311,1624607054.00,1.40,0.31,0.02,0.94
2026-02-02,6.50,6.48,6.60,6.47,2781858,1864553043.00,2.02,0.47,0.03,1.07
2026-02-03,6.48,6.42,6.49,6.38,2270998,1496086628.00,1.70,-0.93,-0.06,0.87
2026-02-04,6.41,6.50,6.51,6.40,1387931,922754167.00,1.71,1.25,0.08,0.53
2026-02-05,6.51,6.59,6.60,6.50,1732166,1166679850.00,1.54,1.38,0.09,0.66
2026-02-06,6.62,6.54,6.64,6.52,1729551,1163096931.00,1.82,-0.76,-0.05,0.66
2026-02-09,6.53,6.57,6.60,6.50,1412829,949465059.00,1.53,0.46,0.03,0.54
2026-02-10,6.57,6.65,6.66,6.56,1594667,1084522960.00,1.52,1.22,0.08,0.61
2026-02-11,6.66,6.65,6.68,6.59,1102808,751158145.00,1.35,0.00,0.00,0.42
2026-02-12,6.65,6.56,6.65,6.53,1441385,970954497.00,1.80,-1.35,-0.09,0.55
2026-02-13,6.56,6.48,6.57,6.47,1461456,975476047.00,1.52,-1.22,-0.08,0.56
2026-02-24,6.51,6.50,6.52,6.47,1140045,760115157.00,0.77,0.31,0.02,0.44
2026-02-25,6.51,6.45,6.53,6.45,1402378,934188759.00,1.23,-0.77,-0.05,0.54
2026-02-26,6.45,6.41,6.50,6.39,1277377,843222763.00,1.71,-0.62,-0.04,0.49
2026-02-27,6.41,6.38,6.44,6.38,1188033,781194986.00,0.94,-0.47,-0.03,0.46
2026-03-02,6.36,6.41,6.43,6.34,1691836,1110692480.00,1.41,0.47,0.03,0.65
2026-03-03,6.42,6.57,6.64,6.40,3679811,2468537562.00,3.74,2.50,0.16,1.41
2026-03-04,6.57,6.49,6.57,6.43,2541383,1687392389.00,2.13,-1.22,-0.08,0.97
2026-03-05,6.46,6.55,6.58,6.44,1681884,1124296062.00,2.16,0.92,0.06,0.65
2026-03-06,6.54,6.60,6.61,6.52,1399521,944440186.00,1.37,0.76,0.05,0.54
2026-03-09,6.56,6.59,6.64,6.55,2024770,1370531321.00,1.36,-0.15,-0.01,0.78
2026-03-10,6.58,6.56,6.59,6.52,1219858,819615646.00,1.06,-0.46,-0.03,0.47
2026-03-11,6.55,6.62,6.63,6.52,1243623,840072232.00,1.68,0.91,0.06,0.48
2026-03-12,6.60,6.63,6.67,6.60,1099493,749016351.00,1.06,0.15,0.01,0.42
2026-03-13,6.63,6.68,6.73,6.60,1795746,1229383713.00,1.96,0.75,0.05,0.69
2026-03-16,6.68,6.70,6.76,6.67,1493370,1027219777.00,1.35,0.30,0.02,0.57
2026-03-17,6.69,6.77,6.79,6.68,1431635,992848172.00,1.64,1.04,0.07,0.55
2026-03-18,6.78,6.73,6.79,6.68,1455387,1004628433.00,1.62,-0.59,-0.04,0.56
2026-03-19,6.70,6.72,6.78,6.69,1463663,1011884620.00,1.34,-0.15,-0.01,0.56
2026-03-20,6.72,6.74,6.78,6.69,1532841,1059682746.00,1.34,0.30,0.02,0.59
2026-03-23,6.72,6.50,6.73,6.49,2260777,1523005463.00,3.56,-3.56,-0.24,0.87
2026-03-24,6.52,6.65,6.66,6.52,1697052,1151530873.00,2.15,2.31,0.15,0.65
2026-03-25,6.64,6.66,6.66,6.55,1455937,986694609.00,1.65,0.15,0.01,0.56
2026-03-26,6.63,6.69,6.72,6.63,1222402,839300570.00,1.35,0.45,0.03,0.47
2026-03-27,6.68,6.71,6.74,6.66,1332075,915978194.00,1.20,0.30,0.02,0.51
2026-03-30,6.71,6.80,6.83,6.69,1860368,1294529935.00,2.09,1.34,0.09,0.71
2026-03-31,6.82,6.83,6.96,6.81,2032563,1432821440.00,2.21,0.44,0.03,0.78
2026-04-01,6.84,6.84,6.90,6.80,1447571,1015874135.00,1.46,0.15,0.01,0.56
2026-04-02,6.84,6.92,6.93,6.83,1468509,1037757399.00,1.46,1.17,0.08,0.56
2026-04-03,6.92,6.82,6.93,6.81,1025577,720479631.00,1.73,-1.45,-0.10,0.39
2026-04-07,6.82,6.74,6.84,6.72,1087649,754533974.00,1.76,-1.17,-0.08,0.42
2026-04-08,6.74,6.74,6.76,6.67,1431528,986228755.00,1.34,0.00,0.00,0.55
2026-04-09,6.73,6.67,6.75,6.64,1092607,747617735.00,1.63,-1.04,-0.07,0.42
2026-04-10,6.66,6.63,6.67,6.63,1091684,743659219.00,0.60,-0.60,-0.04,0.42
2026-04-13,6.64,6.68,6.68,6.59,966223,658479276.00,1.36,0.75,0.05,0.37
2026-04-14,6.68,6.73,6.73,6.65,1081230,742274154.00,1.20,0.75,0.05,0.41
2026-04-15,6.71,6.76,6.79,6.70,1475374,1020794211.00,1.34,0.45,0.03,0.57
2026-04-16,6.77,6.75,6.82,6.74,1136040,789244362.00,1.18,-0.15,-0.01,0.44
2026-04-17,6.74,6.79,6.80,6.72,1046391,725244660.00,1.19,0.59,0.04,0.40
2026-04-20,6.78,6.88,6.88,6.77,1315254,922066157.00,1.62,1.33,0.09,0.50
2026-04-21,6.87,6.85,6.94,6.83,1194074,843005075.00,1.60,-0.44,-0.03,0.46
2026-04-22,6.86,6.80,6.87,6.79,992860,694377886.00,1.17,-0.73,-0.05,0.38
2026-04-23,6.80,6.82,6.85,6.76,1327890,927750057.00,1.32,0.29,0.02,0.51
2026-04-24,6.83,6.81,6.84,6.77,938078,654733247.00,1.03,-0.15,-0.01,0.36
2026-04-27,6.80,6.75,6.87,6.75,1072352,747703551.00,1.76,-0.88,-0.06,0.41
2026-04-28,6.74,6.81,6.81,6.73,1181787,820251398.00,1.19,0.89,0.06,0.45
2026-04-29,6.81,6.78,6.82,6.71,1324395,918116022.00,1.62,-0.44,-0.03,0.51
2026-04-30,6.75,6.63,6.76,6.61,2484443,1697680898.00,2.21,-2.21,-0.15,0.95
2026-05-06,6.63,6.56,6.63,6.50,2539144,1705549600.00,1.96,-1.06,-0.07,0.97
2026-05-07,6.56,6.52,6.60,6.52,1361534,915996106.00,1.22,-0.61,-0.04,0.52
2026-05-08,6.54,6.53,6.57,6.51,1150578,771500776.00,0.92,0.15,0.01,0.44
2026-05-11,6.53,6.50,6.53,6.48,1654608,1103439810.00,0.77,-0.46,-0.03,0.63
2026-05-12,6.50,6.50,6.56,6.49,1378596,923097191.00,1.08,0.00,0.00,0.53
2026-05-13,6.52,6.51,6.56,6.49,1475076,986836609.00,1.08,0.15,0.01,0.57
2026-05-14,6.51,6.56,6.59,6.49,1827358,1228807340.00,1.54,0.77,0.05,0.70
2026-05-15,6.56,6.55,6.61,6.52,1593313,1072292052.00,1.37,-0.15,-0.01,0.61
2026-05-18,6.56,6.49,6.56,6.49,1289802,861538291.00,1.07,-0.92,-0.06,0.49
2026-05-19,6.50,6.50,6.58,6.50,1740757,1166977650.00,1.23,0.15,0.01,0.67
2026-05-20,6.51,6.40,6.52,6.39,1800654,1191979419.00,2.00,-1.54,-0.10,0.69
2026-05-21,6.40,6.47,6.49,6.38,1533960,1015629186.00,1.72,1.09,0.07,0.59
2026-05-22,6.47,6.47,6.56,6.43,1844811,1230764131.00,2.01,0.00,0.00,0.71
2026-05-25,6.47,6.44,6.51,6.43,1157159,767436314.00,1.24,-0.46,-0.03,0.44
2026-05-26,6.43,6.43,6.49,6.41,1501690,994338860.00,1.24,-0.16,-0.01,0.58
2026-05-27,6.43,6.42,6.47,6.41,1530152,1010337272.00,0.93,-0.16,-0.01,0.59
2026-05-28,6.42,6.37,6.47,6.35,1604430,1054143494.00,1.87,-0.78,-0.05,0.62
2026-05-29,6.36,6.49,6.52,6.33,2193632,1449883478.00,2.98,1.88,0.12,0.84
2026-06-01,6.50,6.62,6.62,6.48,2376862,1601233249.00,2.16,2.00,0.13,0.91
2026-06-02,6.60,6.68,6.69,6.59,1988898,1358889004.00,1.51,0.91,0.06,0.76
2026-06-03,6.68,6.61,6.68,6.56,1811068,1229686417.00,1.80,-1.05,-0.07,0.69
2026-06-04,6.64,6.55,6.65,6.54,1448417,979377870.00,1.66,-0.91,-0.06,0.56
2026-06-05,6.57,6.66,6.67,6.56,1863119,1268956047.00,1.68,1.68,0.11,0.71
2026-06-08,6.66,6.69,6.72,6.63,1826372,1251452839.00,1.35,0.45,0.03,0.70
2026-06-09,6.66,6.71,6.76,6.64,1836224,1264998786.00,1.79,0.30,0.02,0.70
2026-06-10,6.71,6.77,6.82,6.69,2170569,1507161615.00,1.94,0.89,0.06,0.83
2026-06-11,6.77,6.80,6.81,6.68,1775957,1231414348.00,1.92,0.44,0.03,0.68
2026-06-12,6.76,6.97,6.99,6.72,3576055,2525128503.00,3.97,2.50,0.17,1.37
2026-06-15,6.97,6.84,7.00,6.81,2678816,1894528095.00,2.73,-1.87,-0.13,1.03
2026-06-16,6.83,6.78,6.86,6.76,1578970,1099950623.00,1.46,-0.88,-0.06,0.61
2026-06-17,6.79,6.73,6.86,6.69,1603704,1110320878.00,2.51,-0.74,-0.05,0.62
2026-06-18,6.73,6.51,6.74,6.50,2473960,1667445127.00,3.57,-3.27,-0.22,0.95
2026-06-22,6.50,6.52,6.60,6.46,2050698,1371629461.00,2.15,0.15,0.01,0.79
2026-06-23,6.53,6.66,6.74,6.52,2712108,1856411909.00,3.37,2.15,0.14,1.04
2026-06-24,6.67,6.46,6.70,6.46,2514484,1688130430.00,3.60,-3.00,-0.20,0.96
2026-06-25,6.46,6.42,6.50,6.40,2092552,1382729808.00,1.55,-0.62,-0.04,0.80
2026-06-26,6.43,6.34,6.45,6.34,2406487,1572903127.00,1.71,-1.25,-0.08,0.92
2026-06-29,6.35,6.40,6.42,6.23,2286248,1487947879.00,3.00,0.95,0.06,0.88
2026-06-30,6.37,6.26,6.38,6.24,2066500,1332612431.00,2.19,-2.19,-0.14,0.79
2026-07-01,6.25,6.27,6.35,6.20,1578514,1018012971.00,2.40,0.16,0.01,0.61
2026-07-02,6.32,6.34,6.43,6.27,1938153,1262412209.00,2.55,1.12,0.07,0.74
2026-07-03,6.33,6.34,6.41,6.27,1720301,1118636577.00,2.21,0.00,0.00,0.66
2026-07-06,6.32,6.47,6.48,6.29,2244002,1475209375.00,3.00,2.05,0.13,0.86
2026-07-07,6.46,6.53,6.55,6.42,1844783,1228971021.00,2.01,0.93,0.06,0.71
2026-07-08,6.50,6.60,6.62,6.44,1823832,1231139527.00,2.76,1.07,0.07,0.70
2026-07-09,6.58,6.51,6.59,6.49,1881015,1259118039.00,1.52,-1.36,-0.09,0.72
2026-07-10,6.54,6.61,6.65,6.51,1710676,1126976726.00,2.15,1.54,0.10,0.66
2026-07-13,6.60,6.77,6.79,6.58,2668350,1797845857.00,3.18,2.42,0.16,1.02
2026-07-14,6.75,6.78,6.83,6.71,2089070,1414100101.00,1.77,0.15,0.01,0.80
2026-07-15,6.74,6.83,6.86,6.71,1972888,1343565490.00,2.21,0.74,0.05,0.76
2026-07-16,6.86,6.77,6.89,6.73,1625977,1102328889.00,2.34,-0.88,-0.06,0.62
2026-07-17,6.76,6.83,6.85,6.74,2214258,1510474847.00,1.62,0.89,0.06,0.85
2026-07-20,6.81,7.03,7.03,6.79,3501951,2436084658.00,3.51,2.93,0.20,1.34
2026-07-21,7.05,6.81,7.08,6.80,3087895,2139447136.00,3.98,-3.13,-0.22,1.18
2026-07-22,6.78,6.95,6.95,6.76,1998435,1371151555.00,2.79,2.06,0.14,0.77
2026-07-23,6.94,6.95,6.99,6.89,1349129,936211596.00,1.44,0.00,0.00,0.52
2026-07-24,7.01,7.04,7.05,6.98,2309531,1621970084.00,1.01,1.29,0.09,0.89
2026-07-27,7.09,7.01,7.10,6.99,1957052,1378496856.00,1.56,-0.43,-0.03,0.75
2026-07-28,7.06,7.11,7.11,6.99,2671712,1891091882.00,1.71,1.43,0.10,1.02
2026-07-29,7.13,7.09,7.16,7.07,2367421,1685478824.00,1.27,-0.28,-0.02,0.91