2026-01-05,14.00,13.94,14.04,13.88,43799,62214453.15,1.14,-0.43,-0.06,2.30
2026-01-06,13.95,13.97,14.01,13.86,38962,55218127.33,1.08,0.22,0.03,2.05
2026-01-07,13.97,13.92,14.15,13.82,49385,70227716.75,2.36,-0.36,-0.05,2.60
2026-01-08,13.92,13.98,14.13,13.86,29455,41809782.34,1.94,0.43,0.06,1.55
2026-01-09,13.98,14.44,14.48,13.93,64477,93109421.54,3.93,3.29,0.46,3.39
2026-01-12,14.53,15.08,15.91,14.42,225038,351720300.43,10.32,4.43,0.64,11.84
2026-01-13,15.36,14.64,15.39,14.61,154441,234820792.09,5.17,-2.92,-0.44,8.12
2026-01-14,14.90,14.61,14.91,14.38,91026,135565553.16,3.62,-0.20,-0.03,4.79
2026-01-15,14.55,14.46,14.71,14.40,58877,87009938.15,2.12,-1.03,-0.15,3.10
2026-01-16,14.50,14.23,14.54,14.14,66934,97278838.66,2.77,-1.59,-0.23,3.52
2026-01-19,14.19,14.55,14.57,14.16,60505,88925774.96,2.88,2.25,0.32,3.18
2026-01-20,14.50,14.65,14.77,14.46,53682,79947149.09,2.13,0.69,0.10,2.82
2026-01-21,14.56,14.61,14.65,14.41,43111,63904722.12,1.64,-0.27,-0.04,2.27
2026-01-22,14.65,14.71,14.77,14.53,39989,59710656.25,1.64,0.68,0.10,2.10
2026-01-23,14.75,14.61,14.75,14.54,34100,50674951.52,1.43,-0.68,-0.10,1.79
2026-01-26,14.60,14.62,14.69,14.41,40963,60624671.22,1.92,0.07,0.01,2.15
2026-01-27,14.63,14.34,14.63,14.13,45539,66353797.06,3.42,-1.92,-0.28,2.40
2026-01-28,14.35,14.20,14.44,14.16,36349,52707927.39,1.95,-0.98,-0.14,1.91
2026-01-29,14.18,14.35,14.36,14.08,35285,51240589.25,1.97,1.06,0.15,1.86
2026-01-30,14.32,14.41,14.55,14.25,40025,58652828.13,2.09,0.42,0.06,2.11
2026-02-02,14.41,14.47,14.76,14.29,55702,82794220.21,3.26,0.42,0.06,2.93
2026-02-03,14.48,14.44,14.58,14.28,43207,63364358.76,2.07,-0.21,-0.03,2.27
2026-02-04,14.46,14.68,14.73,14.40,54175,80730072.24,2.29,1.66,0.24,2.85
2026-02-05,14.65,14.82,14.94,14.56,60710,91563149.97,2.59,0.95,0.14,3.19
2026-02-06,14.76,14.69,14.89,14.64,41560,62439574.97,1.69,-0.88,-0.13,2.19
2026-02-09,14.85,14.78,14.85,14.62,33995,50906680.01,1.57,0.61,0.09,1.79
2026-02-10,14.78,14.85,14.90,14.65,31908,48007217.10,1.69,0.47,0.07,1.68
2026-02-11,14.82,14.72,14.84,14.65,26940,40417153.56,1.28,-0.88,-0.13,1.42
2026-02-12,14.80,14.54,14.80,14.48,30505,45239393.78,2.17,-1.22,-0.18,1.60
2026-02-13,14.56,14.48,14.64,14.44,28860,42668089.40,1.38,-0.41,-0.06,1.52
2026-02-24,14.58,14.70,14.70,14.46,27628,40983082.05,1.66,1.52,0.22,1.45
2026-02-25,14.71,14.68,14.82,14.64,29925,44813205.76,1.22,-0.14,-0.02,1.57
2026-02-26,14.68,14.64,14.74,14.55,22585,33599737.28,1.29,-0.27,-0.04,1.19
2026-02-27,14.65,14.74,14.78,14.58,28319,42339108.08,1.37,0.68,0.10,1.49
2026-03-02,14.62,14.42,14.90,14.41,42407,62858498.70,3.32,-2.17,-0.32,2.23
2026-03-03,14.52,14.26,14.62,14.26,38031,55935163.48,2.50,-1.11,-0.16,2.00
2026-03-04,14.16,14.15,14.30,13.93,43167,62047560.06,2.59,-0.77,-0.11,2.27
2026-03-05,14.28,14.19,14.41,14.11,31585,45896267.61,2.12,0.28,0.04,1.66
2026-03-06,14.20,14.69,14.72,14.16,44835,66375330.37,3.95,3.52,0.50,2.36
2026-03-09,14.54,14.66,14.84,14.53,36387,54364869.47,2.11,-0.20,-0.03,1.91
2026-03-10,14.77,14.90,14.90,14.60,37444,56234355.51,2.05,1.64,0.24,1.97
2026-03-11,14.95,14.91,14.99,14.79,33515,50754533.48,1.34,0.07,0.01,1.76
2026-03-12,14.93,14.65,14.93,14.58,31182,46642297.34,2.35,-1.74,-0.26,1.64
2026-03-13,14.67,14.68,14.81,14.56,26418,39456315.70,1.71,0.20,0.03,1.39
2026-03-16,14.68,14.83,14.93,14.68,37456,56348557.36,1.70,1.02,0.15,1.97
2026-03-17,14.82,14.48,14.92,14.45,32922,49149368.47,3.17,-2.36,-0.35,1.73
2026-03-18,14.49,14.63,14.67,14.35,30441,44924244.53,2.21,1.04,0.15,1.60
2026-03-19,14.53,14.34,14.73,14.27,33012,48523145.22,3.14,-1.98,-0.29,1.74
2026-03-20,14.42,13.93,14.51,13.93,52536,75636171.04,4.04,-2.86,-0.41,2.76
2026-03-23,13.76,12.97,13.81,12.86,83374,112801241.57,6.82,-6.89,-0.96,4.39
2026-03-24,13.22,13.47,13.49,12.99,41053,55446604.81,3.86,3.86,0.50,2.16
2026-03-25,13.54,13.68,13.77,13.45,32656,45452968.05,2.38,1.56,0.21,1.72
2026-03-26,13.79,13.65,13.89,13.57,30301,42299646.13,2.34,-0.22,-0.03,1.59
2026-03-27,13.64,13.93,13.96,13.51,29733,41806032.26,3.30,2.05,0.28,1.56
2026-03-30,13.85,14.19,14.20,13.79,30730,44066301.28,2.94,1.87,0.26,1.62
2026-03-31,14.21,14.49,14.81,14.11,65787,97297808.12,4.93,2.11,0.30,3.46
2026-04-01,14.61,14.61,14.73,14.41,57646,85560955.64,2.21,0.83,0.12,3.03
2026-04-02,14.61,14.50,14.74,14.44,39666,58824592.93,2.05,-0.75,-0.11,2.09
2026-04-03,14.63,14.07,14.63,14.00,33516,48370720.80,4.34,-2.97,-0.43,1.76
2026-04-07,14.05,14.15,14.32,13.89,36823,53035308.02,3.06,0.57,0.08,1.94
2026-04-08,14.37,14.48,14.62,14.27,33701,49695925.32,2.47,2.33,0.33,1.77
2026-04-09,14.44,14.34,14.59,14.19,29246,42724918.13,2.76,-0.97,-0.14,1.54
2026-04-10,14.48,14.40,14.62,14.18,23178,34159423.10,3.07,0.42,0.06,1.22
2026-04-13,14.40,14.31,14.44,14.16,32443,47128283.15,1.94,-0.63,-0.09,1.71
2026-04-14,14.37,14.27,14.38,14.13,26953,39064398.70,1.75,-0.28,-0.04,1.42
2026-04-15,14.31,14.42,14.47,14.19,25642,37433690.60,1.96,1.05,0.15,1.35
2026-04-16,14.41,14.65,14.68,14.27,32319,47640944.07,2.84,1.60,0.23,1.70
2026-04-17,14.50,14.45,14.65,14.29,35587,52160590.96,2.46,-1.37,-0.20,1.87
2026-04-20,14.45,14.71,14.82,14.45,51861,77478347.80,2.56,1.80,0.26,2.73
2026-04-21,14.73,14.73,14.82,14.57,33489,50010261.36,1.70,0.14,0.02,1.76
2026-04-22,14.73,14.62,14.75,14.59,21712,32334415.04,1.09,-0.75,-0.11,1.14
2026-04-23,14.61,14.64,14.78,14.49,33663,50144976.26,1.98,0.14,0.02,1.77
2026-04-24,14.63,15.25,15.48,14.51,84017,128530371.33,6.63,4.17,0.61,4.42
2026-04-27,15.13,15.25,15.27,14.82,62579,95682698.27,2.95,0.00,0.00,3.29
2026-04-28,15.21,15.37,15.51,15.09,58227,90898435.16,2.75,0.79,0.12,3.06
2026-04-29,15.30,15.20,15.49,15.09,56732,88290219.01,2.60,-1.11,-0.17,2.98
2026-04-30,15.20,15.54,15.89,15.15,94702,150426278.53,4.87,2.24,0.34,4.98
2026-05-06,15.47,15.42,15.64,15.34,62255,97557283.03,1.93,-0.77,-0.12,3.27
2026-05-07,15.42,15.25,15.82,15.19,57040,89401560.12,4.09,-1.10,-0.17,3.00
2026-05-08,15.25,15.18,15.37,15.14,33356,51626530.26,1.51,-0.46,-0.07,1.75
2026-05-11,15.20,14.51,15.24,14.10,111710,164144513.90,7.51,-4.41,-0.67,5.88
2026-05-12,14.49,14.14,14.56,14.06,56070,81360092.18,3.45,-2.55,-0.37,2.95
2026-05-13,14.19,14.41,14.72,14.19,65641,96882307.39,3.75,1.91,0.27,3.45
2026-05-14,14.54,14.26,14.54,14.15,43273,62858654.22,2.71,-1.04,-0.15,2.28
2026-05-15,14.31,14.25,14.37,14.09,43471,62886410.50,1.96,-0.07,-0.01,2.29
2026-05-18,14.12,14.01,14.25,13.70,46676,66006929.93,3.86,-1.68,-0.24,2.46
2026-05-19,14.05,13.95,14.14,13.85,32905,46812760.44,2.07,-0.43,-0.06,1.73
2026-05-20,13.95,13.86,13.96,13.76,25312,35668017.51,1.43,-0.65,-0.09,1.33
2026-05-21,13.89,13.56,14.02,13.52,42356,59361917.72,3.61,-2.16,-0.30,2.23
2026-05-22,13.60,13.60,13.67,13.34,35275,48518347.61,2.43,0.29,0.04,1.86
2026-05-25,13.60,13.42,13.68,13.33,35142,48233769.86,2.57,-1.32,-0.18,1.85
2026-05-26,13.38,13.17,13.51,13.01,40552,54374290.09,3.73,-1.86,-0.25,2.13
2026-05-27,13.18,13.29,13.35,12.93,40551,54231248.58,3.19,0.91,0.12,2.13
2026-05-28,13.17,13.13,13.26,13.03,34045,45539674.27,1.73,-1.20,-0.16,1.79
2026-05-29,13.14,13.37,13.50,13.08,38137,51748039.32,3.20,1.83,0.24,2.01
2026-06-01,13.28,13.71,13.72,13.18,32051,44239601.62,4.04,2.54,0.34,1.69
2026-06-02,13.71,13.62,13.71,13.44,35486,48127601.26,1.97,-0.66,-0.09,1.87
2026-06-03,13.61,13.57,13.66,13.43,23557,31817144.06,1.69,-0.37,-0.05,1.24
2026-06-04,13.48,13.47,13.61,13.30,29189,39095801.65,2.28,-0.74,-0.10,1.54
2026-06-05,13.35,13.51,13.60,13.34,23785,32023337.37,1.93,0.30,0.04,1.25
2026-06-08,13.26,13.14,13.45,13.01,31399,41455484.73,3.26,-2.74,-0.37,1.65
2026-06-09,13.14,13.17,13.27,13.00,18069,23760831.50,2.05,0.23,0.03,0.95
2026-06-10,13.18,13.08,13.36,13.06,20313,26740877.55,2.28,-0.68,-0.09,1.07
2026-06-11,13.05,12.88,13.13,12.68,21266,27282583.89,3.44,-1.53,-0.20,1.12
2026-06-12,12.95,12.86,13.03,12.75,19481,25139168.53,2.17,-0.16,-0.02,1.02
2026-06-15,12.91,12.76,13.09,12.65,28710,36788074.10,3.42,-0.78,-0.10,1.51
2026-06-16,12.77,12.52,12.77,12.43,21204,26567492.06,2.66,-1.88,-0.24,1.12
2026-06-17,12.47,12.39,12.76,12.21,33143,41099358.12,4.39,-1.04,-0.13,1.74
2026-06-18,12.30,12.33,12.45,12.13,14081,17333901.09,2.58,-0.48,-0.06,0.74
2026-06-22,12.32,12.36,12.40,11.85,29082,35183404.43,4.46,0.24,0.03,1.53
2026-06-23,12.29,12.46,12.65,12.27,21359,26665839.31,3.07,0.81,0.10,1.12
2026-06-24,12.47,12.04,12.47,12.01,23083,28047096.13,3.69,-3.37,-0.42,1.21
2026-06-25,11.98,11.94,12.19,11.75,27611,32925682.10,3.65,-0.83,-0.10,1.45
2026-06-26,11.88,11.62,11.90,11.58,19444,22695593.45,2.68,-2.68,-0.32,1.02
2026-06-29,11.46,11.65,11.82,11.23,24240,28023349.19,5.08,0.26,0.03,1.27
2026-06-30,11.63,11.46,11.72,11.40,20175,23208689.04,2.75,-1.63,-0.19,1.06
2026-07-01,11.39,11.79,11.83,11.39,23995,27983856.20,3.84,2.88,0.33,1.26
2026-07-02,11.79,11.92,12.12,11.76,24523,29371911.20,3.05,1.10,0.13,1.29
2026-07-03,11.88,12.26,12.28,11.88,26910,32680143.38,3.36,2.85,0.34,1.42
2026-07-06,12.25,12.35,12.53,12.13,25910,32033683.90,3.26,0.73,0.09,1.36
2026-07-07,12.33,12.00,12.33,11.98,22022,26688302.77,2.83,-2.83,-0.35,1.16
2026-07-08,11.90,11.93,12.08,11.73,17832,21284593.05,2.92,-0.58,-0.07,0.94
2026-07-09,11.93,11.75,11.97,11.60,16882,19801851.81,3.10,-1.51,-0.18,0.89
2026-07-10,11.78,11.94,12.01,11.53,17619,20846112.00,4.09,1.62,0.19,0.93
2026-07-13,11.80,11.85,12.11,11.80,21497,25663331.57,2.60,-0.75,-0.09,1.13
2026-07-14,11.80,12.13,12.15,11.73,19905,23878321.36,3.54,2.36,0.28,1.05
2026-07-15,12.12,12.30,12.35,12.05,20279,24849819.71,2.47,1.40,0.17,1.07
2026-07-16,12.37,12.42,12.50,12.17,20080,24860303.27,2.68,0.98,0.12,1.06
2026-07-17,12.50,12.26,12.62,12.12,33965,42033949.70,4.03,-1.29,-0.16,1.79
2026-07-20,12.19,12.06,12.43,11.91,31244,37987491.33,4.24,-1.63,-0.20,1.64
2026-07-21,12.10,11.80,12.10,11.74,31048,36748067.41,2.99,-2.16,-0.26,1.63
2026-07-22,11.80,11.72,11.87,11.63,19971,23406899.27,2.03,-0.68,-0.08,1.05
2026-07-23,11.72,11.92,11.92,11.63,17542,20678379.00,2.47,1.71,0.20,0.92
2026-07-24,11.81,11.69,11.93,11.67,16622,19545098.56,2.18,-1.93,-0.23,0.87
2026-07-27,11.61,11.78,11.87,11.61,16071,18926964.00,2.22,0.77,0.09,0.84
2026-07-28,11.78,11.96,12.03,11.72,24535,29282469.72,2.63,1.53,0.18,1.29
2026-07-29,11.93,12.41,12.43,11.93,38693,47448608.14,4.18,3.76,0.45,2.03
2026-07-30,12.31,12.41,12.60,12.26,36264,45184077.00,2.74,0.00,0.00,1.91
2026-07-31,12.34,12.43,12.47,12.25,33351,41209154.26,1.77,0.16,0.02,1.75
2026-08-03,12.38,12.55,12.59,12.38,27063,33754767.35,1.69,0.97,0.12,1.42
2026-08-04,12.61,12.43,12.63,12.40,21442,26768199.26,1.83,-0.96,-0.12,1.13
2026-08-05,12.36,12.33,12.50,12.26,21206,26185147.52,1.93,-0.80,-0.10,1.11