2026-01-05,15.69,15.92,15.94,15.69,15829,25422370.00,1.59,1.47,0.23,1.76
2026-01-06,15.96,15.94,16.09,15.89,16966,27465098.00,1.26,0.13,0.02,1.89
2026-01-07,16.10,15.90,16.10,15.87,18199,29421108.00,1.44,-0.25,-0.04,2.02
2026-01-08,15.85,16.05,16.07,15.85,16374,26551562.00,1.38,0.94,0.15,1.82
2026-01-09,16.21,18.11,18.18,16.16,219809,386605540.00,12.59,12.83,2.06,24.42
2026-01-12,17.98,18.25,18.48,17.42,161410,290887206.00,5.85,0.77,0.14,17.93
2026-01-13,18.25,17.22,18.38,17.20,116908,207710163.00,6.47,-5.64,-1.03,12.99
2026-01-14,17.21,17.36,17.73,17.18,78514,138081135.00,3.19,0.81,0.14,8.72
2026-01-15,17.30,17.16,17.32,16.97,45049,78043853.00,2.02,-1.15,-0.20,5.01
2026-01-16,17.16,17.57,18.04,17.16,89030,159066429.00,5.13,2.39,0.41,9.89
2026-01-19,17.45,17.94,18.24,17.39,80964,146541921.00,4.84,2.11,0.37,9.00
2026-01-20,17.89,17.76,17.93,17.51,46471,83145487.00,2.34,-1.00,-0.18,5.16
2026-01-21,17.71,17.88,17.99,17.50,41353,74484475.00,2.76,0.68,0.12,4.59
2026-01-22,17.91,18.60,19.24,17.80,151192,284196080.00,8.05,4.03,0.72,16.80
2026-01-23,18.42,18.16,18.54,18.11,85715,157924698.00,2.31,-2.37,-0.44,9.52
2026-01-26,18.16,17.94,18.18,17.78,59347,107633013.00,2.20,-1.21,-0.22,6.59
2026-01-27,17.83,18.04,18.14,17.59,44404,80093355.00,3.07,0.56,0.10,4.93
2026-01-28,17.96,17.74,18.06,17.65,28831,51812499.00,2.27,-1.66,-0.30,3.20
2026-01-29,17.59,17.45,17.76,17.35,36197,64276550.00,2.31,-1.63,-0.29,4.02
2026-01-30,17.36,17.54,17.68,17.32,27510,48714553.00,2.06,0.52,0.09,3.06
2026-02-02,17.52,17.00,17.52,17.00,36934,64477781.00,2.96,-3.08,-0.54,4.10
2026-02-03,17.14,17.38,17.39,17.13,30325,53010024.00,1.53,2.24,0.38,3.37
2026-02-04,17.46,17.60,17.82,17.28,34234,60940362.00,3.11,1.27,0.22,3.80
2026-02-05,17.60,17.63,17.86,17.50,27628,49402750.00,2.05,0.17,0.03,3.07
2026-02-06,17.48,17.55,17.70,17.41,20980,37336501.00,1.64,-0.45,-0.08,2.33
2026-02-09,17.75,18.04,18.15,17.54,43115,77761344.00,3.48,2.79,0.49,4.79
2026-02-10,17.90,17.62,18.16,17.61,45567,81924143.00,3.05,-2.33,-0.42,5.06
2026-02-11,17.70,17.68,17.75,17.57,17029,30431430.00,1.02,0.34,0.06,1.89
2026-02-12,17.65,17.58,17.75,17.51,18902,33753281.00,1.36,-0.57,-0.10,2.10
2026-02-13,17.51,17.68,17.81,17.51,27568,49379816.00,1.71,0.57,0.10,3.06
2026-02-24,17.73,17.87,17.93,17.61,31553,56865437.00,1.81,1.07,0.19,3.51
2026-02-25,17.90,17.95,18.08,17.77,27338,49623168.00,1.73,0.45,0.08,3.04
2026-02-26,17.98,17.86,17.99,17.77,26768,48252640.00,1.23,-0.50,-0.09,2.97
2026-02-27,17.86,18.06,18.31,17.80,57240,104733184.00,2.86,1.12,0.20,6.36
2026-03-02,17.85,18.34,18.60,17.78,79615,147220529.00,4.54,1.55,0.28,8.85
2026-03-03,18.43,18.06,18.76,17.98,89483,165305087.00,4.25,-1.53,-0.28,9.94
2026-03-04,17.93,17.43,18.16,17.26,76360,135858760.00,4.98,-3.49,-0.63,8.48
2026-03-05,17.50,17.67,17.77,17.30,37109,66088418.00,2.70,1.38,0.24,4.12
2026-03-06,17.58,18.12,18.23,17.53,52061,94503517.00,3.96,2.55,0.45,5.78
2026-03-09,18.13,18.02,18.22,17.68,50740,92031180.00,2.98,-0.55,-0.10,5.64
2026-03-10,17.88,18.30,18.59,17.85,111996,207062166.00,4.11,1.55,0.28,12.44
2026-03-11,18.38,18.54,18.55,18.16,69115,128462909.00,2.13,1.31,0.24,7.68
2026-03-12,18.41,18.17,18.63,18.11,43583,80511906.00,2.80,-2.00,-0.37,4.84
2026-03-13,18.05,17.85,18.15,17.80,29716,54006493.00,1.93,-1.76,-0.32,3.30
2026-03-16,17.86,17.91,17.95,17.56,24426,43874971.00,2.18,0.34,0.06,2.71
2026-03-17,17.99,17.35,17.99,17.18,30659,54441230.00,4.52,-3.13,-0.56,3.41
2026-03-18,17.35,17.56,17.61,17.12,24322,42565470.00,2.82,1.21,0.21,2.70
2026-03-19,17.43,17.09,17.62,17.00,23897,41779249.00,3.53,-2.68,-0.47,2.66
2026-03-20,17.09,16.54,17.26,16.34,33109,56110632.00,5.38,-3.22,-0.55,3.68
2026-03-23,16.49,14.96,16.49,14.90,58434,91696907.00,9.61,-9.55,-1.58,6.49
2026-03-24,15.30,15.44,15.45,14.93,29810,45921996.00,3.48,3.21,0.48,3.31
2026-03-25,15.45,15.73,15.78,15.44,25125,39900780.00,2.20,1.88,0.29,2.79
2026-03-26,15.83,15.48,15.83,15.43,18198,28721848.00,2.54,-1.59,-0.25,2.02
2026-03-27,15.36,15.56,15.60,15.25,15626,24531411.00,2.26,0.52,0.08,1.74
2026-03-30,15.35,15.81,15.88,15.31,18407,29224349.00,3.66,1.61,0.25,2.05
2026-03-31,15.80,15.71,16.01,15.71,16041,25756208.00,1.90,-0.63,-0.10,1.78
2026-04-01,15.91,15.94,16.03,15.81,14199,22859960.00,1.40,1.46,0.23,1.58
2026-04-02,15.92,15.55,16.03,15.45,22812,36190760.00,3.64,-2.45,-0.39,2.53
2026-04-03,15.51,15.08,15.68,15.04,21696,33410158.00,4.12,-3.02,-0.47,2.41
2026-04-07,15.08,15.33,15.38,15.03,14175,21913661.00,2.32,1.66,0.25,1.58
2026-04-08,15.50,16.06,16.10,15.50,29242,47158678.00,3.91,4.76,0.73,3.25
2026-04-09,15.94,15.95,16.16,15.85,23015,37246068.00,1.93,-0.68,-0.11,2.56
2026-04-10,16.06,16.30,16.69,15.99,32990,54794546.00,4.39,2.19,0.35,3.67
2026-04-13,16.29,16.08,16.40,16.03,18965,30994740.00,2.27,-1.35,-0.22,2.11
2026-04-14,16.34,16.24,16.57,16.06,19651,32188280.00,3.17,1.00,0.16,2.18
2026-04-15,16.31,16.50,16.85,16.25,29681,49860318.00,3.69,1.60,0.26,3.30
2026-04-16,16.58,16.90,17.15,16.58,46035,78708981.00,3.45,2.42,0.40,5.11
2026-04-17,16.90,16.82,16.96,16.63,26606,45151051.00,1.95,-0.47,-0.08,2.96
2026-04-20,16.89,17.00,17.18,16.80,21942,37801672.00,2.26,1.07,0.18,2.44
2026-04-21,16.92,16.77,17.04,16.71,19848,33807358.00,1.94,-1.35,-0.23,2.21
2026-04-22,16.67,16.67,16.77,16.55,19084,32139643.00,1.31,-0.60,-0.10,2.12
2026-04-23,16.67,16.50,16.70,16.42,21123,35312539.00,1.68,-1.02,-0.17,2.35
2026-04-24,16.43,16.30,16.50,16.06,24762,40630507.00,2.67,-1.21,-0.20,2.75
2026-04-27,16.39,16.57,16.61,16.27,17189,28608017.00,2.09,1.66,0.27,1.91
2026-04-28,16.46,16.07,16.54,15.98,20304,33184616.00,3.38,-3.02,-0.50,2.26
2026-04-29,16.10,16.42,16.57,16.03,21696,36003214.00,3.36,2.18,0.35,2.41
2026-04-30,16.67,16.66,16.80,16.39,21182,35610101.00,2.50,1.46,0.24,2.35
2026-05-06,16.69,16.64,16.87,16.60,28351,47934212.00,1.62,-0.12,-0.02,3.15
2026-05-07,16.67,16.74,17.01,16.50,31003,52599831.00,3.06,0.60,0.10,3.44
2026-05-08,16.78,16.97,17.04,16.55,30804,51941921.00,2.93,1.37,0.23,3.42
2026-05-11,16.97,16.77,17.04,16.77,34387,58038361.00,1.59,-1.18,-0.20,3.82
2026-05-12,16.84,16.57,17.08,16.54,23978,40188788.00,3.22,-1.19,-0.20,2.66
2026-05-13,16.59,16.53,16.66,16.39,21456,35481958.00,1.63,-0.24,-0.04,2.38
2026-05-14,16.61,16.27,16.61,16.27,21562,35335270.00,2.06,-1.57,-0.26,2.40
2026-05-15,16.43,16.06,16.43,15.97,28373,45859649.00,2.83,-1.29,-0.21,3.15
2026-05-18,16.16,16.00,16.23,15.89,19541,31400515.00,2.12,-0.37,-0.06,2.17
2026-05-19,16.15,15.96,16.15,15.85,16580,26513195.00,1.88,-0.25,-0.04,1.84
2026-05-20,15.97,15.82,15.97,15.70,14387,22762135.00,1.69,-0.88,-0.14,1.60
2026-05-21,15.82,15.45,16.11,15.43,21537,34155930.00,4.30,-2.34,-0.37,2.39
2026-05-22,15.59,15.69,15.87,15.36,18285,28658424.00,3.30,1.55,0.24,2.03
2026-05-25,15.69,15.55,15.81,15.38,25508,39631574.00,2.74,-0.89,-0.14,2.83
2026-05-26,15.49,15.22,15.62,14.97,29006,44290998.00,4.18,-2.12,-0.33,3.22
2026-05-27,15.22,14.77,15.37,14.65,25753,38347038.00,4.73,-2.96,-0.45,2.86
2026-05-28,14.72,14.71,14.95,14.55,19597,28957993.00,2.71,-0.41,-0.06,2.18
2026-05-29,14.72,14.49,14.85,14.47,20675,30288008.00,2.58,-1.50,-0.22,2.30
2026-06-01,14.49,14.65,14.71,14.25,19768,28837802.00,3.17,1.10,0.16,2.20
2026-06-02,14.75,14.25,14.75,14.24,20560,29604731.00,3.48,-2.73,-0.40,2.28
2026-06-03,14.25,14.11,14.36,14.02,19557,27761667.00,2.39,-0.98,-0.14,2.17
2026-06-04,14.23,13.75,14.23,13.62,20075,27842617.00,4.32,-2.55,-0.36,2.23
2026-06-05,13.75,13.92,14.15,13.70,18495,25785401.00,3.27,1.24,0.17,2.06
2026-06-08,13.77,13.33,13.85,13.21,32484,43802012.00,4.60,-4.24,-0.59,3.61
2026-06-09,13.46,13.50,13.52,13.27,14044,18849639.00,1.88,1.28,0.17,1.56
2026-06-10,13.58,13.30,13.58,13.07,16141,21428407.00,3.78,-1.48,-0.20,1.79
2026-06-11,13.10,13.15,13.37,12.98,14280,18769949.00,2.93,-1.13,-0.15,1.59
2026-06-12,13.35,13.41,13.56,13.18,15179,20403547.00,2.89,1.98,0.26,1.69
2026-06-15,13.45,13.49,13.75,13.39,23365,31803838.00,2.68,0.60,0.08,2.60
2026-06-16,13.49,13.51,13.55,13.21,18655,25023385.00,2.52,0.15,0.02,2.07
2026-06-17,13.65,13.27,13.65,13.19,16052,21343801.00,3.40,-1.78,-0.24,1.78
2026-06-18,13.26,13.27,13.36,13.08,13056,17302811.00,2.11,0.00,0.00,1.45
2026-06-22,13.26,13.27,13.27,12.74,22248,28911297.00,3.99,0.00,0.00,2.47
2026-06-23,13.22,13.24,13.52,13.17,22480,30081758.00,2.64,-0.23,-0.03,2.50
2026-06-24,13.27,13.11,13.35,13.00,15174,19962822.00,2.64,-0.98,-0.13,1.69
2026-06-25,13.07,12.65,13.14,12.64,27364,35101123.00,3.81,-3.51,-0.46,3.04
2026-06-26,12.65,12.27,12.66,12.21,24848,30824711.00,3.56,-3.00,-0.38,2.76
2026-06-29,12.34,12.33,12.45,11.88,23798,29044473.00,4.65,0.49,0.06,2.64
2026-06-30,12.35,12.16,12.40,12.11,19344,23724807.00,2.35,-1.38,-0.17,2.15
2026-07-01,12.18,12.55,12.71,12.16,20929,26170525.00,4.52,3.21,0.39,2.33
2026-07-02,12.52,12.55,12.85,12.52,17773,22625696.00,2.63,0.00,0.00,1.97
2026-07-03,12.57,12.80,12.94,12.51,20207,25940994.00,3.43,1.99,0.25,2.25
2026-07-06,12.79,12.81,12.98,12.70,15531,20025848.00,2.19,0.08,0.01,1.73
2026-07-07,12.81,12.44,12.95,12.40,16367,20593266.00,4.29,-2.89,-0.37,1.82
2026-07-08,12.48,12.24,12.62,12.23,9937,12291473.00,3.14,-1.61,-0.20,1.10
2026-07-09,12.20,12.26,12.36,12.03,12767,15582842.00,2.70,0.16,0.02,1.42
2026-07-10,12.18,12.86,13.11,12.11,32663,41812779.00,8.16,4.89,0.60,3.63
2026-07-13,12.66,12.23,12.82,12.17,24871,30791798.00,5.05,-4.90,-0.63,2.76
2026-07-14,12.16,12.41,12.44,12.08,17915,22005099.00,2.94,1.47,0.18,1.99
2026-07-15,12.41,12.53,12.59,12.34,11918,14921859.00,2.01,0.97,0.12,1.32
2026-07-16,12.57,12.64,12.79,12.37,15760,19944449.00,3.35,0.88,0.11,1.75
2026-07-17,12.62,12.28,12.76,12.21,20766,26008434.00,4.35,-2.85,-0.36,2.31
2026-07-20,12.52,12.39,13.02,12.23,32604,41153191.00,6.43,0.90,0.11,3.62
2026-07-21,12.36,12.54,12.60,12.17,31975,39673058.00,3.47,1.21,0.15,3.55
2026-07-22,12.54,12.30,12.55,12.18,23327,28769259.00,2.95,-1.91,-0.24,2.59
2026-07-23,12.20,12.73,12.91,12.20,29793,37698865.00,5.77,3.50,0.43,3.31
2026-07-24,12.57,12.52,12.73,12.49,12964,16364414.00,1.89,-1.65,-0.21,1.44
2026-07-27,12.50,12.69,12.78,12.48,18448,23456658.00,2.40,1.36,0.17,2.05
2026-07-28,12.60,12.71,12.77,12.58,13364,16939739.00,1.50,0.16,0.02,1.48
2026-07-29,12.76,12.98,13.00,12.69,22501,29040765.00,2.44,2.12,0.27,2.50
2026-07-30,12.95,12.96,13.19,12.85,26303,34325803.00,2.62,-0.15,-0.02,2.92
2026-07-31,12.98,13.26,13.28,12.98,24185,31951309.00,2.31,2.31,0.30,2.69
2026-08-03,13.22,13.46,13.46,13.19,23708,31707663.00,2.04,1.51,0.20,2.63
2026-08-04,13.56,14.04,14.19,13.47,61606,85785178.00,5.35,4.31,0.58,6.85
2026-08-05,13.92,13.78,13.93,13.54,48761,66661810.28,2.78,-1.85,-0.26,5.42