2026-01-05,10.63,10.61,10.63,10.38,158958,168024144.00,2.34,-0.56,-0.06,3.05
2026-01-06,10.62,10.89,10.91,10.56,234755,254214240.00,3.30,2.64,0.28,4.51
2026-01-07,10.83,10.66,10.83,10.63,196128,210355084.00,1.84,-2.11,-0.23,3.77
2026-01-08,10.66,10.74,10.74,10.58,147779,158018830.00,1.50,0.75,0.08,2.84
2026-01-09,10.66,10.86,10.86,10.65,201083,217608832.00,1.96,1.12,0.12,3.86
2026-01-12,10.93,11.48,11.48,10.93,345478,390074661.00,5.06,5.71,0.62,6.64
2026-01-13,11.58,11.11,11.66,11.02,279174,314342594.00,5.57,-3.22,-0.37,5.36
2026-01-14,11.16,11.81,12.22,11.11,681639,805256631.00,9.99,6.30,0.70,13.10
2026-01-15,11.66,11.45,11.82,11.38,420111,484158394.00,3.73,-3.05,-0.36,8.07
2026-01-16,11.62,11.16,11.62,11.15,232265,262431216.00,4.10,-2.53,-0.29,4.46
2026-01-19,11.03,11.15,11.17,10.89,145011,160944986.00,2.51,-0.09,-0.01,2.79
2026-01-20,11.15,10.95,11.22,10.88,149836,165082152.00,3.05,-1.79,-0.20,2.88
2026-01-21,10.86,10.99,11.03,10.73,114800,125841607.00,2.74,0.37,0.04,2.21
2026-01-22,10.99,11.03,11.05,10.93,89948,99210711.00,1.09,0.36,0.04,1.73
2026-01-23,11.00,11.12,11.13,10.96,119074,132189793.00,1.54,0.82,0.09,2.29
2026-01-26,11.16,10.74,11.17,10.64,158336,172327575.00,4.77,-3.42,-0.38,3.04
2026-01-27,10.71,10.61,10.79,10.35,109324,115351843.00,4.10,-1.21,-0.13,2.10
2026-01-28,10.61,10.36,10.64,10.35,118677,124077604.00,2.73,-2.36,-0.25,2.28
2026-01-29,10.33,10.36,10.53,10.13,96110,100065776.00,3.86,0.00,0.00,1.85
2026-01-30,10.28,10.39,10.45,10.22,74570,77569772.00,2.22,0.29,0.03,1.43
2026-02-02,10.36,10.46,10.61,10.28,98117,103433318.00,3.18,0.67,0.07,1.88
2026-02-03,10.50,10.56,10.60,10.40,72357,76119625.00,1.91,0.96,0.10,1.39
2026-02-04,10.46,10.35,10.46,10.24,92971,96301142.00,2.08,-1.99,-0.21,1.79
2026-02-05,10.26,10.36,10.42,10.25,57196,59327087.00,1.64,0.10,0.01,1.10
2026-02-06,10.29,10.32,10.44,10.21,72070,74647045.00,2.22,-0.39,-0.04,1.38
2026-02-09,10.40,10.51,10.52,10.40,71519,75011670.00,1.16,1.84,0.19,1.37
2026-02-10,10.47,10.57,10.65,10.47,66803,70798089.00,1.71,0.57,0.06,1.28
2026-02-11,10.56,10.55,10.68,10.48,69611,73829124.00,1.89,-0.19,-0.02,1.34
2026-02-12,10.59,10.48,10.62,10.43,64452,67922436.00,1.80,-0.66,-0.07,1.24
2026-02-13,10.48,10.59,10.76,10.44,79422,84607627.00,3.05,1.05,0.11,1.53
2026-02-24,10.66,10.73,10.90,10.64,87611,94687616.00,2.46,1.32,0.14,1.68
2026-02-25,10.73,10.68,10.86,10.51,90614,97563892.00,3.26,-0.47,-0.05,1.74
2026-02-26,10.69,10.65,10.76,10.60,59580,63559676.00,1.50,-0.28,-0.03,1.14
2026-02-27,10.65,10.78,10.81,10.63,75429,81296165.00,1.69,1.22,0.13,1.45
2026-03-02,10.63,10.22,10.66,10.18,137501,142289736.00,4.45,-5.19,-0.56,2.64
2026-03-03,10.26,9.83,10.34,9.78,107359,108110617.00,5.48,-3.82,-0.39,2.06
2026-03-04,9.74,9.67,9.86,9.64,72118,70379552.00,2.24,-1.63,-0.16,1.39
2026-03-05,9.83,10.02,10.17,9.83,86081,86229141.00,3.52,3.62,0.35,1.65
2026-03-06,9.97,10.07,10.10,9.94,56480,56704421.00,1.60,0.50,0.05,1.09
2026-03-09,9.97,10.02,10.07,9.79,63668,63227626.00,2.78,-0.50,-0.05,1.22
2026-03-10,10.13,10.06,10.18,10.02,46031,46505372.00,1.60,0.40,0.04,0.88
2026-03-11,10.08,9.97,10.13,9.97,49285,49496304.00,1.59,-0.89,-0.09,0.95
2026-03-12,10.02,10.14,10.18,9.98,80488,81549607.00,2.01,1.71,0.17,1.55
2026-03-13,10.09,9.83,10.14,9.82,75187,74689884.00,3.16,-3.06,-0.31,1.44
2026-03-16,9.82,9.94,9.98,9.79,48502,48122762.00,1.93,1.12,0.11,0.93
2026-03-17,9.98,9.83,10.05,9.83,50581,50369773.00,2.21,-1.11,-0.11,0.97
2026-03-18,9.83,9.87,9.90,9.70,47818,46867109.00,2.03,0.41,0.04,0.92
2026-03-19,9.79,9.63,9.84,9.59,54353,52832710.00,2.53,-2.43,-0.24,1.04
2026-03-20,9.67,9.18,9.68,9.17,89556,84065995.00,5.30,-4.67,-0.45,1.72
2026-03-23,9.10,8.75,9.10,8.56,85947,76365568.00,5.88,-4.68,-0.43,1.65
2026-03-24,8.93,9.06,9.06,8.74,72909,65157253.00,3.66,3.54,0.31,1.40
2026-03-25,9.04,9.13,9.17,9.04,49617,45341468.00,1.43,0.77,0.07,0.95
2026-03-26,9.13,8.86,9.17,8.82,49035,43997987.00,3.83,-2.96,-0.27,0.94
2026-03-27,8.83,9.02,9.05,8.70,42683,38383623.00,3.95,1.81,0.16,0.82
2026-03-30,8.95,9.05,9.06,8.83,33290,29919209.00,2.55,0.33,0.03,0.64
2026-03-31,9.03,8.90,9.14,8.90,39962,36135892.00,2.65,-1.66,-0.15,0.77
2026-04-01,9.00,9.00,9.06,8.93,34978,31524135.00,1.46,1.12,0.10,0.67
2026-04-02,9.01,8.80,9.08,8.76,39603,35150659.00,3.56,-2.22,-0.20,0.76
2026-04-03,9.38,8.89,9.38,8.82,88935,80429699.00,6.36,1.02,0.09,1.71
2026-04-07,8.62,8.90,8.95,8.62,56307,49738129.00,3.71,0.11,0.01,1.08
2026-04-08,9.06,9.18,9.19,8.95,82021,74815063.00,2.70,3.15,0.28,1.58
2026-04-09,9.10,8.94,9.12,8.89,56853,51200707.00,2.51,-2.61,-0.24,1.09
2026-04-10,8.99,9.16,9.31,8.99,104724,96393268.00,3.58,2.46,0.22,2.01
2026-04-13,9.08,9.05,9.12,8.97,56644,51347955.00,1.64,-1.20,-0.11,1.09
2026-04-14,9.07,9.08,9.18,8.98,44488,40391846.00,2.21,0.33,0.03,0.85
2026-04-15,9.12,9.00,9.13,9.00,41132,37350535.00,1.43,-0.88,-0.08,0.79
2026-04-16,9.07,9.18,9.20,9.02,64393,58868787.00,2.00,2.00,0.18,1.24
2026-04-17,9.14,9.09,9.16,9.03,44378,40397301.00,1.42,-0.98,-0.09,0.85
2026-04-20,9.06,9.11,9.15,9.06,36361,33224701.00,0.99,0.22,0.02,0.70
2026-04-21,9.11,8.97,9.11,8.93,50853,45759989.00,1.98,-1.54,-0.14,0.98
2026-04-22,8.96,8.94,8.99,8.90,42949,38445137.00,1.00,-0.33,-0.03,0.83
2026-04-23,8.94,8.76,8.94,8.73,54860,48362432.00,2.35,-2.01,-0.18,1.05
2026-04-24,8.84,8.80,8.93,8.75,47531,42022473.00,2.05,0.46,0.04,0.91
2026-04-27,8.80,8.89,8.92,8.53,67126,58847367.00,4.43,1.02,0.09,1.29
2026-04-28,8.70,8.55,8.88,8.48,85102,73219844.00,4.50,-3.82,-0.34,1.63
2026-04-29,8.55,8.67,8.70,8.51,56205,48717133.00,2.22,1.40,0.12,1.08
2026-04-30,8.66,8.88,9.08,8.65,79135,70356476.00,4.96,2.42,0.21,1.52
2026-05-06,8.94,9.05,9.14,8.88,74750,67651629.00,2.93,1.91,0.17,1.44
2026-05-07,9.06,9.03,9.12,8.95,56419,50934599.00,1.88,-0.22,-0.02,1.08
2026-05-08,9.00,9.11,9.14,9.00,64016,58367213.00,1.55,0.89,0.08,1.23
2026-05-11,9.13,9.17,9.18,9.06,64285,58789542.00,1.32,0.66,0.06,1.24
2026-05-12,9.17,8.99,9.18,8.98,56609,51395211.00,2.18,-1.96,-0.18,1.09
2026-05-13,9.03,8.99,9.05,8.89,56725,50940015.00,1.78,0.00,0.00,1.09
2026-05-14,9.03,8.81,9.05,8.80,53452,47612667.00,2.78,-2.00,-0.18,1.03
2026-05-15,8.86,8.67,8.88,8.63,60068,52625532.00,2.84,-1.59,-0.14,1.15
2026-05-18,8.66,8.73,8.81,8.63,54305,47430168.00,2.08,0.69,0.06,1.04
2026-05-19,8.74,8.87,8.90,8.72,56975,50359264.00,2.06,1.60,0.14,1.09
2026-05-20,8.87,8.61,8.87,8.58,61135,52994660.00,3.27,-2.93,-0.26,1.17
2026-05-21,8.66,8.30,8.82,8.28,86473,74435085.00,6.27,-3.60,-0.31,1.66
2026-05-22,8.31,8.37,8.43,8.14,62295,51571485.00,3.49,0.84,0.07,1.20
2026-05-25,8.44,8.38,8.59,8.26,48942,41309003.00,3.94,0.12,0.01,0.94
2026-05-26,8.35,8.23,8.38,8.10,49266,40653799.00,3.34,-1.79,-0.15,0.95
2026-05-27,8.25,7.93,8.25,7.84,80554,64410215.00,4.98,-3.65,-0.30,1.55
2026-05-28,8.03,7.87,8.04,7.68,66272,52019818.00,4.54,-0.76,-0.06,1.27
2026-05-29,7.93,7.61,7.94,7.58,61607,47663390.00,4.57,-3.30,-0.26,1.18
2026-06-01,7.62,7.83,7.96,7.54,69533,54535464.00,5.52,2.89,0.22,1.34
2026-06-02,7.89,7.62,7.89,7.54,66814,51070055.00,4.47,-2.68,-0.21,1.28
2026-06-03,7.62,7.51,7.63,7.46,50929,38496321.00,2.23,-1.44,-0.11,0.98
2026-06-04,7.52,7.42,7.56,7.37,42741,31869541.00,2.53,-1.20,-0.09,0.82
2026-06-05,7.42,7.47,7.59,7.36,51737,38775611.00,3.10,0.67,0.05,0.99
2026-06-08,7.34,7.28,7.53,7.17,69353,51167817.00,4.82,-2.54,-0.19,1.33
2026-06-09,7.37,7.26,7.42,7.19,52747,38642915.00,3.16,-0.27,-0.02,1.01
2026-06-10,7.26,7.16,7.31,7.01,49938,35702119.00,4.13,-1.38,-0.10,0.96
2026-06-11,7.13,7.00,7.15,6.86,59178,41204540.00,4.05,-2.23,-0.16,1.14
2026-06-12,7.02,7.14,7.22,6.98,65425,46547523.00,3.43,2.00,0.14,1.26
2026-06-15,7.22,7.27,7.46,7.16,70695,51655074.00,4.20,1.82,0.13,1.36
2026-06-16,7.33,7.25,7.33,7.07,51723,37187803.00,3.58,-0.28,-0.02,0.99
2026-06-17,7.18,7.21,7.37,7.07,87021,62767764.00,4.14,-0.55,-0.04,1.67
2026-06-18,7.18,7.10,7.27,7.07,65636,46989898.00,2.77,-1.53,-0.11,1.26
2026-06-22,7.06,7.35,7.37,6.89,103309,73597411.00,6.76,3.52,0.25,1.98
2026-06-23,7.33,8.09,8.09,7.25,147636,117685773.00,11.43,10.07,0.74,2.84
2026-06-24,8.05,7.79,8.11,7.72,281959,222025670.00,4.82,-3.71,-0.30,5.42
2026-06-25,7.81,7.70,7.98,7.64,175699,136089157.00,4.36,-1.16,-0.09,3.38
2026-06-26,7.65,7.25,7.66,7.18,163799,120133667.00,6.23,-5.84,-0.45,3.15