2026-01-05,8.14,8.30,8.32,8.11,75060,61956394.00,2.58,1.84,0.15,3.42
2026-01-06,8.31,8.34,8.35,8.25,77163,64157625.00,1.20,0.48,0.04,3.52
2026-01-07,8.31,8.29,8.37,8.26,65097,54119237.00,1.32,-0.60,-0.05,2.97
2026-01-08,8.25,8.40,8.43,8.23,79957,66821104.00,2.41,1.33,0.11,3.64
2026-01-09,8.39,8.59,8.60,8.37,126303,107476141.00,2.74,2.26,0.19,5.75
2026-01-12,8.75,9.28,9.35,8.69,339091,307073331.00,7.68,8.03,0.69,15.45
2026-01-13,9.62,9.24,9.78,9.16,491356,465824448.00,6.68,-0.43,-0.04,22.39
2026-01-14,9.19,9.55,10.15,9.14,599905,581649759.00,10.93,3.35,0.31,27.33
2026-01-15,9.44,9.16,9.52,9.07,329814,304855576.00,4.71,-4.08,-0.39,15.03
2026-01-16,9.17,9.00,9.21,8.86,238751,214598516.00,3.82,-1.75,-0.16,10.88
2026-01-19,8.97,8.90,8.99,8.85,132818,118486157.00,1.56,-1.11,-0.10,6.05
2026-01-20,8.95,8.85,9.02,8.78,140641,125065492.00,2.70,-0.56,-0.05,6.41
2026-01-21,8.81,8.91,8.95,8.76,105730,93914799.00,2.15,0.68,0.06,4.82
2026-01-22,8.92,8.97,9.12,8.88,171963,155031674.00,2.69,0.67,0.06,7.83
2026-01-23,8.99,9.09,9.11,8.94,138116,125115782.00,1.90,1.34,0.12,6.29
2026-01-26,9.10,8.96,9.13,8.84,142698,127588339.00,3.19,-1.43,-0.13,6.50
2026-01-27,8.95,9.02,9.18,8.85,175232,157816282.00,3.68,0.67,0.06,7.98
2026-01-28,8.91,8.90,9.13,8.88,129101,115707741.00,2.77,-1.33,-0.12,5.88
2026-01-29,8.86,8.96,9.17,8.73,204336,184789315.00,4.94,0.67,0.06,9.31
2026-01-30,9.14,9.15,9.49,9.08,297650,274035352.00,4.58,2.12,0.19,13.56
2026-02-02,9.12,9.24,9.38,9.04,325533,302030194.00,3.72,0.98,0.09,14.83
2026-02-03,9.22,9.56,9.56,9.22,373683,352609088.00,3.68,3.46,0.32,17.03
2026-02-04,9.43,9.27,9.43,9.12,291838,269302454.00,3.24,-3.03,-0.29,13.30
2026-02-05,9.10,9.35,9.43,9.02,213783,198662307.00,4.42,0.86,0.08,9.74
2026-02-06,9.26,9.09,9.32,8.96,191735,174729790.00,3.85,-2.78,-0.26,8.74
2026-02-09,9.16,9.57,9.58,9.13,335168,315350958.00,4.95,5.28,0.48,15.27
2026-02-10,9.48,9.58,9.65,9.41,265959,254049202.00,2.51,0.10,0.01,12.12
2026-02-11,9.53,9.48,9.63,9.42,177302,168484894.00,2.19,-1.04,-0.10,8.08
2026-02-12,9.42,9.42,9.50,9.27,142899,134432249.00,2.43,-0.63,-0.06,6.51
2026-02-13,9.41,9.24,9.53,9.21,137129,128438572.00,3.40,-1.91,-0.18,6.25
2026-02-24,9.33,9.24,9.38,9.15,141501,130596434.00,2.49,0.00,0.00,6.45
2026-02-25,9.20,9.16,9.31,9.14,130347,120225673.00,1.84,-0.87,-0.08,5.94
2026-02-26,9.19,9.31,9.51,9.17,196223,182745865.00,3.71,1.64,0.15,8.94
2026-02-27,9.27,9.13,9.30,9.09,161718,147801073.00,2.26,-1.93,-0.18,7.37
2026-03-02,9.01,8.67,9.01,8.62,186691,163791672.00,4.27,-5.04,-0.46,8.51
2026-03-03,8.68,8.24,8.75,8.21,157314,132563623.00,6.23,-4.96,-0.43,7.17
2026-03-04,8.18,8.20,8.29,8.12,91681,75302956.00,2.06,-0.49,-0.04,4.18
2026-03-05,8.33,8.32,8.45,8.28,89353,74811625.00,2.07,1.46,0.12,4.07
2026-03-06,8.30,8.57,8.57,8.24,95235,80687822.00,3.97,3.00,0.25,4.34
2026-03-09,8.44,8.58,8.63,8.41,88380,75154676.00,2.57,0.12,0.01,4.03
2026-03-10,8.62,8.76,8.92,8.62,101881,89599619.00,3.50,2.10,0.18,4.64
2026-03-11,8.74,8.65,8.80,8.63,73232,63736058.00,1.94,-1.26,-0.11,3.34
2026-03-12,8.64,8.59,8.71,8.53,64324,55410890.00,2.08,-0.69,-0.06,2.93
2026-03-13,8.59,8.51,8.64,8.48,64195,54999487.00,1.86,-0.93,-0.08,2.92
2026-03-16,8.52,8.72,8.72,8.48,86849,75047794.00,2.82,2.47,0.21,3.96
2026-03-17,8.72,8.62,8.79,8.59,83783,72918316.00,2.29,-1.15,-0.10,3.82
2026-03-18,8.68,8.76,8.77,8.59,77362,67249302.00,2.09,1.62,0.14,3.52
2026-03-19,8.67,8.59,8.77,8.55,77855,67288462.00,2.51,-1.94,-0.17,3.55
2026-03-20,8.59,8.33,8.71,8.30,92227,77985329.00,4.77,-3.03,-0.26,4.20
2026-03-23,8.20,7.70,8.21,7.66,148828,117906013.00,6.60,-7.56,-0.63,6.78
2026-03-24,7.90,8.01,8.03,7.76,103987,82153199.00,3.51,4.03,0.31,4.74
2026-03-25,8.01,8.13,8.17,8.00,70705,57367540.00,2.12,1.50,0.12,3.22
2026-03-26,8.12,7.96,8.23,7.90,71673,57580646.00,4.06,-2.09,-0.17,3.27
2026-03-27,7.87,8.10,8.13,7.85,58619,47223246.00,3.52,1.76,0.14,2.67
2026-03-30,7.97,8.13,8.14,7.93,56060,45218510.00,2.59,0.37,0.03,2.55
2026-03-31,8.11,8.05,8.25,8.02,55333,44961690.00,2.83,-0.98,-0.08,2.52
2026-04-01,8.17,8.19,8.24,8.08,55923,45576702.00,1.99,1.74,0.14,2.55
2026-04-02,8.15,8.05,8.22,7.98,51043,41230723.00,2.93,-1.71,-0.14,2.33
2026-04-03,8.07,7.74,8.11,7.70,61905,48443803.00,5.09,-3.85,-0.31,2.82
2026-04-07,7.78,7.98,8.00,7.78,59348,47041168.00,2.84,3.10,0.24,2.70
2026-04-08,8.08,8.28,8.28,8.08,77650,63769151.00,2.51,3.76,0.30,3.54
2026-04-09,8.21,8.04,8.28,8.02,73980,60066251.00,3.14,-2.90,-0.24,3.37
2026-04-10,8.17,8.13,8.22,8.11,59578,48579304.00,1.37,1.12,0.09,2.71
2026-04-13,8.09,8.11,8.17,8.06,56706,45959152.00,1.35,-0.25,-0.02,2.58
2026-04-14,8.19,8.24,8.26,8.10,59012,48303134.00,1.97,1.60,0.13,2.69
2026-04-15,8.24,8.18,8.44,8.16,54344,44835932.00,3.40,-0.73,-0.06,2.48
2026-04-16,8.19,8.31,8.34,8.16,63711,52731679.00,2.20,1.59,0.13,2.90
2026-04-17,8.30,8.28,8.35,8.21,54711,45243340.00,1.68,-0.36,-0.03,2.49
2026-04-20,8.30,8.43,8.48,8.25,78313,65871612.00,2.78,1.81,0.15,3.57
2026-04-21,8.38,8.27,8.43,8.20,73216,60718886.00,2.73,-1.90,-0.16,3.34
2026-04-22,8.25,8.26,8.27,8.16,48906,40186733.00,1.33,-0.12,-0.01,2.23
2026-04-23,8.25,8.29,8.34,8.21,64743,53579104.00,1.57,0.36,0.03,2.95
2026-04-24,8.28,8.21,8.34,8.06,54877,44859065.00,3.38,-0.97,-0.08,2.50
2026-04-27,8.18,8.32,8.34,8.09,62517,51480229.00,3.05,1.34,0.11,2.85
2026-04-28,8.28,8.13,8.38,8.05,82611,67699897.00,3.97,-2.28,-0.19,3.76
2026-04-29,8.11,8.22,8.24,8.04,87293,71469814.00,2.46,1.11,0.09,3.98
2026-04-30,8.24,8.27,8.35,8.20,76713,63377842.00,1.82,0.61,0.05,3.50
2026-05-06,8.33,8.29,8.35,8.25,110073,91342811.00,1.21,0.24,0.02,5.02
2026-05-07,8.30,8.33,8.36,8.24,92151,76481477.00,1.45,0.48,0.04,4.20
2026-05-08,8.31,8.38,8.39,8.29,92403,77238186.00,1.20,0.60,0.05,4.21
2026-05-11,8.38,8.54,8.56,8.35,138160,117129497.00,2.51,1.91,0.16,6.29
2026-05-12,8.50,8.29,8.52,8.25,122161,102035911.00,3.16,-2.93,-0.25,5.57
2026-05-13,8.28,8.31,8.36,8.22,82371,68305272.00,1.69,0.24,0.02,3.75
2026-05-14,8.35,8.19,8.39,8.16,105896,87594455.00,2.77,-1.44,-0.12,4.82
2026-05-15,8.23,8.06,8.28,7.99,112361,91243793.00,3.54,-1.59,-0.13,5.12
2026-05-18,8.06,8.00,8.07,7.88,80986,64549283.00,2.36,-0.74,-0.06,3.69
2026-05-19,7.96,8.10,8.16,7.96,74807,60357528.00,2.50,1.25,0.10,3.41
2026-05-20,8.09,7.87,8.15,7.79,79645,62775641.00,4.44,-2.84,-0.23,3.63
2026-05-21,7.88,7.57,8.00,7.56,87873,68627875.00,5.59,-3.81,-0.30,4.00
2026-05-22,7.63,7.65,7.72,7.46,72362,54906258.00,3.43,1.06,0.08,3.30
2026-05-25,7.68,7.52,7.73,7.44,59382,44816440.00,3.79,-1.70,-0.13,2.71
2026-05-26,7.50,7.32,7.55,7.22,67621,49689661.00,4.39,-2.66,-0.20,3.08
2026-05-27,7.31,7.13,7.36,7.11,60336,43342031.00,3.42,-2.60,-0.19,2.75
2026-05-28,7.18,7.10,7.18,6.92,83502,59010197.00,3.65,-0.42,-0.03,3.80
2026-05-29,7.11,6.99,7.16,6.94,72268,50984118.00,3.10,-1.55,-0.11,3.29
2026-06-01,6.95,7.22,7.27,6.89,82590,59196718.00,5.44,3.29,0.23,3.76
2026-06-02,7.16,7.01,7.23,6.98,66897,47126787.00,3.46,-2.91,-0.21,3.05
2026-06-03,7.01,6.88,7.03,6.84,55479,38396133.00,2.71,-1.85,-0.13,2.53
2026-06-04,6.87,6.72,6.93,6.67,64047,43346768.00,3.78,-2.33,-0.16,2.92
2026-06-05,6.72,6.81,6.90,6.67,76520,51926183.00,3.42,1.34,0.09,3.49
2026-06-08,6.68,6.67,6.86,6.54,69026,46282309.00,4.70,-2.06,-0.14,3.14
2026-06-09,6.70,6.69,6.74,6.59,56668,37801325.00,2.25,0.30,0.02,2.58
2026-06-10,6.68,6.62,6.73,6.52,55496,36724655.00,3.14,-1.05,-0.07,2.53
2026-06-11,6.58,6.53,6.62,6.40,51186,33233446.00,3.32,-1.36,-0.09,2.33
2026-06-12,6.60,6.66,6.70,6.53,53142,35272543.00,2.60,1.99,0.13,2.42
2026-06-15,6.70,6.71,6.84,6.66,56225,37934106.00,2.70,0.75,0.05,2.56
2026-06-16,6.71,6.80,6.93,6.67,75974,51466650.00,3.87,1.34,0.09,3.46
2026-06-17,6.75,6.60,6.79,6.56,68060,45117797.00,3.38,-2.94,-0.20,3.10
2026-06-18,6.62,6.59,6.66,6.49,44876,29557689.00,2.58,-0.15,-0.01,2.04
2026-06-22,6.52,6.66,6.67,6.35,72494,47148070.00,4.86,1.06,0.07,3.30
2026-06-23,6.66,6.63,6.77,6.59,58735,39356275.00,2.70,-0.45,-0.03,2.68
2026-06-24,6.56,6.42,6.65,6.35,66807,43113853.00,4.52,-3.17,-0.21,3.04
2026-06-25,6.42,6.28,6.43,6.23,60590,38101896.00,3.12,-2.18,-0.14,2.76
2026-06-26,6.26,6.13,6.27,6.07,57135,35234572.00,3.18,-2.39,-0.15,2.60
2026-06-29,6.13,6.12,6.17,5.96,72747,44243995.00,3.43,-0.16,-0.01,3.31
2026-06-30,6.12,6.17,6.21,6.03,64523,39710841.00,2.94,0.82,0.05,2.94
2026-07-01,6.20,6.32,6.38,6.13,78915,49436637.00,4.05,2.43,0.15,3.60
2026-07-02,6.28,6.27,6.42,6.26,64325,40713475.00,2.53,-0.79,-0.05,2.93
2026-07-03,6.35,6.35,6.40,6.24,55176,34940624.00,2.55,1.28,0.08,2.51
2026-07-06,6.33,6.26,6.40,6.23,53356,33592942.00,2.68,-1.42,-0.09,2.43
2026-07-07,6.26,6.06,6.27,6.04,48933,29953357.00,3.67,-3.19,-0.20,2.23
2026-07-08,6.08,6.12,6.14,5.97,57163,34770380.00,2.81,0.99,0.06,2.60
2026-07-09,6.05,6.11,6.16,5.94,56378,34072085.00,3.59,-0.16,-0.01,2.57
2026-07-10,6.12,6.24,6.35,6.00,80965,50434493.00,5.73,2.13,0.13,3.69
2026-07-13,6.19,6.04,6.29,6.02,61418,37428333.00,4.33,-3.21,-0.20,2.80
2026-07-14,6.11,6.25,6.25,5.98,58452,35865903.00,4.47,3.48,0.21,2.66
2026-07-15,6.20,6.37,6.46,6.18,82694,52610229.00,4.48,1.92,0.12,3.77
2026-07-16,6.30,6.45,6.51,6.28,78243,50344604.00,3.61,1.26,0.08,3.56
2026-07-17,6.39,6.37,6.53,6.22,75914,48322567.00,4.81,-1.24,-0.08,3.46