2026-01-05,12.07,12.40,12.45,12.06,8397,10351724.37,3.23,2.73,0.33,1.78
2026-01-06,12.50,12.75,12.75,12.41,12216,15404469.98,2.74,2.82,0.35,2.59
2026-01-07,12.74,12.54,12.98,12.51,11062,14082860.83,3.69,-1.65,-0.21,2.34
2026-01-08,12.66,12.67,12.78,12.49,7989,10106186.45,2.31,1.04,0.13,1.69
2026-01-09,12.66,12.90,12.97,12.57,11319,14482205.84,3.16,1.82,0.23,2.40
2026-01-12,12.90,13.20,13.24,12.79,19838,25814513.66,3.49,2.33,0.30,4.20
2026-01-13,13.26,14.50,16.14,13.26,90872,133724156.87,21.82,9.85,1.30,19.25
2026-01-14,14.11,14.12,14.40,13.58,61270,85679441.44,5.66,-2.62,-0.38,12.98
2026-01-15,13.90,13.35,13.97,13.35,29710,40451065.08,4.39,-5.45,-0.77,6.29
2026-01-16,13.47,13.20,13.47,13.10,13784,18333079.58,2.77,-1.12,-0.15,2.92
2026-01-19,13.20,13.19,13.32,13.01,15399,20268244.79,2.35,-0.08,-0.01,3.26
2026-01-20,13.49,13.17,13.49,13.12,13404,17750869.80,2.81,-0.15,-0.02,2.84
2026-01-21,13.29,13.30,13.44,13.16,13219,17563043.81,2.13,0.99,0.13,2.80
2026-01-22,13.26,13.46,13.47,13.17,9627,12865048.99,2.26,1.20,0.16,2.04
2026-01-23,13.55,13.66,13.77,13.47,15443,21087381.52,2.23,1.49,0.20,3.27
2026-01-26,13.70,13.94,14.59,13.54,41159,58174180.55,7.69,2.05,0.28,8.72
2026-01-27,13.41,13.52,13.69,13.11,25785,34457947.51,4.16,-3.01,-0.42,5.46
2026-01-28,13.53,13.16,13.53,13.16,12097,16083542.64,2.74,-2.66,-0.36,2.56
2026-01-29,13.21,12.95,13.21,12.92,10555,13763534.11,2.20,-1.60,-0.21,2.24
2026-01-30,12.95,12.87,13.34,12.85,10859,14228912.88,3.78,-0.62,-0.08,2.30
2026-02-02,12.87,12.86,13.13,12.71,9435,12176008.13,3.26,-0.08,-0.01,2.00
2026-02-03,12.90,13.01,13.10,12.84,9207,11937094.47,2.02,1.17,0.15,1.95
2026-02-04,13.08,13.11,13.27,12.90,10634,13995314.56,2.84,0.77,0.10,2.25
2026-02-05,12.95,13.05,13.40,12.95,10112,13349484.76,3.43,-0.46,-0.06,2.14
2026-02-06,13.35,13.12,14.01,13.08,25223,34177841.31,7.13,0.54,0.07,5.34
2026-02-09,13.05,12.97,13.19,12.83,15682,20408821.57,2.74,-1.14,-0.15,3.32
2026-02-10,13.00,12.88,13.14,12.87,8217,10647018.72,2.08,-0.69,-0.09,1.74
2026-02-11,12.96,12.84,12.99,12.82,3702,4769826.07,1.32,-0.31,-0.04,0.78
2026-02-12,12.87,12.85,13.10,12.75,5680,7327627.25,2.73,0.08,0.01,1.20
2026-02-13,12.85,12.86,13.07,12.76,6525,8452332.06,2.41,0.08,0.01,1.38
2026-02-24,12.88,13.12,13.18,12.88,8379,10934335.89,2.33,2.02,0.26,1.77
2026-02-25,13.20,13.05,13.20,12.96,6079,7934942.55,1.83,-0.53,-0.07,1.29
2026-02-26,13.01,13.01,13.16,12.90,6206,8077202.86,1.99,-0.31,-0.04,1.31
2026-02-27,12.83,12.90,12.95,12.80,5824,7482839.62,1.15,-0.85,-0.11,1.23
2026-03-02,12.84,12.42,12.92,12.20,9587,11986257.19,5.58,-3.72,-0.48,2.03
2026-03-03,12.45,12.58,12.82,12.44,9582,12139913.98,3.06,1.29,0.16,2.03
2026-03-04,12.58,12.37,12.77,12.32,6156,7677822.39,3.58,-1.67,-0.21,1.30
2026-03-05,12.41,12.62,12.64,12.41,5090,6387326.39,1.86,2.02,0.25,1.08
2026-03-06,12.59,12.77,12.96,12.40,7286,9306573.68,4.44,1.19,0.15,1.54
2026-03-09,12.70,12.53,12.73,12.45,5219,6569013.05,2.19,-1.88,-0.24,1.10
2026-03-10,12.57,12.57,12.72,12.45,6366,8009303.82,2.15,0.32,0.04,1.35
2026-03-11,12.59,12.36,12.59,12.27,6957,8627666.25,2.55,-1.67,-0.21,1.47
2026-03-12,12.32,12.19,12.39,12.13,4089,5000674.33,2.10,-1.38,-0.17,0.87
2026-03-13,12.07,12.10,12.33,12.04,6837,8317071.37,2.38,-0.74,-0.09,1.45
2026-03-16,12.10,11.95,12.15,11.93,9767,11752654.95,1.82,-1.24,-0.15,2.07
2026-03-17,12.00,11.87,12.13,11.85,4021,4822275.08,2.34,-0.67,-0.08,0.85
2026-03-18,11.87,11.76,11.89,11.57,7803,9160808.88,2.70,-0.93,-0.11,1.65
2026-03-19,11.76,11.26,11.76,11.21,7698,8770475.33,4.68,-4.25,-0.50,1.63
2026-03-20,11.24,11.00,11.50,10.95,5684,6364457.66,4.88,-2.31,-0.26,1.20
2026-03-23,10.89,10.52,10.89,10.42,8616,9151385.49,4.27,-4.36,-0.48,1.82
2026-03-24,10.63,10.86,10.95,10.51,6649,7113299.26,4.18,3.23,0.34,1.41
2026-03-25,10.90,11.01,11.05,10.72,5173,5659907.37,3.04,1.38,0.15,1.09
2026-03-26,11.10,11.02,11.35,10.77,7099,7844313.76,5.27,0.09,0.01,1.50
2026-03-27,10.89,11.00,11.18,10.73,9894,10882256.97,4.08,-0.18,-0.02,2.09
2026-03-30,10.90,10.75,10.98,10.72,7111,7669921.28,2.36,-2.27,-0.25,1.51
2026-03-31,10.77,10.72,10.89,10.62,5842,6293912.26,2.51,-0.28,-0.03,1.24
2026-04-01,10.83,11.24,11.34,10.76,14922,16611987.62,5.41,4.85,0.52,3.16
2026-04-02,11.60,14.61,14.61,11.24,118575,166292836.31,29.98,29.98,3.37,25.10
2026-04-03,14.00,14.45,17.37,13.99,165887,258755968.08,23.13,-1.10,-0.16,35.11
2026-04-07,14.42,13.78,14.98,13.25,122915,170951580.74,11.97,-4.64,-0.67,26.01
2026-04-08,13.77,12.98,14.38,12.68,123528,162208569.71,12.34,-5.81,-0.80,26.14
2026-04-09,12.72,12.42,13.26,12.31,92503,117444685.70,7.32,-4.31,-0.56,19.58
2026-04-10,12.35,12.35,12.49,12.04,72381,88802684.13,3.62,-0.56,-0.07,15.32
2026-04-13,12.18,12.21,12.22,11.90,39946,48284534.63,2.59,-1.13,-0.14,8.45
2026-04-14,12.22,12.11,12.30,11.95,39422,47716583.32,2.87,-0.82,-0.10,8.34
2026-04-15,12.38,13.13,13.31,12.17,102315,129971651.49,9.41,8.42,1.02,21.66
2026-04-16,12.81,12.35,12.83,12.20,69932,86533257.09,4.80,-5.94,-0.78,14.80
2026-04-17,12.30,12.50,12.75,11.80,78131,95494037.93,7.69,1.21,0.15,16.54
2026-04-20,12.40,12.63,12.72,12.26,54924,68947705.83,3.68,1.04,0.13,11.62
2026-04-21,12.66,12.19,13.31,12.18,53129,67324323.27,8.95,-3.48,-0.44,11.24
2026-04-22,12.19,12.33,12.50,12.05,35620,43764874.35,3.69,1.15,0.14,7.54
2026-04-23,12.40,11.88,12.40,11.80,36884,44421493.01,4.87,-3.65,-0.45,7.81
2026-04-24,12.00,11.50,12.01,11.50,29614,34822700.24,4.29,-3.20,-0.38,6.27
2026-04-27,11.50,11.68,11.70,11.26,24422,28111694.26,3.83,1.57,0.18,5.17
2026-04-28,11.76,12.10,13.27,11.66,57907,72109797.83,13.78,3.60,0.42,12.26
2026-04-29,11.95,11.93,12.38,11.73,41505,49830441.71,5.37,-1.40,-0.17,8.78
2026-04-30,11.96,11.81,12.15,11.63,34768,41313584.17,4.36,-1.01,-0.12,7.36
2026-05-06,11.85,12.15,12.15,11.71,26222,31366975.59,3.73,2.88,0.34,5.55
2026-05-07,12.16,12.26,12.46,11.98,30047,36687703.24,3.95,0.91,0.11,6.36
2026-05-08,12.30,12.40,12.48,12.12,28217,34852992.67,2.94,1.14,0.14,5.97
2026-05-11,12.40,12.64,12.85,12.20,40075,50151271.89,5.24,1.94,0.24,8.48
2026-05-12,13.00,12.68,13.29,12.48,57414,74145442.07,6.41,0.32,0.04,12.15
2026-05-13,12.40,12.43,12.55,12.20,37422,46130929.00,2.76,-1.97,-0.25,7.92
2026-05-14,12.35,11.89,12.39,11.88,29792,36104914.18,4.10,-4.34,-0.54,6.31
2026-05-15,11.89,11.97,12.15,11.81,16206,19333733.87,2.86,0.67,0.08,3.43
2026-05-18,11.89,11.46,11.92,11.38,20201,23441774.75,4.51,-4.26,-0.51,4.28
2026-05-19,11.51,11.82,11.92,11.46,18369,21602409.12,4.01,3.14,0.36,3.89
2026-05-20,11.73,11.61,11.88,11.50,10045,11690328.27,3.21,-1.78,-0.21,2.13
2026-05-21,11.70,11.20,11.81,11.20,13771,15921729.59,5.25,-3.53,-0.41,2.91
2026-05-22,11.30,11.12,11.40,10.99,10637,11875941.93,3.66,-0.71,-0.08,2.25
2026-05-25,11.17,11.00,11.33,10.84,11252,12439768.02,4.41,-1.08,-0.12,2.38
2026-05-26,11.01,10.72,11.02,10.60,13414,14421797.07,3.82,-2.55,-0.28,2.84
2026-05-27,10.88,10.55,10.88,10.20,14624,15201621.35,6.34,-1.59,-0.17,3.10
2026-05-28,10.55,10.68,10.78,10.26,9043,9524349.39,4.93,1.23,0.13,1.91
2026-05-29,10.69,10.87,11.10,10.59,15452,16798120.07,4.78,1.78,0.19,3.27
2026-06-01,10.90,10.92,11.11,10.56,15409,16796172.59,5.06,0.46,0.05,3.26
2026-06-02,10.92,10.70,10.92,10.62,10900,11693856.94,2.75,-2.01,-0.22,2.31
2026-06-03,10.71,10.60,10.84,10.50,8388,8956582.18,3.18,-0.93,-0.10,1.78
2026-06-04,10.60,10.35,10.70,10.20,9501,9854183.92,4.72,-2.36,-0.25,2.01
2026-06-05,10.35,10.85,10.89,10.35,15995,17142536.87,5.22,4.83,0.50,3.39
2026-06-08,10.85,10.96,11.23,10.51,17346,19077555.36,6.64,1.01,0.11,3.67
2026-06-09,10.89,10.98,11.49,10.75,24230,26930833.92,6.75,0.18,0.02,5.13
2026-06-10,10.98,10.83,10.98,10.29,14758,15820775.56,6.28,-1.37,-0.15,3.12
2026-06-11,10.70,10.14,10.76,10.09,16938,17459617.30,6.19,-6.37,-0.69,3.58
2026-06-12,10.14,10.61,10.81,10.05,20047,21126032.01,7.50,4.64,0.47,4.24