2026-01-05,45.40,44.72,45.40,43.85,22004,99130055.52,3.40,-1.89,-0.86,18.50
2026-01-06,44.50,44.73,45.00,44.44,14303,64627810.31,1.25,0.02,0.01,12.03
2026-01-07,44.74,45.37,45.84,44.51,18704,85739266.29,2.97,1.43,0.64,15.73
2026-01-08,45.50,44.75,45.68,44.61,15233,69171638.59,2.36,-1.37,-0.62,12.81
2026-01-09,44.94,44.64,44.95,44.59,12340,55807859.09,0.80,-0.25,-0.11,10.38
2026-01-12,44.77,44.94,45.44,44.25,19126,86457556.81,2.67,0.67,0.30,16.08
2026-01-13,45.00,44.78,46.30,44.71,22534,103672509.35,3.54,-0.36,-0.16,18.95
2026-01-14,44.59,44.51,44.96,44.25,17457,78529623.07,1.59,-0.60,-0.27,14.68
2026-01-15,44.23,44.54,44.96,44.01,10249,46172310.65,2.13,0.07,0.03,8.62
2026-01-16,44.80,44.12,44.80,44.10,10187,45729778.48,1.57,-0.94,-0.42,8.57
2026-01-19,44.27,43.86,44.27,43.72,9814,43628705.85,1.25,-0.59,-0.26,8.25
2026-01-20,43.90,44.23,44.63,43.76,9548,42713524.60,1.98,0.84,0.37,8.03
2026-01-21,44.01,44.04,44.46,43.99,7608,33949113.97,1.06,-0.43,-0.19,6.40
2026-01-22,44.30,43.82,44.30,43.68,7642,33878208.63,1.41,-0.50,-0.22,6.43
2026-01-23,43.81,44.28,44.36,43.75,8929,39817292.96,1.39,1.05,0.46,7.51
2026-01-26,44.20,44.57,44.68,43.88,9147,40946308.35,1.81,0.65,0.29,7.69
2026-01-27,44.58,43.85,44.58,43.39,6493,28753300.06,2.67,-1.62,-0.72,5.46
2026-01-28,43.86,43.39,43.86,43.15,7392,32497944.05,1.62,-1.05,-0.46,6.22
2026-01-29,43.20,42.56,43.38,42.51,10673,46211937.96,2.01,-1.91,-0.83,8.97
2026-01-30,42.68,42.40,43.28,42.33,5644,24422305.14,2.23,-0.38,-0.16,4.75
2026-02-02,42.50,41.93,42.97,41.86,3711,15882547.80,2.62,-1.11,-0.47,3.12
2026-02-03,42.30,42.16,42.30,41.62,4691,19889937.46,1.62,0.55,0.23,3.94
2026-02-04,42.15,42.27,42.48,41.92,4352,18589247.87,1.33,0.26,0.11,3.66
2026-02-05,42.50,41.82,42.66,41.79,2698,11461646.01,2.06,-1.06,-0.45,2.27
2026-02-06,42.21,41.75,42.21,41.69,2951,12502909.21,1.24,-0.17,-0.07,2.48
2026-02-09,42.15,41.99,42.15,41.81,2769,11751885.42,0.81,0.57,0.24,2.33
2026-02-10,42.00,41.85,42.15,41.66,2854,12083610.35,1.17,-0.33,-0.14,2.40
2026-02-11,41.84,41.61,41.99,41.61,2639,11156078.47,0.91,-0.57,-0.24,2.22
2026-02-12,41.61,40.85,41.75,40.78,5371,22366619.97,2.33,-1.83,-0.76,4.52
2026-02-13,41.11,40.68,41.11,40.61,2546,10528756.86,1.22,-0.42,-0.17,2.14
2026-02-24,40.96,41.05,41.15,40.72,2200,9123512.57,1.06,0.91,0.37,1.85
2026-02-25,41.06,41.31,41.48,40.82,2595,10839160.88,1.61,0.63,0.26,2.18
2026-02-26,41.35,41.03,41.35,40.95,1658,6889817.11,0.97,-0.68,-0.28,1.39
2026-02-27,40.90,41.21,41.30,40.76,3187,13237433.13,1.32,0.44,0.18,2.68
2026-03-02,40.73,40.75,41.21,40.32,4869,20093724.67,2.16,-1.12,-0.46,4.09
2026-03-03,40.71,40.10,41.00,39.91,5545,22770336.08,2.67,-1.60,-0.65,4.66
2026-03-04,40.20,38.87,40.20,38.70,4270,17022282.31,3.74,-3.07,-1.23,3.59
2026-03-05,39.25,38.89,39.48,38.80,2302,9131450.17,1.75,0.05,0.02,1.94
2026-03-06,39.09,39.34,39.48,38.73,2324,9236309.92,1.93,1.16,0.45,1.95
2026-03-09,39.27,39.00,39.27,38.81,1820,7186349.27,1.17,-0.86,-0.34,1.53
2026-03-10,39.30,39.59,39.87,38.64,4329,17265867.51,3.15,1.51,0.59,3.64
2026-03-11,39.67,40.10,40.44,39.36,3467,14065869.99,2.73,1.29,0.51,2.92
2026-03-12,40.25,39.50,40.25,39.42,3339,13411235.71,2.07,-1.50,-0.60,2.81
2026-03-13,39.50,39.40,39.83,39.16,1979,7922754.22,1.70,-0.25,-0.10,1.66
2026-03-16,39.39,39.05,39.40,38.70,1678,6627325.06,1.78,-0.89,-0.35,1.41
2026-03-17,39.08,40.45,40.73,38.99,8882,36177708.63,4.46,3.59,1.40,7.47
2026-03-18,40.78,41.01,41.50,40.16,12237,50702205.36,3.31,1.38,0.56,10.29
2026-03-19,40.50,39.22,40.85,39.16,7166,29093537.46,4.12,-4.36,-1.79,6.03
2026-03-20,39.22,37.61,39.60,37.50,5755,22518878.94,5.35,-4.11,-1.61,4.84
2026-03-23,37.01,35.30,37.87,35.30,6562,24118397.54,6.83,-6.14,-2.31,5.52
2026-03-24,35.59,35.77,36.26,34.85,3173,11386558.47,3.99,1.33,0.47,2.67
2026-03-25,35.83,36.13,36.32,35.52,2467,9003013.20,2.24,1.01,0.36,2.07
2026-03-26,36.00,35.05,36.57,35.02,2817,10235423.09,4.29,-2.99,-1.08,2.37
2026-03-27,34.81,35.08,35.61,34.65,2490,8879024.05,2.74,0.09,0.03,2.09
2026-03-30,35.05,35.72,36.21,34.65,3310,11983840.32,4.45,1.82,0.64,2.78
2026-03-31,35.54,35.65,35.96,35.32,1828,6620563.08,1.79,-0.20,-0.07,1.54
2026-04-01,36.04,35.63,36.39,35.51,2125,7704305.05,2.47,-0.06,-0.02,1.79
2026-04-02,35.54,35.64,36.39,35.54,2163,7889493.95,2.39,0.03,0.01,1.82
2026-04-03,35.64,34.76,36.00,34.75,3021,10737603.40,3.51,-2.47,-0.88,2.54
2026-04-07,34.76,34.83,35.26,34.64,1372,4856056.44,1.78,0.20,0.07,1.15
2026-04-08,35.20,35.95,35.95,34.93,2998,10802121.95,2.93,3.22,1.12,2.52
2026-04-09,35.79,35.03,35.79,35.01,2019,7231009.97,2.17,-2.56,-0.92,1.70
2026-04-10,35.57,35.36,35.68,35.18,2385,8573069.42,1.43,0.94,0.33,2.01
2026-04-13,35.23,35.30,35.30,34.98,1097,3913055.17,0.90,-0.17,-0.06,0.92
2026-04-14,35.45,35.77,35.80,35.38,2143,7729672.27,1.19,1.33,0.47,1.80
2026-04-15,35.80,35.84,36.34,35.58,2280,8319693.90,2.12,0.20,0.07,1.92
2026-04-16,36.16,35.80,36.18,35.69,1427,5181179.20,1.37,-0.11,-0.04,1.20
2026-04-17,35.75,36.82,37.47,35.31,5792,21338266.06,6.03,2.85,1.02,4.87
2026-04-20,36.82,37.00,37.38,36.51,3933,14788179.00,2.36,0.49,0.18,3.31
2026-04-21,36.80,35.98,36.80,35.50,3420,12549474.68,3.51,-2.76,-1.02,2.88
2026-04-22,36.22,36.51,36.68,35.83,3696,13632741.83,2.36,1.47,0.53,3.11
2026-04-23,36.51,35.66,36.68,35.61,2425,8850675.85,2.93,-2.33,-0.85,2.04
2026-04-24,35.67,35.30,35.75,35.28,1558,5606018.76,1.32,-1.01,-0.36,1.31
2026-04-27,35.06,35.21,35.77,34.91,1494,5316148.07,2.44,-0.25,-0.09,1.26
2026-04-28,35.21,34.67,35.38,34.62,2037,7204633.35,2.16,-1.53,-0.54,1.71
2026-04-29,34.91,35.05,35.19,34.68,1108,3937099.45,1.47,1.10,0.38,0.93
2026-04-30,35.35,36.25,36.25,35.05,3531,12840015.38,3.42,3.42,1.20,2.97
2026-05-06,36.21,36.25,36.39,36.05,2771,10178562.10,0.94,0.00,0.00,2.33
2026-05-07,36.64,36.33,36.95,36.25,2965,10994609.00,1.93,0.22,0.08,2.49
2026-05-08,36.49,37.26,37.50,35.80,6795,25572075.54,4.68,2.56,0.93,5.71
2026-05-11,37.94,38.03,38.38,37.04,6467,24760859.61,3.60,2.07,0.77,5.44
2026-05-12,38.22,37.80,38.94,37.48,7066,27405205.87,3.84,-0.60,-0.23,5.94
2026-05-13,37.54,37.70,38.03,37.44,3503,13338758.94,1.56,-0.26,-0.10,2.95
2026-05-14,38.18,36.92,38.18,36.92,4196,15894879.55,3.34,-2.07,-0.78,3.53
2026-05-15,36.94,37.33,37.78,36.53,3477,13128500.26,3.39,1.11,0.41,2.92
2026-05-18,36.51,37.10,37.63,36.51,3502,13095947.93,3.00,-0.62,-0.23,2.94
2026-05-19,37.10,37.19,37.59,37.01,2501,9448015.16,1.56,0.24,0.09,2.10
2026-05-20,37.11,36.23,37.17,36.19,2379,8799453.78,2.64,-2.58,-0.96,2.00
2026-05-21,36.40,35.13,36.62,35.10,3672,13359218.31,4.20,-3.04,-1.10,3.09
2026-05-22,35.32,35.14,35.48,34.72,2847,9954029.93,2.16,0.03,0.01,2.39
2026-05-25,35.14,34.66,35.34,34.51,2240,7777654.26,2.36,-1.37,-0.48,1.88
2026-05-26,34.54,34.26,34.79,33.88,1903,6496790.58,2.63,-1.15,-0.40,1.60
2026-05-27,34.26,33.91,34.72,33.51,2469,8346501.90,3.53,-1.02,-0.35,2.08
2026-05-28,33.90,34.01,34.16,33.48,1807,6108167.84,2.01,0.29,0.10,1.52
2026-05-29,33.91,34.00,34.34,33.52,1301,4411806.36,2.41,-0.03,-0.01,1.09
2026-06-01,34.38,34.39,34.71,33.80,1653,5675898.97,2.68,1.15,0.39,1.39
2026-06-02,34.40,33.87,34.48,33.69,1771,6030530.35,2.30,-1.51,-0.52,1.49
2026-06-03,33.87,33.19,34.07,33.19,1493,5025761.91,2.60,-2.01,-0.68,1.26
2026-06-04,33.38,32.70,33.43,32.35,2717,8910331.68,3.25,-1.48,-0.49,2.28
2026-06-05,32.63,33.30,34.00,32.60,3613,12053180.17,4.28,1.83,0.60,3.04
2026-06-08,33.01,33.30,34.77,32.60,3404,11410574.05,6.52,0.00,0.00,2.86
2026-06-09,33.24,33.30,33.66,32.96,2121,7061229.52,2.10,0.00,0.00,1.78
2026-06-10,33.28,31.99,33.40,31.58,4312,13892265.64,5.47,-3.93,-1.31,3.63
2026-06-11,31.62,30.80,31.83,30.50,2726,8451669.01,4.16,-3.72,-1.19,2.29
2026-06-12,31.18,31.10,31.67,30.86,2751,8563948.88,2.63,0.97,0.30,2.31
2026-06-15,31.27,31.24,31.50,30.96,1813,5650971.05,1.74,0.45,0.14,1.52
2026-06-16,30.90,31.17,31.27,30.51,1262,3918352.12,2.43,-0.22,-0.07,1.06
2026-06-17,31.08,31.06,31.47,31.00,1814,5650200.37,1.51,-0.35,-0.11,1.53
2026-06-18,31.39,30.93,31.43,30.86,1344,4175974.19,1.84,-0.42,-0.13,1.13
2026-06-22,30.80,31.04,31.12,29.50,2556,7734431.47,5.24,0.36,0.11,2.15
2026-06-23,30.81,32.25,33.32,30.81,4500,14464909.32,8.09,3.90,1.21,3.78
2026-06-24,32.27,31.48,32.39,31.40,2442,7757098.98,3.07,-2.39,-0.77,2.05
2026-06-25,31.47,30.35,31.51,30.20,2318,7124212.12,4.16,-3.59,-1.13,1.95
2026-06-26,30.37,29.16,30.68,29.15,2086,6217042.75,5.04,-3.92,-1.19,1.75
2026-06-29,29.11,28.66,29.30,28.17,1757,5028584.04,3.88,-1.71,-0.50,1.48
2026-06-30,28.60,28.55,28.90,28.32,1351,3867805.41,2.02,-0.38,-0.11,1.14
2026-07-01,28.45,29.00,29.29,28.25,2231,6429967.93,3.64,1.58,0.45,1.88
2026-07-02,29.00,28.66,29.34,28.50,1553,4506061.94,2.90,-1.17,-0.34,1.31
2026-07-03,28.57,29.05,29.19,28.57,1547,4484621.65,2.16,1.36,0.39,1.30
2026-07-06,29.30,28.69,29.30,28.60,1199,3471757.04,2.41,-1.24,-0.36,1.01
2026-07-07,28.83,28.38,28.94,28.32,1447,4133211.53,2.16,-1.08,-0.31,1.22
2026-07-08,28.38,27.91,28.38,27.73,2087,5834200.22,2.29,-1.66,-0.47,1.75
2026-07-09,27.61,27.80,27.93,27.11,2585,7091827.73,2.94,-0.39,-0.11,2.17
2026-07-10,27.62,28.36,28.58,27.44,2729,7700599.85,4.10,2.01,0.56,2.29
2026-07-13,28.23,27.33,28.23,27.11,1428,3929092.48,3.95,-3.63,-1.03,1.20
2026-07-14,27.49,27.57,27.70,27.20,1004,2767170.05,1.83,0.88,0.24,0.84
2026-07-15,27.57,28.18,28.88,27.56,2204,6250072.87,4.79,2.21,0.61,1.85
2026-07-16,28.48,28.13,28.76,27.40,1286,3633059.97,4.83,-0.18,-0.05,1.08
2026-07-17,27.97,27.90,28.43,27.42,1686,4701403.53,3.59,-0.82,-0.23,1.42
2026-07-20,27.79,26.97,28.49,26.80,1741,4780060.04,6.06,-3.33,-0.93,1.46
2026-07-21,26.99,27.20,27.39,26.16,2158,5807250.88,4.56,0.85,0.23,1.81
2026-07-22,27.20,26.82,27.47,26.79,793,2149586.01,2.50,-1.40,-0.38,0.67
2026-07-23,26.85,27.41,27.45,26.61,1849,5004504.58,3.13,2.20,0.59,1.55
2026-07-24,27.37,26.39,27.37,26.39,1107,2963340.68,3.58,-3.72,-1.02,0.93
2026-07-27,26.31,26.74,26.81,26.31,1218,3240470.26,1.89,1.33,0.35,1.02
2026-07-28,26.45,27.12,27.27,26.45,2194,5930186.40,3.07,1.42,0.38,1.84
2026-07-29,27.02,27.50,27.71,27.00,2091,5728141.05,2.62,1.40,0.38,1.76