2026-01-05,5.66,5.62,5.68,5.59,344846,194230845.65,1.60,0.00,0.00,1.03
2026-01-06,5.63,5.64,5.66,5.61,385231,217678906.65,0.89,0.36,0.02,1.15
2026-01-07,5.63,5.62,5.68,5.60,443814,251050162.16,1.42,-0.35,-0.02,1.33
2026-01-08,5.62,5.64,5.69,5.58,452770,256003422.81,1.96,0.36,0.02,1.35
2026-01-09,5.64,5.80,5.83,5.63,739566,425976321.86,3.55,2.84,0.16,2.21
2026-01-12,5.82,5.89,5.92,5.77,746232,439039298.93,2.59,1.55,0.09,2.23
2026-01-13,5.91,6.13,6.28,5.89,1606924,986730926.97,6.62,4.07,0.24,4.81
2026-01-14,6.19,6.75,6.75,6.19,2936586,1973908631.10,9.14,10.11,0.62,8.79
2026-01-15,6.50,6.78,6.81,6.49,2255728,1508900271.83,4.74,0.44,0.03,6.75
2026-01-16,6.78,6.45,6.91,6.44,1622672,1072096704.06,6.93,-4.87,-0.33,4.85
2026-01-19,6.39,6.51,6.70,6.33,1257829,826181301.35,5.74,0.93,0.06,3.76
2026-01-20,6.57,6.59,6.73,6.46,1118793,737384921.32,4.15,1.23,0.08,3.35
2026-01-21,6.54,6.42,6.68,6.40,1011246,661312957.36,4.25,-2.58,-0.17,3.03
2026-01-22,6.42,6.54,6.57,6.39,768455,500837160.72,2.80,1.87,0.12,2.30
2026-01-23,6.58,6.91,7.04,6.56,1726034,1189398664.07,7.34,5.66,0.37,5.16
2026-01-26,6.87,6.90,7.03,6.81,1276787,885467705.62,3.18,-0.14,-0.01,3.82
2026-01-27,6.88,6.91,7.09,6.72,1148832,792598670.60,5.36,0.14,0.01,3.44
2026-01-28,6.98,6.82,7.05,6.74,822069,564343418.68,4.49,-1.30,-0.09,2.46
2026-01-29,6.81,6.77,6.93,6.71,782636,535453787.08,3.23,-0.73,-0.05,2.34
2026-01-30,6.74,6.76,6.83,6.43,1156394,770139148.29,5.91,-0.15,-0.01,3.46
2026-02-02,6.74,6.82,7.04,6.68,1329526,923129929.63,5.33,0.89,0.06,3.98
2026-02-03,6.92,7.06,7.08,6.85,1048699,732373008.41,3.37,3.52,0.24,3.14
2026-02-04,7.09,7.34,7.42,6.93,2008087,1450607231.92,6.94,3.97,0.28,6.01
2026-02-05,7.34,6.86,7.36,6.83,1450556,1020662545.63,7.22,-6.54,-0.48,4.34
2026-02-06,6.77,6.79,6.93,6.68,803773,550489916.37,3.64,-1.02,-0.07,2.40
2026-02-09,6.86,6.90,7.01,6.81,794110,550899629.12,2.95,1.62,0.11,2.38
2026-02-10,6.90,6.68,6.91,6.53,995397,664237317.68,5.51,-3.19,-0.22,2.98
2026-02-11,6.68,6.55,6.77,6.54,678271,450100323.32,3.44,-1.95,-0.13,2.03
2026-02-12,6.61,6.96,7.02,6.55,1106733,759503789.43,7.18,6.26,0.41,3.31
2026-02-13,6.90,6.82,6.96,6.76,709169,487189192.70,2.87,-2.01,-0.14,2.12
2026-02-24,6.87,7.32,7.48,6.85,1675385,1219212923.66,9.24,7.33,0.50,5.01
2026-02-25,7.31,7.49,7.58,7.27,1439903,1078286567.61,4.23,2.32,0.17,4.31
2026-02-26,7.48,7.58,7.77,7.39,1343072,1022143187.86,5.07,1.20,0.09,4.02
2026-02-27,7.65,7.91,8.05,7.59,1685564,1335326937.52,6.07,4.35,0.33,5.04
2026-03-02,7.89,7.82,8.07,7.78,1469741,1164815613.23,3.67,-1.14,-0.09,4.40
2026-03-03,7.88,7.48,7.91,7.44,1405645,1073229514.06,6.01,-4.35,-0.34,4.21
2026-03-04,7.42,7.82,8.06,7.38,1649002,1293591828.34,9.09,4.55,0.34,4.93
2026-03-05,8.00,8.01,8.17,7.82,1685872,1348444240.14,4.48,2.43,0.19,5.04
2026-03-06,8.03,7.91,8.16,7.85,1315938,1053225934.13,3.87,-1.25,-0.10,3.94
2026-03-09,8.04,8.01,8.13,7.84,1464723,1171258794.27,3.67,1.26,0.10,4.38
2026-03-10,7.94,7.99,8.35,7.90,1705254,1386790345.14,5.62,-0.25,-0.02,5.10
2026-03-11,7.96,8.02,8.13,7.74,1468177,1164954358.35,4.88,0.38,0.03,4.39
2026-03-12,7.98,7.93,7.99,7.70,1426308,1123914952.20,3.62,-1.12,-0.09,4.27
2026-03-13,7.94,7.99,8.23,7.73,1586266,1274988238.75,6.31,0.76,0.06,4.75
2026-03-16,8.06,7.55,8.12,7.48,1634587,1250624200.96,8.01,-5.51,-0.44,4.89
2026-03-17,7.56,7.19,7.57,7.16,1251900,921519519.47,5.43,-4.77,-0.36,3.75
2026-03-18,7.21,7.21,7.36,7.14,795133,576772910.51,3.06,0.28,0.02,2.38
2026-03-19,7.17,7.18,7.30,7.13,640122,463710673.08,2.36,-0.42,-0.03,1.92
2026-03-20,7.19,7.20,7.52,7.16,1027682,752938471.34,5.01,0.28,0.02,3.07
2026-03-23,7.11,7.04,7.32,6.95,1171661,836472516.78,5.14,-2.22,-0.16,3.51
2026-03-24,7.18,7.28,7.30,6.96,1026848,736799230.12,4.83,3.41,0.24,3.07
2026-03-25,7.23,7.47,7.62,7.18,1263208,946583468.44,6.04,2.61,0.19,3.78
2026-03-26,7.46,7.24,7.46,7.20,854741,626266383.99,3.48,-3.08,-0.23,2.56
2026-03-27,7.15,7.18,7.29,7.07,625723,451083468.18,3.04,-0.83,-0.06,1.87
2026-03-30,7.09,6.67,7.16,6.60,1237157,838695120.26,7.80,-7.10,-0.51,3.70
2026-03-31,6.79,6.49,6.93,6.46,953622,637798806.89,7.05,-2.70,-0.18,2.85
2026-04-01,6.62,6.46,6.62,6.41,738562,481015658.06,3.24,-0.46,-0.03,2.21
2026-04-02,6.45,6.22,6.48,6.17,732603,462207318.18,4.80,-3.72,-0.24,2.19
2026-04-03,6.22,6.08,6.23,5.99,566038,344660514.02,3.86,-2.25,-0.14,1.69
2026-04-07,6.09,6.10,6.17,6.06,346071,212210418.41,1.81,0.33,0.02,1.04
2026-04-08,6.18,6.38,6.41,6.18,595406,376252842.20,3.77,4.59,0.28,1.78
2026-04-09,6.32,6.39,6.52,6.24,541169,347642133.45,4.39,0.16,0.01,1.62
2026-04-10,6.40,6.42,6.48,6.39,354508,228479257.34,1.41,0.47,0.03,1.06
2026-04-13,6.42,6.60,6.66,6.38,700223,462383570.09,4.36,2.80,0.18,2.09
2026-04-14,6.61,6.52,6.67,6.48,458493,300350132.00,2.88,-1.21,-0.08,1.37
2026-04-15,6.52,6.47,6.60,6.45,372264,242750260.25,2.30,-0.77,-0.05,1.11
2026-04-16,6.46,6.65,6.71,6.43,626819,415542777.37,4.33,2.78,0.18,1.88
2026-04-17,6.66,6.72,6.78,6.60,437663,294442774.39,2.71,1.05,0.07,1.31
2026-04-20,6.73,6.75,6.77,6.68,471492,318360377.81,1.34,0.45,0.03,1.41
2026-04-21,6.64,6.54,6.67,6.34,967905,630916472.44,4.89,-3.11,-0.21,2.90
2026-04-22,6.52,6.45,6.52,6.41,525690,340176477.32,1.68,-1.38,-0.09,1.57
2026-04-23,6.48,6.62,6.64,6.43,732766,481397406.61,3.26,2.64,0.17,2.19
2026-04-24,6.59,6.43,6.59,6.36,588191,379997034.51,3.47,-2.87,-0.19,1.76
2026-04-27,6.38,6.55,6.64,6.36,523563,343358108.76,4.35,1.87,0.12,1.57
2026-04-28,6.50,6.55,6.60,6.38,535637,348939631.44,3.36,0.00,0.00,1.60
2026-04-29,6.53,6.55,6.60,6.49,404226,265911824.31,1.68,0.00,0.00,1.21
2026-04-30,6.55,6.51,6.56,6.41,390628,253311370.17,2.29,-0.61,-0.04,1.17
2026-05-06,6.52,6.60,6.63,6.51,594627,392012765.19,1.84,1.38,0.09,1.78
2026-05-07,6.60,6.73,6.76,6.58,620364,415677747.79,2.73,1.97,0.13,1.86
2026-05-08,6.73,6.72,6.91,6.67,637023,432607993.50,3.57,-0.15,-0.01,1.91
2026-05-11,6.78,6.79,6.87,6.71,662375,451109803.69,2.38,1.04,0.07,1.98
2026-05-12,6.79,6.91,7.00,6.67,981334,675366863.68,4.86,1.77,0.12,2.94
2026-05-13,6.92,7.10,7.16,6.89,924786,655094725.41,3.91,2.75,0.19,2.77
2026-05-14,7.10,6.81,7.25,6.79,1139687,803639002.62,6.48,-4.08,-0.29,3.41
2026-05-15,6.78,6.59,6.88,6.58,804211,537409805.87,4.41,-3.23,-0.22,2.41
2026-05-18,6.59,6.67,6.76,6.56,530451,354302413.05,3.03,1.21,0.08,1.59
2026-05-19,6.68,6.85,6.89,6.57,720692,488859474.39,4.80,2.70,0.18,2.16
2026-05-20,6.79,6.41,6.81,6.36,964424,632483380.82,6.57,-6.42,-0.44,2.89
2026-05-21,6.40,6.24,6.55,6.21,627350,401161008.13,5.30,-2.65,-0.17,1.88
2026-05-22,6.24,6.22,6.30,6.18,422664,264615188.50,1.92,-0.32,-0.02,1.26
2026-05-25,6.23,6.84,6.84,6.23,810400,546452923.31,9.81,9.97,0.62,2.42
2026-05-26,6.87,7.00,7.07,6.80,1532925,1069615315.60,3.95,2.34,0.16,4.59
2026-05-27,6.94,6.92,7.06,6.87,1028378,718646796.05,2.71,-1.14,-0.08,3.08
2026-05-28,6.92,6.94,7.11,6.88,1067365,747412619.51,3.32,0.29,0.02,3.19
2026-05-29,6.95,7.16,7.23,6.92,1399370,998081564.74,4.47,3.17,0.22,4.19
2026-06-01,7.33,7.08,7.38,6.93,1369926,977296965.05,6.28,-1.12,-0.08,4.10
2026-06-02,6.97,6.92,6.97,6.74,917751,631346743.01,3.25,-2.26,-0.16,2.75
2026-06-03,6.85,6.77,6.92,6.68,857682,581840233.29,3.47,-2.17,-0.15,2.57
2026-06-04,6.71,6.64,6.77,6.56,654787,437253969.60,3.10,-1.92,-0.13,1.96
2026-06-05,6.58,6.38,6.67,6.34,704401,455528479.46,4.97,-3.92,-0.26,2.11
2026-06-08,6.24,6.47,6.64,6.22,727871,472251156.89,6.58,1.41,0.09,2.18
2026-06-09,6.51,6.35,6.52,6.27,453873,288045391.26,3.86,-1.85,-0.12,1.36
2026-06-10,6.34,6.08,6.35,6.02,504040,308753288.10,5.20,-4.25,-0.27,1.51
2026-06-11,6.06,5.91,6.13,5.90,489897,295149154.87,3.78,-2.80,-0.17,1.47
2026-06-12,5.97,6.03,6.07,5.80,532623,317593427.58,4.57,2.03,0.12,1.59
2026-06-15,6.04,6.02,6.12,6.00,437234,264281764.68,1.99,-0.17,-0.01,1.31
2026-06-16,6.03,5.96,6.06,5.91,441036,263334046.46,2.49,-1.00,-0.06,1.32
2026-06-17,5.96,5.86,6.04,5.81,529221,312735922.39,3.86,-1.68,-0.10,1.58
2026-06-18,5.85,5.46,5.85,5.43,1032890,575551516.96,7.17,-6.83,-0.40,3.09
2026-06-22,5.44,5.52,5.53,5.20,841917,450672063.64,6.04,1.10,0.06,2.52
2026-06-23,5.51,5.35,5.55,5.32,507316,275039891.28,4.17,-3.08,-0.17,1.52
2026-06-24,5.40,5.30,5.50,5.25,429782,229041863.89,4.67,-0.93,-0.05,1.29
2026-06-25,5.27,5.28,5.37,5.21,471193,248633563.71,3.02,-0.38,-0.02,1.41
2026-06-26,5.33,5.16,5.45,5.15,557662,293381942.81,5.68,-2.27,-0.12,1.67