2026-01-05,20.34,20.27,20.34,20.17,26639,54183037.00,0.84,-0.34,-0.07,0.67
2026-01-06,20.34,20.36,20.44,20.29,21852,44676268.00,0.74,0.44,0.09,0.55
2026-01-07,20.44,20.33,20.44,20.26,26042,53196053.00,0.88,-0.15,-0.03,0.65
2026-01-08,20.33,20.29,20.37,20.24,19101,38969381.00,0.64,-0.20,-0.04,0.48
2026-01-09,20.30,20.29,20.35,20.23,24037,48961757.00,0.59,0.00,0.00,0.60
2026-01-12,20.34,20.63,20.65,20.30,40875,84161061.00,1.72,1.68,0.34,1.02
2026-01-13,20.63,20.67,20.77,20.46,38417,79649963.00,1.50,0.19,0.04,0.96
2026-01-14,20.77,20.69,20.80,20.46,43066,89453535.00,1.64,0.10,0.02,1.08
2026-01-15,20.75,20.60,20.75,20.52,20921,43336926.00,1.11,-0.43,-0.09,0.52
2026-01-16,20.75,20.90,21.05,20.70,48644,101914355.00,1.70,1.46,0.30,1.22
2026-01-19,21.10,21.31,21.43,20.92,64726,137661409.00,2.44,1.96,0.41,1.62
2026-01-20,21.32,21.07,21.32,20.80,48001,101505242.00,2.44,-1.13,-0.24,1.20
2026-01-21,20.91,20.67,20.94,20.65,36242,75502358.00,1.38,-1.90,-0.40,0.91
2026-01-22,20.64,20.70,20.72,20.54,26634,55236420.00,0.87,0.15,0.03,0.67
2026-01-23,20.72,20.69,20.80,20.65,27742,57739825.00,0.72,-0.05,-0.01,0.69
2026-01-26,20.65,20.58,20.73,20.40,33264,68725704.00,1.59,-0.53,-0.11,0.83
2026-01-27,20.65,20.28,20.65,20.10,26783,54539702.00,2.67,-1.46,-0.30,0.67
2026-01-28,20.33,20.17,20.37,20.16,23330,47490974.00,1.04,-0.54,-0.11,0.58
2026-01-29,20.13,20.23,20.35,19.93,23973,48657873.00,2.08,0.30,0.06,0.60
2026-01-30,20.23,20.43,20.54,20.18,30224,61906703.00,1.78,0.99,0.20,0.76
2026-02-02,20.40,20.21,20.75,20.19,34363,70781574.00,2.74,-1.08,-0.22,0.86
2026-02-03,20.24,20.36,20.48,20.22,19438,39701872.00,1.29,0.74,0.15,0.49
2026-02-04,20.42,20.54,20.56,20.32,27217,56002420.00,1.18,0.88,0.18,0.68
2026-02-05,20.56,20.41,20.65,20.33,24238,49742405.00,1.56,-0.63,-0.13,0.61
2026-02-06,20.15,20.45,20.58,20.10,28839,59201110.00,2.35,0.20,0.04,0.72
2026-02-09,20.58,20.61,20.75,20.46,32967,68357733.00,1.42,0.78,0.16,0.82
2026-02-10,20.48,20.34,20.54,20.26,34187,69915530.00,1.36,-1.31,-0.27,0.85
2026-02-11,20.35,20.36,20.46,20.29,18033,36927401.00,0.84,0.10,0.02,0.45
2026-02-12,20.40,20.35,20.46,20.20,24175,49365759.00,1.28,-0.05,-0.01,0.60
2026-02-13,20.33,20.14,20.35,20.14,24795,50363785.00,1.03,-1.03,-0.21,0.62
2026-02-24,20.28,20.62,20.74,20.16,48851,100827026.00,2.88,2.38,0.48,1.22
2026-02-25,20.68,20.55,20.76,20.53,32210,66878538.00,1.12,-0.34,-0.07,0.81
2026-02-26,20.60,20.84,20.97,20.56,44314,92798622.00,2.00,1.41,0.29,1.11
2026-02-27,20.83,21.15,21.28,20.73,59019,125204116.00,2.64,1.49,0.31,1.48
2026-03-02,20.88,21.01,21.33,20.83,56769,119991790.00,2.36,-0.66,-0.14,1.42
2026-03-03,20.93,20.95,21.40,20.90,66662,141561499.00,2.38,-0.29,-0.06,1.67
2026-03-04,20.79,21.30,21.35,20.68,72294,153416133.00,3.20,1.67,0.35,1.81
2026-03-05,21.45,21.16,21.54,21.10,85052,182250994.00,2.07,-0.66,-0.14,2.13
2026-03-06,21.10,21.21,21.33,20.91,56097,119490126.00,1.98,0.24,0.05,1.40
2026-03-09,21.11,21.38,21.57,21.06,73176,156898776.00,2.40,0.80,0.17,1.83
2026-03-10,21.39,21.29,21.50,21.17,52252,111923898.00,1.54,-0.42,-0.09,1.31
2026-03-11,21.29,21.21,21.42,20.86,52416,111098541.00,2.63,-0.38,-0.08,1.31
2026-03-12,21.30,21.79,21.84,21.08,105729,228935032.00,3.58,2.73,0.58,2.64
2026-03-13,21.69,21.07,21.70,21.02,76869,164404175.00,3.12,-3.30,-0.72,1.92
2026-03-16,20.98,21.09,21.33,20.88,47173,99968504.00,2.14,0.09,0.02,1.18
2026-03-17,21.06,20.73,21.29,20.73,50785,106987804.00,2.66,-1.71,-0.36,1.27
2026-03-18,20.91,21.20,21.38,20.78,62813,133619216.00,2.89,2.27,0.47,1.57
2026-03-19,21.17,20.96,21.35,20.87,47245,100311419.00,2.26,-1.13,-0.24,1.18
2026-03-20,20.90,20.86,21.35,20.70,71011,150091535.00,3.10,-0.48,-0.10,1.77
2026-03-23,20.30,20.03,20.67,19.91,69195,140915043.00,3.64,-3.98,-0.83,1.73
2026-03-24,20.22,20.89,20.96,19.93,62160,127905261.00,5.14,4.29,0.86,1.55
2026-03-25,20.85,21.40,21.54,20.70,74240,159134988.00,4.02,2.44,0.51,1.86
2026-03-26,21.47,21.71,22.34,21.05,142565,311937015.00,6.03,1.45,0.31,3.56
2026-03-27,21.57,21.60,22.08,21.30,101263,220113213.00,3.59,-0.51,-0.11,2.53
2026-03-30,21.39,20.62,21.48,20.28,94880,196888641.00,5.56,-4.54,-0.98,2.37
2026-03-31,20.43,20.76,21.44,20.33,94208,198252367.00,5.38,0.68,0.14,2.35
2026-04-01,21.15,20.23,21.19,20.11,86447,176986594.00,5.20,-2.55,-0.53,2.16
2026-04-02,20.11,20.35,20.80,20.01,70897,144900766.00,3.91,0.59,0.12,1.77
2026-04-03,20.10,19.10,20.18,19.10,73223,142725688.00,5.31,-6.14,-1.25,1.83
2026-04-07,19.02,18.96,19.17,18.70,33551,63847505.00,2.46,-0.73,-0.14,0.84
2026-04-08,19.15,19.31,19.34,19.01,36964,71259797.00,1.74,1.85,0.35,0.92
2026-04-09,19.18,19.05,19.21,18.88,35694,68213626.00,1.71,-1.35,-0.26,0.89
2026-04-10,19.08,19.08,19.17,19.04,25813,49584516.00,0.68,0.16,0.03,0.65
2026-04-13,19.03,19.11,19.12,18.95,19790,37950380.00,0.89,0.16,0.03,0.49
2026-04-14,19.10,19.13,19.26,19.05,24562,47243693.00,1.10,0.10,0.02,0.61
2026-04-15,19.10,19.18,19.23,19.00,23832,45826802.00,1.20,0.26,0.05,0.60
2026-04-16,19.23,19.42,19.67,19.06,39594,76682195.00,3.18,1.25,0.24,0.99
2026-04-17,19.42,19.28,19.51,19.18,27200,52773102.00,1.70,-0.72,-0.14,0.68
2026-04-20,19.20,19.53,19.58,19.19,34251,66885486.00,2.02,1.30,0.25,0.86
2026-04-21,19.58,19.78,19.80,19.40,41739,82384344.00,2.05,1.28,0.25,1.04
2026-04-22,19.78,20.39,21.36,19.68,91059,187579309.00,8.49,3.08,0.61,2.28
2026-04-23,20.23,20.43,20.55,19.93,61171,124317286.00,3.04,0.20,0.04,1.53
2026-04-24,20.23,19.96,20.37,19.94,35996,72730975.00,2.10,-2.30,-0.47,0.90
2026-04-27,19.90,19.89,20.28,19.74,30302,60803475.00,2.71,-0.35,-0.07,0.76
2026-04-28,19.88,20.47,20.50,19.88,58773,119927176.00,3.12,2.92,0.58,1.47
2026-04-29,20.42,20.59,20.87,20.21,58089,120216569.00,3.22,0.59,0.12,1.45
2026-04-30,20.45,20.64,20.72,20.40,40476,83644029.00,1.55,0.24,0.05,1.01
2026-05-06,20.72,21.11,21.39,20.64,68634,144936852.00,3.63,2.28,0.47,1.72
2026-05-07,21.05,21.72,22.01,21.04,98243,214084687.00,4.59,2.89,0.61,2.46
2026-05-08,21.80,21.95,22.50,21.57,115297,254176104.00,4.28,1.06,0.23,2.88
2026-05-11,21.78,22.52,22.99,21.70,136199,307175469.00,5.88,2.60,0.57,3.40
2026-05-12,22.42,22.75,23.16,21.99,124696,285179388.00,5.20,1.02,0.23,3.12
2026-05-13,22.65,22.64,23.32,22.33,142122,325988925.00,4.35,-0.48,-0.11,3.55
2026-05-14,22.62,22.15,23.06,22.11,123145,277893439.00,4.20,-2.16,-0.49,3.08
2026-05-15,22.10,22.25,22.70,22.00,91490,204695190.00,3.16,0.45,0.10,2.29
2026-05-18,22.08,22.14,22.49,21.88,58278,129701584.00,2.74,-0.49,-0.11,1.46
2026-05-19,22.12,23.29,23.75,21.78,166593,386488650.00,8.90,5.19,1.15,4.16
2026-05-20,23.07,21.94,23.15,21.78,117793,262113226.00,5.88,-5.80,-1.35,2.94
2026-05-21,21.99,21.27,22.12,21.27,67583,147392789.00,3.87,-3.05,-0.67,1.69
2026-05-22,21.27,22.08,22.50,21.20,84724,187703912.00,6.11,3.81,0.81,2.12
2026-05-25,22.03,21.97,22.48,21.90,53367,118415762.00,2.63,-0.50,-0.11,1.33
2026-05-26,21.87,21.88,21.95,21.37,49164,106791974.00,2.64,-0.41,-0.09,1.23
2026-05-27,21.79,22.03,22.48,21.68,81398,181321823.00,3.66,0.69,0.15,2.03
2026-05-28,21.69,22.29,23.10,21.63,110748,248187992.00,6.67,1.18,0.26,2.77
2026-05-29,22.49,22.38,22.80,22.16,99944,225365140.00,2.87,0.40,0.09,2.50
2026-06-01,22.42,23.06,23.08,21.38,136822,309018175.00,7.60,3.04,0.68,3.42
2026-06-02,22.61,22.68,23.18,22.22,117440,266110446.00,4.16,-1.65,-0.38,2.94
2026-06-03,22.51,22.15,22.58,21.82,115124,254608982.00,3.35,-2.34,-0.53,2.88
2026-06-04,21.80,21.80,22.47,21.66,73059,160146953.00,3.66,-1.58,-0.35,1.83
2026-06-05,21.60,20.76,22.04,20.61,86559,181529309.00,6.56,-4.77,-1.04,2.16
2026-06-08,20.40,19.80,20.79,19.50,66192,132745818.00,6.21,-4.62,-0.96,1.65
2026-06-09,19.86,19.45,19.99,19.13,61166,118925316.00,4.34,-1.77,-0.35,1.53
2026-06-10,19.30,18.28,19.31,18.18,79863,148411072.00,5.81,-6.02,-1.17,2.00
2026-06-11,18.11,17.78,18.22,17.75,52437,93924465.00,2.57,-2.74,-0.50,1.31
2026-06-12,17.81,17.63,17.93,17.37,55100,97509181.00,3.15,-0.84,-0.15,1.38