2026-01-05,10.09,10.22,10.23,10.06,319999,329255137.49,1.69,1.39,0.14,0.89
2026-01-06,10.23,10.53,10.53,10.21,751875,792519141.71,3.13,3.03,0.31,2.09
2026-01-07,10.53,10.33,10.54,10.28,489610,514896556.63,2.47,-1.90,-0.20,1.36
2026-01-08,10.26,10.11,10.26,10.08,523495,537419033.16,1.74,-2.13,-0.22,1.45
2026-01-09,10.08,10.16,10.20,10.06,399308,409319459.89,1.38,0.49,0.05,1.11
2026-01-12,10.13,10.40,10.46,10.09,660603,686814733.44,3.64,2.36,0.24,1.83
2026-01-13,10.44,10.28,10.51,10.23,522853,548929036.84,2.69,-1.15,-0.12,1.45
2026-01-14,10.28,10.20,10.51,10.14,726752,760673470.37,3.60,-0.78,-0.08,2.02
2026-01-15,10.11,9.97,10.18,9.93,552846,561079171.33,2.45,-2.25,-0.23,1.53
2026-01-16,10.05,9.92,10.06,9.91,310833,313127397.89,1.50,-0.50,-0.05,0.86
2026-01-19,9.91,9.92,9.97,9.87,232822,233818213.76,1.01,0.00,0.00,0.65
2026-01-20,9.92,9.91,9.95,9.86,270772,271184928.18,0.91,-0.10,-0.01,0.75
2026-01-21,9.88,9.85,9.91,9.84,251717,251385581.12,0.71,-0.61,-0.06,0.70
2026-01-22,9.87,9.89,9.93,9.86,232289,232433504.34,0.71,0.41,0.04,0.64
2026-01-23,9.89,9.90,9.93,9.88,278939,279434468.79,0.51,0.10,0.01,0.77
2026-01-26,9.89,9.90,10.00,9.84,407936,408946265.93,1.62,0.00,0.00,1.13
2026-01-27,9.87,9.77,9.90,9.68,359552,355444930.22,2.22,-1.31,-0.13,1.00
2026-01-28,9.76,9.86,9.90,9.75,317901,316792754.45,1.54,0.92,0.09,0.88
2026-01-29,9.81,9.90,9.94,9.73,387215,385420802.80,2.13,0.41,0.04,1.07
2026-01-30,9.89,9.73,9.90,9.71,315838,312546537.80,1.92,-1.72,-0.17,0.88
2026-02-02,9.71,9.60,9.80,9.58,321372,315468496.00,2.26,-1.34,-0.13,0.89
2026-02-03,9.65,9.62,9.67,9.56,204940,199356080.80,1.15,0.21,0.02,0.57
2026-02-04,9.59,9.70,9.72,9.58,230037,224712058.31,1.46,0.83,0.08,0.64
2026-02-05,9.68,9.71,9.79,9.65,229152,225448265.67,1.44,0.10,0.01,0.64
2026-02-06,9.68,9.74,9.84,9.65,224592,221631444.74,1.96,0.31,0.03,0.62
2026-02-09,9.83,9.80,9.84,9.76,162308,160833652.70,0.82,0.62,0.06,0.45
2026-02-10,9.80,9.78,9.83,9.76,135576,134407776.82,0.71,-0.20,-0.02,0.38
2026-02-11,9.78,9.76,9.81,9.75,130041,128714600.00,0.61,-0.20,-0.02,0.36
2026-02-12,9.78,9.73,9.79,9.72,137145,135189245.90,0.72,-0.31,-0.03,0.38
2026-02-13,9.75,9.56,9.78,9.56,230440,225343241.57,2.26,-1.75,-0.17,0.64
2026-02-24,9.61,9.56,9.65,9.56,169864,165068120.36,0.94,0.00,0.00,0.47
2026-02-25,9.59,9.75,9.86,9.59,363511,359598480.90,2.82,1.99,0.19,1.01
2026-02-26,9.73,9.68,9.76,9.66,188543,184973478.87,1.03,-0.72,-0.07,0.52
2026-02-27,9.67,9.79,9.80,9.65,206267,203259911.05,1.55,1.14,0.11,0.57
2026-03-02,9.69,9.68,9.76,9.61,262056,256893160.63,1.53,-1.12,-0.11,0.73
2026-03-03,9.71,9.43,9.75,9.43,369561,358745269.30,3.31,-2.58,-0.25,1.03
2026-03-04,9.34,9.21,9.43,9.21,267266,251738483.46,2.33,-2.33,-0.22,0.74
2026-03-05,9.36,9.20,9.36,9.18,188474,176473081.08,1.95,-0.11,-0.01,0.52
2026-03-06,9.16,9.35,9.38,9.14,228669,215782145.33,2.61,1.63,0.15,0.63
2026-03-09,9.23,9.20,9.24,9.13,201528,187614102.99,1.18,-1.60,-0.15,0.56
2026-03-10,9.25,9.31,9.32,9.24,157226,147759279.81,0.87,1.20,0.11,0.44
2026-03-11,9.30,9.36,9.40,9.27,157371,148873976.44,1.40,0.54,0.05,0.44
2026-03-12,9.33,9.35,9.41,9.31,146199,138558554.16,1.07,-0.11,-0.01,0.41
2026-03-13,9.31,9.27,9.38,9.27,157437,148555136.20,1.18,-0.86,-0.08,0.44
2026-03-16,9.27,9.21,9.27,9.18,176467,164707567.11,0.97,-0.65,-0.06,0.49
2026-03-17,9.23,9.27,9.46,9.21,337651,319733341.84,2.71,0.65,0.06,0.94
2026-03-18,9.29,9.23,9.31,9.17,186540,174128428.00,1.51,-0.43,-0.04,0.52
2026-03-19,9.17,9.11,9.23,9.09,195478,181138299.81,1.52,-1.30,-0.12,0.54
2026-03-20,9.13,8.95,9.17,8.95,209260,192220225.85,2.41,-1.76,-0.16,0.58
2026-03-23,8.86,8.59,8.86,8.54,311062,274790596.70,3.58,-4.02,-0.36,0.86
2026-03-24,8.70,8.74,8.76,8.58,219312,192996387.00,2.10,1.75,0.15,0.61
2026-03-25,8.76,8.93,8.99,8.74,235437,211925436.85,2.86,2.17,0.19,0.65
2026-03-26,8.90,8.76,8.92,8.72,160641,143411041.30,2.24,-1.90,-0.17,0.45
2026-03-27,8.68,8.84,8.90,8.68,132695,118676539.24,2.51,0.91,0.08,0.37
2026-03-30,8.73,8.83,8.85,8.68,165546,147357787.48,1.92,-0.11,-0.01,0.46
2026-03-31,8.83,8.77,8.94,8.77,136060,122091463.00,1.93,-0.68,-0.06,0.38
2026-04-01,8.88,8.86,8.93,8.82,113678,102113499.24,1.25,1.03,0.09,0.32
2026-04-02,8.83,8.70,8.86,8.66,140082,124020292.17,2.26,-1.81,-0.16,0.39
2026-04-03,8.72,8.62,8.76,8.61,106449,93578778.34,1.72,-0.92,-0.08,0.30
2026-04-07,8.62,8.60,8.66,8.54,139120,121257061.00,1.39,-0.23,-0.02,0.39
2026-04-08,8.80,8.96,8.96,8.76,328478,294880647.59,2.33,4.19,0.36,0.91
2026-04-09,8.90,8.76,8.91,8.76,151215,135171719.44,1.67,-2.23,-0.20,0.42
2026-04-10,8.98,8.95,9.17,8.90,406008,372067867.85,3.08,2.17,0.19,1.13
2026-04-13,8.92,9.06,9.16,8.90,271412,249326314.73,2.91,1.23,0.11,0.75
2026-04-14,9.14,9.12,9.16,9.02,180550,166011746.40,1.55,0.66,0.06,0.50
2026-04-15,9.16,9.07,9.18,9.06,138343,127590783.39,1.32,-0.55,-0.05,0.38
2026-04-16,9.09,9.08,9.14,9.06,151389,139505862.50,0.88,0.11,0.01,0.42
2026-04-17,9.07,9.08,9.12,9.02,115591,106220306.65,1.10,0.00,0.00,0.32
2026-04-20,9.08,9.06,9.10,9.04,144482,132719489.60,0.66,-0.22,-0.02,0.40
2026-04-21,9.03,8.91,9.06,8.87,198535,179647682.35,2.10,-1.66,-0.15,0.55
2026-04-22,8.89,8.95,9.01,8.84,163421,147967394.02,1.91,0.45,0.04,0.45
2026-04-23,8.95,8.83,8.95,8.81,156139,140264888.40,1.56,-1.34,-0.12,0.43
2026-04-24,8.81,8.75,8.82,8.70,124370,110274058.80,1.36,-0.91,-0.08,0.35
2026-04-27,8.76,8.75,8.83,8.72,128290,113935736.63,1.26,0.00,0.00,0.36
2026-04-28,8.70,8.79,8.88,8.69,199876,178469649.36,2.17,0.46,0.04,0.55
2026-04-29,8.78,8.87,8.89,8.76,149955,134270567.44,1.48,0.91,0.08,0.42
2026-04-30,8.78,8.77,8.88,8.69,316044,280700488.48,2.14,-1.13,-0.10,0.88
2026-05-06,8.68,8.87,8.90,8.58,354046,315199565.89,3.65,1.14,0.10,0.98
2026-05-07,8.89,8.88,8.96,8.79,225858,202567681.41,1.92,0.11,0.01,0.63
2026-05-08,8.83,8.90,8.92,8.82,158301,142478315.63,1.13,0.23,0.02,0.44
2026-05-11,8.93,9.05,9.12,8.85,344211,314224055.08,3.03,1.69,0.15,0.96
2026-05-12,9.04,9.58,9.97,9.02,1739663,1714398615.97,10.50,5.86,0.53,4.83
2026-05-13,9.55,9.71,9.80,9.45,1107779,1078830020.99,3.65,1.36,0.13,3.07
2026-05-14,9.68,9.35,9.77,9.34,665772,643977207.61,4.43,-3.71,-0.36,1.85
2026-05-15,9.35,9.06,9.43,9.00,648109,602585160.92,4.60,-3.10,-0.29,1.80
2026-05-18,9.03,9.20,9.25,8.99,438184,405073147.76,2.87,1.55,0.14,1.22
2026-05-19,9.15,9.11,9.18,8.93,451401,413729745.56,2.72,-0.98,-0.09,1.25
2026-05-20,9.02,9.01,9.11,8.96,294340,269005449.33,1.65,-1.10,-0.10,0.82
2026-05-21,9.04,8.84,9.26,8.84,635705,586496148.91,4.66,-1.89,-0.17,1.76
2026-05-22,8.88,8.66,8.94,8.65,456015,402687619.57,3.28,-2.04,-0.18,1.27
2026-05-25,8.67,8.76,8.77,8.60,272075,239417509.55,1.96,1.15,0.10,0.76
2026-05-26,8.72,8.70,8.85,8.59,356924,315600264.62,2.97,-0.68,-0.06,0.99
2026-05-27,8.63,8.45,8.79,8.42,369175,320360669.66,4.25,-2.87,-0.25,1.02
2026-05-28,8.41,8.28,8.48,8.20,272253,229188254.40,3.31,-2.01,-0.17,0.76
2026-05-29,8.29,8.38,8.42,8.26,271520,229473335.30,1.93,1.21,0.10,0.75
2026-06-01,8.28,8.30,8.34,8.15,250032,209163795.15,2.27,-0.95,-0.08,0.69
2026-06-02,8.25,8.21,8.30,8.16,216388,180368468.31,1.69,-1.08,-0.09,0.60
2026-06-03,8.20,8.12,8.25,8.10,209727,173948882.00,1.83,-1.10,-0.09,0.58
2026-06-04,8.08,7.98,8.17,7.91,221484,180114254.92,3.20,-1.72,-0.14,0.61
2026-06-05,8.01,7.95,8.03,7.93,173829,140736175.40,1.25,-0.38,-0.03,0.48
2026-06-08,7.87,7.74,7.92,7.73,242382,192583487.59,2.39,-2.64,-0.21,0.67
2026-06-09,7.75,7.79,7.82,7.71,159388,125867695.53,1.42,0.65,0.05,0.44
2026-06-10,7.73,7.89,7.89,7.73,252495,200421289.90,2.05,1.28,0.10,0.70
2026-06-11,7.84,7.72,7.92,7.71,198489,156679897.30,2.66,-2.15,-0.17,0.55
2026-06-12,7.76,8.08,8.20,7.72,456661,370396522.61,6.22,4.66,0.36,1.27
2026-06-15,8.09,8.30,8.47,8.09,449260,378781816.33,4.70,2.72,0.22,1.25
2026-06-16,8.26,8.33,8.38,8.20,274836,231740225.40,2.17,0.36,0.03,0.76
2026-06-17,8.29,8.29,8.41,8.22,219055,184735475.17,2.28,-0.48,-0.04,0.61
2026-06-18,8.30,8.10,8.34,8.07,237457,196998855.38,3.26,-2.29,-0.19,0.66
2026-06-22,8.08,8.56,8.57,8.03,554413,470086094.73,6.67,5.68,0.46,1.54
2026-06-23,8.52,8.59,8.78,8.48,589574,517670481.59,3.50,0.35,0.03,1.64
2026-06-24,8.50,8.40,8.67,8.34,380800,326812867.28,3.84,-2.21,-0.19,1.06
2026-06-25,8.39,8.58,8.69,8.25,515773,445196752.80,5.24,2.14,0.18,1.43
2026-06-26,8.52,8.16,8.60,8.15,408533,345183324.28,5.24,-4.90,-0.42,1.13
2026-06-29,8.16,8.27,8.32,8.10,271739,226454481.32,2.70,1.35,0.11,0.75
2026-06-30,8.21,8.22,8.33,8.15,215093,179140651.64,2.18,-0.60,-0.05,0.60
2026-07-01,8.21,8.49,8.57,8.17,487402,417204123.59,4.87,3.28,0.27,1.35
2026-07-02,8.48,8.28,8.53,8.25,399665,338560928.91,3.30,-2.47,-0.21,1.11
2026-07-03,8.33,8.36,8.38,8.23,306736,258368403.77,1.81,0.97,0.08,0.85
2026-07-06,8.37,8.32,8.43,8.29,246089,208150686.20,1.67,-0.48,-0.04,0.68
2026-07-07,8.31,8.06,8.32,8.03,249344,205603866.27,3.49,-3.13,-0.26,0.69
2026-07-08,8.06,8.03,8.15,8.00,145859,119149783.00,1.86,-0.37,-0.03,0.40
2026-07-09,8.01,8.04,8.07,7.88,200047,162215081.68,2.37,0.12,0.01,0.56
2026-07-10,8.01,8.00,8.07,7.91,186624,151314417.10,1.99,-0.50,-0.04,0.52
2026-07-13,7.98,7.92,8.03,7.90,180045,145253181.61,1.63,-1.00,-0.08,0.50
2026-07-14,7.95,7.98,8.01,7.87,165150,133187381.99,1.77,0.76,0.06,0.46
2026-07-15,7.98,8.17,8.21,7.96,268871,221146571.76,3.13,2.38,0.19,0.75
2026-07-16,8.10,8.14,8.24,8.06,193499,159569675.00,2.20,-0.37,-0.03,0.54
2026-07-17,8.13,8.06,8.24,8.00,284294,234686982.85,2.95,-0.98,-0.08,0.79
2026-07-20,8.07,8.15,8.20,8.01,284969,235026430.70,2.36,1.12,0.09,0.79
2026-07-21,8.19,8.34,8.55,8.17,495684,414921551.64,4.66,2.33,0.19,1.38
2026-07-22,8.17,8.22,8.26,8.06,339106,276092273.93,2.40,-1.44,-0.12,0.94
2026-07-23,8.17,8.29,8.32,8.17,228896,188867119.28,1.82,0.85,0.07,0.64
2026-07-24,8.25,8.12,8.28,8.10,180191,147519805.73,2.17,-2.05,-0.17,0.50
2026-07-27,8.10,8.20,8.22,8.08,162920,133069919.00,1.72,0.99,0.08,0.45
2026-07-28,8.17,8.12,8.17,8.10,153647,124781600.08,0.85,-0.98,-0.08,0.43
2026-07-29,8.12,8.26,8.29,8.11,243922,200587579.75,2.22,1.72,0.14,0.68