2026-01-05,17.67,18.06,18.10,17.52,23277,43203588.49,3.29,2.56,0.45,1.88
2026-01-06,18.18,18.10,18.18,17.92,21982,41033414.35,1.44,0.22,0.04,1.78
2026-01-07,18.12,18.15,18.27,18.03,18262,34219481.11,1.33,0.28,0.05,1.48
2026-01-08,18.10,18.35,18.35,18.03,20006,37668297.71,1.76,1.10,0.20,1.62
2026-01-09,18.28,18.71,18.73,18.21,34030,65030830.17,2.83,1.96,0.36,2.76
2026-01-12,18.80,18.85,18.89,18.53,39504,76202695.23,1.92,0.75,0.14,3.20
2026-01-13,18.99,20.08,20.89,18.97,111992,232864570.43,10.19,6.53,1.23,9.07
2026-01-14,19.40,19.62,19.90,19.18,74898,150773437.73,3.59,-2.29,-0.46,6.06
2026-01-15,19.37,19.09,19.60,18.98,36743,72781301.62,3.16,-2.70,-0.53,2.97
2026-01-16,19.19,18.71,19.20,18.71,31146,60665504.02,2.57,-1.99,-0.38,2.52
2026-01-19,18.68,19.31,19.31,18.60,21450,41763616.74,3.79,3.21,0.60,1.74
2026-01-20,19.10,19.05,19.34,18.80,25825,50710284.51,2.80,-1.35,-0.26,2.09
2026-01-21,19.18,19.00,19.18,18.90,14480,28346121.28,1.47,-0.26,-0.05,1.17
2026-01-22,18.98,19.01,19.03,18.84,12746,24932513.13,1.00,0.05,0.01,1.03
2026-01-23,19.10,19.28,19.29,19.01,22760,45092087.89,1.47,1.42,0.27,1.84
2026-01-26,19.30,19.64,19.80,19.11,53883,108528155.35,3.58,1.87,0.36,4.36
2026-01-27,19.83,19.06,19.83,18.76,33951,66944473.96,5.45,-2.95,-0.58,2.75
2026-01-28,19.00,19.00,19.19,18.88,21468,42094933.92,1.63,-0.31,-0.06,1.74
2026-01-29,18.90,18.85,18.96,18.63,17805,34544838.78,1.74,-0.79,-0.15,1.44
2026-01-30,18.79,18.55,19.03,18.55,19097,36935666.64,2.55,-1.59,-0.30,1.55
2026-02-02,18.58,18.05,18.58,18.01,20118,38099224.14,3.07,-2.70,-0.50,1.63
2026-02-03,18.12,18.42,18.44,18.12,13698,25860668.65,1.77,2.05,0.37,1.11
2026-02-04,18.41,18.35,18.43,18.21,10501,19890441.52,1.19,-0.38,-0.07,0.85
2026-02-05,18.31,18.23,18.58,18.18,12522,23756105.42,2.18,-0.65,-0.12,1.01
2026-02-06,18.29,18.46,18.65,18.29,16626,31806227.56,1.97,1.26,0.23,1.35
2026-02-09,18.48,18.49,18.57,18.36,14167,26965031.24,1.14,0.16,0.03,1.15
2026-02-10,18.41,18.33,18.55,18.31,9390,17842933.25,1.30,-0.87,-0.16,0.76
2026-02-11,18.34,18.29,18.40,18.15,11585,21833239.34,1.36,-0.22,-0.04,0.94
2026-02-12,18.36,18.21,18.36,18.16,7549,14225411.52,1.09,-0.44,-0.08,0.61
2026-02-13,18.20,18.10,18.29,18.10,7683,14429554.41,1.04,-0.60,-0.11,0.62
2026-02-24,18.22,18.14,18.22,18.06,6792,12731289.70,0.88,0.22,0.04,0.55
2026-02-25,18.24,18.21,18.25,18.12,8103,15229896.53,0.72,0.39,0.07,0.66
2026-02-26,18.27,18.19,18.27,18.04,9785,18334041.44,1.26,-0.11,-0.02,0.79
2026-02-27,18.20,18.28,18.46,18.20,11729,22218598.96,1.43,0.49,0.09,0.95
2026-03-02,18.07,17.78,18.25,17.70,14963,27582067.29,3.01,-2.74,-0.50,1.21
2026-03-03,17.96,17.57,18.03,17.51,12921,23785587.46,2.92,-1.18,-0.21,1.05
2026-03-04,17.54,17.30,17.69,17.14,12082,21722316.37,3.13,-1.54,-0.27,0.98
2026-03-05,17.40,17.55,17.63,17.38,10059,18221534.69,1.45,1.45,0.25,0.81
2026-03-06,17.45,17.79,17.82,17.44,11370,20832368.80,2.17,1.37,0.24,0.92
2026-03-09,17.52,17.53,17.58,17.32,15619,28179337.07,1.46,-1.46,-0.26,1.26
2026-03-10,17.68,17.67,17.76,17.53,9439,17248434.51,1.31,0.80,0.14,0.76
2026-03-11,17.77,17.67,17.81,17.60,8226,15041916.16,1.19,0.00,0.00,0.67
2026-03-12,17.67,17.36,17.67,17.34,10729,19368538.21,1.87,-1.75,-0.31,0.87
2026-03-13,17.30,17.22,17.48,17.15,15117,27097088.25,1.90,-0.81,-0.14,1.22
2026-03-16,17.27,17.17,17.29,17.10,8703,15476541.77,1.10,-0.29,-0.05,0.70
2026-03-17,17.27,16.99,17.39,16.95,8994,15990540.47,2.56,-1.05,-0.18,0.73
2026-03-18,17.09,16.83,17.09,16.65,9815,17108269.99,2.59,-0.94,-0.16,0.79
2026-03-19,16.69,16.26,16.76,16.21,15177,25859623.02,3.27,-3.39,-0.57,1.23
2026-03-20,16.30,16.18,16.51,16.18,10007,16931308.96,2.03,-0.49,-0.08,0.81
2026-03-23,16.12,15.05,16.12,14.93,18646,29859933.51,7.35,-6.98,-1.13,1.51
2026-03-24,15.22,15.50,15.52,15.16,11201,17855487.41,2.39,2.99,0.45,0.91
2026-03-25,15.52,15.62,15.78,15.52,9582,15575214.97,1.68,0.77,0.12,0.78
2026-03-26,15.65,15.48,16.05,15.44,11924,19489615.07,3.91,-0.90,-0.14,0.97
2026-03-27,15.40,16.01,16.07,15.33,17645,29102799.63,4.78,3.42,0.53,1.43
2026-03-30,15.80,16.43,16.69,15.65,29823,50526374.49,6.50,2.62,0.42,2.41
2026-03-31,16.41,16.15,16.98,16.15,22807,39088190.67,5.05,-1.70,-0.28,1.85
2026-04-01,16.27,17.20,17.38,16.15,45770,80654076.70,7.62,6.50,1.05,3.71
2026-04-02,17.16,17.68,18.18,16.99,59840,109488026.33,6.92,2.79,0.48,4.84
2026-04-03,17.39,16.83,17.59,16.73,39924,70636976.62,4.86,-4.81,-0.85,3.23
2026-04-07,16.74,16.54,16.99,16.43,18727,32378291.17,3.33,-1.72,-0.29,1.52
2026-04-08,16.85,16.83,17.05,16.71,25805,44940569.43,2.06,1.75,0.29,2.09
2026-04-09,16.69,16.36,17.04,16.27,18320,31626269.32,4.58,-2.79,-0.47,1.48
2026-04-10,16.44,16.64,16.89,16.40,16424,28410426.12,3.00,1.71,0.28,1.33
2026-04-13,16.56,16.40,16.62,16.34,10530,17962002.65,1.68,-1.44,-0.24,0.85
2026-04-14,16.55,16.65,16.65,16.35,11895,20327283.88,1.83,1.52,0.25,0.96
2026-04-15,16.99,17.00,17.15,16.75,23690,41641620.37,2.40,2.10,0.35,1.92
2026-04-16,16.96,16.80,16.96,16.69,15159,26350565.18,1.59,-1.18,-0.20,1.23
2026-04-17,16.80,17.20,17.27,16.46,30190,52736064.78,4.82,2.38,0.40,2.44
2026-04-20,17.06,17.20,17.40,16.95,20656,36787582.22,2.62,0.00,0.00,1.67
2026-04-21,17.25,16.76,17.25,16.68,15474,26974953.88,3.31,-2.56,-0.44,1.25
2026-04-22,16.78,16.94,17.03,16.67,12502,21892444.57,2.15,1.07,0.18,1.01
2026-04-23,16.99,16.77,16.99,16.55,12583,21780905.18,2.60,-1.00,-0.17,1.02
2026-04-24,16.64,16.61,16.71,16.42,6204,10644506.47,1.73,-0.95,-0.16,0.50
2026-04-27,16.61,16.75,16.93,16.58,13083,22638795.04,2.11,0.84,0.14,1.06
2026-04-28,16.75,16.80,17.13,16.67,14097,24706822.05,2.75,0.30,0.05,1.14
2026-04-29,16.73,16.83,16.95,16.60,12373,21530876.74,2.08,0.18,0.03,1.00
2026-04-30,17.16,17.36,17.75,17.13,26093,47019102.32,3.68,3.15,0.53,2.11
2026-05-06,17.38,17.45,17.48,17.28,15958,28661899.70,1.15,0.52,0.09,1.29
2026-05-07,17.41,17.67,17.72,17.36,16056,28476022.30,2.06,1.26,0.22,1.30
2026-05-08,17.67,17.63,17.80,17.51,16617,30359775.65,1.64,-0.23,-0.04,1.35
2026-05-11,17.63,17.77,17.95,17.33,24885,45452510.36,3.52,0.79,0.14,2.01
2026-05-12,17.74,17.58,17.94,17.50,17805,32648000.06,2.48,-1.07,-0.19,1.44
2026-05-13,17.69,17.37,17.69,17.28,14648,26322214.20,2.33,-1.19,-0.21,1.19
2026-05-14,17.41,17.09,17.48,17.00,12944,23120868.74,2.76,-1.61,-0.28,1.05
2026-05-15,17.23,16.98,17.23,16.87,11497,20291219.48,2.11,-0.64,-0.11,0.93
2026-05-18,16.98,16.57,16.98,16.53,11377,19687936.68,2.65,-2.41,-0.41,0.92
2026-05-19,16.65,16.85,16.90,16.63,12879,22387938.50,1.63,1.69,0.28,1.04
2026-05-20,16.93,16.68,16.93,16.14,22271,37941160.99,4.69,-1.01,-0.17,1.80
2026-05-21,16.54,16.36,16.73,16.18,11325,19365285.06,3.30,-1.92,-0.32,0.92
2026-05-22,16.40,16.34,16.40,16.08,8808,14775459.57,1.96,-0.12,-0.02,0.71
2026-05-25,16.38,16.27,16.38,15.93,10197,17030139.08,2.75,-0.43,-0.07,0.83
2026-05-26,16.16,15.88,16.25,15.68,7774,12773758.51,3.50,-2.40,-0.39,0.63
2026-05-27,15.89,15.49,15.89,15.23,15732,25320226.32,4.16,-2.46,-0.39,1.27
2026-05-28,15.59,15.65,15.71,15.25,13143,21134916.92,2.97,1.03,0.16,1.06
2026-05-29,15.62,15.81,16.20,15.57,17204,28398079.50,4.03,1.02,0.16,1.39
2026-06-01,15.81,15.83,16.14,15.71,8075,13358836.85,2.72,0.13,0.02,0.65
2026-06-02,15.99,15.62,15.99,15.50,7675,12463057.82,3.10,-1.33,-0.21,0.62
2026-06-03,15.63,15.61,15.76,15.53,6386,10361536.08,1.47,-0.06,-0.01,0.52
2026-06-04,15.65,15.34,15.65,15.22,7609,12151589.76,2.75,-1.73,-0.27,0.62
2026-06-05,15.46,15.87,16.08,15.37,16078,26369210.51,4.63,3.46,0.53,1.30
2026-06-08,15.71,16.10,16.45,15.55,18399,30762846.16,5.67,1.45,0.23,1.49
2026-06-09,16.08,16.25,16.29,15.79,10390,17348747.22,3.11,0.93,0.15,0.84
2026-06-10,16.10,16.14,16.29,15.91,8892,14816447.40,2.34,-0.68,-0.11,0.72
2026-06-11,16.18,15.46,16.20,15.43,12490,19555923.22,4.77,-4.21,-0.68,1.01
2026-06-12,15.45,15.66,15.83,15.45,8827,13813100.85,2.46,1.29,0.20,0.71