2026-01-05,15.49,15.41,15.56,15.07,814984,1260993727.40,3.21,1.05,0.16,4.28
2026-01-06,15.84,15.87,16.06,15.62,1201026,1916699702.36,2.86,2.99,0.46,6.31
2026-01-07,15.76,15.55,15.97,15.38,975119,1539586509.84,3.72,-2.02,-0.32,5.12
2026-01-08,15.34,15.39,15.78,15.24,808247,1262245830.51,3.47,-1.03,-0.16,4.24
2026-01-09,15.24,15.70,15.85,15.19,896624,1415260495.46,4.29,2.01,0.31,4.71
2026-01-12,15.86,15.62,15.95,15.40,905194,1423360668.94,3.50,-0.51,-0.08,4.75
2026-01-13,15.59,15.46,15.95,15.37,1008406,1592260615.23,3.71,-1.02,-0.16,5.29
2026-01-14,15.56,15.73,16.14,15.52,1552890,2470342891.49,4.01,1.75,0.27,8.15
2026-01-15,15.56,15.81,16.29,15.46,1455555,2334023350.39,5.28,0.51,0.08,7.64
2026-01-16,15.74,15.77,16.36,15.57,1435185,2323786205.73,5.00,-0.25,-0.04,7.54
2026-01-19,15.58,15.31,15.60,14.68,1049561,1610198902.71,5.83,-2.92,-0.46,5.51
2026-01-20,15.37,15.20,15.65,14.65,1007775,1532236022.89,6.53,-0.72,-0.11,5.29
2026-01-21,15.18,15.85,15.90,15.03,1184230,1862210419.98,5.72,4.28,0.65,6.22
2026-01-22,15.66,15.89,15.96,15.56,862310,1374279203.82,2.52,0.25,0.04,4.53
2026-01-23,16.07,16.42,16.52,15.79,1389487,2279368620.86,4.59,3.34,0.53,7.30
2026-01-26,17.06,17.80,18.04,16.87,2371013,4147918476.06,7.13,8.40,1.38,12.45
2026-01-27,16.98,16.86,17.38,16.58,1677421,2868976064.87,4.49,-5.28,-0.94,8.81
2026-01-28,16.96,18.56,18.56,16.71,2201123,3972982943.99,10.97,10.08,1.70,11.56
2026-01-29,19.44,20.43,20.43,18.16,2760165,5375327492.83,12.23,10.08,1.87,14.49
2026-01-30,19.87,19.35,21.36,18.52,3232007,6467752110.85,13.90,-5.29,-1.08,16.97
2026-02-02,17.40,17.40,17.40,17.40,138084,242199336.00,0.00,-10.08,-1.95,0.73
2026-02-03,16.52,17.85,18.19,16.22,2463478,4194176644.53,11.32,2.59,0.45,12.93
2026-02-04,18.51,17.65,18.74,17.35,1622359,2923556029.29,7.79,-1.12,-0.20,8.52
2026-02-05,17.29,16.36,17.41,15.93,1591107,2667368282.80,8.39,-7.31,-1.29,8.35
2026-02-06,15.77,16.06,16.40,15.46,947072,1533577860.59,5.75,-1.83,-0.30,4.97
2026-02-09,16.36,16.38,16.66,16.26,729673,1207222399.99,2.49,1.99,0.32,3.83
2026-02-10,16.43,16.19,16.82,16.19,731701,1212531764.56,3.85,-1.16,-0.19,3.84
2026-02-11,16.18,16.29,16.66,16.12,802612,1327322675.05,3.34,0.62,0.10,4.21
2026-02-12,16.26,16.54,17.00,16.21,1000342,1680984667.01,4.85,1.53,0.25,5.25
2026-02-13,16.06,15.92,16.40,15.89,766011,1244625665.92,3.08,-3.75,-0.62,4.02
2026-02-24,16.37,16.77,16.97,16.29,933802,1570093919.60,4.27,5.34,0.85,4.90
2026-02-25,16.88,17.43,17.70,16.67,1143489,2006378712.40,6.14,3.94,0.66,6.00
2026-02-26,17.45,17.19,17.60,17.11,851404,1486935180.73,2.81,-1.38,-0.24,4.47
2026-02-27,17.06,17.86,17.94,17.06,1093798,1946510094.46,5.12,3.90,0.67,5.74
2026-03-02,18.05,18.51,18.76,17.23,1704484,3070699824.72,8.57,3.64,0.65,8.95
2026-03-03,17.96,16.93,18.10,16.91,1309039,2310012252.28,6.43,-8.54,-1.58,6.87
2026-03-04,16.48,16.79,17.27,16.38,714584,1216953823.66,5.26,-0.83,-0.14,3.75
2026-03-05,17.06,16.61,17.08,16.40,611332,1029841736.68,4.05,-1.07,-0.18,3.21
2026-03-06,16.37,16.43,16.66,16.03,500061,824420614.70,3.79,-1.08,-0.18,2.63
2026-03-09,15.96,16.05,16.11,15.52,695344,1109374804.01,3.59,-2.31,-0.38,3.65
2026-03-10,16.33,16.12,16.38,16.01,495205,807698663.68,2.31,0.44,0.07,2.60
2026-03-11,16.21,15.89,16.25,15.86,499258,806599723.90,2.42,-1.43,-0.23,2.62
2026-03-12,15.77,15.69,15.93,15.46,517800,819314588.88,2.96,-1.26,-0.20,2.72
2026-03-13,15.52,15.12,15.87,15.08,579206,903742703.90,5.04,-3.63,-0.57,3.04
2026-03-16,15.09,14.59,15.09,14.29,610047,895851276.30,5.29,-3.51,-0.53,3.20
2026-03-17,14.69,14.35,14.81,14.33,394193,581219284.60,3.29,-1.64,-0.24,2.07
2026-03-18,14.33,14.27,14.37,14.00,391870,561417802.52,2.58,-0.56,-0.08,2.06
2026-03-19,13.79,13.49,13.97,13.41,538087,742398583.98,3.92,-5.47,-0.78,2.83
2026-03-20,13.66,13.34,13.74,13.30,448221,613540126.75,3.26,-1.11,-0.15,2.35
2026-03-23,12.93,12.36,13.10,12.26,621978,797304508.13,6.30,-7.35,-0.98,3.27
2026-03-24,12.70,12.96,12.96,12.41,588548,755020159.88,4.45,4.85,0.60,3.09
2026-03-25,13.25,13.18,13.38,13.08,493597,660326463.09,2.31,1.70,0.22,2.59
2026-03-26,13.17,12.91,13.25,12.82,316807,416570044.88,3.26,-2.05,-0.27,1.66
2026-03-27,12.66,13.11,13.19,12.56,306904,403488176.43,4.88,1.55,0.20,1.61
2026-03-30,13.04,13.26,13.30,12.99,326638,434672225.87,2.36,1.14,0.15,1.72
2026-03-31,13.34,13.15,13.49,13.11,338356,454230855.19,2.87,-0.83,-0.11,1.78
2026-04-01,13.55,13.44,13.64,13.29,360960,489928721.74,2.66,2.21,0.29,1.90
2026-04-02,13.32,13.02,13.36,12.92,277229,367971048.54,3.27,-3.13,-0.42,1.46
2026-04-03,13.02,12.72,13.09,12.72,205526,266272540.98,2.84,-2.30,-0.30,1.08
2026-04-07,12.76,12.81,12.85,12.71,171364,221386773.45,1.10,0.71,0.09,0.90
2026-04-08,13.37,13.74,13.74,13.22,608549,830360104.22,4.06,7.26,0.93,3.20
2026-04-09,13.47,13.52,13.64,13.39,352148,480715118.21,1.82,-1.60,-0.22,1.85
2026-04-10,13.64,13.58,13.73,13.49,320888,441436124.26,1.78,0.44,0.06,1.68
2026-04-13,13.48,13.71,13.74,13.46,330208,454524496.28,2.06,0.96,0.13,1.73
2026-04-14,14.06,13.91,14.10,13.71,443087,622544675.29,2.84,1.46,0.20,2.33
2026-04-15,14.19,13.71,14.22,13.67,463503,654770329.41,3.95,-1.44,-0.20,2.43
2026-04-16,13.81,13.90,13.91,13.68,350654,488972168.94,1.68,1.39,0.19,1.84
2026-04-17,13.76,13.98,14.02,13.73,315895,444779459.79,2.09,0.58,0.08,1.66
2026-04-20,14.00,14.03,14.14,13.91,318747,452022517.33,1.65,0.36,0.05,1.67
2026-04-21,14.00,13.99,14.02,13.76,231851,325795333.37,1.85,-0.29,-0.04,1.22
2026-04-22,13.91,14.11,14.15,13.82,323770,459317796.39,2.36,0.86,0.12,1.70
2026-04-23,14.21,13.70,14.23,13.58,398985,556412106.41,4.61,-2.91,-0.41,2.09
2026-04-24,13.58,13.65,13.75,13.39,289191,396217634.82,2.63,-0.36,-0.05,1.52
2026-04-27,13.59,13.56,13.75,13.48,193540,265988261.20,1.98,-0.66,-0.09,1.02
2026-04-28,13.55,13.32,13.56,13.26,225116,303629738.89,2.21,-1.77,-0.24,1.18
2026-04-29,13.17,13.77,13.80,13.16,320316,440045914.39,4.80,3.38,0.45,1.68
2026-04-30,14.26,14.20,14.61,14.16,726459,1051330500.08,3.27,3.12,0.43,3.81
2026-05-06,14.36,14.74,14.76,14.24,650469,952990661.56,3.66,3.80,0.54,3.42
2026-05-07,14.93,14.80,15.06,14.64,516069,771392717.69,2.85,0.41,0.06,2.71
2026-05-08,14.61,14.91,15.08,14.52,564884,842332199.20,3.78,0.74,0.11,2.97
2026-05-11,14.94,15.05,15.17,14.80,599810,907551469.21,2.48,0.94,0.14,3.15
2026-05-12,15.54,15.21,15.55,15.03,713880,1099801310.26,3.46,1.06,0.16,3.75
2026-05-13,15.98,15.80,16.36,15.62,1118418,1797677462.31,4.87,3.88,0.59,5.87
2026-05-14,15.48,15.22,15.84,15.22,801069,1254104264.90,3.92,-3.67,-0.58,4.21
2026-05-15,15.04,14.40,15.06,14.30,695997,1027124645.04,4.99,-5.39,-0.82,3.65
2026-05-18,14.14,14.01,14.21,13.75,463088,652377788.59,3.19,-2.71,-0.39,2.43
2026-05-19,13.93,13.87,13.99,13.62,354429,493399202.33,2.64,-1.00,-0.14,1.86
2026-05-20,13.68,13.80,13.90,13.41,403034,555178629.17,3.53,-0.50,-0.07,2.12
2026-05-21,14.05,13.37,14.26,13.36,460462,645298798.44,6.52,-3.12,-0.43,2.42
2026-05-22,13.52,14.00,14.17,13.30,490972,684500924.61,6.51,4.71,0.63,2.58
2026-05-25,14.16,14.16,14.36,13.96,396325,565570624.88,2.86,1.14,0.16,2.08
2026-05-26,13.98,14.56,14.56,13.86,579435,835688819.78,4.94,2.82,0.40,3.04
2026-05-27,14.34,13.88,14.56,13.76,507737,722476821.47,5.49,-4.67,-0.68,2.67
2026-05-28,13.77,13.79,13.93,13.41,376928,520494941.88,3.75,-0.65,-0.09,1.98
2026-05-29,14.07,13.76,14.41,13.70,599739,851089602.67,5.15,-0.22,-0.03,3.15
2026-06-01,13.82,13.83,14.02,13.72,355623,498230950.82,2.18,0.51,0.07,1.87
2026-06-02,14.24,14.96,15.15,14.24,1228280,1820763256.24,6.58,8.17,1.13,6.45
2026-06-03,14.96,14.76,15.13,14.58,900452,1357037434.83,3.68,-1.34,-0.20,4.73
2026-06-04,14.55,14.09,14.58,14.03,618501,887749498.56,3.73,-4.54,-0.67,3.25
2026-06-05,13.99,13.72,14.44,13.65,617182,869982551.50,5.61,-2.63,-0.37,3.24
2026-06-08,13.03,12.76,13.23,12.66,652571,854104445.07,4.15,-7.00,-0.96,3.43
2026-06-09,12.83,12.94,12.94,12.48,426107,547495385.84,3.61,1.41,0.18,2.24
2026-06-10,12.61,12.52,12.72,12.33,375372,475140846.15,3.01,-3.25,-0.42,1.97
2026-06-11,12.39,12.66,12.81,12.37,358041,454871857.16,3.51,1.12,0.14,1.88
2026-06-12,12.95,13.94,13.94,12.94,1075160,1475986829.11,7.90,10.11,1.28,5.65
2026-06-15,13.95,14.92,14.95,13.95,1393704,2043763103.72,7.17,7.03,0.98,7.32
2026-06-16,14.66,14.57,14.81,14.52,765735,1132215907.84,1.94,-2.35,-0.35,4.02
2026-06-17,14.55,14.54,14.66,14.30,533064,780291105.09,2.47,-0.21,-0.03,2.80
2026-06-18,14.31,14.97,15.38,14.31,1102413,1668416725.40,7.36,2.96,0.43,5.79
2026-06-22,14.72,15.55,15.57,14.59,1138797,1741227109.54,6.55,3.87,0.58,5.98
2026-06-23,15.46,14.06,15.46,13.98,1067045,1564807540.12,9.52,-9.58,-1.49,5.60
2026-06-24,13.99,14.13,14.20,13.55,610652,856436123.75,4.62,0.50,0.07,3.21
2026-06-25,13.61,13.49,13.83,13.40,592206,810520571.22,3.04,-4.53,-0.64,3.11
2026-06-26,13.62,12.91,13.72,12.75,570075,752827616.14,7.19,-4.30,-0.58,2.99
2026-06-29,12.90,13.21,13.26,12.77,494009,651166649.42,3.80,2.32,0.30,2.59
2026-06-30,12.86,13.08,13.08,12.61,450499,583581876.64,3.56,-0.98,-0.13,2.37
2026-07-01,13.02,13.21,13.39,12.88,477135,633853045.89,3.90,0.99,0.13,2.51
2026-07-02,13.25,13.12,13.46,12.95,497178,664466205.03,3.86,-0.68,-0.09,2.61
2026-07-03,13.46,13.41,13.66,13.30,572302,779278481.64,2.74,2.21,0.29,3.00
2026-07-06,13.44,13.14,13.72,13.13,433397,584640676.53,4.40,-2.01,-0.27,2.28
2026-07-07,12.96,12.72,13.06,12.66,296380,384495860.94,3.04,-3.20,-0.42,1.56
2026-07-08,12.56,12.56,12.77,12.33,274899,348958933.79,3.46,-1.26,-0.16,1.44
2026-07-09,12.46,12.30,12.60,11.49,574610,701206018.98,8.84,-2.07,-0.26,3.02
2026-07-10,12.41,12.33,12.70,12.15,426255,536050737.66,4.47,0.24,0.03,2.24
2026-07-13,12.01,11.70,12.05,11.67,320476,383717653.58,3.08,-5.11,-0.63,1.68
2026-07-14,11.68,12.38,12.40,11.62,416682,507084343.14,6.67,5.81,0.68,2.19
2026-07-15,12.81,12.61,13.10,12.59,570746,738905966.67,4.12,1.86,0.23,3.00
2026-07-16,12.47,12.73,12.92,12.38,371998,477160958.13,4.28,0.95,0.12,1.95
2026-07-17,12.48,12.06,12.52,12.02,347656,431163495.85,3.93,-5.26,-0.67,1.83
2026-07-20,12.19,12.19,12.34,11.95,340372,418895088.66,3.23,1.08,0.13,1.79
2026-07-21,12.40,12.87,12.93,12.26,490323,624182564.20,5.50,5.58,0.68,2.57
2026-07-22,13.06,13.25,13.70,12.92,722500,966560671.60,6.06,2.95,0.38,3.79
2026-07-23,13.28,13.56,13.76,13.10,642828,866742170.38,4.98,2.34,0.31,3.38
2026-07-24,12.83,12.73,13.10,12.71,493769,635679838.43,2.88,-6.12,-0.83,2.59
2026-07-27,12.93,13.10,13.11,12.68,335743,433962855.99,3.38,2.91,0.37,1.76
2026-07-28,12.84,13.12,13.21,12.76,329499,429201724.40,3.44,0.15,0.02,1.73
2026-07-29,13.09,13.26,13.37,12.92,345172,454320076.06,3.43,1.07,0.14,1.81