2026-01-05,22.40,22.97,23.12,22.40,16094,36746853.00,3.23,3.10,0.69,1.51
2026-01-06,22.88,22.97,23.20,22.62,16070,36955512.00,2.53,0.00,0.00,1.51
2026-01-07,23.08,23.23,23.30,22.90,16656,38558513.00,1.74,1.13,0.26,1.57
2026-01-08,23.23,23.50,23.75,23.01,15178,35644559.00,3.19,1.16,0.27,1.43
2026-01-09,23.62,23.76,24.58,23.28,17965,42679696.00,5.53,1.11,0.26,1.69
2026-01-12,23.81,24.29,24.30,23.50,18624,44727059.00,3.37,2.23,0.53,1.75
2026-01-13,24.75,23.98,25.03,23.90,21867,53050366.00,4.65,-1.28,-0.31,2.06
2026-01-14,23.98,24.20,24.76,23.57,22249,53917603.00,4.96,0.92,0.22,2.09
2026-01-15,23.96,24.74,24.90,23.70,23416,57059583.00,4.96,2.23,0.54,2.20
2026-01-16,25.23,25.79,26.41,24.64,62598,160386085.00,7.15,4.24,1.05,5.89
2026-01-19,25.60,26.91,27.29,25.58,55186,145973648.00,6.63,4.34,1.12,5.19
2026-01-20,26.88,26.90,27.55,26.61,40383,109245622.00,3.49,-0.04,-0.01,3.80
2026-01-21,27.20,28.74,29.09,26.80,52768,148302981.00,8.51,6.84,1.84,4.96
2026-01-22,28.65,27.96,29.05,27.36,41434,115703233.00,5.88,-2.71,-0.78,3.90
2026-01-23,27.98,29.02,29.25,27.83,38938,111002455.00,5.08,3.79,1.06,3.66
2026-01-26,28.71,27.50,29.17,27.03,41588,115153467.00,7.37,-5.24,-1.52,3.91
2026-01-27,27.55,28.31,28.52,26.90,43029,119910602.00,5.89,2.95,0.81,4.05
2026-01-28,30.69,33.97,33.97,30.50,41372,137186345.00,12.26,19.99,5.66,3.89
2026-01-29,35.00,35.00,35.60,32.00,141053,474330817.00,10.60,3.03,1.03,13.27
2026-01-30,33.66,34.19,35.48,32.14,109528,368631520.00,9.54,-2.31,-0.81,10.31
2026-02-02,33.00,30.50,33.99,30.50,84549,267619826.00,10.21,-10.79,-3.69,7.95
2026-02-03,30.87,30.80,31.25,30.00,58416,178950708.00,4.10,0.98,0.30,5.50
2026-02-04,30.35,30.25,30.53,29.66,45923,138248774.00,2.82,-1.79,-0.55,4.32
2026-02-05,29.82,31.21,31.27,29.04,57687,173504422.00,7.37,3.17,0.96,5.43
2026-02-06,30.66,29.73,30.66,29.33,44125,132193577.00,4.26,-4.74,-1.48,4.15
2026-02-09,30.00,29.92,30.92,29.82,44322,134372457.00,3.70,0.64,0.19,4.17
2026-02-10,30.03,29.88,31.14,29.60,36190,109398930.00,5.15,-0.13,-0.04,3.40
2026-02-11,30.50,30.26,31.08,30.05,33814,103082897.00,3.45,1.27,0.38,3.18
2026-02-12,30.06,31.25,31.68,30.06,39433,121759311.00,5.35,3.27,0.99,3.71
2026-02-13,31.00,30.47,31.71,30.40,33135,103000837.00,4.19,-2.50,-0.78,3.12
2026-02-24,30.80,31.29,31.87,30.34,37755,117247457.00,5.02,2.69,0.82,3.55
2026-02-25,31.26,31.62,31.70,30.59,30561,95083920.00,3.55,1.05,0.33,2.88
2026-02-26,31.61,32.80,33.14,31.15,40971,132839962.00,6.29,3.73,1.18,3.85
2026-02-27,32.64,34.67,35.40,31.83,55434,189303357.00,10.88,5.70,1.87,5.22
2026-03-02,33.41,33.12,34.08,32.90,45607,151996234.00,3.40,-4.47,-1.55,4.29
2026-03-03,32.91,30.94,33.45,30.52,39065,124120639.00,8.85,-6.58,-2.18,3.68
2026-03-04,30.00,30.80,31.56,30.00,22101,68239120.00,5.04,-0.45,-0.14,2.08
2026-03-05,31.44,31.10,31.86,30.73,19663,61610019.00,3.67,0.97,0.30,1.85
2026-03-06,30.88,31.23,31.65,30.67,19867,62010884.00,3.15,0.42,0.13,1.87
2026-03-09,30.20,30.68,31.01,29.50,28008,84543093.00,4.84,-1.76,-0.55,2.64
2026-03-10,31.20,32.20,32.44,31.06,25291,80526709.00,4.50,4.95,1.52,2.38
2026-03-11,32.15,31.30,32.86,31.10,22537,71813981.00,5.47,-2.80,-0.90,2.12
2026-03-12,31.07,29.86,31.35,29.66,31778,96081732.00,5.40,-4.60,-1.44,2.99
2026-03-13,29.86,29.85,30.94,29.64,20352,61383778.00,4.35,-0.03,-0.01,1.91
2026-03-16,29.86,30.53,30.97,29.19,24817,74818334.00,5.96,2.28,0.68,2.33
2026-03-17,30.49,29.36,30.63,29.20,22129,66311007.00,4.68,-3.83,-1.17,2.08
2026-03-18,29.88,30.38,30.38,29.62,16589,49869727.00,2.59,3.47,1.02,1.56
2026-03-19,29.82,29.30,30.17,29.17,20715,61510281.00,3.29,-3.55,-1.08,1.95
2026-03-20,29.28,28.30,29.93,28.28,20058,58239997.00,5.63,-3.41,-1.00,1.89
2026-03-23,27.37,25.93,27.99,25.77,36237,97355445.00,7.84,-8.37,-2.37,3.41
2026-03-24,26.97,27.46,27.47,26.15,22026,58842044.00,5.09,5.90,1.53,2.07
2026-03-25,27.00,27.89,28.58,27.00,20623,57846881.00,5.75,1.57,0.43,1.94
2026-03-26,27.99,26.63,27.99,26.45,21868,59091442.00,5.52,-4.52,-1.26,2.06
2026-03-27,26.58,27.25,27.84,26.00,21729,58722583.00,6.91,2.33,0.62,2.04
2026-03-30,26.53,27.61,27.80,26.29,19126,52162051.00,5.54,1.32,0.36,1.80
2026-03-31,27.60,26.90,28.11,26.90,18347,50434811.00,4.38,-2.57,-0.71,1.73
2026-04-01,28.20,27.59,28.70,27.19,20407,56399103.00,5.61,2.57,0.69,1.92
2026-04-02,27.56,26.66,28.10,26.65,22644,62060875.00,5.26,-3.37,-0.93,2.13
2026-04-03,27.22,26.34,27.50,26.34,20592,55191673.00,4.35,-1.20,-0.32,1.94
2026-04-07,26.46,26.91,27.74,26.46,20030,54096045.00,4.86,2.16,0.57,1.88
2026-04-08,27.48,28.76,28.77,27.48,20498,57794625.00,4.79,6.87,1.85,1.93
2026-04-09,28.55,28.48,29.01,28.27,21389,61236276.00,2.57,-0.97,-0.28,2.01
2026-04-10,28.64,28.38,29.13,28.32,17980,51629050.00,2.84,-0.35,-0.10,1.69
2026-04-13,28.40,28.51,29.25,28.11,25305,72600635.00,4.02,0.46,0.13,2.38
2026-04-14,28.83,29.02,29.26,28.64,21429,62155043.00,2.17,1.79,0.51,2.02
2026-04-15,29.02,28.69,29.50,28.60,20012,58047153.00,3.10,-1.14,-0.33,1.88
2026-04-16,28.99,29.49,29.78,28.64,25614,75032941.00,3.97,2.79,0.80,2.41
2026-04-17,29.97,29.33,29.97,29.27,17139,50592892.00,2.37,-0.54,-0.16,1.61
2026-04-20,29.17,29.03,29.70,29.03,16692,48864425.00,2.28,-1.02,-0.30,1.57
2026-04-21,29.08,28.72,29.11,28.33,16792,48105713.00,2.69,-1.07,-0.31,1.58
2026-04-22,28.64,29.27,29.41,28.64,19139,55618203.00,2.68,1.92,0.55,1.80
2026-04-23,29.30,28.26,29.69,28.01,19657,55971209.00,5.74,-3.45,-1.01,1.85
2026-04-24,28.03,28.35,28.84,27.83,29930,85237661.00,3.57,0.32,0.09,2.81
2026-04-27,28.07,29.74,29.80,28.00,23233,67731038.00,6.35,4.90,1.39,2.18
2026-04-28,29.42,28.31,29.66,28.02,34909,99432769.00,5.51,-4.81,-1.43,3.28
2026-04-29,28.22,28.79,29.20,28.01,28372,81632353.00,4.20,1.70,0.48,2.67
2026-04-30,29.29,30.64,31.49,28.82,53496,162695765.00,9.27,6.43,1.85,5.03
2026-05-06,31.05,31.76,32.38,31.00,52398,166590061.00,4.50,3.66,1.12,4.92
2026-05-07,31.76,32.46,32.77,31.49,36089,116632315.00,4.03,2.20,0.70,3.39
2026-05-08,32.00,32.95,33.54,31.75,36502,119290868.00,5.51,1.51,0.49,3.43
2026-05-11,33.37,34.95,36.66,33.18,59003,204350802.00,10.56,6.07,2.00,5.54
2026-05-12,34.89,35.00,36.66,34.23,64516,226957971.00,6.95,0.14,0.05,6.06
2026-05-13,34.40,35.36,35.68,33.04,53532,186026442.00,7.54,1.03,0.36,5.03
2026-05-14,35.54,35.40,36.48,35.01,54283,194217030.00,4.16,0.11,0.04,5.10
2026-05-15,35.35,35.86,37.78,34.88,52544,188959158.00,8.19,1.30,0.46,4.94
2026-05-18,35.40,36.02,36.70,34.01,53231,190684252.00,7.50,0.45,0.16,5.00
2026-05-19,36.60,36.72,36.72,35.08,45694,164040775.00,4.55,1.94,0.70,4.29
2026-05-20,36.35,37.57,38.51,36.13,75381,282509904.00,6.48,2.31,0.85,7.08
2026-05-21,37.78,34.54,38.90,34.50,71952,263549430.00,11.71,-8.06,-3.03,6.76
2026-05-22,34.84,36.00,36.32,34.82,64256,227861705.00,4.34,4.23,1.46,6.04
2026-05-25,35.70,38.00,38.48,35.70,67642,253294601.00,7.72,5.56,2.00,6.36
2026-05-26,39.07,39.59,41.40,37.90,88796,346743791.00,9.21,4.18,1.59,8.34
2026-05-27,39.20,38.06,40.78,37.58,84557,328082186.00,8.08,-3.86,-1.53,7.94
2026-05-28,37.72,38.33,39.00,36.00,65797,247907520.00,7.88,0.71,0.27,6.18
2026-05-29,38.01,34.76,38.54,34.39,65370,233582625.00,10.83,-9.31,-3.57,6.14
2026-06-01,35.00,33.16,35.00,33.01,58673,198015387.00,5.72,-4.60,-1.60,5.51
2026-06-02,33.23,32.16,33.48,31.64,34704,112651262.00,5.55,-3.02,-1.00,3.26
2026-06-03,32.00,32.42,33.90,31.77,37887,125067964.00,6.62,0.81,0.26,3.56
2026-06-04,32.13,32.50,33.00,31.54,36713,119760158.00,4.50,0.25,0.08,3.45
2026-06-05,32.60,31.55,32.75,30.94,35471,112619612.00,5.57,-2.92,-0.95,3.33
2026-06-08,30.33,29.54,31.00,28.95,40693,122329410.00,6.50,-6.37,-2.01,3.82
2026-06-09,30.10,31.93,32.01,29.66,44889,138264017.00,7.96,8.09,2.39,4.22
2026-06-10,31.93,38.32,38.32,31.88,104914,388838290.00,20.17,20.01,6.39,9.86
2026-06-11,37.00,39.22,40.51,36.00,165449,624249210.00,11.77,2.35,0.90,15.54
2026-06-12,38.83,34.89,39.98,34.67,108284,399893070.00,13.54,-11.04,-4.33,10.17
2026-06-15,35.02,36.75,36.78,34.20,80136,286943773.00,7.39,5.33,1.86,7.53
2026-06-16,37.00,37.36,37.85,36.48,65625,244310516.00,3.73,1.66,0.61,6.17
2026-06-17,36.88,38.37,39.50,36.56,72717,276976192.00,7.87,2.70,1.01,6.83
2026-06-18,37.99,39.20,39.80,37.70,68402,267667004.00,5.47,2.16,0.83,6.43
2026-06-22,39.00,38.76,39.38,36.67,69418,264000478.00,6.91,-1.12,-0.44,6.52
2026-06-23,38.20,38.88,39.76,37.46,55151,213431025.00,5.93,0.31,0.12,5.19
2026-06-24,38.30,40.04,40.83,37.00,75975,298575928.00,9.85,2.98,1.16,7.15
2026-06-25,40.18,39.47,40.77,38.45,73936,292670993.00,5.79,-1.42,-0.57,6.96
2026-06-26,39.60,40.81,40.98,38.00,106978,426715504.00,7.55,3.39,1.34,10.07
2026-06-29,40.98,38.41,42.50,35.88,132368,513245430.00,16.22,-5.88,-2.40,12.46
2026-06-30,39.21,42.01,42.50,37.81,120398,485563040.00,12.21,9.37,3.60,11.33
2026-07-01,42.04,42.75,45.50,41.21,119618,517381619.00,10.21,1.76,0.74,11.26
2026-07-02,42.22,51.30,51.30,42.22,211473,1024000211.00,21.24,20.00,8.55,19.90
2026-07-03,45.79,41.04,47.78,41.04,213107,915749081.00,13.14,-20.00,-10.26,20.06
2026-07-06,40.73,37.68,40.96,35.86,164970,628417233.00,12.43,-8.19,-3.36,15.53
2026-07-07,36.93,37.63,39.14,36.93,100832,383690086.00,5.87,-0.13,-0.05,9.49
2026-07-08,37.63,36.08,38.28,34.70,87340,317681739.00,9.51,-4.12,-1.55,8.22
2026-07-09,36.50,39.54,39.98,35.52,108813,412879858.00,12.36,9.59,3.46,10.24
2026-07-10,39.11,37.30,42.35,37.00,107777,432609733.00,13.53,-5.67,-2.24,10.14
2026-07-13,37.31,34.54,38.30,34.28,80879,294799321.00,10.78,-7.40,-2.76,7.61
2026-07-14,35.00,41.45,41.45,35.00,158147,627800869.00,18.67,20.01,6.91,14.89
2026-07-15,42.63,39.08,42.98,38.31,180740,719899076.00,11.27,-5.72,-2.37,17.01
2026-07-16,37.70,35.42,38.70,35.36,101150,373842911.00,8.55,-9.37,-3.66,9.52
2026-07-17,35.00,30.94,35.51,30.83,97322,321000986.00,13.21,-12.65,-4.48,9.16
2026-07-20,31.99,26.97,32.34,26.00,102896,297971108.00,20.49,-12.83,-3.97,9.69
2026-07-21,27.50,30.50,30.82,23.77,112042,308172649.00,26.14,13.09,3.53,10.55
2026-07-22,29.90,30.13,31.89,29.60,89478,274264140.00,7.51,-1.21,-0.37,8.42
2026-07-23,30.02,29.02,30.78,28.61,61283,180912318.00,7.20,-3.68,-1.11,5.77
2026-07-24,28.15,28.48,29.70,27.61,56779,163719060.00,7.20,-1.86,-0.54,5.34
2026-07-27,28.93,29.75,30.20,27.26,67154,194202814.00,10.32,4.46,1.27,6.32
2026-07-28,29.47,27.10,29.86,27.00,53542,151120777.00,9.61,-8.91,-2.65,5.04
2026-07-29,27.10,26.24,27.60,25.00,68612,179042002.00,9.59,-3.17,-0.86,6.46