2026-01-05,38.62,39.70,39.78,38.62,14200,56066281.00,3.00,2.74,1.06,2.03
2026-01-06,39.75,39.82,40.41,39.37,15641,62421827.00,2.62,0.30,0.12,2.24
2026-01-07,40.25,40.01,40.48,39.65,13832,55499562.00,2.08,0.48,0.19,1.98
2026-01-08,39.75,40.34,40.71,39.62,15132,61016283.00,2.72,0.82,0.33,2.17
2026-01-09,40.26,40.79,40.96,40.12,14502,58949497.00,2.08,1.12,0.45,2.08
2026-01-12,41.45,41.68,41.82,40.79,17552,72743845.00,2.53,2.18,0.89,2.51
2026-01-13,41.71,41.20,42.33,40.88,18887,78563850.00,3.48,-1.15,-0.48,2.70
2026-01-14,41.44,42.25,42.42,41.00,23344,97809077.00,3.45,2.55,1.05,3.34
2026-01-15,41.83,41.67,41.88,41.01,15786,65489946.00,2.06,-1.37,-0.58,2.26
2026-01-16,41.93,43.06,43.63,41.70,23337,99531284.00,4.63,3.34,1.39,3.34
2026-01-19,43.16,42.72,43.16,42.16,15570,66412115.00,2.32,-0.79,-0.34,2.23
2026-01-20,42.74,42.60,43.85,42.25,16529,71049454.00,3.75,-0.28,-0.12,2.37
2026-01-21,42.46,43.88,44.00,42.46,16673,72456918.00,3.62,3.00,1.28,2.39
2026-01-22,44.15,47.11,47.85,43.75,51380,236319197.00,9.34,7.36,3.23,7.36
2026-01-23,47.12,53.11,55.24,46.85,85511,451035455.00,17.81,12.74,6.00,12.24
2026-01-26,53.95,53.94,55.43,52.95,76547,415334905.00,4.67,1.56,0.83,10.96
2026-01-27,53.76,55.85,55.88,50.99,52532,280453768.00,9.07,3.54,1.91,7.52
2026-01-28,54.46,59.05,60.55,54.45,70050,403849336.00,10.92,5.73,3.20,10.03
2026-01-29,58.25,56.65,59.63,56.45,40792,236092473.00,5.39,-4.06,-2.40,5.84
2026-01-30,57.08,54.65,58.28,53.75,47255,261184335.00,8.00,-3.53,-2.00,6.77
2026-02-02,54.17,53.96,56.50,52.15,48990,266976002.00,7.96,-1.26,-0.69,7.01
2026-02-03,54.73,53.14,55.21,52.31,36252,193202939.00,5.37,-1.52,-0.82,5.19
2026-02-04,52.35,50.26,52.66,49.37,35233,178217751.00,6.19,-5.42,-2.88,5.04
2026-02-05,49.28,49.80,50.94,48.85,20525,101922022.00,4.16,-0.92,-0.46,2.94
2026-02-06,49.61,48.40,49.61,48.28,23164,113402798.00,2.67,-2.81,-1.40,3.32
2026-02-09,48.86,49.67,50.93,48.86,23693,118001203.00,4.28,2.62,1.27,3.39
2026-02-10,49.74,48.88,49.98,48.65,15551,76592138.00,2.68,-1.59,-0.79,2.23
2026-02-11,48.66,48.41,49.27,48.26,14198,69099059.00,2.07,-0.96,-0.47,2.03
2026-02-12,48.71,49.01,49.50,48.26,15354,75157068.00,2.56,1.24,0.60,2.20
2026-02-13,48.77,49.51,50.19,48.31,21292,105471950.00,3.84,1.02,0.50,3.05
2026-02-24,50.33,49.31,50.63,49.11,17813,88600046.00,3.07,-0.40,-0.20,2.55
2026-02-25,49.31,48.80,49.92,47.97,21341,103626754.00,3.95,-1.03,-0.51,3.06
2026-02-26,48.95,49.31,49.63,48.08,18442,90296328.00,3.18,1.05,0.51,2.64
2026-02-27,48.80,49.44,49.49,47.95,16931,82473384.00,3.12,0.26,0.13,2.42
2026-03-02,48.00,47.63,50.58,46.95,23921,115646513.00,7.34,-3.66,-1.81,3.43
2026-03-03,47.16,44.96,49.32,44.83,24621,114606489.00,9.43,-5.61,-2.67,3.53
2026-03-04,44.25,44.50,45.66,44.23,17657,79194085.00,3.18,-1.02,-0.46,2.53
2026-03-05,45.14,45.72,46.43,44.97,17517,80529919.00,3.28,2.74,1.22,2.51
2026-03-06,45.35,46.04,46.75,45.22,16003,74006523.00,3.35,0.70,0.32,2.29
2026-03-09,45.11,45.72,45.82,43.85,22949,102444941.00,4.28,-0.70,-0.32,3.29
2026-03-10,46.43,47.78,47.87,46.30,15681,74247647.00,3.43,4.51,2.06,2.25
2026-03-11,47.95,46.66,48.24,46.59,11975,56720316.00,3.45,-2.34,-1.12,1.71
2026-03-12,46.37,45.93,47.20,45.66,12837,59603940.00,3.30,-1.56,-0.73,1.84
2026-03-13,45.99,45.99,47.15,45.13,16366,75632213.00,4.40,0.13,0.06,2.34
2026-03-16,46.13,46.40,46.52,44.35,25889,117678798.00,4.72,0.89,0.41,3.71
2026-03-17,46.43,45.25,46.74,45.15,18950,87570940.00,3.43,-2.48,-1.15,2.71
2026-03-18,45.33,46.55,46.59,45.33,13026,60092507.00,2.78,2.87,1.30,1.87
2026-03-19,45.95,44.96,46.31,44.76,16296,74094461.00,3.33,-3.42,-1.59,2.33
2026-03-20,44.96,43.39,45.94,43.35,18747,83281995.00,5.76,-3.49,-1.57,2.68
2026-03-23,42.43,39.93,43.10,39.48,26989,111930368.00,8.34,-7.97,-3.46,3.86
2026-03-24,41.93,42.41,42.43,40.52,16719,69350710.00,4.78,6.21,2.48,2.39
2026-03-25,42.57,43.45,44.15,42.57,14904,65029070.00,3.73,2.45,1.04,2.13
2026-03-26,43.55,41.95,43.74,41.80,9940,42401254.00,4.46,-3.45,-1.50,1.42
2026-03-27,41.47,42.39,42.93,41.16,12166,51314110.00,4.22,1.05,0.44,1.74
2026-03-30,42.39,42.90,43.23,42.24,13024,55732540.00,2.34,1.20,0.51,1.86
2026-03-31,42.48,42.37,43.90,42.19,13260,57154251.00,3.99,-1.24,-0.53,1.90
2026-04-01,43.83,44.42,44.72,43.58,18641,82512877.00,2.69,4.84,2.05,2.67
2026-04-02,45.23,42.98,45.33,42.68,16513,72007186.00,5.97,-3.24,-1.44,2.36
2026-04-03,42.40,42.68,44.20,42.40,19179,83142863.00,4.19,-0.70,-0.30,2.75
2026-04-07,42.83,43.04,43.82,42.39,14831,64123395.00,3.35,0.84,0.36,2.12
2026-04-08,44.39,45.96,46.02,44.15,18585,84046869.00,4.34,6.78,2.92,2.63
2026-04-09,45.45,45.76,46.74,45.35,16136,74369786.00,3.02,-0.44,-0.20,2.29
2026-04-10,46.45,46.43,48.03,46.39,14703,69480433.00,3.58,1.46,0.67,2.08
2026-04-13,46.44,47.64,48.39,46.35,17583,83877329.00,4.39,2.61,1.21,2.49
2026-04-14,47.96,48.08,48.45,47.57,15600,74891345.00,1.85,0.92,0.44,2.21
2026-04-15,48.05,48.60,50.00,47.83,18311,89526762.00,4.51,1.08,0.52,2.59
2026-04-16,48.32,49.45,49.60,48.32,12954,63550320.00,2.63,1.75,0.85,1.84
2026-04-17,49.65,51.78,52.04,49.26,25203,128411116.00,5.62,4.71,2.33,3.57
2026-04-20,51.56,51.52,51.56,50.06,19991,102089988.00,2.90,-0.50,-0.26,2.83
2026-04-21,51.34,52.98,53.45,49.55,35995,185402298.00,7.57,2.83,1.46,5.10
2026-04-22,52.36,54.31,54.93,51.83,32616,176143496.00,5.85,2.51,1.33,4.62
2026-04-23,56.13,53.61,56.14,53.03,28872,156863240.00,5.73,-1.29,-0.70,4.09
2026-04-24,53.45,55.66,56.45,53.40,43169,240120970.00,5.69,3.82,2.05,6.12
2026-04-27,55.69,56.57,56.95,54.52,27897,156396696.00,4.37,1.63,0.91,3.95
2026-04-28,55.98,56.85,58.93,55.98,34414,198145618.00,5.21,0.49,0.28,4.88
2026-04-29,55.99,58.72,59.43,55.81,28231,163676855.00,6.37,3.29,1.87,4.00
2026-04-30,58.64,60.60,61.93,57.77,33363,202296394.00,7.08,3.20,1.88,4.73
2026-05-06,62.00,60.98,65.50,60.00,56350,350018792.00,9.08,0.63,0.38,7.98
2026-05-07,61.93,63.44,65.10,60.61,34762,219853047.00,7.36,4.03,2.46,4.93
2026-05-08,62.74,62.21,62.74,60.78,26214,161283394.00,3.09,-1.94,-1.23,3.71