2026-01-05,12.88,12.92,12.99,12.88,36240,47158979.00,0.86,0.54,0.07,1.62
2026-01-06,12.92,13.01,13.10,12.90,40685,53241021.00,1.55,0.70,0.09,1.82
2026-01-07,13.07,12.91,13.07,12.89,41545,54228518.00,1.38,-0.77,-0.10,1.86
2026-01-08,12.88,13.04,13.07,12.87,39300,51446725.00,1.55,1.01,0.13,1.76
2026-01-09,13.04,13.18,13.20,13.00,47439,62606191.00,1.53,1.07,0.14,2.13
2026-01-12,13.20,13.25,13.25,13.10,41980,55743238.00,1.14,0.53,0.07,1.88
2026-01-13,13.27,13.27,13.55,13.26,69734,94007952.00,2.19,0.15,0.02,3.13
2026-01-14,13.30,13.37,13.54,13.19,63762,85816860.00,2.64,0.75,0.10,2.86
2026-01-15,13.26,13.22,13.34,13.20,39660,52871595.00,1.05,-1.12,-0.15,1.78
2026-01-16,13.27,13.20,13.29,13.12,40841,54178877.00,1.29,-0.15,-0.02,1.83
2026-01-19,13.06,13.25,13.25,12.77,53772,70864588.00,3.64,0.38,0.05,2.41
2026-01-20,13.24,13.18,13.31,13.13,37414,49649032.00,1.36,-0.53,-0.07,1.68
2026-01-21,13.13,13.17,13.19,13.03,28032,36985706.00,1.21,-0.08,-0.01,1.26
2026-01-22,13.16,13.37,13.40,13.11,47950,64230274.00,2.20,1.52,0.20,2.15
2026-01-23,13.71,13.65,13.90,13.51,84072,115465920.00,2.92,2.09,0.28,3.77
2026-01-26,13.60,13.63,13.73,13.49,74416,101792919.00,1.76,-0.15,-0.02,3.34
2026-01-27,13.62,13.27,13.63,13.04,68806,91536836.00,4.33,-2.64,-0.36,3.08
2026-01-28,13.26,13.07,13.28,13.07,42994,56837316.00,1.58,-1.51,-0.20,1.93
2026-01-29,13.08,13.14,13.21,12.87,42130,55514267.00,2.60,0.54,0.07,1.89
2026-01-30,13.12,13.10,13.34,12.95,50209,66337491.00,2.97,-0.30,-0.04,2.25
2026-02-02,13.09,13.08,13.36,13.04,56730,75506688.00,2.44,-0.15,-0.02,2.54
2026-02-03,13.09,13.05,13.20,13.00,36997,48610569.00,1.53,-0.23,-0.03,1.66
2026-02-04,13.10,13.23,13.26,13.02,41070,54487611.00,1.84,1.38,0.18,1.84
2026-02-05,13.20,13.21,13.34,13.11,35183,46918421.00,1.74,-0.15,-0.02,1.58
2026-02-06,13.20,13.20,13.32,13.17,33930,45202806.00,1.14,-0.08,-0.01,1.52
2026-02-09,13.23,13.28,13.33,13.21,30495,40705537.00,0.91,0.61,0.08,1.37
2026-02-10,13.31,13.34,13.37,13.23,31556,42259351.00,1.05,0.45,0.06,1.41
2026-02-11,13.31,13.22,13.33,13.20,24912,33233542.00,0.97,-0.90,-0.12,1.12
2026-02-12,13.26,13.01,13.26,13.00,34530,45425831.00,1.97,-1.59,-0.21,1.55
2026-02-13,13.00,12.97,13.12,12.95,23972,31439569.00,1.31,-0.31,-0.04,1.07
2026-02-24,13.03,13.20,13.20,13.02,29625,39170322.00,1.39,1.77,0.23,1.33
2026-02-25,13.24,13.19,13.29,13.18,29279,39024575.00,0.83,-0.08,-0.01,1.31
2026-02-26,13.26,13.08,13.26,13.05,26916,35526155.00,1.59,-0.83,-0.11,1.21
2026-02-27,13.06,13.14,13.15,13.04,21021,27700277.00,0.84,0.46,0.06,0.94
2026-03-02,13.00,12.58,13.08,12.54,65601,83836898.00,4.11,-4.26,-0.56,2.94
2026-03-03,12.56,12.45,12.77,12.43,41192,52162459.00,2.70,-1.03,-0.13,1.85
2026-03-04,12.42,12.24,12.46,12.17,36207,44798265.00,2.33,-1.69,-0.21,1.62
2026-03-05,12.35,12.39,12.50,12.34,26735,33424175.00,1.31,1.23,0.15,1.20
2026-03-06,12.38,12.69,12.71,12.35,30277,38382323.00,2.91,2.42,0.30,1.36
2026-03-09,12.59,12.53,12.65,12.44,32165,40567916.00,1.65,-1.26,-0.16,1.44
2026-03-10,12.63,12.67,12.69,12.56,23287,29606539.00,1.04,1.12,0.14,1.04
2026-03-11,12.68,12.58,12.71,12.54,22408,28441477.00,1.34,-0.71,-0.09,1.00
2026-03-12,12.63,12.47,12.63,12.44,23050,29026426.00,1.51,-0.87,-0.11,1.03
2026-03-13,12.44,12.52,12.66,12.41,24203,30592250.00,2.00,0.40,0.05,1.08
2026-03-16,12.51,12.52,12.62,12.43,21614,27209157.00,1.52,0.00,0.00,0.97
2026-03-17,12.51,12.44,12.66,12.42,26751,33784136.00,1.92,-0.64,-0.08,1.20
2026-03-18,12.42,12.43,12.50,12.28,25601,31890831.00,1.77,-0.08,-0.01,1.15
2026-03-19,12.39,12.15,12.47,12.14,27571,34058479.00,2.65,-2.25,-0.28,1.24
2026-03-20,12.15,11.82,12.25,11.80,35675,42986688.00,3.70,-2.72,-0.33,1.60
2026-03-23,11.59,11.03,11.59,10.97,46670,52977942.00,5.25,-6.68,-0.79,2.09
2026-03-24,11.24,11.65,11.66,11.12,55610,64000747.00,4.90,5.62,0.62,2.49
2026-03-25,11.63,11.77,11.82,11.59,31493,37211846.00,1.97,1.03,0.12,1.41
2026-03-26,11.80,11.60,11.93,11.54,28947,34139509.00,3.31,-1.44,-0.17,1.30
2026-03-27,11.58,11.89,11.89,11.53,25913,30721882.00,3.10,2.50,0.29,1.16
2026-03-30,11.78,12.02,12.03,11.75,21979,26395108.00,2.35,1.09,0.13,0.99
2026-03-31,12.06,11.95,12.20,11.88,25976,31516501.00,2.66,-0.58,-0.07,1.16
2026-04-01,12.09,12.07,12.10,11.93,26570,32159095.00,1.42,1.00,0.12,1.19
2026-04-02,12.11,12.02,12.17,11.92,30828,37345908.00,2.07,-0.41,-0.05,1.38
2026-04-03,11.93,11.73,12.01,11.70,32160,38261892.00,2.58,-2.41,-0.29,1.44
2026-04-07,11.64,11.94,12.03,11.54,39627,47266979.00,4.18,1.79,0.21,1.78
2026-04-08,12.08,12.03,12.19,11.94,44030,53363369.00,2.09,0.75,0.09,1.97
2026-04-09,11.99,11.45,12.03,11.38,74934,87343221.00,5.40,-4.82,-0.58,3.36
2026-04-10,11.45,11.56,11.69,11.33,49052,57123957.00,3.14,0.96,0.11,2.20
2026-04-13,11.47,11.38,11.51,11.27,45870,52474505.00,2.08,-1.56,-0.18,2.06
2026-04-14,11.46,11.38,11.47,11.26,35236,40243299.00,1.85,0.00,0.00,1.58
2026-04-15,11.51,11.53,11.66,11.35,42021,48719644.00,2.72,1.32,0.15,1.88
2026-04-16,11.51,11.60,11.62,11.31,38171,44118965.00,2.69,0.61,0.07,1.71
2026-04-17,11.54,11.34,11.56,11.31,32544,37272444.00,2.16,-2.24,-0.26,1.46
2026-04-20,11.34,11.47,11.48,11.20,33752,38650574.00,2.47,1.15,0.13,1.51
2026-04-21,11.42,11.45,11.52,11.35,23144,26655620.00,1.48,-0.17,-0.02,1.04
2026-04-22,11.42,11.40,11.47,11.34,20412,23411220.00,1.14,-0.44,-0.05,0.91
2026-04-23,11.37,11.35,11.42,11.27,24243,27699115.00,1.32,-0.44,-0.05,1.09
2026-04-24,11.33,11.35,11.37,11.16,24904,28292359.00,1.85,0.00,0.00,1.12
2026-04-27,11.39,11.48,11.54,11.22,29047,33307744.00,2.82,1.15,0.13,1.30
2026-04-28,11.60,11.49,11.62,11.46,30475,35392679.00,1.39,0.09,0.01,1.37
2026-04-29,11.50,11.77,11.79,11.40,39343,46214517.00,3.39,2.44,0.28,1.76
2026-04-30,11.82,12.27,12.57,11.82,112811,140111466.00,6.37,4.25,0.50,5.06
2026-05-06,12.42,12.37,12.53,12.16,70354,87398224.00,3.02,0.81,0.10,3.15
2026-05-07,12.36,11.93,12.37,11.86,60554,73287800.00,4.12,-3.56,-0.44,2.71
2026-05-08,11.92,12.09,12.13,11.87,35024,42464311.00,2.18,1.34,0.16,1.57
2026-05-11,12.10,12.16,12.17,11.99,37020,45062085.00,1.49,0.58,0.07,1.66
2026-05-12,12.10,11.87,12.11,11.82,31370,37707088.00,2.38,-2.38,-0.29,1.41
2026-05-13,11.87,11.84,12.00,11.79,27803,33158736.00,1.77,-0.25,-0.03,1.25
2026-05-14,11.91,11.70,11.91,11.67,24436,28879609.00,2.03,-1.18,-0.14,1.10
2026-05-15,11.70,11.49,11.72,11.44,26504,30871061.00,2.39,-1.79,-0.21,1.19
2026-05-18,11.52,11.43,11.55,11.22,37956,43356764.00,2.87,-0.52,-0.06,1.70
2026-05-19,11.47,11.61,11.73,11.45,22416,26125766.00,2.45,1.57,0.18,1.00
2026-05-20,11.63,11.38,11.63,11.35,22081,25408552.00,2.41,-1.98,-0.23,0.99
2026-05-21,11.42,11.08,11.59,10.98,31586,35888548.00,5.36,-2.64,-0.30,1.42
2026-05-22,11.03,11.14,11.27,10.95,33571,37455386.00,2.89,0.54,0.06,1.50
2026-05-25,11.14,11.09,11.27,11.02,26339,29499778.00,2.24,-0.45,-0.05,1.18
2026-05-26,11.03,10.71,11.07,10.63,43809,47600773.00,3.97,-3.43,-0.38,1.96
2026-05-27,10.69,10.51,10.69,10.37,35479,37536524.00,2.99,-1.87,-0.20,1.59
2026-05-28,10.50,10.44,10.57,10.22,30178,31660999.00,3.33,-0.67,-0.07,1.35
2026-05-29,10.45,10.49,10.60,10.37,33173,35088627.00,2.20,0.48,0.05,1.49
2026-06-01,10.24,10.84,10.91,10.23,44615,48131294.00,6.48,3.34,0.35,2.00
2026-06-02,10.83,10.53,10.86,10.46,33576,35803083.00,3.69,-2.86,-0.31,1.51
2026-06-03,10.52,10.24,10.55,10.19,28886,29952717.00,3.42,-2.75,-0.29,1.29
2026-06-04,10.21,10.03,10.29,9.94,25007,25364935.00,3.42,-2.05,-0.21,1.12
2026-06-05,10.11,10.24,10.30,10.03,21728,22319285.00,2.69,2.09,0.21,0.97
2026-06-08,10.06,10.03,10.28,9.79,30912,31250087.00,4.79,-2.05,-0.21,1.39
2026-06-09,10.03,10.02,10.19,9.89,20189,20431839.00,2.99,-0.10,-0.01,0.90
2026-06-10,9.97,9.99,10.05,9.82,20336,20348105.00,2.30,-0.30,-0.03,0.91
2026-06-11,9.98,9.87,10.04,9.68,23584,23340132.00,3.60,-1.20,-0.12,1.06
2026-06-12,9.90,10.06,10.12,9.75,27601,27799412.00,3.75,1.93,0.19,1.24
2026-06-15,10.05,9.87,10.24,9.80,38540,38764877.00,4.37,-1.89,-0.19,1.73
2026-06-16,9.90,9.90,9.94,9.62,28130,27754058.00,3.24,0.30,0.03,1.26
2026-06-17,9.90,9.65,9.92,9.62,23936,23381749.00,3.03,-2.53,-0.25,1.07
2026-06-18,9.59,9.61,9.71,9.45,21812,21129162.00,2.69,-0.41,-0.04,0.98
2026-06-22,9.60,9.71,9.71,9.19,38683,36750393.00,5.41,1.04,0.10,1.73
2026-06-23,9.68,9.93,10.11,9.63,40349,40486733.00,4.94,2.27,0.22,1.81
2026-06-24,9.94,9.53,9.96,9.52,33922,33084325.00,4.43,-4.03,-0.40,1.52
2026-06-25,9.50,9.33,9.50,9.22,29563,27874962.00,2.94,-2.10,-0.20,1.33
2026-06-26,9.36,9.17,9.36,9.10,23305,21438528.00,2.79,-1.71,-0.16,1.04
2026-06-29,9.15,9.29,9.35,8.83,39871,36511176.00,5.67,1.31,0.12,1.79