2026-01-05,1974.29,1992.54,1993.30,1974.29,4001329,2454867517.00,0.97,1.31,25.80,0.67
2026-01-06,1994.52,2018.53,2018.53,1994.52,5105765,3003684186.00,1.20,1.30,25.99,0.86
2026-01-07,2015.52,2018.72,2027.18,2013.64,4146514,2452175646.00,0.67,0.01,0.19,0.70
2026-01-08,2014.85,2026.62,2032.17,2014.85,3649402,2305712569.00,0.86,0.39,7.90,0.61
2026-01-09,2026.11,2043.20,2048.83,2026.11,4718171,2792518016.00,1.12,0.82,16.58,0.79
2026-01-12,2048.12,2051.45,2051.45,2036.73,5365472,3339283011.00,0.72,0.40,8.25,0.90
2026-01-13,2056.49,2068.51,2085.53,2046.22,7552856,4684334701.00,1.92,0.83,17.06,1.27
2026-01-14,2072.06,2064.97,2093.07,2050.82,9891290,5463732462.00,2.04,-0.17,-3.54,1.66
2026-01-15,2063.73,2063.02,2069.49,2053.93,5625338,3232370520.00,0.75,-0.09,-1.95,0.94
2026-01-16,2079.02,2067.67,2090.26,2061.66,12215978,7218944639.00,1.39,0.23,4.65,2.05
2026-01-19,2064.63,2105.86,2111.92,2064.63,7414416,4453489027.00,2.29,1.85,38.19,1.24
2026-01-20,2108.57,2105.63,2115.96,2091.19,7582559,4464783610.00,1.18,-0.01,-0.23,1.27
2026-01-21,2100.56,2097.25,2102.39,2083.86,6379854,3780860602.00,0.88,-0.40,-8.38,1.07
2026-01-22,2101.44,2107.03,2107.57,2098.95,4930797,3013226413.00,0.41,0.47,9.78,0.83
2026-01-23,2111.39,2141.81,2141.81,2111.39,9020455,5644024266.00,1.44,1.65,34.78,1.51
2026-01-26,2141.51,2138.48,2144.35,2125.62,8708130,5391430765.00,0.87,-0.16,-3.33,1.46
2026-01-27,2133.35,2125.58,2133.35,2084.36,8443652,5008541948.00,2.29,-0.60,-12.90,1.42
2026-01-28,2119.75,2135.13,2137.45,2110.82,7563273,4456602389.00,1.25,0.45,9.55,1.27
2026-01-29,2119.55,2105.23,2123.60,2097.47,7184103,4272202138.00,1.22,-1.40,-29.90,1.20
2026-01-30,2089.63,2088.77,2105.24,2058.51,7495834,4582912016.00,2.22,-0.78,-16.46,1.26
2026-02-02,2076.51,2060.31,2105.38,2059.08,6437623,3696958041.00,2.22,-1.36,-28.46,1.08
2026-02-03,2070.94,2093.05,2093.05,2070.61,6180381,3600484869.00,1.09,1.59,32.74,1.04
2026-02-04,2092.09,2134.62,2135.38,2092.09,7051233,4232932184.00,2.07,1.99,41.57,1.18
2026-02-05,2129.23,2089.59,2129.23,2086.45,5324296,3192730024.00,2.00,-2.11,-45.03,0.89
2026-02-06,2079.37,2099.35,2110.67,2073.23,4570418,2689839136.00,1.79,0.47,9.76,0.77
2026-02-09,2111.51,2099.51,2117.07,2095.12,5026966,2970722999.00,1.05,0.01,0.16,0.84
2026-02-10,2105.84,2079.35,2105.84,2078.52,4345651,2542998963.00,1.30,-0.96,-20.16,0.73
2026-02-11,2080.40,2081.50,2093.11,2078.10,4913958,2743808374.00,0.72,0.10,2.15,0.82
2026-02-12,2095.72,2107.21,2110.40,2081.61,5416861,3202025936.00,1.38,1.24,25.71,0.91
2026-02-13,2101.00,2075.04,2101.60,2072.59,5400968,3118967585.00,1.38,-1.53,-32.17,0.91
2026-02-24,2093.30,2136.74,2140.36,2092.42,6335416,4036423953.00,2.31,2.97,61.70,1.06
2026-02-25,2142.65,2155.34,2165.55,2140.30,7333830,4556123790.00,1.18,0.87,18.60,1.23
2026-02-26,2157.95,2175.58,2184.55,2157.95,5949912,4117974486.00,1.23,0.94,20.24,1.00
2026-02-27,2174.66,2232.31,2235.39,2173.38,10170075,6389527245.00,2.85,2.61,56.73,1.71
2026-03-02,2218.83,2235.78,2254.12,2216.08,10472251,6819318952.00,1.70,0.16,3.47,1.76
2026-03-03,2235.11,2224.44,2253.84,2211.29,11142314,7174394015.00,1.90,-0.51,-11.34,1.87
2026-03-04,2199.58,2244.35,2250.42,2190.97,9933805,6398277911.00,2.67,0.90,19.91,1.67
2026-03-05,2271.46,2262.48,2277.90,2248.12,11562189,7253379843.00,1.33,0.81,18.13,1.94
2026-03-06,2257.77,2287.87,2304.34,2253.59,10534306,6707493758.00,2.24,1.12,25.39,1.77
2026-03-09,2288.25,2347.11,2351.44,2288.25,14332863,9077779979.00,2.76,2.59,59.24,2.40
2026-03-10,2359.31,2360.63,2397.35,2331.77,17578349,10577204693.00,2.79,0.58,13.52,2.95
2026-03-11,2368.63,2448.94,2452.61,2328.99,23852936,14730593827.00,5.24,3.74,88.31,4.00
2026-03-12,2474.19,2523.06,2532.30,2462.52,25605017,16626385518.00,2.85,3.03,74.12,4.29
2026-03-13,2549.39,2488.85,2555.38,2480.97,35041697,23670828350.00,2.95,-1.36,-34.21,5.87
2026-03-16,2481.86,2416.62,2495.15,2400.12,23728889,15569913625.00,3.82,-2.90,-72.23,3.98
2026-03-17,2407.92,2468.23,2511.46,2378.05,29960384,19363343761.00,5.52,2.14,51.61,5.02
2026-03-18,2460.71,2455.31,2523.04,2432.54,24138010,15853840870.00,3.67,-0.52,-12.92,4.05
2026-03-19,2427.75,2473.13,2502.44,2425.17,22645409,14898635998.00,3.15,0.73,17.82,3.80
2026-03-20,2450.64,2462.59,2527.04,2425.81,25031809,17049450189.00,4.09,-0.43,-10.54,4.20
2026-03-23,2419.36,2462.47,2524.46,2404.58,26504354,17807560553.00,4.87,0.00,-0.12,4.44
2026-03-24,2476.90,2600.77,2600.77,2452.88,33386302,22952731831.00,6.01,5.62,138.30,5.60
2026-03-25,2581.05,2689.82,2734.11,2573.81,34444454,25725755622.00,6.16,3.42,89.05,5.77
2026-03-26,2675.15,2634.12,2694.48,2604.91,34835861,24055367172.00,3.33,-2.07,-55.70,5.84
2026-03-27,2602.57,2578.01,2612.13,2551.38,26653619,18708495237.00,2.31,-2.13,-56.11,4.47
2026-03-30,2552.44,2474.94,2560.86,2438.89,22691114,16454468970.00,4.73,-4.00,-103.07,3.80
2026-03-31,2464.09,2379.36,2483.94,2378.27,19621880,13324455759.00,4.27,-3.86,-95.58,3.29
2026-04-01,2396.67,2340.63,2401.71,2327.61,17752840,11081514721.00,3.11,-1.63,-38.73,2.98
2026-04-02,2337.27,2300.79,2359.80,2292.46,15158398,9531839831.00,2.88,-1.70,-39.84,2.54
2026-04-03,2293.44,2209.55,2294.07,2206.86,12714595,8264779242.00,3.79,-3.97,-91.24,2.13
2026-04-07,2205.57,2229.55,2243.62,2196.61,11887901,7146146132.00,2.13,0.91,20.00,1.99
2026-04-08,2252.62,2271.72,2271.72,2244.83,12632393,8250461392.00,1.21,1.89,42.17,2.12
2026-04-09,2254.16,2236.05,2254.16,2220.19,9473870,6836739565.00,1.50,-1.57,-35.67,1.59
2026-04-10,2238.91,2227.36,2250.14,2226.10,8443422,6156081419.00,1.08,-0.39,-8.69,1.42
2026-04-13,2226.71,2287.81,2289.15,2226.12,11277199,7834427582.00,2.83,2.71,60.45,1.89
2026-04-14,2287.42,2285.45,2305.29,2262.50,10301739,6999605409.00,1.87,-0.10,-2.36,1.73
2026-04-15,2286.46,2261.64,2287.01,2255.72,8253866,5715436057.00,1.37,-1.04,-23.81,1.38
2026-04-16,2262.37,2285.80,2287.04,2248.18,8238556,5993481742.00,1.72,1.07,24.16,1.38
2026-04-17,2284.48,2308.48,2311.98,2279.48,9547874,6636534136.00,1.42,0.99,22.68,1.60
2026-04-20,2307.22,2323.88,2324.71,2297.18,9115844,6116269404.00,1.19,0.67,15.40,1.53
2026-04-21,2328.74,2361.41,2374.61,2286.08,15754797,10263696608.00,3.81,1.61,37.53,2.64
2026-04-22,2345.14,2371.14,2380.26,2337.23,11633467,8183875416.00,1.82,0.41,9.73,1.95
2026-04-23,2385.42,2458.18,2468.03,2360.61,22646424,14745336573.00,4.53,3.67,87.04,3.80
2026-04-24,2439.13,2403.15,2445.60,2393.93,20602863,13778670447.00,2.10,-2.24,-55.03,3.45
2026-04-27,2375.77,2387.67,2411.60,2351.19,15116784,9887770666.00,2.51,-0.64,-15.48,2.53
2026-04-28,2367.72,2386.71,2402.68,2354.26,15706435,10692995617.00,2.03,-0.04,-0.96,2.63
2026-04-29,2362.02,2379.52,2396.93,2352.34,12720021,9089013372.00,1.87,-0.30,-7.19,2.13
2026-04-30,2361.44,2329.09,2364.77,2323.22,12860641,9282664638.00,1.75,-2.12,-50.43,2.16
2026-05-06,2341.39,2421.51,2422.32,2341.39,14046141,9917924026.00,3.47,3.97,92.42,2.35
2026-05-07,2426.71,2452.54,2457.28,2420.35,18809650,11917370309.00,1.53,1.28,31.03,3.15
2026-05-08,2441.48,2441.32,2490.30,2427.40,16294418,10543587050.00,2.56,-0.46,-11.22,2.73
2026-05-11,2445.39,2469.44,2486.65,2445.39,16219038,10544778474.00,1.69,1.15,28.12,2.72
2026-05-12,2469.36,2498.96,2518.55,2444.91,18989291,12592332671.00,2.98,1.20,29.52,3.18
2026-05-13,2487.90,2567.58,2584.91,2487.90,20169888,14140413469.00,3.88,2.75,68.62,3.38
2026-05-14,2573.36,2479.26,2610.85,2479.26,23686807,15540937905.00,5.13,-3.44,-88.32,3.97
2026-05-15,2460.99,2444.10,2478.82,2409.71,15659879,9790200999.00,2.79,-1.42,-35.16,2.63
2026-05-18,2437.21,2496.56,2506.00,2437.21,11209215,7500915377.00,2.81,2.15,52.46,1.88
2026-05-19,2507.43,2563.56,2571.59,2460.86,13854132,9819515934.00,4.44,2.68,67.00,2.32
2026-05-20,2537.39,2434.48,2537.39,2424.22,13874474,9032167136.00,4.41,-5.04,-129.08,2.33
2026-05-21,2427.63,2392.38,2484.50,2388.31,11322349,8332316095.00,3.95,-1.73,-42.10,1.90
2026-05-22,2395.38,2413.44,2421.15,2371.27,9129149,6561306231.00,2.08,0.88,21.06,1.53
2026-05-25,2413.09,2458.66,2471.81,2412.29,9530331,6758787422.00,2.47,1.87,45.22,1.60
2026-05-26,2434.22,2420.34,2434.22,2372.31,9153960,6287128209.00,2.52,-1.56,-38.32,1.53
2026-05-27,2399.92,2444.47,2452.60,2388.59,12647941,8110958356.00,2.64,1.00,24.13,2.12
2026-05-28,2444.01,2488.55,2526.93,2427.45,16173374,10907059222.00,4.07,1.80,44.08,2.71
2026-05-29,2472.53,2519.20,2553.44,2464.52,18209955,12248569251.00,3.57,1.23,30.65,3.05
2026-06-01,2529.47,2569.39,2574.66,2452.89,19761405,12496055781.00,4.83,1.99,50.19,3.31
2026-06-02,2531.23,2532.90,2546.59,2485.53,14890261,9746759027.00,2.38,-1.42,-36.49,2.50
2026-06-03,2499.24,2544.25,2560.90,2479.44,15536123,10419054033.00,3.22,0.45,11.35,2.60
2026-06-04,2515.67,2499.90,2559.48,2489.71,14141554,9523300048.00,2.74,-1.74,-44.35,2.37
2026-06-05,2487.16,2379.66,2524.92,2375.89,13768034,8925184281.00,5.96,-4.81,-120.24,2.31
2026-06-08,2306.14,2260.21,2359.75,2247.84,10669755,6620072245.00,4.70,-5.02,-119.45,1.79
2026-06-09,2270.51,2260.70,2274.17,2202.80,8122817,4981865034.00,3.16,0.02,0.49,1.36
2026-06-10,2242.81,2163.07,2242.81,2147.29,8719442,5062954153.00,4.23,-4.32,-97.63,1.46
2026-06-11,2147.86,2153.53,2166.66,2130.99,7764361,4254102581.00,1.65,-0.44,-9.54,1.30
2026-06-12,2162.07,2192.67,2221.45,2147.69,11220036,6281165735.00,3.43,1.82,39.14,1.88
2026-06-15,2195.12,2198.68,2218.51,2187.73,7923561,4600765414.00,1.40,0.27,6.01,1.33
2026-06-16,2198.16,2203.43,2216.40,2175.32,7160914,4229946326.00,1.87,0.22,4.75,1.20
2026-06-17,2194.64,2156.30,2203.97,2147.39,6976136,4069552458.00,2.57,-2.14,-47.13,1.17
2026-06-18,2145.63,2070.85,2145.63,2067.28,9491848,5250925155.00,3.63,-3.96,-85.45,1.59
2026-06-22,2053.83,2063.07,2065.36,2002.65,8203584,4430622840.00,3.03,-0.38,-7.78,1.38
2026-06-23,2057.24,2033.32,2074.08,2024.84,6157270,3340768300.00,2.39,-1.44,-29.75,1.03
2026-06-24,2028.67,1999.24,2033.93,1978.51,6263554,3379492597.00,2.73,-1.68,-34.08,1.05
2026-06-25,1988.75,1945.04,1988.75,1937.30,7721734,3919528095.00,2.57,-2.71,-54.20,1.29
2026-06-26,1961.49,1952.87,1999.49,1952.87,7972689,4161623007.00,2.40,0.40,7.83,1.34
2026-06-29,1946.58,1927.04,1951.72,1895.26,8891856,4542977024.00,2.89,-1.32,-25.83,1.49