2026-01-05,17.15,17.52,17.74,17.12,90203,163905471.00,3.61,2.10,0.36,2.27
2026-01-06,17.56,17.64,17.76,17.51,70198,128204890.00,1.43,0.68,0.12,1.77
2026-01-07,17.63,17.74,17.84,17.61,78616,144619143.00,1.30,0.57,0.10,1.98
2026-01-08,17.74,17.68,17.78,17.62,59761,109716539.00,0.90,-0.34,-0.06,1.50
2026-01-09,17.65,18.01,18.07,17.65,81595,151842330.00,2.38,1.87,0.33,2.05
2026-01-12,18.01,17.93,18.19,17.86,75530,140520626.00,1.83,-0.44,-0.08,1.90
2026-01-13,17.93,17.93,18.17,17.88,97440,182175230.00,1.62,0.00,0.00,2.45
2026-01-14,17.94,17.81,18.05,17.65,109270,202693918.00,2.23,-0.67,-0.12,2.75
2026-01-15,17.71,17.92,18.28,17.71,79686,148469515.00,3.20,0.62,0.11,2.01
2026-01-16,18.01,17.52,18.01,17.49,93320,171096631.00,2.90,-2.23,-0.40,2.35
2026-01-19,17.53,17.65,17.83,17.46,55160,100963549.00,2.11,0.74,0.13,1.39
2026-01-20,17.65,17.76,17.89,17.64,64985,119549523.00,1.42,0.62,0.11,1.64
2026-01-21,17.72,17.65,17.77,17.61,53375,97947965.00,0.90,-0.62,-0.11,1.34
2026-01-22,17.67,17.76,17.81,17.65,48632,89465780.00,0.91,0.62,0.11,1.22
2026-01-23,18.04,18.05,18.35,17.97,146531,274923010.00,2.14,1.63,0.29,3.69
2026-01-26,18.08,18.12,18.17,17.86,103799,194145213.00,1.72,0.39,0.07,2.61
2026-01-27,18.14,17.83,18.14,17.66,90788,167730342.00,2.65,-1.60,-0.29,2.29
2026-01-28,17.81,17.66,17.84,17.66,65376,120190367.00,1.01,-0.95,-0.17,1.65
2026-01-29,17.67,17.57,17.67,17.45,63871,116207656.00,1.25,-0.51,-0.09,1.61
2026-01-30,17.51,17.50,17.67,17.39,59603,108408076.00,1.59,-0.40,-0.07,1.50
2026-02-02,17.50,17.20,17.61,17.15,70824,127894211.00,2.63,-1.71,-0.30,1.78
2026-02-03,17.35,17.39,17.40,17.26,33671,60646423.00,0.81,1.10,0.19,0.85
2026-02-04,17.39,17.50,17.50,17.32,38784,70184391.00,1.04,0.63,0.11,0.98
2026-02-05,17.47,17.49,17.55,17.41,35806,64944084.00,0.80,-0.06,-0.01,0.90
2026-02-06,17.49,17.44,17.62,17.44,42508,77334634.00,1.03,-0.29,-0.05,1.07
2026-02-09,17.51,17.45,17.57,17.42,42846,77638823.00,0.86,0.06,0.01,1.08
2026-02-10,17.46,17.37,17.46,17.35,47860,86378765.00,0.63,-0.46,-0.08,1.20
2026-02-11,17.37,17.33,17.42,17.32,33190,59826107.00,0.58,-0.23,-0.04,0.84
2026-02-12,17.31,17.22,17.33,17.20,32963,59038335.00,0.75,-0.63,-0.11,0.83
2026-02-13,17.24,17.19,17.28,17.17,38223,68327483.00,0.64,-0.17,-0.03,0.96
2026-02-24,17.24,17.36,17.37,17.23,51226,92042537.00,0.81,0.99,0.17,1.29
2026-02-25,17.36,17.35,17.48,17.32,62837,113537300.00,0.92,-0.06,-0.01,1.58
2026-02-26,17.38,17.26,17.38,17.22,46695,83710877.00,0.92,-0.52,-0.09,1.18
2026-02-27,17.24,17.32,17.34,17.23,31158,55968141.00,0.64,0.35,0.06,0.78
2026-03-02,17.19,17.12,17.26,16.97,63341,112545869.00,1.67,-1.15,-0.20,1.59
2026-03-03,17.17,16.91,17.41,16.85,70068,124678983.00,3.27,-1.23,-0.21,1.76
2026-03-04,16.88,16.49,16.88,16.44,80754,139518113.00,2.60,-2.48,-0.42,2.03
2026-03-05,16.63,16.55,16.64,16.52,42898,73937333.00,0.73,0.36,0.06,1.08
2026-03-06,16.52,16.86,16.89,16.48,50180,87175036.00,2.48,1.87,0.31,1.26
2026-03-09,16.71,16.64,16.76,16.59,51577,89387636.00,1.01,-1.30,-0.22,1.30
2026-03-10,16.70,16.78,16.80,16.69,40827,71059772.00,0.66,0.84,0.14,1.03
2026-03-11,16.79,16.82,16.84,16.67,32499,56597692.00,1.01,0.24,0.04,0.82
2026-03-12,16.81,16.85,16.89,16.76,34161,59723275.00,0.77,0.18,0.03,0.86
2026-03-13,16.83,16.85,16.92,16.75,34338,60191316.00,1.01,0.00,0.00,0.86
2026-03-16,16.94,16.77,16.94,16.69,30801,53684901.00,1.48,-0.47,-0.08,0.78
2026-03-17,16.80,16.70,16.91,16.68,36538,63795846.00,1.37,-0.42,-0.07,0.92
2026-03-18,16.67,16.72,16.78,16.52,34768,60036563.00,1.56,0.12,0.02,0.88
2026-03-19,16.61,16.46,16.67,16.45,36978,63627502.00,1.32,-1.56,-0.26,0.93
2026-03-20,16.50,16.26,16.55,16.25,51923,88424074.00,1.82,-1.22,-0.20,1.31
2026-03-23,16.03,15.57,16.03,15.52,74432,122510284.00,3.14,-4.24,-0.69,1.87
2026-03-24,15.75,15.94,15.96,15.64,41472,68260668.00,2.06,2.38,0.37,1.04
2026-03-25,15.98,16.09,16.10,15.91,33142,55310287.00,1.19,0.94,0.15,0.83
2026-03-26,16.06,15.97,16.22,15.97,29810,49925098.00,1.55,-0.75,-0.12,0.75
2026-03-27,15.82,16.11,16.18,15.80,35135,58611002.00,2.38,0.88,0.14,0.88
2026-03-30,15.98,16.33,16.33,15.94,37789,63607159.00,2.42,1.37,0.22,0.95
2026-03-31,16.34,16.33,16.47,16.24,32438,55288004.00,1.41,0.00,0.00,0.82
2026-04-01,16.41,16.54,16.55,16.24,47066,80509451.00,1.90,1.29,0.21,1.18
2026-04-02,16.53,16.57,16.66,16.44,45146,77786153.00,1.33,0.18,0.03,1.14
2026-04-03,16.54,16.30,16.54,15.97,33188,56459663.00,3.44,-1.63,-0.27,0.84
2026-04-07,16.42,16.43,16.51,16.12,33513,57105719.00,2.39,0.80,0.13,0.84
2026-04-08,16.57,16.61,16.65,16.48,46696,80544542.00,1.03,1.10,0.18,1.18
2026-04-09,16.55,16.42,16.68,16.34,35120,60239202.00,2.05,-1.14,-0.19,0.88
2026-04-10,16.44,16.50,16.59,16.39,27935,47957798.00,1.22,0.49,0.08,0.70
2026-04-13,16.48,16.29,16.48,16.21,27039,45807815.00,1.64,-1.27,-0.21,0.68
2026-04-14,16.32,16.32,16.36,16.19,26768,45259250.00,1.04,0.18,0.03,0.67
2026-04-15,16.36,16.53,16.66,16.33,62929,107880103.00,2.02,1.29,0.21,1.58
2026-04-16,16.47,16.41,16.53,16.29,41278,70365061.00,1.45,-0.73,-0.12,1.04
2026-04-17,16.39,16.25,16.39,16.16,37514,63403313.00,1.40,-0.98,-0.16,0.94
2026-04-20,16.24,16.24,16.30,16.19,20066,33922834.00,0.68,-0.06,-0.01,0.51
2026-04-21,16.24,16.25,16.30,16.20,20018,33850789.00,0.62,0.06,0.01,0.50
2026-04-22,16.22,16.22,16.25,16.17,19793,33371157.00,0.49,-0.18,-0.03,0.50
2026-04-23,16.20,16.10,16.22,16.06,28836,48456805.00,0.99,-0.74,-0.12,0.73
2026-04-24,16.02,16.17,16.17,15.94,26321,43956299.00,1.43,0.43,0.07,0.66
2026-04-27,16.04,16.06,16.13,15.93,30276,50420066.00,1.24,-0.68,-0.11,0.76
2026-04-28,16.05,16.06,16.17,15.98,26467,44378732.00,1.18,0.00,0.00,0.67
2026-04-29,16.04,16.32,16.37,16.00,39228,66377934.00,2.30,1.62,0.26,0.99
2026-04-30,15.94,16.08,16.17,15.94,51061,85294358.00,1.41,-1.47,-0.24,1.29
2026-05-06,16.06,16.07,16.13,16.03,36912,61728917.00,0.62,-0.06,-0.01,0.93
2026-05-07,16.08,16.20,16.23,16.05,34007,57168719.00,1.12,0.81,0.13,0.86
2026-05-08,16.22,16.26,16.27,16.13,30405,51309074.00,0.86,0.37,0.06,0.77
2026-05-11,16.28,16.38,16.40,16.15,42174,71431062.00,1.54,0.74,0.12,1.06
2026-05-12,16.36,16.18,16.39,16.17,30289,51289480.00,1.34,-1.22,-0.20,0.76
2026-05-13,16.19,16.14,16.23,16.07,31382,52669561.00,0.99,-0.25,-0.04,0.79
2026-05-14,16.16,15.87,16.18,15.85,43625,72525508.00,2.04,-1.67,-0.27,1.10
2026-05-15,15.87,15.89,16.09,15.84,36451,60502835.00,1.58,0.13,0.02,0.92
2026-05-18,15.84,15.64,15.89,15.61,36366,59485790.00,1.76,-1.57,-0.25,0.92
2026-05-19,15.64,15.77,15.81,15.60,21735,35566325.00,1.34,0.83,0.13,0.55
2026-05-20,15.72,15.60,15.76,15.53,26064,42373184.00,1.46,-1.08,-0.17,0.66
2026-05-21,15.64,15.46,15.77,15.46,29174,47503589.00,1.99,-0.90,-0.14,0.73
2026-05-22,15.55,15.44,15.55,15.32,29894,48032448.00,1.49,-0.13,-0.02,0.75
2026-05-25,15.46,15.40,15.48,15.32,23481,37692003.00,1.04,-0.26,-0.04,0.59
2026-05-26,15.37,15.37,15.40,15.28,21133,33786371.00,0.78,-0.19,-0.03,0.53
2026-05-27,15.35,15.17,15.37,14.99,39684,62774200.00,2.47,-1.30,-0.20,1.00
2026-05-28,15.09,15.11,15.23,14.97,18692,29459510.00,1.71,-0.40,-0.06,0.47
2026-05-29,15.07,15.37,15.45,15.04,33011,52697429.00,2.71,1.72,0.26,0.83
2026-06-01,15.47,15.71,15.73,15.32,47947,77707382.00,2.67,2.21,0.34,1.21
2026-06-02,15.65,15.69,15.72,15.60,27490,44861553.00,0.76,-0.13,-0.02,0.69
2026-06-03,15.70,15.47,15.70,15.40,26826,43364324.00,1.91,-1.40,-0.22,0.68
2026-06-04,15.47,15.19,15.48,15.12,23807,37898140.00,2.33,-1.81,-0.28,0.60
2026-06-05,15.27,15.68,15.80,15.27,48211,78333363.00,3.49,3.23,0.49,1.21
2026-06-08,15.54,15.46,15.84,15.33,39181,63588354.00,3.25,-1.40,-0.22,0.99
2026-06-09,15.54,15.49,15.54,15.33,27829,44805297.00,1.36,0.19,0.03,0.70
2026-06-10,15.40,15.77,15.82,15.37,39138,63833344.00,2.91,1.81,0.28,0.99
2026-06-11,15.73,15.85,15.87,15.61,43175,70760311.00,1.65,0.51,0.08,1.09
2026-06-12,15.83,15.95,16.05,15.78,55751,92367825.00,1.70,0.63,0.10,1.40
2026-06-15,16.02,16.02,16.11,15.87,49437,82298592.00,1.50,0.44,0.07,1.24
2026-06-16,16.02,15.90,16.02,15.68,49931,78795058.00,2.12,-0.75,-0.12,1.26
2026-06-17,15.80,15.56,15.85,15.54,22279,34846102.00,1.95,-2.14,-0.34,0.56
2026-06-18,15.54,15.44,15.67,15.43,25016,38861257.00,1.54,-0.77,-0.12,0.63
2026-06-22,15.44,15.52,15.53,15.06,29929,45687809.00,3.04,0.52,0.08,0.75
2026-06-23,15.54,15.73,15.84,15.48,35964,56491406.00,2.32,1.35,0.21,0.91
2026-06-24,15.73,15.46,15.85,15.37,28697,44741048.00,3.05,-1.72,-0.27,0.72
2026-06-25,15.34,15.17,15.45,15.08,30110,45747233.00,2.39,-1.88,-0.29,0.76
2026-06-26,15.05,14.59,15.17,14.59,47769,70690874.00,3.82,-3.82,-0.58,1.20
2026-06-29,14.59,15.08,15.11,14.34,39060,57871232.00,5.28,3.36,0.49,0.98
2026-06-30,14.89,14.67,14.90,14.59,26452,38891577.00,2.06,-2.72,-0.41,0.67
2026-07-01,14.74,15.01,15.03,14.52,37722,56023954.00,3.48,2.32,0.34,0.95
2026-07-02,14.94,15.33,15.45,14.94,43063,65557156.00,3.40,2.13,0.32,1.08
2026-07-03,15.32,15.58,15.64,15.27,40825,63296680.00,2.41,1.63,0.25,1.03
2026-07-06,15.42,15.62,15.72,15.36,35113,54690757.00,2.31,0.26,0.04,0.88
2026-07-07,15.72,15.25,15.72,15.16,27813,42570661.00,3.59,-2.37,-0.37,0.70
2026-07-08,15.21,15.28,15.43,15.06,21946,33599957.00,2.43,0.20,0.03,0.55
2026-07-09,15.22,15.14,15.35,15.02,21652,32742497.00,2.16,-0.92,-0.14,0.55
2026-07-10,15.15,15.28,15.42,14.92,30053,45770539.00,3.30,0.92,0.14,0.76
2026-07-13,15.27,15.30,15.52,15.21,38865,59784126.00,2.03,0.13,0.02,0.98
2026-07-14,15.30,15.68,15.78,15.17,52960,82712378.00,3.99,2.48,0.38,1.33
2026-07-15,15.65,15.92,15.96,15.52,69239,109892435.00,2.81,1.53,0.24,1.74
2026-07-16,15.86,16.01,16.12,15.74,68099,108833939.00,2.39,0.57,0.09,1.71
2026-07-17,15.97,15.63,16.10,15.52,66216,104568232.00,3.62,-2.37,-0.38,1.67
2026-07-20,15.62,15.71,15.80,15.45,50945,79722002.00,2.24,0.51,0.08,1.28