2026-01-05,15.05,16.02,16.34,15.05,553287,884813068.00,8.58,6.59,0.99,4.98
2026-01-06,16.14,16.06,16.41,15.71,370710,593549687.00,4.37,0.25,0.04,3.33
2026-01-07,16.06,16.07,16.34,15.86,321966,520765437.00,2.99,0.06,0.01,2.90
2026-01-08,16.16,16.57,16.94,16.02,517376,853156756.00,5.72,3.11,0.50,4.65
2026-01-09,16.88,17.36,17.52,16.66,683933,1179138813.00,5.19,4.77,0.79,6.15
2026-01-12,17.56,17.15,17.57,16.89,557049,957565675.00,3.92,-1.21,-0.21,5.01
2026-01-13,17.24,17.31,17.94,16.99,510461,892647601.00,5.54,0.93,0.16,4.59
2026-01-14,16.96,17.26,17.45,16.42,532012,902838743.00,5.95,-0.29,-0.05,4.79
2026-01-15,17.17,16.97,17.25,16.78,270676,460221957.00,2.72,-1.68,-0.29,2.43
2026-01-16,17.05,17.57,17.74,17.03,480049,839888903.00,4.18,3.54,0.60,4.32
2026-01-19,17.71,18.24,18.73,17.41,517016,939283284.00,7.51,3.81,0.67,4.65
2026-01-20,18.25,17.64,18.44,17.45,401770,717004043.00,5.43,-3.29,-0.60,3.61
2026-01-21,17.62,17.25,18.34,17.07,457657,808591323.00,7.20,-2.21,-0.39,4.12
2026-01-22,17.29,17.56,17.64,17.16,335634,586398430.00,2.78,1.80,0.31,3.02
2026-01-23,17.41,17.31,17.80,17.26,315705,551346545.00,3.08,-1.42,-0.25,2.84
2026-01-26,17.65,18.09,18.20,17.56,564917,1014869397.00,3.70,4.51,0.78,5.08
2026-01-27,18.22,18.46,18.92,17.86,618949,1142335484.00,5.86,2.05,0.37,5.57
2026-01-28,18.72,18.74,18.96,17.56,714871,1315640226.00,7.58,1.52,0.28,6.43
2026-01-29,18.62,18.33,18.73,17.96,478352,878948095.00,4.11,-2.19,-0.41,4.30
2026-01-30,18.36,18.01,18.76,17.74,412691,748411803.00,5.56,-1.75,-0.32,3.71
2026-02-02,18.01,16.24,18.31,16.21,740509,1255450713.00,11.66,-9.83,-1.77,6.66
2026-02-03,16.57,16.38,16.65,15.72,400726,654565564.00,5.73,0.86,0.14,3.60
2026-02-04,16.36,15.84,16.41,15.44,534090,844574352.00,5.92,-3.30,-0.54,4.80
2026-02-05,15.86,15.75,15.91,15.51,228779,359618573.00,2.53,-0.57,-0.09,2.06
2026-02-06,15.65,15.58,16.07,15.49,258069,408180645.00,3.68,-1.08,-0.17,2.32
2026-02-09,15.78,15.45,15.83,15.31,264883,411941923.00,3.34,-0.83,-0.13,2.38
2026-02-10,15.45,15.73,16.01,15.35,303634,479644073.00,4.27,1.81,0.28,2.73
2026-02-11,15.71,15.74,16.16,15.62,252755,401689066.00,3.43,0.06,0.01,2.27
2026-02-12,15.71,15.74,15.86,15.43,194957,305147214.00,2.73,0.00,0.00,1.75
2026-02-13,15.74,15.47,16.00,15.44,185969,292848525.00,3.56,-1.72,-0.27,1.67
2026-02-24,15.74,15.91,16.21,15.66,275340,440444778.00,3.56,2.84,0.44,2.48
2026-02-25,15.96,16.15,16.41,15.86,257157,416435625.00,3.46,1.51,0.24,2.31
2026-02-26,16.21,16.11,16.22,15.82,246891,394858651.00,2.48,-0.25,-0.04,2.22
2026-02-27,16.03,15.99,16.28,15.88,210322,338825273.00,2.48,-0.74,-0.12,1.89
2026-03-02,15.80,15.56,16.01,15.52,273399,429499347.00,3.06,-2.69,-0.43,2.46
2026-03-03,15.47,14.85,15.84,14.72,357866,545603170.00,7.20,-4.56,-0.71,3.22
2026-03-04,14.76,14.83,15.13,14.69,267624,400500425.00,2.96,-0.13,-0.02,2.41
2026-03-05,14.96,14.50,15.11,14.43,318715,468482167.00,4.59,-2.23,-0.33,2.87
2026-03-06,14.52,14.91,14.98,14.47,252544,374979621.00,3.52,2.83,0.41,2.27
2026-03-09,14.75,14.85,14.97,14.45,240076,353832859.00,3.49,-0.40,-0.06,2.16
2026-03-10,14.96,15.14,15.29,14.96,208150,315940236.00,2.22,1.95,0.29,1.87
2026-03-11,15.16,14.76,15.25,14.72,179933,268678294.00,3.50,-2.51,-0.38,1.62
2026-03-12,14.71,15.00,15.10,14.63,164517,244881929.00,3.18,1.63,0.24,1.48
2026-03-13,14.89,15.06,15.37,14.86,211886,321797126.00,3.40,0.40,0.06,1.91
2026-03-16,14.96,15.08,15.19,14.77,156680,235803340.00,2.79,0.13,0.02,1.41
2026-03-17,15.15,15.04,15.36,14.94,188332,285525928.00,2.79,-0.27,-0.04,1.69
2026-03-18,15.08,16.13,16.15,14.89,512018,805410189.00,8.38,7.25,1.09,4.61
2026-03-19,15.85,14.79,16.12,14.62,694146,1039036951.00,9.30,-8.31,-1.34,6.24
2026-03-20,14.66,14.56,14.79,14.25,358916,519924539.00,3.65,-1.56,-0.23,3.23
2026-03-23,14.16,13.10,14.33,13.10,473751,647101124.00,8.45,-10.03,-1.46,4.26
2026-03-24,13.44,13.58,13.68,13.18,347235,467459766.00,3.82,3.66,0.48,3.12
2026-03-25,13.60,13.82,13.95,13.60,196864,272695914.00,2.58,1.77,0.24,1.77
2026-03-26,13.73,13.62,13.88,13.51,156545,214930433.00,2.68,-1.45,-0.20,1.41
2026-03-27,13.50,13.92,14.10,13.46,218577,305696299.00,4.70,2.20,0.30,1.97
2026-03-30,13.90,14.23,14.37,13.66,201794,285471843.00,5.10,2.23,0.31,1.82
2026-03-31,14.20,14.36,14.81,14.17,222315,324403694.00,4.50,0.91,0.13,2.00
2026-04-01,14.50,14.70,14.75,14.41,184198,269627748.00,2.37,2.37,0.34,1.66
2026-04-02,14.69,14.74,14.88,14.58,173488,256512939.00,2.04,0.27,0.04,1.56
2026-04-03,14.76,14.42,14.80,14.17,221211,319741748.00,4.27,-2.17,-0.32,1.99
2026-04-07,14.55,15.08,15.41,14.44,307452,462389857.00,6.73,4.58,0.66,2.77
2026-04-08,15.16,15.23,15.50,14.98,395012,601732261.00,3.45,0.99,0.15,3.55
2026-04-09,15.12,15.07,15.35,14.99,213491,323416957.00,2.36,-1.05,-0.16,1.92
2026-04-10,15.22,14.92,15.33,14.86,278757,421093020.00,3.12,-1.00,-0.15,2.51
2026-04-13,14.69,14.44,14.81,14.38,260671,379863856.00,2.88,-3.22,-0.48,2.34
2026-04-14,14.49,14.85,15.04,14.32,271283,401702292.00,4.99,2.84,0.41,2.44
2026-04-15,14.85,14.92,14.98,14.67,184418,274329469.00,2.09,0.47,0.07,1.66
2026-04-16,14.91,14.78,15.20,14.75,214112,319797615.00,3.02,-0.94,-0.14,1.93
2026-04-17,14.69,14.64,14.88,14.62,162825,240305398.00,1.76,-0.95,-0.14,1.46
2026-04-20,14.64,14.46,14.87,14.37,202510,296445947.00,3.42,-1.23,-0.18,1.82
2026-04-21,14.46,14.35,14.49,14.22,177400,254948230.00,1.87,-0.76,-0.11,1.60
2026-04-22,14.31,14.26,14.43,14.16,201491,288183922.00,1.88,-0.63,-0.09,1.81
2026-04-23,14.12,14.04,14.25,13.89,211973,298650421.00,2.52,-1.54,-0.22,1.91
2026-04-24,13.98,13.80,14.11,13.76,193149,268893300.00,2.49,-1.71,-0.24,1.74
2026-04-27,13.86,13.56,13.94,13.54,156387,214110957.00,2.90,-1.74,-0.24,1.41
2026-04-28,13.52,13.54,13.69,13.31,200094,269757619.00,2.80,-0.15,-0.02,1.80
2026-04-29,13.62,13.99,14.11,13.56,269877,376594381.00,4.06,3.32,0.45,2.43
2026-04-30,14.04,14.55,14.71,14.00,295402,430059812.00,5.08,4.00,0.56,2.66
2026-05-06,14.65,14.62,15.05,14.56,265748,392712438.00,3.37,0.48,0.07,2.39
2026-05-07,14.65,14.83,14.93,14.46,288536,424771133.00,3.21,1.44,0.21,2.60
2026-05-08,14.94,15.05,15.26,14.87,310003,468342699.00,2.63,1.48,0.22,2.79
2026-05-11,15.06,15.27,15.51,14.74,354579,540644680.00,5.12,1.46,0.22,3.19
2026-05-12,15.27,15.24,15.57,14.96,334358,513002768.00,3.99,-0.20,-0.03,3.01
2026-05-13,15.18,14.17,15.34,14.02,554208,799493657.00,8.66,-7.02,-1.07,4.99
2026-05-14,14.18,13.96,14.24,13.66,301434,421625079.00,4.09,-1.48,-0.21,2.71
2026-05-15,14.12,14.96,15.36,14.07,809823,1222812324.00,9.24,7.16,1.00,7.28
2026-05-18,15.26,14.21,15.31,14.06,688469,993456903.00,8.36,-5.01,-0.75,6.19
2026-05-19,14.37,14.12,14.47,14.08,282653,403137772.00,2.74,-0.63,-0.09,2.54
2026-05-20,14.10,13.82,14.12,13.73,243797,339022812.00,2.76,-2.12,-0.30,2.19
2026-05-21,13.86,13.28,13.96,13.23,270007,367145538.00,5.28,-3.91,-0.54,2.43
2026-05-22,13.29,12.82,13.49,12.80,291678,378675846.00,5.20,-3.46,-0.46,2.62
2026-05-25,12.82,12.88,12.97,12.32,320771,405866949.00,5.07,0.47,0.06,2.89
2026-05-26,12.88,12.65,13.06,12.54,168114,213707716.00,4.04,-1.79,-0.23,1.51
2026-05-27,12.64,12.29,12.85,12.13,216800,269515174.00,5.69,-2.85,-0.36,1.95
2026-05-28,12.54,12.07,12.86,11.98,263400,326914050.00,7.16,-1.79,-0.22,2.37
2026-05-29,12.07,11.63,12.19,11.59,314995,372205908.00,4.97,-3.65,-0.44,2.83
2026-06-01,11.71,11.75,12.00,11.60,238215,281769089.00,3.44,1.03,0.12,2.14
2026-06-02,11.82,11.44,12.13,11.29,265679,306948585.00,7.15,-2.64,-0.31,2.39
2026-06-03,11.44,11.49,11.71,11.26,205851,237679637.00,3.93,0.44,0.05,1.85
2026-06-04,11.75,11.36,11.76,11.32,233211,269541543.00,3.83,-1.13,-0.13,2.10
2026-06-05,11.36,11.25,11.47,11.11,231440,261993749.00,3.17,-0.97,-0.11,2.08
2026-06-08,11.16,11.81,11.95,11.02,392414,459888542.00,8.27,4.98,0.56,3.53
2026-06-09,11.95,11.93,12.34,11.70,311382,376953363.00,5.42,1.02,0.12,2.80
2026-06-10,11.69,12.02,12.09,11.53,227255,269517132.00,4.69,0.75,0.09,2.04
2026-06-11,11.96,11.89,12.06,11.71,161894,192227927.00,2.91,-1.08,-0.13,1.46
2026-06-12,11.90,12.24,12.32,11.77,213596,261155277.00,4.63,2.94,0.35,1.92
2026-06-15,12.41,12.44,12.45,12.18,254727,314338232.00,2.21,1.63,0.20,2.29
2026-06-16,12.37,12.34,12.50,12.25,192911,239655309.00,2.01,-0.80,-0.10,1.74
2026-06-17,12.31,11.86,12.31,11.78,202959,243426405.00,4.29,-3.89,-0.48,1.83
2026-06-18,11.86,11.73,11.96,11.72,143257,169783262.00,2.02,-1.10,-0.13,1.29
2026-06-22,11.72,11.88,11.93,11.16,240320,277789667.00,6.56,1.28,0.15,2.16
2026-06-23,11.96,11.88,12.28,11.81,197284,237593955.00,3.96,0.00,0.00,1.77
2026-06-24,11.99,12.29,12.50,11.80,268368,328643275.00,5.89,3.45,0.41,2.41
2026-06-25,12.29,12.08,12.45,11.99,168426,204168166.00,3.74,-1.71,-0.21,1.51
2026-06-26,12.00,11.44,12.12,11.41,206104,239917369.00,5.88,-5.30,-0.64,1.85
2026-06-29,11.49,11.85,12.05,11.20,256890,302144547.00,7.43,3.58,0.41,2.31