2026-01-05,80.15,82.67,87.33,79.70,47498,556768857.00,9.43,2.12,1.72,10.50
2026-01-06,82.39,83.08,85.65,81.59,41188,479825097.00,4.91,0.50,0.41,9.10
2026-01-07,83.17,88.15,93.77,82.03,43555,539513684.00,14.13,6.10,5.07,9.63
2026-01-08,91.25,87.03,92.26,86.63,34779,430852920.00,6.39,-1.27,-1.12,7.69
2026-01-09,87.03,94.49,95.57,85.24,37531,482591569.00,11.87,8.57,7.46,8.30
2026-01-12,92.99,90.19,94.53,87.91,35750,452092586.00,7.01,-4.55,-4.30,7.90
2026-01-13,88.36,90.06,95.24,86.93,26845,344054219.00,9.21,-0.14,-0.13,5.93
2026-01-14,89.48,90.05,95.07,86.83,35902,450652815.00,9.15,-0.01,-0.01,7.94
2026-01-15,87.36,89.74,94.49,87.36,20074,252743825.00,7.92,-0.34,-0.31,4.44
2026-01-16,90.05,107.70,107.70,90.05,48940,706508995.00,19.67,20.01,17.96,10.82
2026-01-19,109.44,114.93,117.40,109.01,63323,1001877209.00,7.79,6.71,7.23,14.00
2026-01-20,117.02,113.34,118.12,111.01,38521,610869749.00,6.19,-1.38,-1.59,8.52
2026-01-21,113.27,116.06,117.33,111.75,29734,478992734.00,4.92,2.40,2.72,6.57
2026-01-22,116.70,114.41,118.13,112.00,24295,386360359.00,5.28,-1.42,-1.65,5.37
2026-01-23,114.61,112.04,118.91,106.67,43653,677927074.00,10.70,-2.07,-2.37,9.65
2026-01-26,112.06,109.44,114.92,108.59,27143,420262057.00,5.65,-2.32,-2.60,6.00
2026-01-27,109.44,107.82,110.60,106.74,28753,436952722.00,3.53,-1.48,-1.62,6.36
2026-01-28,107.82,103.49,107.90,100.60,27297,392740878.00,6.77,-4.02,-4.33,6.03
2026-01-29,104.53,97.59,106.13,95.92,31723,441067953.00,9.87,-5.70,-5.90,7.01
2026-01-30,97.72,95.50,98.50,93.93,22877,307284838.00,4.68,-2.14,-2.09,5.06
2026-02-02,95.50,94.41,98.79,91.63,37839,505032293.00,7.50,-1.14,-1.09,8.36
2026-02-03,96.09,95.03,96.49,93.06,21910,289486420.00,3.63,0.66,0.62,4.84
2026-02-04,95.21,92.32,95.21,91.10,22229,287002017.00,4.32,-2.85,-2.71,4.91
2026-02-05,92.11,90.48,92.95,90.15,15730,200756693.00,3.03,-1.99,-1.84,3.48
2026-02-06,90.44,100.93,104.45,89.48,60678,835794507.00,16.55,11.55,10.45,13.41
2026-02-09,99.99,101.68,102.37,95.92,45304,629047383.00,6.39,0.74,0.75,10.01
2026-02-10,102.01,98.50,102.01,96.14,38962,536837204.00,5.77,-3.13,-3.18,8.61
2026-02-11,99.51,95.34,100.21,94.91,26483,358713803.00,5.38,-3.21,-3.16,5.85
2026-02-12,95.92,97.39,103.05,95.30,30758,428345984.00,8.13,2.15,2.05,6.80
2026-02-13,97.69,93.42,98.30,93.33,19599,260303908.00,5.10,-4.08,-3.97,4.33
2026-02-24,94.49,87.46,94.96,85.91,26353,326107066.00,9.69,-6.38,-5.96,5.83
2026-02-25,87.60,90.42,91.63,86.02,24443,303454753.00,6.41,3.38,2.96,5.40
2026-02-26,89.81,93.92,94.71,88.52,28634,367541803.00,6.85,3.87,3.50,6.33
2026-02-27,93.65,90.98,93.91,90.06,16440,209494189.00,4.10,-3.13,-2.94,3.63
2026-03-02,89.71,90.57,91.86,88.12,17033,213731387.00,4.11,-0.45,-0.41,3.77
2026-03-03,92.02,84.00,93.78,83.18,24967,304663646.00,11.70,-7.25,-6.57,5.52
2026-03-04,82.96,81.35,84.94,80.79,25557,294648877.00,4.94,-3.15,-2.65,5.65
2026-03-05,82.90,81.31,85.42,80.13,17475,199906399.00,6.50,-0.05,-0.04,3.86
2026-03-06,81.12,83.89,86.15,80.31,20378,238951529.00,7.18,3.17,2.58,4.50
2026-03-09,82.55,81.02,82.71,78.73,18555,208131128.00,4.74,-3.42,-2.87,4.10
2026-03-10,81.96,84.86,85.32,81.52,20631,241957864.00,4.69,4.74,3.84,4.56
2026-03-11,84.46,81.71,86.40,81.38,19662,229209116.00,5.92,-3.71,-3.15,4.35
2026-03-12,82.44,80.42,83.02,79.95,18076,205154559.00,3.76,-1.58,-1.29,4.00
2026-03-13,80.19,76.33,80.82,76.15,21423,233247146.00,5.81,-5.09,-4.09,4.74
2026-03-16,77.06,77.15,77.86,74.95,20328,217594642.00,3.81,1.07,0.82,4.49
2026-03-17,77.21,78.85,82.93,76.86,29877,334753021.00,7.87,2.20,1.70,6.60
2026-03-18,78.72,80.16,80.45,77.66,17436,193225440.00,3.54,1.66,1.31,3.85
2026-03-19,78.72,75.61,79.44,75.07,19680,210260379.00,5.45,-5.68,-4.55,4.35
2026-03-20,75.99,72.78,77.59,72.64,17094,178763547.00,6.55,-3.74,-2.83,3.78
2026-03-23,72.21,67.77,72.78,67.48,22406,219028363.00,7.28,-6.88,-5.01,4.95
2026-03-24,69.55,69.43,70.13,67.01,18916,180593022.00,4.60,2.45,1.66,4.18
2026-03-25,69.42,77.49,79.45,69.38,43073,456907904.00,14.50,11.61,8.06,9.52
2026-03-26,79.05,79.64,83.23,75.72,50894,572959309.00,9.69,2.77,2.15,11.25
2026-03-27,79.04,79.82,81.80,75.87,37695,417110890.00,7.45,0.23,0.18,8.33
2026-03-30,77.01,82.82,83.75,76.78,36872,421685396.00,8.73,3.76,3.00,8.15
2026-03-31,82.69,81.83,84.83,80.88,25482,295178420.00,4.77,-1.20,-0.99,5.63
2026-04-01,83.75,84.28,87.53,81.91,34667,408236962.00,6.87,2.99,2.45,7.66
2026-04-02,83.35,79.58,83.35,78.52,30556,343205193.00,5.73,-5.58,-4.70,6.75
2026-04-03,79.75,77.66,80.78,77.66,20691,228056736.00,3.92,-2.41,-1.92,4.57
2026-04-07,77.66,76.30,79.63,75.87,27086,292742230.00,4.84,-1.75,-1.36,5.99
2026-04-08,79.48,82.06,84.21,79.48,32727,376551469.00,6.20,7.55,5.76,7.23
2026-04-09,81.24,80.65,85.50,80.16,26001,299273338.00,6.51,-1.72,-1.41,5.75
2026-04-10,81.51,79.02,84.03,78.87,29976,338477997.00,6.40,-2.02,-1.63,6.63
2026-04-13,78.34,75.94,79.09,74.46,21459,228445803.00,5.86,-3.90,-3.08,4.74
2026-04-14,75.95,80.30,83.63,75.41,32594,364992297.00,10.82,5.74,4.36,7.20
2026-04-15,81.48,82.55,85.77,80.36,30815,357548253.00,6.74,2.80,2.25,6.81
2026-04-16,89.71,82.90,99.03,81.45,57636,683953841.00,21.30,0.42,0.35,12.74
2026-04-17,82.31,81.02,82.50,78.20,37044,417815696.00,5.19,-2.27,-1.88,8.19
2026-04-20,80.04,79.81,82.03,78.02,21752,243044435.00,4.95,-1.49,-1.21,4.81
2026-04-21,79.45,82.32,83.35,78.21,37128,423139620.00,6.44,3.14,2.51,8.21
2026-04-22,80.41,85.74,87.33,77.59,49110,571298900.00,11.83,4.15,3.42,10.86
2026-04-23,85.75,85.33,86.85,83.03,37077,440044382.00,4.46,-0.48,-0.41,8.20
2026-04-24,86.42,84.79,89.95,83.53,39737,483331003.00,7.52,-0.63,-0.54,8.78
2026-04-27,85.67,87.68,91.00,84.79,35960,440536980.00,7.32,3.41,2.89,7.95
2026-04-28,87.61,89.51,90.91,85.90,43192,536144837.00,5.71,2.09,1.83,9.55
2026-04-29,88.06,88.36,91.63,86.63,33180,411838210.00,5.59,-1.28,-1.15,7.33
2026-04-30,87.70,98.87,100.21,86.91,60165,792738398.00,15.05,11.89,10.51,13.30
2026-05-06,96.78,94.81,100.57,94.28,49135,669208064.00,6.36,-4.11,-4.06,10.86
2026-05-07,95.09,107.14,107.36,94.19,50713,727781974.00,13.89,13.00,12.33,11.21
2026-05-08,108.32,110.47,114.39,105.95,53131,816244877.00,7.88,3.11,3.33,11.74
2026-05-11,108.36,114.55,116.84,107.39,36982,581053376.00,8.55,3.69,4.08,8.17
2026-05-12,114.62,116.06,117.06,111.69,30019,480124194.00,4.69,1.32,1.51,6.64
2026-05-13,114.30,113.82,115.57,111.19,25486,404773069.00,3.77,-1.93,-2.24,5.63
2026-05-14,115.01,106.85,115.98,106.67,40015,611097680.00,8.18,-6.12,-6.97,8.85
2026-05-15,108.07,116.56,121.00,105.73,59270,943996359.00,14.29,9.09,9.71,13.10
2026-05-18,114.59,120.93,124.64,113.86,42120,707577567.00,9.25,3.75,4.37,9.31
2026-05-19,121.02,119.21,123.86,117.92,27943,470008410.00,4.91,-1.42,-1.72,6.12
2026-05-20,118.71,118.10,120.90,116.77,28024,464500718.00,3.46,-0.93,-1.11,6.14
2026-05-21,117.66,124.51,132.81,113.58,46395,806880417.00,16.28,5.43,6.41,10.16
2026-05-22,127.45,127.17,133.17,123.91,35811,642416748.00,7.44,2.14,2.66,7.84
2026-05-25,127.45,124.77,128.50,123.51,20161,352945635.00,3.92,-1.89,-2.40,4.42
2026-05-26,125.87,120.71,128.88,120.00,25076,434698413.00,7.12,-3.25,-4.06,5.49
2026-05-27,120.69,125.82,132.78,118.00,43469,545520828.00,12.24,4.23,5.11,6.84
2026-05-28,125.70,120.00,125.70,113.88,43176,513847367.00,9.39,-4.63,-5.82,6.79
2026-05-29,120.40,116.79,122.96,115.96,34259,406356373.00,5.83,-2.68,-3.21,5.39
2026-06-01,116.00,109.79,117.98,109.10,37679,425743011.00,7.60,-5.99,-7.00,5.93
2026-06-02,110.50,108.09,113.09,107.24,28339,310296514.00,5.33,-1.55,-1.70,4.46
2026-06-03,109.08,112.55,115.00,107.15,25920,290396613.00,7.26,4.13,4.46,4.08
2026-06-04,111.23,113.79,118.57,110.06,28830,331949278.00,7.56,1.10,1.24,4.54
2026-06-05,112.18,116.00,120.66,108.88,37398,428929730.00,10.35,1.94,2.21,5.88
2026-06-08,113.77,119.50,125.60,113.77,45570,552698639.00,10.20,3.02,3.50,7.17
2026-06-09,119.50,117.85,122.97,114.00,38118,449819833.00,7.51,-1.38,-1.65,6.00
2026-06-10,117.62,111.64,118.44,109.00,26785,301312116.00,8.01,-5.27,-6.21,4.21
2026-06-11,109.42,107.45,111.34,106.00,28729,311382268.00,4.78,-3.75,-4.19,4.52
2026-06-12,107.73,101.83,108.64,101.38,35746,375580758.00,6.76,-5.23,-5.62,5.62
2026-06-15,101.84,106.08,107.88,101.75,31931,336360270.00,6.02,4.17,4.25,5.02
2026-06-16,103.69,103.77,106.66,102.08,35104,365316092.00,4.32,-2.18,-2.31,5.52
2026-06-17,103.40,104.55,108.29,101.69,29953,315865803.00,6.36,0.75,0.78,4.71
2026-06-18,106.34,103.23,109.00,103.05,29508,309829459.00,5.69,-1.26,-1.32,4.64
2026-06-22,104.00,97.90,104.00,95.77,37846,371288519.00,7.97,-5.16,-5.33,5.95
2026-06-23,98.00,96.83,99.21,94.48,22718,220301388.00,4.83,-1.09,-1.07,3.57
2026-06-24,95.89,96.70,98.26,94.50,19857,191196265.00,3.88,-0.13,-0.13,3.12
2026-06-25,96.70,92.20,96.70,91.61,31861,297098968.00,5.26,-4.65,-4.50,5.01
2026-06-26,92.00,89.59,92.20,88.02,20426,183543206.00,4.53,-2.83,-2.61,3.21
2026-06-29,90.41,91.18,91.68,86.47,26886,239018662.00,5.82,1.77,1.59,4.23
2026-06-30,93.26,96.36,99.86,90.16,48173,459336741.00,10.64,5.68,5.18,7.58
2026-07-01,96.66,109.16,109.80,94.58,58569,604371141.00,15.79,13.28,12.80,9.21
2026-07-02,110.19,112.00,130.99,110.00,82351,935850269.00,19.23,2.60,2.84,12.96
2026-07-03,113.30,124.30,125.29,110.00,65833,788367554.00,13.65,10.98,12.30,10.36
2026-07-06,125.33,125.06,135.00,120.42,75060,957406039.00,11.73,0.61,0.76,11.81
2026-07-07,124.42,125.62,131.77,122.19,54352,685842905.00,7.66,0.45,0.56,8.55
2026-07-08,125.48,114.58,125.48,113.23,46450,541267369.00,9.75,-8.79,-11.04,7.31
2026-07-09,114.59,110.68,117.99,106.94,42960,473793796.00,9.64,-3.40,-3.90,6.76
2026-07-10,111.41,111.71,119.98,110.82,41038,472876991.00,8.28,0.93,1.03,6.46
2026-07-13,111.80,106.49,117.82,105.39,38480,429799226.00,11.13,-4.67,-5.22,6.05
2026-07-14,107.08,109.70,111.00,102.03,29179,310877064.00,8.42,3.01,3.21,4.59
2026-07-15,111.67,108.32,111.95,104.66,23042,249246434.00,6.65,-1.26,-1.38,3.62
2026-07-16,108.64,103.27,111.49,102.05,25604,273621752.00,8.71,-4.66,-5.05,4.03
2026-07-17,105.00,89.40,105.00,88.78,44157,417041256.00,15.71,-13.43,-13.87,6.95
2026-07-20,91.20,80.73,92.28,78.36,48227,408464862.00,15.57,-9.70,-8.67,7.59
2026-07-21,81.80,82.73,84.70,72.54,37034,295011129.00,15.06,2.48,2.00,5.83
2026-07-22,81.21,79.94,83.00,77.66,27037,215915080.00,6.45,-3.37,-2.79,4.25
2026-07-23,77.92,79.65,80.48,76.62,23375,184045601.00,4.83,-0.36,-0.29,3.68
2026-07-24,77.42,75.35,78.00,73.56,20347,154253298.00,5.57,-5.40,-4.30,3.20
2026-07-27,75.67,82.94,83.29,74.78,29019,229597882.55,11.29,10.07,7.59,4.57