2026-01-05,11.39,11.44,11.48,11.20,283181,332528514.06,2.48,1.51,0.17,2.26
2026-01-06,11.38,11.75,11.75,11.34,284171,338523111.91,3.58,2.71,0.31,2.27
2026-01-07,11.81,11.89,12.10,11.70,359855,441499115.93,3.40,1.19,0.14,2.87
2026-01-08,11.77,11.73,12.07,11.67,223483,273303288.46,3.36,-1.35,-0.16,1.78
2026-01-09,11.70,11.81,11.93,11.68,222980,272186272.24,2.13,0.68,0.08,1.78
2026-01-12,11.81,11.74,11.81,11.59,268320,323935046.00,1.86,-0.59,-0.07,2.14
2026-01-13,11.91,11.60,11.99,11.57,235575,285328782.71,3.58,-1.19,-0.14,1.88
2026-01-14,11.60,11.44,11.75,11.36,263723,315334511.83,3.36,-1.38,-0.16,2.10
2026-01-15,11.42,11.43,11.49,11.35,147286,173633151.80,1.22,-0.09,-0.01,1.17
2026-01-16,11.44,11.41,11.53,11.33,140985,166069927.08,1.75,-0.17,-0.02,1.12
2026-01-19,11.42,12.11,12.20,11.33,535238,660292300.19,7.62,6.13,0.70,4.27
2026-01-20,12.12,11.89,12.16,11.81,221121,271420592.54,2.89,-1.82,-0.22,1.76
2026-01-21,11.89,11.90,12.01,11.82,178286,219117299.80,1.60,0.08,0.01,1.42
2026-01-22,11.93,12.22,12.30,11.87,268241,335876040.16,3.61,2.69,0.32,2.14
2026-01-23,12.32,12.19,12.41,12.10,187677,236033947.86,2.54,-0.25,-0.03,1.50
2026-01-26,12.15,12.12,12.23,11.98,215992,269437210.41,2.05,-0.57,-0.07,1.72
2026-01-27,12.10,11.97,12.10,11.75,186469,229237432.80,2.89,-1.24,-0.15,1.49
2026-01-28,11.97,12.06,12.09,11.86,147477,182508878.69,1.92,0.75,0.09,1.18
2026-01-29,12.00,11.98,12.11,11.84,177690,219152536.27,2.24,-0.66,-0.08,1.42
2026-01-30,11.91,11.97,12.12,11.67,197831,243141797.95,3.76,-0.08,-0.01,1.58
2026-02-02,12.22,12.15,12.41,12.09,481650,608049053.31,2.67,1.50,0.18,3.84
2026-02-03,12.22,12.25,12.35,12.09,279757,351768467.00,2.14,0.82,0.10,2.23
2026-02-04,12.17,12.26,12.38,12.16,209299,265158357.29,1.80,0.08,0.01,1.67
2026-02-05,12.21,11.90,12.24,11.82,224778,277363192.72,3.43,-2.94,-0.36,1.79
2026-02-06,11.82,11.81,12.02,11.79,141441,173981756.58,1.93,-0.76,-0.09,1.13
2026-02-09,11.97,11.92,11.99,11.83,133695,164082679.88,1.35,0.93,0.11,1.07
2026-02-10,11.88,11.77,11.91,11.76,127800,155973549.55,1.26,-1.26,-0.15,1.02
2026-02-11,11.77,11.75,11.82,11.72,107122,130018542.40,0.85,-0.17,-0.02,0.85
2026-02-12,11.73,11.72,11.74,11.64,88468,106877448.00,0.85,-0.26,-0.03,0.71
2026-02-13,11.67,11.31,11.69,11.28,253407,300207026.60,3.50,-3.50,-0.41,2.02
2026-02-24,11.47,11.47,11.54,11.43,137945,163725903.39,0.97,1.41,0.16,1.10
2026-02-25,11.46,11.61,11.77,11.45,173358,208190433.72,2.79,1.22,0.14,1.38
2026-02-26,11.62,11.53,11.69,11.46,132104,157275060.80,1.98,-0.69,-0.08,1.05
2026-02-27,11.49,11.72,11.77,11.48,149334,179673038.52,2.52,1.65,0.19,1.19
2026-03-02,11.60,11.61,11.71,11.50,133798,160336441.67,1.79,-0.94,-0.11,1.07
2026-03-03,11.64,11.60,11.83,11.54,281211,339510651.61,2.50,-0.09,-0.01,2.24
2026-03-04,11.52,11.25,11.55,11.20,207572,243594495.01,3.02,-3.02,-0.35,1.66
2026-03-05,11.38,11.28,11.41,11.24,132421,154773604.60,1.51,0.27,0.03,1.06
2026-03-06,11.23,11.50,11.54,11.21,150000,177148441.62,2.93,1.95,0.22,1.20
2026-03-09,11.35,11.17,11.38,11.05,192710,222664641.79,2.87,-2.87,-0.33,1.54
2026-03-10,11.26,11.29,11.36,11.24,117680,137379852.00,1.07,1.07,0.12,0.94
2026-03-11,11.29,11.39,11.40,11.17,127568,148951846.55,2.04,0.89,0.10,1.02
2026-03-12,11.34,11.42,11.47,11.33,109588,129125555.00,1.23,0.26,0.03,0.87
2026-03-13,11.40,11.36,11.53,11.33,130824,154637272.48,1.75,-0.53,-0.06,1.04
2026-03-16,11.35,11.11,11.37,11.04,161127,185666449.59,2.90,-2.20,-0.25,1.28
2026-03-17,11.17,11.19,11.39,11.15,140730,164042697.34,2.16,0.72,0.08,1.12
2026-03-18,11.19,11.26,11.33,11.09,108542,125544837.48,2.14,0.63,0.07,0.87
2026-03-19,11.16,10.98,11.20,10.96,123465,141301063.65,2.13,-2.49,-0.28,0.98
2026-03-20,11.00,10.69,11.07,10.62,196601,220012800.25,4.10,-2.64,-0.29,1.57
2026-03-23,10.50,10.10,10.51,10.00,214264,227660572.68,4.77,-5.52,-0.59,1.71
2026-03-24,10.29,10.32,10.34,10.11,119868,127268713.84,2.28,2.18,0.22,0.96
2026-03-25,10.36,10.44,10.52,10.27,146814,158587611.03,2.42,1.16,0.12,1.17
2026-03-26,10.41,10.45,10.56,10.39,135739,147202918.00,1.63,0.10,0.01,1.08
2026-03-27,10.35,10.57,10.59,10.32,110624,120295383.82,2.58,1.15,0.12,0.88
2026-03-30,10.50,10.56,10.56,10.33,114514,123953731.59,2.18,-0.09,-0.01,0.91
2026-03-31,10.52,10.73,11.04,10.50,180108,200277536.16,5.11,1.61,0.17,1.44
2026-04-01,10.89,10.74,10.98,10.64,168656,187914802.40,3.17,0.09,0.01,1.34
2026-04-02,10.73,10.49,10.74,10.39,133452,145521082.13,3.26,-2.33,-0.25,1.06
2026-04-03,10.66,10.31,10.69,10.23,128420,138546644.79,4.39,-1.72,-0.18,1.02
2026-04-07,10.31,10.27,10.40,10.21,92082,98250893.70,1.84,-0.39,-0.04,0.73
2026-04-08,10.46,10.61,10.63,10.43,140684,153486816.21,1.95,3.31,0.34,1.12
2026-04-09,10.53,10.45,10.57,10.43,83907,91283510.01,1.32,-1.51,-0.16,0.67
2026-04-10,10.54,10.67,10.88,10.53,147899,164381960.87,3.35,2.11,0.22,1.18
2026-04-13,10.62,10.65,10.76,10.58,104753,115506557.94,1.69,-0.19,-0.02,0.84
2026-04-14,10.72,10.70,10.74,10.60,82720,91494624.62,1.31,0.47,0.05,0.66
2026-04-15,10.73,10.68,10.75,10.66,80147,88811103.85,0.84,-0.19,-0.02,0.64
2026-04-16,10.71,10.79,10.81,10.68,103370,114981682.35,1.22,1.03,0.11,0.82
2026-04-17,10.74,10.79,10.88,10.72,121368,135589480.00,1.48,0.00,0.00,0.97
2026-04-20,10.74,10.80,10.83,10.70,93592,104488123.00,1.20,0.09,0.01,0.75
2026-04-21,10.81,10.98,10.99,10.74,118570,133735261.78,2.31,1.67,0.18,0.95
2026-04-22,10.94,11.17,11.33,10.91,161893,186951014.18,3.83,1.73,0.19,1.29
2026-04-23,11.14,11.26,11.30,11.12,131706,152743406.22,1.61,0.81,0.09,1.05
2026-04-24,11.23,11.17,11.26,11.06,127172,146818696.85,1.78,-0.80,-0.09,1.01
2026-04-27,11.14,11.03,11.14,10.72,227119,256630813.20,3.76,-1.25,-0.14,1.81
2026-04-28,11.23,11.24,11.30,11.10,139776,161905619.61,1.81,1.90,0.21,1.11
2026-04-29,11.25,11.45,11.49,11.19,201334,235850021.05,2.67,1.87,0.21,1.61
2026-04-30,11.73,11.35,11.85,11.27,275575,326931269.16,5.07,-0.87,-0.10,2.20
2026-05-06,11.36,11.46,11.51,11.32,210663,248850530.25,1.67,0.97,0.11,1.68
2026-05-07,11.44,11.36,11.49,11.30,134898,158524656.10,1.66,-0.87,-0.10,1.08
2026-05-08,11.33,11.28,11.38,11.16,136940,159373172.90,1.94,-0.70,-0.08,1.09
2026-05-11,11.22,11.21,11.29,11.01,265263,305735549.93,2.48,-0.62,-0.07,2.12
2026-05-12,11.20,11.15,11.27,11.08,190646,219951015.30,1.69,-0.54,-0.06,1.52
2026-05-13,11.10,11.07,11.22,10.98,203156,232723497.84,2.15,-0.72,-0.08,1.62
2026-05-14,11.12,10.94,11.20,10.92,177901,203637800.48,2.53,-1.17,-0.13,1.42
2026-05-15,10.94,10.69,10.96,10.59,222488,247237458.18,3.38,-2.29,-0.25,1.77
2026-05-18,11.38,11.80,11.80,11.38,866042,1047716766.70,3.93,10.38,1.11,6.91
2026-05-19,11.56,12.52,12.66,11.55,1123939,1395217556.86,9.41,6.10,0.72,8.96
2026-05-20,12.25,12.10,12.26,11.97,631427,786577478.57,2.32,-3.35,-0.42,5.04
2026-05-21,12.17,11.96,12.84,11.94,632531,807878861.11,7.44,-1.16,-0.14,5.04
2026-05-22,11.99,11.81,12.10,11.62,403068,490609230.68,4.01,-1.25,-0.15,3.21
2026-05-25,11.84,11.77,11.98,11.65,325521,395529230.23,2.79,-0.34,-0.04,2.60
2026-05-26,11.66,11.82,11.92,11.38,333284,404117890.57,4.59,0.42,0.05,2.66
2026-05-27,11.81,11.45,11.97,11.39,320825,384326622.97,4.91,-3.13,-0.37,2.56
2026-05-28,11.42,11.04,11.50,10.90,323798,372539240.29,5.24,-3.58,-0.41,2.60
2026-05-29,11.02,11.08,11.32,10.95,245053,282170053.11,3.35,0.36,0.04,1.97
2026-06-01,11.08,11.15,11.25,10.96,201027,231056193.89,2.62,0.63,0.07,1.61
2026-06-02,11.09,10.96,11.16,10.90,200219,228055160.42,2.33,-1.70,-0.19,1.61
2026-06-03,10.92,10.87,10.97,10.71,205088,230018572.90,2.37,-0.82,-0.09,1.65
2026-06-04,10.79,10.56,10.89,10.50,206707,228001821.38,3.59,-2.85,-0.31,1.66
2026-06-05,10.55,10.39,10.65,10.38,186635,203228191.76,2.56,-1.61,-0.17,1.50
2026-06-08,10.23,9.98,10.27,9.92,254689,266478962.16,3.37,-3.95,-0.41,2.04
2026-06-09,10.03,9.99,10.07,9.82,141243,145555639.99,2.51,0.10,0.01,1.13
2026-06-10,9.92,10.00,10.05,9.86,135441,140031245.54,1.90,0.10,0.01,1.09
2026-06-11,9.97,9.87,10.05,9.80,117929,121107347.20,2.50,-1.30,-0.13,0.95
2026-06-12,9.92,10.36,10.38,9.90,256296,270269229.09,4.86,4.96,0.49,2.06
2026-06-15,10.41,10.58,10.73,10.30,219461,240359107.90,4.15,2.12,0.22,1.76
2026-06-16,10.52,10.69,10.81,10.41,215274,237624540.09,3.78,1.04,0.11,1.73
2026-06-17,10.65,10.81,10.90,10.61,168271,187101478.58,2.71,1.12,0.12,1.35
2026-06-18,10.74,10.58,10.81,10.54,135664,149447863.19,2.50,-2.13,-0.23,1.09
2026-06-22,10.55,11.19,11.22,10.45,301025,340998443.40,7.28,5.77,0.61,2.41
2026-06-23,11.19,11.09,11.49,11.03,263873,306909020.04,4.11,-0.89,-0.10,2.12
2026-06-24,11.04,10.84,11.08,10.75,191660,215580719.75,2.98,-2.25,-0.25,1.54
2026-06-25,10.82,10.89,11.15,10.80,189074,214728026.73,3.23,0.46,0.05,1.52
2026-06-26,10.83,10.70,11.01,10.64,165646,185789517.12,3.40,-1.74,-0.19,1.33
2026-06-29,10.76,10.74,10.83,10.48,172616,191162141.26,3.27,0.37,0.04,1.38
2026-06-30,10.71,10.78,10.82,10.58,141572,157078097.38,2.23,0.37,0.04,1.14
2026-07-01,10.78,11.30,11.53,10.70,319382,373725196.39,7.70,4.82,0.52,2.56
2026-07-02,11.24,10.93,11.37,10.93,233387,266569746.72,3.89,-3.27,-0.37,1.87
2026-07-03,10.97,10.97,11.04,10.86,149948,169736811.75,1.65,0.37,0.04,1.20
2026-07-06,11.12,10.98,11.20,10.90,153524,174662147.60,2.73,0.09,0.01,1.23
2026-07-07,10.95,10.63,10.96,10.52,156805,173810191.14,4.01,-3.19,-0.35,1.26
2026-07-08,10.64,10.68,10.77,10.55,125282,138542217.58,2.07,0.47,0.05,1.01
2026-07-09,10.87,11.15,11.19,10.80,282692,321493615.03,3.65,4.40,0.47,2.27
2026-07-10,11.12,10.84,11.12,10.69,253493,285362530.21,3.86,-2.78,-0.31,2.03
2026-07-13,10.81,10.74,10.96,10.68,188088,210263566.76,2.58,-0.92,-0.10,1.51
2026-07-14,10.68,10.80,10.84,10.56,170896,190015766.23,2.61,0.56,0.06,1.37
2026-07-15,11.28,11.19,11.64,11.15,421044,476862113.06,4.54,3.61,0.39,3.38
2026-07-16,11.11,10.89,11.20,10.86,296484,326076292.16,3.04,-2.68,-0.30,2.38
2026-07-17,10.85,10.59,10.97,10.59,243651,263405278.83,3.49,-2.75,-0.30,1.95
2026-07-20,10.68,10.82,10.95,10.64,247174,267239402.34,2.93,2.17,0.23,1.98
2026-07-21,10.78,10.92,10.99,10.73,231775,252078135.86,2.40,0.92,0.10,1.86
2026-07-22,10.84,10.73,10.84,10.65,225539,241975611.40,1.74,-1.74,-0.19,1.81
2026-07-23,10.70,11.13,11.17,10.67,289994,317842140.19,4.66,3.73,0.40,2.33
2026-07-24,11.00,10.92,11.06,10.82,224835,246117326.84,2.16,-1.89,-0.21,1.80
2026-07-27,10.89,10.94,10.96,10.68,176360,191061638.19,2.56,0.18,0.02,1.41
2026-07-28,10.82,10.81,10.83,10.73,128063,137996161.08,0.91,-1.19,-0.13,1.03
2026-07-29,10.81,11.08,11.10,10.81,175080,192144937.65,2.68,2.50,0.27,1.40