2026-01-05,10.48,10.63,10.65,10.39,33985,36489424.90,2.50,2.31,0.24,0.80
2026-01-06,10.63,10.68,10.71,10.56,31876,34444116.56,1.41,0.47,0.05,0.75
2026-01-07,10.67,10.62,10.75,10.56,29599,31992859.97,1.78,-0.56,-0.06,0.69
2026-01-08,10.61,10.73,10.75,10.56,30173,32746900.06,1.79,1.04,0.11,0.71
2026-01-09,10.74,10.92,10.93,10.69,45712,50228100.47,2.24,1.77,0.19,1.07
2026-01-12,10.91,11.07,11.08,10.78,54620,60585522.08,2.75,1.37,0.15,1.28
2026-01-13,11.13,11.39,12.05,11.12,147345,173141382.43,8.40,2.89,0.32,3.45
2026-01-14,11.42,11.37,11.62,11.15,105930,121600741.83,4.13,-0.18,-0.02,2.48
2026-01-15,11.27,11.07,11.36,11.05,48014,54506040.56,2.73,-2.64,-0.30,1.13
2026-01-16,11.10,10.92,11.19,10.92,39484,44136007.88,2.44,-1.36,-0.15,0.93
2026-01-19,10.94,10.97,11.07,10.80,28717,31936384.59,2.47,0.46,0.05,0.67
2026-01-20,11.01,10.94,11.09,10.84,28892,32097541.57,2.28,-0.27,-0.03,0.68
2026-01-21,10.95,10.84,11.00,10.81,25367,28041191.46,1.74,-0.91,-0.10,0.59
2026-01-22,10.94,10.91,10.94,10.82,30116,33255632.37,1.11,0.65,0.07,0.71
2026-01-23,10.94,11.11,11.18,10.89,42238,47481959.29,2.66,1.83,0.20,0.99
2026-01-26,11.11,11.55,11.67,11.02,119033,138294222.65,5.85,3.96,0.44,2.79
2026-01-27,11.42,11.25,11.46,11.02,73828,83645468.50,3.81,-2.60,-0.30,1.73
2026-01-28,11.26,11.07,11.35,11.00,47450,53474692.61,3.11,-1.60,-0.18,1.11
2026-01-29,11.00,10.93,11.01,10.84,36649,40603300.85,1.54,-1.26,-0.14,0.86
2026-01-30,10.93,10.91,11.03,10.82,32570,36146885.69,1.92,-0.18,-0.02,0.76
2026-02-02,10.91,10.64,10.92,10.63,33209,36196308.11,2.66,-2.47,-0.27,0.78
2026-02-03,10.64,10.72,10.78,10.59,23800,25794454.11,1.79,0.75,0.08,0.56
2026-02-04,10.78,10.74,10.79,10.63,23389,25432247.57,1.49,0.19,0.02,0.55
2026-02-05,10.79,10.67,10.80,10.67,17289,18831393.87,1.21,-0.65,-0.07,0.41
2026-02-06,10.76,10.93,11.11,10.75,70428,78499590.02,3.37,2.44,0.26,1.65
2026-02-09,10.88,10.91,10.96,10.84,42106,46537902.44,1.10,-0.18,-0.02,0.99
2026-02-10,10.94,10.83,10.96,10.80,21426,23655628.47,1.47,-0.73,-0.08,0.50
2026-02-11,10.84,10.74,10.93,10.68,19727,21576163.26,2.31,-0.83,-0.09,0.46
2026-02-12,10.72,10.55,10.76,10.55,28225,30526525.18,1.96,-1.77,-0.19,0.66
2026-02-13,10.61,10.51,10.63,10.51,18297,19589022.00,1.14,-0.38,-0.04,0.43
2026-02-24,10.60,10.60,10.63,10.52,13782,14787658.40,1.05,0.86,0.09,0.32
2026-02-25,10.60,10.69,10.71,10.57,18583,20111014.70,1.32,0.85,0.09,0.44
2026-02-26,10.68,10.69,10.80,10.66,21664,23574009.45,1.31,0.00,0.00,0.51
2026-02-27,10.66,10.76,10.76,10.63,17095,18589501.36,1.22,0.65,0.07,0.40
2026-03-02,10.64,10.52,10.68,10.50,27110,29058606.07,1.67,-2.23,-0.24,0.64
2026-03-03,10.56,10.30,10.71,10.29,35714,38113996.24,3.99,-2.09,-0.22,0.84
2026-03-04,10.27,10.05,10.37,9.99,33551,34599673.05,3.69,-2.43,-0.25,0.79
2026-03-05,10.11,10.13,10.23,10.08,19648,20245063.89,1.49,0.80,0.08,0.46
2026-03-06,10.13,10.37,10.43,10.13,23645,24765703.21,2.96,2.37,0.24,0.55
2026-03-09,10.22,10.17,10.31,10.13,19969,20682231.53,1.74,-1.93,-0.20,0.47
2026-03-10,10.23,10.37,10.38,10.21,16438,17249005.06,1.67,1.97,0.20,0.39
2026-03-11,10.47,10.31,10.47,10.27,12799,13454468.72,1.93,-0.58,-0.06,0.30
2026-03-12,10.26,10.20,10.33,10.18,15035,15629271.39,1.45,-1.07,-0.11,0.35
2026-03-13,10.20,10.16,10.31,10.10,15939,16536832.09,2.06,-0.39,-0.04,0.37
2026-03-16,10.15,10.19,10.22,10.09,13821,14242597.86,1.28,0.30,0.03,0.32
2026-03-17,10.19,10.02,10.26,10.02,20583,21200279.28,2.36,-1.67,-0.17,0.48
2026-03-18,10.03,10.14,10.17,9.96,14147,14467517.02,2.10,1.20,0.12,0.33
2026-03-19,10.13,9.97,10.15,9.92,19398,19758446.78,2.27,-1.68,-0.17,0.45
2026-03-20,9.92,9.75,10.09,9.71,18156,18316406.34,3.81,-2.21,-0.22,0.43
2026-03-23,9.58,8.93,9.64,8.89,35454,33216054.23,7.69,-8.41,-0.82,0.83
2026-03-24,9.08,9.13,9.17,8.99,19346,17892392.61,2.02,2.24,0.20,0.45
2026-03-25,9.19,9.37,9.45,9.17,16591,15725702.64,3.07,2.63,0.24,0.39
2026-03-26,9.43,9.22,9.51,9.13,20872,19814461.41,4.06,-1.60,-0.15,0.49
2026-03-27,9.23,9.43,9.46,9.07,22865,21718592.86,4.23,2.28,0.21,0.54
2026-03-30,9.30,9.35,9.51,9.28,23531,22455120.88,2.44,-0.85,-0.08,0.55
2026-03-31,9.35,9.35,9.50,9.30,14309,13671266.97,2.14,0.00,0.00,0.34
2026-04-01,9.42,9.74,9.82,9.40,35772,35121537.78,4.49,4.17,0.39,0.84
2026-04-02,9.70,10.25,10.60,9.60,110815,115072773.13,10.27,5.24,0.51,2.60
2026-04-03,10.05,9.89,10.34,9.87,55297,56457273.77,4.59,-3.51,-0.36,1.30
2026-04-07,9.85,9.76,9.93,9.59,44795,44470102.72,3.44,-1.31,-0.13,1.05
2026-04-08,9.94,9.91,10.00,9.80,43064,43234732.29,2.05,1.54,0.15,1.01
2026-04-09,9.88,9.74,10.20,9.71,42117,42693413.84,4.94,-1.72,-0.17,0.99
2026-04-10,9.84,9.81,9.93,9.76,24194,24200128.30,1.75,0.72,0.07,0.57
2026-04-13,9.76,9.72,9.81,9.64,23508,23217155.54,1.73,-0.92,-0.09,0.55
2026-04-14,9.72,9.88,9.90,9.71,19240,19170113.54,1.95,1.65,0.16,0.45
2026-04-15,9.92,10.05,10.23,9.91,37196,37957200.51,3.24,1.72,0.17,0.87
2026-04-16,10.08,9.94,10.14,9.83,24569,24750526.21,3.08,-1.09,-0.11,0.58
2026-04-17,9.94,10.23,10.28,9.80,48775,50015105.79,4.83,2.92,0.29,1.14
2026-04-20,10.20,10.23,10.44,10.14,40346,42109839.06,2.93,0.00,0.00,0.95
2026-04-21,10.23,10.04,10.26,9.99,23988,24585644.86,2.64,-1.86,-0.19,0.56
2026-04-22,10.04,10.11,10.24,10.00,21490,22143999.15,2.39,0.70,0.07,0.50
2026-04-23,10.14,9.91,10.22,9.87,26067,26544868.64,3.46,-1.98,-0.20,0.61
2026-04-24,10.02,9.85,10.03,9.75,20877,20927013.45,2.83,-0.61,-0.06,0.49
2026-04-27,9.84,9.82,9.93,9.70,13712,13665195.08,2.34,-0.30,-0.03,0.32
2026-04-28,9.82,9.74,10.16,9.71,20749,20901995.61,4.58,-0.81,-0.08,0.49
2026-04-29,9.70,9.72,9.83,9.70,17741,17605034.68,1.33,-0.21,-0.02,0.42
2026-04-30,9.87,10.09,10.14,9.87,35918,36691518.97,2.78,3.81,0.37,0.84
2026-05-06,10.04,10.17,10.22,10.03,24122,24843137.37,1.88,0.79,0.08,0.57
2026-05-07,10.17,10.19,10.40,10.16,29990,31301899.78,2.36,0.20,0.02,0.70
2026-05-08,10.19,10.23,10.32,10.15,23496,24446846.87,1.67,0.39,0.04,0.55
2026-05-11,10.24,10.60,10.79,10.06,78371,83226256.00,7.14,3.62,0.37,1.84
2026-05-12,10.62,10.36,10.62,10.30,39585,41933423.13,3.02,-2.26,-0.24,0.93
2026-05-13,10.42,10.31,10.42,10.21,25310,26419054.07,2.03,-0.48,-0.05,0.59
2026-05-14,10.33,9.94,10.37,9.94,30449,31432287.64,4.17,-3.59,-0.37,0.71
2026-05-15,9.99,10.07,10.20,9.94,27506,28133448.51,2.62,1.31,0.13,0.64
2026-05-18,10.04,9.84,10.11,9.81,24254,24311592.59,2.98,-2.28,-0.23,0.57
2026-05-19,9.92,9.98,10.07,9.81,15604,15834227.78,2.64,1.42,0.14,0.37
2026-05-20,10.03,9.79,10.06,9.76,20418,20445959.89,3.01,-1.90,-0.19,0.48
2026-05-21,9.76,9.53,9.96,9.51,24639,24509471.02,4.60,-2.66,-0.26,0.58
2026-05-22,9.65,9.48,9.65,9.41,20329,19625176.62,2.52,-0.52,-0.05,0.48
2026-05-25,9.47,9.49,9.69,9.41,16416,15898353.35,2.95,0.11,0.01,0.38
2026-05-26,9.49,9.25,9.51,9.15,18507,17435463.09,3.79,-2.53,-0.24,0.43
2026-05-27,9.29,9.28,9.42,9.13,19386,18006946.25,3.14,0.32,0.03,0.45
2026-05-28,9.34,9.38,9.41,9.17,18540,17207626.97,2.59,1.08,0.10,0.43
2026-05-29,9.42,9.63,9.66,9.36,27420,26129297.32,3.20,2.67,0.25,0.64
2026-06-01,9.55,9.74,9.81,9.53,28178,27348969.09,2.91,1.14,0.11,0.66
2026-06-02,9.66,9.50,9.67,9.39,21720,20652315.93,2.87,-2.46,-0.24,0.51
2026-06-03,9.52,9.29,9.57,9.25,16281,15305046.45,3.37,-2.21,-0.21,0.38
2026-06-04,9.25,9.01,9.29,8.95,21823,19785809.34,3.66,-3.01,-0.28,0.51
2026-06-05,9.00,9.26,9.43,8.99,28766,26658249.56,4.88,2.77,0.25,0.67
2026-06-08,9.25,9.34,9.59,9.01,31972,29901710.04,6.26,0.86,0.08,0.75
2026-06-09,9.33,9.43,9.57,9.16,24440,22988023.27,4.39,0.96,0.09,0.57
2026-06-10,9.47,9.22,9.60,9.15,25286,23670262.25,4.77,-2.23,-0.21,0.59
2026-06-11,9.24,9.06,9.29,8.99,18417,16747548.33,3.25,-1.74,-0.16,0.43
2026-06-12,9.16,9.37,9.44,9.05,22177,20609423.56,4.30,3.42,0.31,0.52
2026-06-15,9.42,9.28,9.45,9.21,17460,16256870.99,2.56,-0.96,-0.09,0.41
2026-06-16,9.31,9.14,9.32,9.08,27435,25133877.73,2.59,-1.51,-0.14,0.64
2026-06-17,9.11,9.10,9.15,9.03,13525,12292904.39,1.31,-0.44,-0.04,0.32
2026-06-18,9.10,9.14,9.33,9.04,18775,17237606.78,3.19,0.44,0.04,0.44
2026-06-22,9.06,9.22,9.29,8.81,31155,28119048.35,5.25,0.88,0.08,0.73
2026-06-23,9.28,9.60,9.83,9.19,53079,50870308.82,6.94,4.12,0.38,1.24
2026-06-24,9.50,9.36,9.90,9.32,38976,37271068.70,6.04,-2.50,-0.24,0.91
2026-06-25,9.38,9.63,9.66,9.17,40860,38617955.09,5.24,2.88,0.27,0.96
2026-06-26,9.52,9.32,9.73,9.30,34567,32801052.47,4.47,-3.22,-0.31,0.81
2026-06-29,9.33,9.86,10.00,8.96,73714,70873570.56,11.16,5.79,0.54,1.73
2026-06-30,9.76,9.76,9.94,9.67,42354,41393616.95,2.74,-1.01,-0.10,0.99
2026-07-01,9.71,10.12,10.12,9.41,66424,65165731.11,7.27,3.69,0.36,1.56
2026-07-02,10.02,9.96,10.27,9.90,52087,52517627.42,3.66,-1.58,-0.16,1.22
2026-07-03,10.06,10.03,10.14,9.85,36053,35982586.61,2.91,0.70,0.07,0.84
2026-07-06,9.93,10.12,10.38,9.85,52654,53643550.49,5.28,0.90,0.09,1.23
2026-07-07,10.06,9.64,10.12,9.64,33794,33319504.52,4.74,-4.74,-0.48,0.79
2026-07-08,9.66,9.48,9.87,9.40,26986,26022447.18,4.88,-1.66,-0.16,0.63
2026-07-09,9.42,9.45,9.66,9.22,24599,23151025.37,4.64,-0.32,-0.03,0.58
2026-07-10,9.49,9.72,9.81,9.36,36136,34858451.80,4.76,2.86,0.27,0.85
2026-07-13,9.70,9.33,9.89,9.31,37682,36369033.90,5.97,-4.01,-0.39,0.88
2026-07-14,9.35,9.81,9.89,9.32,39358,37942893.72,6.11,5.14,0.48,0.92
2026-07-15,9.79,10.22,10.66,9.71,89683,92709716.02,9.68,4.18,0.41,2.10
2026-07-16,10.09,10.20,10.42,9.90,57978,59129080.96,5.09,-0.20,-0.02,1.36
2026-07-17,10.09,9.61,10.31,9.51,59011,58134087.56,7.84,-5.78,-0.59,1.38
2026-07-20,9.56,9.22,9.70,9.10,44878,42404652.67,6.24,-4.06,-0.39,1.05
2026-07-21,9.14,9.08,9.25,8.76,43102,38735059.72,5.31,-1.52,-0.14,1.01
2026-07-22,9.07,9.05,9.36,8.97,29414,26943447.38,4.30,-0.33,-0.03,0.69
2026-07-23,9.07,9.08,9.16,8.90,27763,25043306.31,2.87,0.33,0.03,0.65
2026-07-24,9.05,8.85,9.12,8.82,23097,20630936.33,3.30,-2.53,-0.23,0.54
2026-07-27,8.89,9.08,9.08,8.84,16389,14786869.41,2.71,2.60,0.23,0.38
2026-07-28,8.99,9.01,9.16,8.95,15362,13902949.11,2.31,-0.77,-0.07,0.36
2026-07-29,9.06,9.17,9.17,8.96,21760,19782439.52,2.33,1.78,0.16,0.51
2026-07-30,9.10,9.14,9.28,9.10,19021,17473701.32,1.96,-0.33,-0.03,0.45
2026-07-31,9.19,9.22,9.26,9.14,20148,18541987.17,1.31,0.88,0.08,0.47
2026-08-03,9.22,9.19,9.28,9.15,13916,12791881.07,1.41,-0.33,-0.03,0.33
2026-08-04,9.24,9.27,9.38,9.20,20654,19174194.31,1.96,0.87,0.08,0.48
2026-08-05,9.31,9.27,9.33,9.18,21553,19984394.09,1.62,0.00,0.00,0.51