2026-01-05,65.26,66.74,66.97,65.26,106043,714042774.00,2.62,2.27,1.48,0.92
2026-01-06,66.55,68.13,68.22,66.50,121773,834325004.00,2.58,2.08,1.39,1.06
2026-01-07,67.88,65.97,67.90,65.60,163035,1096635731.00,3.38,-3.17,-2.16,1.42
2026-01-08,65.97,66.11,67.20,64.40,147002,978271276.00,4.24,0.21,0.14,1.28
2026-01-09,65.89,67.30,67.52,65.70,143197,971591915.00,2.75,1.80,1.19,1.24
2026-01-12,67.15,70.57,71.10,66.95,211354,1487883868.00,6.17,4.86,3.27,1.84
2026-01-13,70.61,66.95,70.89,66.91,181078,1257051006.00,5.64,-5.13,-3.62,1.57
2026-01-14,67.16,67.65,70.05,67.16,201083,1397173939.00,4.32,1.05,0.70,1.75
2026-01-15,67.65,66.00,68.29,65.53,174170,1174416579.00,4.08,-2.44,-1.65,1.51
2026-01-16,65.90,65.30,66.75,64.88,175629,1165184899.00,2.83,-1.06,-0.70,1.53
2026-01-19,65.12,64.09,65.12,63.54,141560,920360927.00,2.42,-1.85,-1.21,1.23
2026-01-20,63.86,61.23,64.12,61.18,183568,1156555828.00,4.59,-4.46,-2.86,1.59
2026-01-21,61.20,60.80,61.59,60.64,133889,830632571.00,1.55,-0.70,-0.43,1.16
2026-01-22,61.07,61.27,62.26,60.75,119673,745639386.00,2.48,0.77,0.47,1.04
2026-01-23,61.27,62.85,63.65,61.20,176848,1123387079.00,4.00,2.58,1.58,1.54
2026-01-26,62.85,60.83,62.85,60.68,159396,988925241.00,3.45,-3.21,-2.02,1.38
2026-01-27,60.83,61.15,61.57,59.16,137996,846511000.00,3.96,0.53,0.32,1.20
2026-01-28,60.92,59.86,61.36,59.70,124555,762770853.00,2.71,-2.11,-1.29,1.08
2026-01-29,59.65,59.61,60.29,58.17,110855,670221781.00,3.54,-0.42,-0.25,0.96
2026-01-30,58.69,57.23,58.88,56.80,164077,958745952.00,3.49,-3.99,-2.38,1.43
2026-02-02,56.85,57.24,58.09,56.70,98142,573882248.00,2.43,0.02,0.01,0.85
2026-02-03,57.28,57.53,58.05,57.03,77639,452906191.00,1.78,0.51,0.29,0.67
2026-02-04,57.26,57.40,57.51,56.17,90245,521129311.00,2.33,-0.23,-0.13,0.78
2026-02-05,57.40,60.43,61.08,57.10,195267,1186423665.00,6.93,5.28,3.03,1.70
2026-02-06,59.76,59.60,60.39,59.20,81539,495421282.00,1.97,-1.37,-0.83,0.71
2026-02-09,59.90,59.51,60.17,59.00,74528,449747611.00,1.96,-0.15,-0.09,0.65
2026-02-10,59.72,59.95,60.67,59.13,87245,529747503.00,2.59,0.74,0.44,0.76
2026-02-11,59.90,59.80,60.78,59.65,80076,489086632.00,1.88,-0.25,-0.15,0.70
2026-02-12,59.62,58.74,59.97,58.67,82315,492986475.00,2.17,-1.77,-1.06,0.72
2026-02-13,58.41,57.73,59.17,57.73,62422,370116954.00,2.45,-1.72,-1.01,0.54
2026-02-24,58.00,57.57,58.10,57.22,63703,372964602.00,1.52,-0.28,-0.16,0.55
2026-02-25,57.50,57.35,57.97,57.23,59376,347078728.00,1.29,-0.38,-0.22,0.52
2026-02-26,57.20,56.82,57.35,56.37,78069,450142522.00,1.71,-0.92,-0.53,0.68
2026-02-27,56.87,56.91,57.91,56.86,78992,459546538.00,1.85,0.16,0.09,0.69
2026-03-02,56.21,54.27,56.25,53.00,157757,871077373.00,5.71,-4.64,-2.64,1.37
2026-03-03,54.23,53.18,55.29,52.83,131789,723928630.00,4.53,-2.01,-1.09,1.14
2026-03-04,52.70,52.25,53.14,51.63,98136,522381959.00,2.84,-1.75,-0.93,0.85
2026-03-05,53.10,52.77,53.28,52.50,79768,429554568.00,1.49,1.00,0.52,0.69
2026-03-06,52.53,58.60,60.26,51.92,283991,1648867330.00,15.80,11.05,5.83,2.47
2026-03-09,56.40,56.39,56.77,55.57,152621,871832433.00,2.05,-3.77,-2.21,1.33
2026-03-10,57.00,56.48,57.26,56.33,82715,476167071.00,1.65,0.16,0.09,0.72
2026-03-11,56.12,55.55,56.58,55.48,91021,516381626.00,1.95,-1.65,-0.93,0.79
2026-03-12,55.20,56.98,58.10,55.12,139964,813018280.00,5.36,2.57,1.43,1.22
2026-03-13,56.90,57.09,58.07,56.25,97859,569971029.00,3.19,0.19,0.11,0.85
2026-03-16,57.04,56.33,57.83,56.01,78512,452722832.00,3.19,-1.33,-0.76,0.68
2026-03-17,56.40,55.24,56.71,55.17,100437,568318341.00,2.73,-1.94,-1.09,0.87
2026-03-18,55.22,54.22,55.59,53.49,114110,626752716.00,3.80,-1.85,-1.02,0.99
2026-03-19,53.71,52.84,54.12,52.73,83087,450391832.00,2.56,-2.55,-1.38,0.72
2026-03-20,53.18,52.43,54.44,52.42,94175,510434914.00,3.82,-0.78,-0.41,0.82
2026-03-23,51.63,50.09,52.49,49.90,109808,566244282.00,4.94,-4.46,-2.34,0.95
2026-03-24,50.92,52.45,52.65,50.32,105260,551723204.00,4.65,4.71,2.36,0.91
2026-03-25,52.11,54.65,55.27,52.11,127186,698473908.00,6.02,4.19,2.20,1.10
2026-03-26,54.27,54.62,57.02,54.26,171327,968629886.00,5.05,-0.05,-0.03,1.49
2026-03-27,54.52,55.99,56.83,54.32,127985,726182383.00,4.60,2.51,1.37,1.11
2026-03-30,54.90,53.30,55.93,51.90,141092,759837469.00,7.20,-4.80,-2.69,1.23
2026-03-31,53.50,53.95,56.52,53.10,132467,741743757.00,6.42,1.22,0.65,1.15
2026-04-01,54.99,53.61,55.16,53.10,98607,539864101.00,3.82,-0.63,-0.34,0.86
2026-04-02,53.22,52.06,53.70,51.61,85688,455635984.00,3.90,-2.89,-1.55,0.74
2026-04-03,51.91,50.70,52.30,50.43,55622,288203775.00,3.59,-2.61,-1.36,0.48
2026-04-07,50.46,50.60,51.00,50.22,45065,232078376.00,1.54,-0.20,-0.10,0.39
2026-04-08,51.63,52.71,53.00,51.22,94923,503929374.00,3.52,4.17,2.11,0.82
2026-04-09,52.20,51.27,52.41,51.12,84833,445452527.00,2.45,-2.73,-1.44,0.74
2026-04-10,51.64,51.84,52.45,51.43,62742,332060893.00,1.99,1.11,0.57,0.55
2026-04-13,51.50,51.06,51.50,50.14,73087,377918199.00,2.62,-1.50,-0.78,0.63
2026-04-14,51.15,51.22,51.80,50.52,58168,301833418.00,2.51,0.31,0.16,0.51
2026-04-15,51.50,51.26,52.52,51.21,77332,408210435.00,2.56,0.08,0.04,0.67
2026-04-16,51.31,52.79,53.17,51.26,107232,568889794.00,3.73,2.98,1.53,0.93
2026-04-17,52.70,51.63,52.70,51.35,100434,528639012.00,2.56,-2.20,-1.16,0.87
2026-04-20,51.88,51.97,52.60,50.80,71720,378529503.00,3.49,0.66,0.34,0.62
2026-04-21,51.79,51.60,51.90,50.87,79547,414609176.00,1.98,-0.71,-0.37,0.69
2026-04-22,51.21,54.45,54.80,50.95,203100,1102407115.00,7.46,5.52,2.85,1.76
2026-04-23,54.50,53.56,54.77,52.95,110820,603607427.00,3.34,-1.63,-0.89,0.96
2026-04-24,53.38,53.48,54.46,53.11,89790,490979304.00,2.52,-0.15,-0.08,0.78
2026-04-27,53.55,56.90,58.27,52.55,227736,1290530463.00,10.70,6.39,3.42,1.98
2026-04-28,59.87,57.79,61.56,57.46,295856,1784786524.00,7.21,1.56,0.89,2.57
2026-04-29,58.10,57.54,58.90,56.87,134800,793831805.00,3.51,-0.43,-0.25,1.17
2026-04-30,57.30,56.85,57.90,56.06,137926,793770919.00,3.20,-1.20,-0.69,1.20
2026-05-06,56.85,57.21,58.09,56.21,157669,916079043.00,3.31,0.63,0.36,1.37
2026-05-07,57.23,56.67,57.60,56.19,135823,781783814.00,2.46,-0.94,-0.54,1.18
2026-05-08,56.67,56.52,57.24,56.12,95838,551299122.00,1.98,-0.26,-0.15,0.83
2026-05-11,56.60,58.41,58.83,56.22,181959,1071794034.00,4.62,3.34,1.89,1.58
2026-05-12,58.10,57.40,58.28,57.14,101076,591558425.00,1.95,-1.73,-1.01,0.88
2026-05-13,57.41,58.43,58.50,56.81,119119,698362863.00,2.94,1.79,1.03,1.03
2026-05-14,58.57,58.62,59.84,57.41,161320,963139787.00,4.16,0.33,0.19,1.40
2026-05-15,58.60,59.80,61.10,57.35,235952,1426876493.00,6.40,2.01,1.18,2.05
2026-05-18,59.79,61.55,61.72,58.80,209687,1286633937.00,4.88,2.93,1.75,1.82
2026-05-19,61.92,65.12,65.20,61.75,311639,2031450456.00,5.61,5.80,3.57,2.71
2026-05-20,65.10,63.32,65.11,62.80,190720,1233902670.00,3.55,-2.76,-1.80,1.66
2026-05-21,62.93,62.04,64.20,61.90,203581,1301444831.00,3.63,-2.02,-1.28,1.77
2026-05-22,62.38,63.36,64.11,62.00,128136,810346825.00,3.40,2.13,1.32,1.11
2026-05-25,63.54,63.38,64.10,60.97,177572,1109413219.00,4.94,0.03,0.02,1.54
2026-05-26,62.66,62.90,64.38,62.26,117782,746839456.00,3.34,-0.76,-0.48,1.02
2026-05-27,62.81,61.55,63.50,60.92,131754,816304037.00,4.10,-2.15,-1.35,1.14
2026-05-28,61.49,60.73,62.15,59.15,138842,839249620.00,4.87,-1.33,-0.82,1.21
2026-05-29,60.71,60.20,61.37,58.55,166304,997216573.00,4.64,-0.87,-0.53,1.44
2026-06-01,59.61,62.00,63.49,59.30,178527,1106988707.00,6.96,2.99,1.80,1.55
2026-06-02,62.17,62.26,62.73,60.53,113524,699904237.00,3.55,0.42,0.26,0.99
2026-06-03,61.50,62.88,65.34,61.20,207369,1315866691.00,6.65,1.00,0.62,1.80
2026-06-04,62.00,59.72,62.12,59.27,144415,875174855.00,4.53,-5.03,-3.16,1.25
2026-06-05,59.74,60.60,61.65,58.22,123101,745412923.00,5.74,1.47,0.88,1.07
2026-06-08,58.27,56.77,60.00,56.25,153908,886888180.00,6.19,-6.32,-3.83,1.34
2026-06-09,57.86,56.35,58.00,55.17,104333,585365365.00,4.99,-0.74,-0.42,0.91
2026-06-10,55.85,53.40,55.85,53.25,127265,687841782.00,4.61,-5.24,-2.95,1.11
2026-06-11,53.22,53.17,53.88,52.57,97246,517453352.00,2.45,-0.43,-0.23,0.84
2026-06-12,53.98,53.67,54.30,53.20,104015,560374083.00,2.07,0.94,0.50,0.90
2026-06-15,53.69,53.72,54.66,52.89,91986,493413706.00,3.30,0.09,0.05,0.80
2026-06-16,53.75,54.57,54.85,53.32,88754,483015540.00,2.85,1.58,0.85,0.77
2026-06-17,54.02,55.92,56.18,53.62,105867,584570732.00,4.69,2.47,1.35,0.92
2026-06-18,55.65,53.51,56.50,53.00,161283,876440869.00,6.26,-4.31,-2.41,1.40
2026-06-22,54.18,55.82,56.67,53.26,195583,1071567150.00,6.37,4.32,2.31,1.70
2026-06-23,55.90,55.91,57.79,54.60,139176,779290029.00,5.71,0.16,0.09,1.21
2026-06-24,56.50,53.80,56.60,53.40,160761,875995379.00,5.72,-3.77,-2.11,1.40
2026-06-25,53.40,55.55,56.84,53.00,169843,933934372.00,7.14,3.25,1.75,1.48
2026-06-26,55.24,56.81,57.72,54.37,162258,912375314.00,6.03,2.27,1.26,1.41
2026-06-29,56.45,57.00,57.33,54.47,152163,848676103.00,5.03,0.33,0.19,1.32
2026-06-30,56.72,58.95,60.15,56.60,160528,939814707.00,6.23,3.42,1.95,1.39