2026-01-05,4443.55,4426.66,4443.55,4409.65,3762593,3809365578.00,0.76,-0.45,-19.89,1.54
2026-01-06,4425.41,4485.44,4487.56,4421.24,4736782,5082432961.00,1.50,1.33,58.78,1.93
2026-01-07,4479.55,4443.61,4498.26,4438.98,3658753,4112734510.00,1.32,-0.93,-41.83,1.49
2026-01-08,4442.01,4445.79,4462.34,4433.90,3338693,3277925639.00,0.64,0.05,2.18,1.36
2026-01-09,4440.07,4436.82,4458.39,4415.34,3768046,4003084448.00,0.97,-0.20,-8.97,1.54
2026-01-12,4429.42,4442.11,4442.11,4404.72,4824454,4729371959.00,0.84,0.12,5.29,1.97
2026-01-13,4446.91,4380.65,4446.91,4373.56,5657376,5898908129.00,1.65,-1.38,-61.46,2.31
2026-01-14,4376.44,4377.75,4408.62,4333.88,5749947,5620907429.00,1.71,-0.07,-2.90,2.35
2026-01-15,4373.06,4359.94,4396.92,4348.11,3659407,4211639581.00,1.11,-0.41,-17.81,1.49
2026-01-16,4361.53,4297.31,4361.53,4291.31,4396408,6121153184.00,1.61,-1.44,-62.63,1.79
2026-01-19,4300.38,4348.25,4353.61,4300.38,3977777,4284397101.00,1.24,1.19,50.94,1.62
2026-01-20,4338.03,4323.95,4371.45,4315.27,5764553,5011866224.00,1.29,-0.56,-24.30,2.35
2026-01-21,4316.32,4281.36,4316.32,4273.06,3846818,4420814231.00,1.00,-0.98,-42.59,1.57
2026-01-22,4278.09,4286.30,4292.66,4271.22,3819393,4587329545.00,0.50,0.12,4.94,1.56
2026-01-23,4283.18,4298.69,4303.45,4283.07,4288229,4682677447.00,0.48,0.29,12.39,1.75
2026-01-26,4294.81,4345.06,4350.09,4256.20,6304070,6655401361.00,2.18,1.08,46.37,2.57
2026-01-27,4333.09,4247.07,4333.09,4225.49,4875036,5530995167.00,2.48,-2.26,-97.99,1.99
2026-01-28,4233.60,4268.68,4295.52,4208.06,4686916,5826849323.00,2.06,0.51,21.61,1.91
2026-01-29,4256.41,4334.20,4334.87,4245.78,5558776,6262420830.00,2.09,1.53,65.52,2.27
2026-01-30,4331.72,4366.97,4447.29,4318.67,7859089,9313233650.00,2.97,0.76,32.77,3.21
2026-02-02,4305.43,4220.54,4312.14,4212.65,6535536,6325877639.00,2.28,-3.35,-146.43,2.67
2026-02-03,4222.44,4228.77,4243.33,4169.07,3999561,4066546592.00,1.76,0.19,8.23,1.63
2026-02-04,4255.06,4272.28,4276.71,4214.25,3829208,4959422906.00,1.48,1.03,43.51,1.56
2026-02-05,4260.73,4259.40,4310.84,4251.43,3191272,3968664600.00,1.39,-0.30,-12.88,1.30
2026-02-06,4234.43,4255.52,4280.12,4224.43,2826162,3405348028.00,1.31,-0.09,-3.88,1.15
2026-02-09,4261.52,4274.16,4291.30,4259.66,2828915,3290806838.00,0.74,0.44,18.64,1.15
2026-02-10,4274.90,4238.12,4274.90,4234.50,2470589,2761727968.00,0.95,-0.84,-36.04,1.01
2026-02-11,4232.17,4236.98,4244.03,4215.50,2312864,2686075431.00,0.67,-0.03,-1.14,0.94
2026-02-12,4230.52,4176.10,4230.52,4175.50,2542137,2855168504.00,1.30,-1.44,-60.88,1.04
2026-02-13,4179.10,4150.78,4197.31,4143.25,2514975,2802049688.00,1.29,-0.61,-25.32,1.03
2026-02-24,4165.24,4164.59,4172.84,4143.47,2480452,3025708195.00,0.71,0.33,13.81,1.01
2026-02-25,4166.67,4205.48,4228.35,4166.67,2988528,2987903626.00,1.48,0.98,40.89,1.22
2026-02-26,4224.50,4194.58,4249.40,4186.59,3008825,3698627598.00,1.49,-0.26,-10.90,1.23
2026-02-27,4191.42,4265.90,4269.15,4189.00,3630526,5736388176.00,1.91,1.70,71.32,1.48
2026-03-02,4225.51,4232.12,4290.28,4211.69,3909900,4893642635.00,1.84,-0.79,-33.78,1.60
2026-03-03,4227.06,4233.47,4307.52,4220.92,4652948,5252741190.00,2.05,0.03,1.35,1.90
2026-03-04,4217.85,4246.71,4269.40,4204.61,4305455,5680120924.00,1.53,0.31,13.24,1.76
2026-03-05,4263.85,4193.52,4263.85,4177.02,3513720,3903083331.00,2.04,-1.25,-53.19,1.43
2026-03-06,4179.58,4367.27,4369.06,4174.65,7504812,9362658231.00,4.64,4.14,173.75,3.06
2026-03-09,4364.61,4377.23,4433.58,4363.61,7112466,9245691310.00,1.60,0.23,9.96,2.90
2026-03-10,4355.53,4394.70,4440.06,4346.16,4384682,5399877989.00,2.15,0.40,17.47,1.79
2026-03-11,4387.97,4435.12,4448.02,4375.58,4138960,5142817983.00,1.65,0.92,40.42,1.69
2026-03-12,4444.44,4521.66,4528.21,4408.28,7592637,7956169616.00,2.70,1.95,86.54,3.10
2026-03-13,4524.06,4474.48,4546.20,4466.40,5333699,5417744186.00,1.76,-1.04,-47.18,2.18
2026-03-16,4489.10,4480.69,4562.74,4469.29,4816715,5171397788.00,2.09,0.14,6.21,1.97
2026-03-17,4475.85,4442.18,4553.23,4440.02,4910477,5873428327.00,2.53,-0.86,-38.51,2.00
2026-03-18,4445.07,4441.61,4459.70,4403.12,3649874,4063692499.00,1.27,-0.01,-0.57,1.49
2026-03-19,4437.36,4419.90,4474.14,4381.01,3883613,4719957281.00,2.10,-0.49,-21.71,1.58
2026-03-20,4410.48,4340.46,4438.45,4329.18,4556281,5418193049.00,2.47,-1.80,-79.44,1.86
2026-03-23,4284.81,4086.68,4284.81,4064.59,7025521,8429462963.00,5.07,-5.85,-253.78,2.87
2026-03-24,4136.15,4117.12,4141.14,4026.99,4356974,6864757616.00,2.79,0.74,30.44,1.78
2026-03-25,4112.02,4144.43,4172.46,4094.12,3255963,3941912842.00,1.90,0.66,27.31,1.33
2026-03-26,4139.82,4095.41,4172.59,4084.11,2896391,3191855000.00,2.13,-1.18,-49.02,1.18
2026-03-27,4057.39,4157.94,4161.01,4047.35,3250728,3734855625.00,2.78,1.53,62.53,1.33
2026-03-30,4127.42,4174.04,4212.79,4122.53,3423207,4960907072.00,2.17,0.39,16.10,1.40
2026-03-31,4184.28,4098.89,4222.33,4094.36,3524908,5476206527.00,3.07,-1.80,-75.15,1.44
2026-04-01,4126.44,4061.17,4126.44,4036.25,2749241,3584316368.00,2.20,-0.92,-37.72,1.12
2026-04-02,4039.67,4118.99,4162.73,4031.83,4676247,5795003978.00,3.22,1.42,57.82,1.91
2026-04-03,4078.78,3963.57,4079.87,3953.69,3561098,3907794815.00,3.06,-3.77,-155.42,1.45
2026-04-07,3935.43,4055.51,4112.50,3897.33,4119432,5261212408.00,5.43,2.32,91.94,1.68
2026-04-08,4057.41,4111.68,4113.26,4042.24,4212031,4810151276.00,1.75,1.39,56.17,1.72
2026-04-09,4075.83,4023.23,4097.45,4012.52,2822744,3096366274.00,2.07,-2.15,-88.45,1.15
2026-04-10,4036.80,4000.09,4043.66,3992.87,2856874,3857107908.00,1.26,-0.58,-23.14,1.17
2026-04-13,3994.44,4129.59,4146.36,3987.35,5737623,5753895134.00,3.98,3.24,129.50,2.34
2026-04-14,4118.55,4319.47,4339.47,4103.83,12128947,9818132974.00,5.71,4.60,189.88,4.95
2026-04-15,4331.23,4372.85,4385.94,4307.59,13636620,8925548608.00,1.81,1.24,53.38,5.56
2026-04-16,4368.19,4330.13,4370.44,4279.45,10859997,6617826944.00,2.08,-0.98,-42.72,4.43
2026-04-17,4297.89,4280.93,4316.14,4236.52,9271084,5977996282.00,1.84,-1.14,-49.20,3.78
2026-04-20,4323.17,4293.91,4342.33,4241.75,8674416,5683171207.00,2.35,0.30,12.98,3.54
2026-04-21,4272.42,4244.40,4310.89,4228.95,6434585,4592880887.00,1.91,-1.15,-49.51,2.63
2026-04-22,4231.71,4248.74,4358.42,4231.71,10263621,7465442764.00,2.99,0.10,4.34,4.19
2026-04-23,4210.65,4168.80,4236.81,4132.92,7833763,6059158762.00,2.45,-1.88,-79.94,3.20
2026-04-24,4144.15,4059.71,4144.15,4046.58,6604879,4422362293.00,2.34,-2.62,-109.09,2.69
2026-04-27,4033.96,3980.62,4033.96,3967.52,4708181,4137648982.00,1.64,-1.95,-79.09,1.92
2026-04-28,3966.10,4025.54,4040.52,3933.86,6421297,5043785071.00,2.68,1.13,44.92,2.62
2026-04-29,4014.96,4146.81,4232.62,4008.97,11029233,8295987076.00,5.56,3.01,121.27,4.50
2026-04-30,4118.37,4193.45,4244.83,4109.33,9280845,6530088563.00,3.27,1.12,46.64,3.79
2026-05-06,4195.77,4230.85,4234.23,4179.86,8010023,6155310068.00,1.30,0.89,37.40,3.27
2026-05-07,4222.58,4199.20,4249.12,4175.66,6764914,5422027658.00,1.74,-0.75,-31.65,2.76
2026-05-08,4201.20,4155.35,4232.99,4144.20,4859947,3962733447.00,2.11,-1.04,-43.85,1.98
2026-05-11,4168.06,4249.94,4292.81,4139.31,8641822,7173824258.00,3.69,2.28,94.59,3.53
2026-05-12,4246.17,4125.77,4246.17,4113.35,7572719,6390517164.00,3.13,-2.92,-124.17,3.09
2026-05-13,4126.23,4075.03,4133.98,4067.51,5630008,4994960161.00,1.61,-1.23,-50.74,2.30
2026-05-14,4084.87,4205.43,4257.11,4062.97,10507552,7805835427.00,4.76,3.20,130.40,4.29
2026-05-15,4194.92,4111.10,4194.92,4095.88,8265363,5986584552.00,2.36,-2.24,-94.33,3.37
2026-05-18,4093.36,4001.76,4106.72,3975.90,6537651,6490424886.00,3.18,-2.66,-109.34,2.67
2026-05-19,4017.76,4043.53,4048.38,3945.91,6332356,5068628969.00,2.56,1.04,41.77,2.58
2026-05-20,4018.89,3980.33,4058.05,3955.26,4749118,3734081955.00,2.54,-1.56,-63.20,1.94
2026-05-21,3978.00,3903.38,4022.63,3893.53,5253244,4142397494.00,3.24,-1.93,-76.95,2.14
2026-05-22,3929.05,3875.74,3963.38,3864.51,5505926,4821698485.00,2.53,-0.71,-27.64,2.25
2026-05-25,3864.54,3869.72,3892.29,3836.22,4563877,3772522690.00,1.45,-0.16,-6.02,1.86
2026-05-26,3853.09,3841.08,3878.18,3808.15,4476343,3494632568.00,1.81,-0.74,-28.64,1.83
2026-05-27,3833.91,3740.00,3836.67,3722.53,5238176,4030764606.00,2.97,-2.63,-101.08,2.14
2026-05-28,3733.27,3685.52,3750.71,3638.65,4003027,3659966396.00,3.00,-1.46,-54.48,1.63
2026-05-29,3677.11,3705.81,3741.73,3653.71,5227887,4667105013.00,2.39,0.55,20.29,2.13
2026-06-01,3698.26,3767.84,3777.37,3672.81,4087414,3707469825.00,2.82,1.67,62.03,1.67
2026-06-02,3761.28,3678.10,3764.32,3662.97,4478014,4400275898.00,2.69,-2.38,-89.74,1.83
2026-06-03,3679.24,3667.95,3681.34,3613.08,3974764,4001134835.00,1.86,-0.28,-10.15,1.62
2026-06-04,3657.37,3571.99,3696.86,3560.50,4323243,4196398143.00,3.72,-2.62,-95.96,1.76
2026-06-05,3566.57,3542.49,3602.83,3515.59,3722987,3212727020.00,2.44,-0.83,-29.50,1.52
2026-06-08,3498.34,3488.18,3608.41,3458.85,4200004,3862430361.00,4.22,-1.53,-54.31,1.71
2026-06-09,3508.97,3504.04,3528.98,3463.93,3606646,3174751165.00,1.86,0.45,15.86,1.47
2026-06-10,3521.16,3569.41,3598.62,3509.80,3771776,3573751143.00,2.53,1.87,65.37,1.54
2026-06-11,3578.97,3583.35,3616.25,3539.53,4082156,3551577755.00,2.15,0.39,13.94,1.67
2026-06-12,3577.45,3606.87,3641.46,3557.10,5624810,6129732875.00,2.35,0.66,23.52,2.29
2026-06-15,3627.91,3591.14,3649.96,3556.54,4523270,4555305820.00,2.59,-0.44,-15.73,1.85
2026-06-16,3569.65,3598.18,3602.73,3514.50,3502007,3290032373.00,2.46,0.20,7.04,1.43
2026-06-17,3589.77,3532.21,3589.77,3515.50,3638727,3699992900.00,2.06,-1.83,-65.97,1.48
2026-06-18,3523.66,3440.53,3525.07,3440.41,4931299,4563016496.00,2.40,-2.60,-91.68,2.01
2026-06-22,3428.75,3484.64,3490.72,3379.57,4658076,4567245141.00,3.23,1.28,44.11,1.90
2026-06-23,3503.09,3495.50,3600.33,3489.06,4856794,5085747487.00,3.19,0.31,10.86,1.98
2026-06-24,3498.34,3380.95,3498.34,3372.22,3964446,3599732637.00,3.61,-3.28,-114.55,1.62
2026-06-25,3363.55,3378.21,3395.06,3316.15,3949755,3636872015.00,2.33,-0.08,-2.74,1.61
2026-06-26,3401.87,3439.08,3518.31,3350.49,6263410,7092155377.00,4.97,1.80,60.87,2.56
2026-06-29,3439.96,3581.23,3612.35,3421.41,7066544,8799926312.00,5.55,4.13,142.15,2.88
2026-06-30,3520.17,3539.68,3604.08,3503.56,4736187,5816570622.00,2.81,-1.16,-41.55,1.93
2026-07-01,3548.47,3766.04,3817.20,3524.43,7980221,8624164685.00,8.27,6.39,226.36,3.26
2026-07-02,3784.24,3748.41,3837.70,3717.32,7441520,7644289840.00,3.20,-0.47,-17.63,3.04
2026-07-03,3749.88,3717.68,3784.23,3672.81,5270012,5680778480.00,2.97,-0.82,-30.73,2.15
2026-07-06,3774.80,3890.28,3897.33,3739.36,8244084,8808241170.00,4.25,4.64,172.60,3.36
2026-07-07,3857.16,3839.12,3893.97,3804.10,5154911,6273663154.00,2.31,-1.32,-51.16,2.10
2026-07-08,3818.79,3724.69,3819.77,3718.39,4247958,5356495787.00,2.64,-2.98,-114.43,1.73
2026-07-09,3710.10,3738.97,3771.60,3680.43,3890107,4653551935.00,2.45,0.38,14.28,1.59
2026-07-10,3724.99,3844.11,3880.16,3699.59,5351437,6164537022.00,4.83,2.81,105.14,2.18
2026-07-13,3821.97,3839.71,3881.77,3806.70,5018188,6739422542.00,1.95,-0.11,-4.40,2.05
2026-07-14,3806.99,3801.65,3820.01,3766.62,3575718,4461120186.00,1.39,-0.99,-38.06,1.46
2026-07-15,3770.59,3856.76,3919.25,3765.87,4796689,6109080687.00,4.03,1.45,55.11,1.96
2026-07-16,3845.24,3936.42,3963.86,3842.61,5973203,7834664479.00,3.14,2.07,79.66,2.44
2026-07-17,3904.46,3810.22,3945.03,3778.82,5277203,6698775381.00,4.22,-3.21,-126.20,2.15
2026-07-20,3789.68,3819.22,3875.29,3748.97,5018595,6694622146.00,3.32,0.24,9.00,2.05
2026-07-21,3794.93,3762.63,3817.56,3703.04,4838669,6318889864.00,3.00,-1.48,-56.59,1.97
2026-07-22,3746.55,3781.99,3792.74,3720.56,3694728,4997178900.00,1.92,0.51,19.36,1.51
2026-07-23,3759.57,3785.46,3799.46,3727.94,3235340,4204923207.00,1.89,0.09,3.47,1.32
2026-07-24,3770.88,3675.70,3790.43,3674.83,3272683,3270337967.00,3.05,-2.90,-109.76,1.34
2026-07-27,3667.08,3738.21,3740.36,3649.88,2673639,2972687135.00,2.46,1.70,62.51,1.09
2026-07-28,3716.48,3730.01,3772.58,3714.94,2747481,3226816757.00,1.54,-0.22,-8.20,1.12
2026-07-29,3732.43,3741.15,3767.35,3710.13,3238731,4053214392.00,1.53,0.30,11.14,1.32