2026-01-05,81.14,80.75,81.16,78.19,22320,178277396.00,3.68,-0.02,-0.02,1.81
2026-01-06,80.34,83.03,83.84,80.25,38801,318561443.00,4.45,2.82,2.28,3.15
2026-01-07,82.46,80.25,83.54,79.03,45047,363603071.00,5.43,-3.35,-2.78,3.65
2026-01-08,79.44,81.11,82.67,79.34,32012,261557008.00,4.15,1.07,0.86,2.60
2026-01-09,81.11,81.42,82.87,80.04,31923,260599797.00,3.49,0.38,0.31,2.59
2026-01-12,81.33,78.56,82.04,77.52,66630,525231762.00,5.55,-3.51,-2.86,5.41
2026-01-13,78.46,77.30,78.47,76.85,28291,219125121.00,2.06,-1.60,-1.26,2.30
2026-01-14,77.30,77.74,79.03,77.24,31904,249503220.00,2.32,0.57,0.44,2.59
2026-01-15,84.71,86.14,87.67,82.34,116103,990108787.00,6.86,10.81,8.40,9.42
2026-01-16,86.62,85.44,86.72,83.50,51473,436607381.00,3.74,-0.81,-0.70,4.18
2026-01-19,84.04,87.03,88.83,82.84,52615,459493283.00,7.01,1.86,1.59,4.27
2026-01-20,87.00,87.19,88.83,84.44,44751,392207600.00,5.04,0.18,0.16,3.63
2026-01-21,86.83,89.60,91.48,85.86,54857,492830044.00,6.45,2.76,2.41,4.45
2026-01-22,88.96,88.78,90.63,87.71,34893,311073470.00,3.26,-0.92,-0.82,2.83
2026-01-23,88.72,88.57,90.71,87.95,28836,256255791.00,3.11,-0.24,-0.21,2.34
2026-01-26,88.72,86.08,88.72,85.70,29018,251606294.00,3.41,-2.81,-2.49,2.35
2026-01-27,86.70,91.97,93.81,86.54,69454,637295883.00,8.45,6.84,5.89,5.63
2026-01-28,90.42,91.07,92.38,90.42,28591,260569963.00,2.13,-0.98,-0.90,2.32
2026-01-29,90.70,91.16,92.71,87.51,37939,343313977.00,5.71,0.10,0.09,3.08
2026-01-30,90.24,87.02,90.84,85.52,42752,373051277.00,5.84,-4.54,-4.14,3.47
2026-02-02,86.03,75.72,87.46,72.95,131221,1014839783.00,16.67,-12.99,-11.30,10.65
2026-02-03,74.85,75.42,75.65,73.49,52195,390332018.00,2.85,-0.40,-0.30,4.23
2026-02-04,74.64,74.41,75.12,73.51,28956,215390930.00,2.13,-1.34,-1.01,2.35
2026-02-05,74.34,72.09,74.34,71.14,35050,253829069.00,4.30,-3.12,-2.32,2.84
2026-02-06,71.34,71.84,72.62,70.86,21732,157033495.00,2.44,-0.35,-0.25,1.76
2026-02-09,72.38,71.78,72.72,71.39,27706,199920964.00,1.85,-0.08,-0.06,2.25
2026-02-10,71.83,72.21,73.12,71.15,26864,193819714.00,2.74,0.60,0.43,2.18
2026-02-11,71.86,72.04,72.66,71.86,17295,125283543.00,1.11,-0.24,-0.17,1.40
2026-02-12,72.00,73.97,74.51,71.52,32230,236290852.00,4.15,2.68,1.93,2.61
2026-02-13,73.74,72.41,74.07,72.17,18533,136063489.00,2.57,-2.11,-1.56,1.50
2026-02-24,73.13,76.64,77.02,72.49,45110,340818033.00,6.26,5.84,4.23,3.66
2026-02-25,76.16,75.85,77.61,75.65,23931,182864327.00,2.56,-1.03,-0.79,1.94
2026-02-26,75.87,78.84,80.12,75.45,40763,318435548.00,6.16,3.94,2.99,3.31
2026-02-27,77.83,77.36,78.63,76.74,21597,167441540.00,2.40,-1.88,-1.48,1.75
2026-03-02,76.24,74.72,76.81,74.28,32832,247197968.00,3.27,-3.41,-2.64,2.66
2026-03-03,75.00,75.06,77.24,74.52,32874,249234663.00,3.64,0.46,0.34,2.67
2026-03-04,73.87,75.37,77.13,73.87,23061,174613425.00,4.34,0.41,0.31,1.87
2026-03-05,76.36,75.33,76.52,74.73,17923,135511825.00,2.37,-0.05,-0.04,1.45
2026-03-06,74.92,76.50,77.69,74.68,26653,204493626.00,4.00,1.55,1.17,2.16
2026-03-09,75.44,77.62,77.69,74.33,23635,180071645.00,4.39,1.46,1.12,1.92
2026-03-10,77.53,77.76,78.94,77.00,21040,164271943.00,2.50,0.18,0.14,1.71
2026-03-11,77.76,80.51,81.10,77.06,35998,287272666.00,5.20,3.54,2.75,2.92
2026-03-12,79.88,90.08,93.60,78.84,132401,1154385988.00,18.33,11.89,9.57,10.74
2026-03-13,90.08,85.26,90.08,83.03,126251,1090917943.00,7.83,-5.35,-4.82,10.24
2026-03-16,87.78,85.32,89.13,84.84,85096,739062003.00,5.03,0.07,0.06,6.90
2026-03-17,83.06,83.99,87.58,82.90,73743,631877201.00,5.49,-1.56,-1.33,5.98
2026-03-18,84.77,84.49,86.97,81.85,71483,601592712.00,6.10,0.60,0.50,5.80
2026-03-19,82.69,82.50,85.31,81.64,42444,355448269.00,4.34,-2.36,-1.99,3.44
2026-03-20,83.52,85.26,88.28,82.85,72213,617535291.00,6.58,3.35,2.76,5.86
2026-03-23,83.84,86.72,90.83,83.24,78654,688056177.00,8.90,1.71,1.46,6.38
2026-03-24,85.87,86.90,87.24,81.64,64111,545411975.00,6.46,0.21,0.18,5.20
2026-03-25,85.84,86.24,87.72,83.84,49453,425423534.00,4.46,-0.76,-0.66,4.01
2026-03-26,85.24,81.34,85.83,79.61,61715,511746520.00,7.21,-5.68,-4.90,5.01
2026-03-27,78.84,75.45,79.33,73.95,90407,686351756.00,6.61,-7.24,-5.89,7.33
2026-03-30,74.00,72.29,76.10,71.85,71930,526886018.00,5.63,-4.19,-3.16,5.84
2026-03-31,72.27,67.78,72.59,66.83,85447,595741634.00,7.97,-6.24,-4.51,6.93
2026-04-01,68.82,68.34,69.10,67.44,53091,363986331.00,2.45,0.83,0.56,4.31
2026-04-02,67.94,65.13,69.54,64.74,62013,414906195.00,7.02,-4.70,-3.21,5.03
2026-04-03,65.82,63.85,65.82,62.95,43696,279647593.00,4.41,-1.97,-1.28,3.55
2026-04-07,63.85,65.14,65.42,63.50,35672,232497379.00,3.01,2.02,1.29,2.89
2026-04-08,66.24,66.80,67.68,66.12,53293,357636605.00,2.39,2.55,1.66,4.32
2026-04-09,66.46,65.03,66.46,64.58,47160,307734740.00,2.81,-2.65,-1.77,3.83
2026-04-10,65.64,65.90,67.00,65.49,41464,274968936.00,2.32,1.34,0.87,3.36
2026-04-13,65.34,65.17,66.71,64.85,47548,313315265.00,2.82,-1.11,-0.73,3.86
2026-04-14,65.44,66.06,66.31,64.43,40999,269230546.00,2.88,1.37,0.89,3.33
2026-04-15,66.33,66.11,67.23,65.84,39726,264573570.00,2.10,0.08,0.05,3.22
2026-04-16,66.09,65.75,66.77,65.41,54780,362075954.00,2.06,-0.54,-0.36,4.44
2026-04-17,65.52,66.56,67.09,65.52,52704,351789746.00,2.39,1.23,0.81,4.28
2026-04-20,66.24,66.81,67.13,64.96,43796,291865516.00,3.26,0.38,0.25,3.55
2026-04-21,66.84,65.93,67.29,65.35,41222,273269606.00,2.90,-1.32,-0.88,3.34
2026-04-22,65.39,64.90,66.14,64.44,64221,419718447.00,2.58,-1.56,-1.03,5.21
2026-04-23,64.82,64.24,65.39,63.13,50631,324862922.00,3.48,-1.02,-0.66,4.11
2026-04-24,63.95,63.55,65.41,63.22,34299,219805410.00,3.41,-1.07,-0.69,2.78
2026-04-27,62.97,63.32,64.04,62.34,27667,175808810.00,2.68,-0.36,-0.23,2.24
2026-04-28,63.29,60.50,63.29,60.09,60020,369479110.00,5.05,-4.45,-2.82,4.87
2026-04-29,56.16,61.56,63.74,54.64,107685,637347939.00,15.04,1.75,1.06,8.74
2026-04-30,61.45,62.38,62.71,60.65,44685,278109161.00,3.35,1.33,0.82,3.63
2026-05-06,62.34,62.05,63.43,61.82,52604,329742460.00,2.58,-0.53,-0.33,4.27
2026-05-07,62.25,60.90,62.44,60.69,44713,274553590.00,2.82,-1.85,-1.15,3.63
2026-05-08,60.84,60.34,60.85,59.53,34898,210407470.00,2.17,-0.92,-0.56,2.83
2026-05-11,60.35,61.75,63.14,60.35,53983,337283791.00,4.62,2.34,1.41,4.38
2026-05-12,61.35,61.55,62.74,60.75,36045,223190207.00,3.22,-0.32,-0.20,2.92
2026-05-13,61.43,70.10,71.84,61.20,147510,977504831.00,17.29,13.89,8.55,11.97
2026-05-14,69.34,66.81,70.74,66.74,95668,654555181.00,5.71,-4.69,-3.29,7.76
2026-05-15,66.84,67.04,69.47,65.96,76413,517098034.00,5.25,0.34,0.23,6.20
2026-05-18,66.44,70.52,71.72,65.34,100759,706832242.00,9.52,5.19,3.48,8.17
2026-05-19,69.74,69.72,70.52,68.45,62510,434828126.00,2.94,-1.13,-0.80,5.07
2026-05-20,68.92,68.64,70.54,67.44,58853,408097542.00,4.45,-1.55,-1.08,4.77
2026-05-21,68.44,64.95,68.44,64.89,59006,394920469.00,5.17,-5.38,-3.69,4.79
2026-05-22,64.84,70.34,71.34,64.52,94596,648719195.00,10.50,8.30,5.39,7.67
2026-05-25,70.84,68.14,70.84,67.53,52340,361565925.00,4.71,-3.13,-2.20,4.25
2026-05-26,67.92,66.34,68.34,65.21,50727,335905711.00,4.59,-2.64,-1.80,4.12
2026-05-27,66.20,64.76,68.84,64.17,46363,305344000.00,7.04,-2.38,-1.58,3.76
2026-05-28,64.77,66.17,67.84,64.17,56139,372777649.00,5.67,2.18,1.41,4.55
2026-05-29,66.16,62.01,66.16,61.85,59413,374681582.00,6.51,-6.29,-4.16,4.82
2026-06-01,62.01,60.97,63.40,60.84,32649,203317857.00,4.13,-1.68,-1.04,2.65
2026-06-02,60.84,59.44,60.95,57.40,61774,364036282.00,5.82,-2.51,-1.53,5.01
2026-06-03,59.19,56.84,59.19,56.46,40723,235246520.00,4.59,-4.37,-2.60,3.30
2026-06-04,55.87,56.04,57.90,55.64,28674,162606845.00,3.98,-1.41,-0.80,2.33
2026-06-05,56.22,50.97,56.34,50.56,87297,455641245.00,10.31,-9.05,-5.07,7.08
2026-06-08,50.72,47.34,50.72,46.84,59853,292260526.00,7.61,-7.12,-3.63,4.86
2026-06-09,47.91,47.98,48.28,46.02,54232,256455402.00,4.77,1.35,0.64,4.40
2026-06-10,47.44,47.35,47.92,46.32,33480,157277720.00,3.33,-1.31,-0.63,2.72
2026-06-11,47.00,46.21,47.50,45.83,31466,146239052.00,3.53,-2.41,-1.14,2.55
2026-06-12,46.95,46.39,47.97,45.95,38684,181302085.00,4.37,0.39,0.18,3.14
2026-06-15,46.51,47.00,47.00,46.10,31943,148846675.00,1.94,1.31,0.61,2.59
2026-06-16,47.00,47.59,48.78,46.20,41708,198292816.00,5.49,1.26,0.59,3.38
2026-06-17,47.39,45.72,47.47,45.01,51465,237714899.00,5.17,-3.93,-1.87,4.18
2026-06-18,45.62,45.67,46.66,45.01,30265,138640001.00,3.61,-0.11,-0.05,2.46
2026-06-22,45.41,45.55,45.88,43.23,49492,220862911.00,5.80,-0.26,-0.12,4.02
2026-06-23,45.05,44.90,46.37,44.59,29650,134813107.00,3.91,-1.43,-0.65,2.41
2026-06-24,44.80,44.33,45.00,43.28,32402,142255786.00,3.83,-1.27,-0.57,2.63
2026-06-25,44.16,43.53,44.70,43.30,28652,125427777.00,3.16,-1.80,-0.80,2.32
2026-06-26,45.01,43.60,48.00,43.53,83520,378980706.00,10.27,0.16,0.07,6.78
2026-06-29,42.78,42.55,43.30,41.11,54252,230370100.00,5.02,-2.41,-1.05,4.40
2026-06-30,43.10,42.90,44.56,42.57,45754,198295793.00,4.68,0.82,0.35,3.71
2026-07-01,42.74,43.13,43.94,41.69,43190,184419451.00,5.24,0.54,0.23,3.50
2026-07-02,42.76,43.09,43.80,42.50,36549,158120385.00,3.01,-0.09,-0.04,2.97
2026-07-03,43.20,44.69,45.22,42.91,43693,194099016.00,5.36,3.71,1.60,3.54
2026-07-06,44.41,43.84,45.30,43.00,46692,205685652.00,5.15,-1.90,-0.85,3.79
2026-07-07,43.52,41.80,44.29,41.73,31024,131962024.00,5.84,-4.65,-2.04,2.52
2026-07-08,41.82,40.60,42.17,40.30,27990,114986792.00,4.47,-2.87,-1.20,2.27
2026-07-09,40.58,40.00,40.88,39.43,29869,119415385.00,3.57,-1.48,-0.60,2.42
2026-07-10,40.47,41.00,42.42,39.20,44944,184403842.00,8.05,2.50,1.00,3.65
2026-07-13,41.48,38.74,41.48,38.61,40224,158017669.00,7.00,-5.51,-2.26,3.26
2026-07-14,38.75,38.58,38.85,37.88,29264,112378483.00,2.50,-0.41,-0.16,2.37
2026-07-15,38.55,38.71,39.25,38.25,26794,103571432.00,2.59,0.34,0.13,2.17
2026-07-16,38.23,39.32,40.18,38.08,32585,127843993.00,5.42,1.58,0.61,2.64
2026-07-17,39.23,37.81,39.77,37.70,37267,143431932.00,5.26,-3.84,-1.51,3.02
2026-07-20,37.79,38.52,39.12,37.34,34083,130328885.12,4.71,1.88,0.71,2.77