2026-01-05,12.18,12.53,12.59,12.17,65875,82464230.00,3.45,3.04,0.37,1.58
2026-01-06,12.59,12.60,12.72,12.50,62854,79417837.00,1.76,0.56,0.07,1.51
2026-01-07,12.61,12.62,12.72,12.54,64509,81825913.00,1.43,0.16,0.02,1.54
2026-01-08,12.64,12.88,12.89,12.63,84918,109159321.00,2.06,2.06,0.26,2.03
2026-01-09,12.86,12.85,12.88,12.66,76232,97890132.00,1.71,-0.23,-0.03,1.83
2026-01-12,12.85,12.94,12.94,12.78,77495,100233713.00,1.25,0.70,0.09,1.86
2026-01-13,12.96,13.53,13.79,12.96,192739,260579685.00,6.41,4.56,0.59,4.62
2026-01-14,13.34,13.14,13.40,12.77,161202,213542362.00,4.66,-2.88,-0.39,3.86
2026-01-15,13.01,12.79,13.05,12.72,85512,110121002.00,2.51,-2.66,-0.35,2.05
2026-01-16,12.83,12.68,12.88,12.62,60731,77476172.00,2.03,-0.86,-0.11,1.45
2026-01-19,12.64,12.74,12.79,12.64,44689,57153976.00,1.18,0.47,0.06,1.07
2026-01-20,12.74,12.60,12.83,12.52,57080,72609496.00,2.43,-1.10,-0.14,1.37
2026-01-21,12.54,12.63,12.66,12.46,40628,51320950.00,1.59,0.24,0.03,0.97
2026-01-22,12.63,12.72,12.72,12.54,41385,52662320.00,1.43,0.71,0.09,0.99
2026-01-23,12.78,12.91,12.95,12.69,62086,80198742.00,2.04,1.49,0.19,1.49
2026-01-26,13.14,13.72,14.17,13.04,272177,370995021.00,8.75,6.27,0.81,6.52
2026-01-27,13.94,13.89,14.36,13.18,277564,384758760.00,8.60,1.24,0.17,6.65
2026-01-28,13.75,13.38,13.81,13.35,159754,216785826.00,3.31,-3.67,-0.51,3.83
2026-01-29,13.30,12.89,13.33,12.80,126691,165591106.00,3.96,-3.66,-0.49,3.03
2026-01-30,12.88,12.79,13.23,12.67,89582,116035934.00,4.34,-0.78,-0.10,2.15
2026-02-02,12.62,12.53,12.87,12.49,61179,77966831.00,2.97,-2.03,-0.26,1.47
2026-02-03,12.64,12.68,12.72,12.50,47903,60686837.00,1.76,1.20,0.15,1.15
2026-02-04,12.79,12.82,12.99,12.67,45823,58823434.00,2.52,1.10,0.14,1.10
2026-02-05,12.82,12.87,12.99,12.81,63334,81964329.00,1.40,0.39,0.05,1.52
2026-02-06,12.95,13.17,13.44,12.86,115459,152188462.00,4.51,2.33,0.30,2.76
2026-02-09,13.07,13.14,13.22,13.03,71098,93590702.00,1.44,-0.23,-0.03,1.70
2026-02-10,13.10,12.96,13.26,12.96,62363,82155317.00,2.28,-1.37,-0.18,1.49
2026-02-11,12.94,12.81,13.00,12.81,57725,74797668.00,1.47,-1.16,-0.15,1.38
2026-02-12,12.80,12.60,12.88,12.59,52187,66424914.00,2.26,-1.64,-0.21,1.25
2026-02-13,12.68,12.57,12.72,12.55,31664,40221702.00,1.35,-0.24,-0.03,0.76
2026-02-24,12.64,12.70,12.72,12.60,31102,39586661.00,0.95,1.03,0.13,0.74
2026-02-25,12.70,12.91,12.92,12.67,44843,57730986.00,1.97,1.65,0.21,1.07
2026-02-26,12.89,12.75,12.90,12.70,39197,50323776.00,1.55,-1.24,-0.16,0.94
2026-02-27,12.77,12.76,12.81,12.67,30552,39087389.00,1.10,0.08,0.01,0.73
2026-03-02,12.62,12.31,12.62,12.23,64634,80360624.00,3.06,-3.53,-0.45,1.55
2026-03-03,12.30,11.86,12.44,11.86,58365,71009626.00,4.71,-3.66,-0.45,1.40
2026-03-04,11.74,11.84,11.92,11.69,33263,39472368.00,1.94,-0.17,-0.02,0.80
2026-03-05,12.01,11.91,12.04,11.84,30786,36927742.00,1.69,0.59,0.07,0.74
2026-03-06,11.83,12.14,12.18,11.82,31553,38306691.00,3.02,1.93,0.23,0.76
2026-03-09,12.05,12.18,12.21,11.95,32766,39952973.00,2.14,0.33,0.04,0.78
2026-03-10,12.22,12.36,12.39,12.21,27988,34608023.00,1.48,1.48,0.18,0.67
2026-03-11,12.45,12.32,12.46,12.20,34110,42206138.00,2.10,-0.32,-0.04,0.82
2026-03-12,12.40,12.17,12.40,12.10,29126,35660048.00,2.44,-1.22,-0.15,0.70
2026-03-13,12.19,12.21,12.37,12.11,29588,36422469.00,2.14,0.33,0.04,0.71
2026-03-16,12.23,12.25,12.31,12.14,26240,32214298.00,1.39,0.33,0.04,0.63
2026-03-17,12.23,12.11,12.36,12.10,34445,42330766.00,2.12,-1.14,-0.14,0.82
2026-03-18,12.10,12.33,12.34,12.03,29344,35928953.00,2.56,1.82,0.22,0.70
2026-03-19,12.25,11.99,12.31,11.94,34951,42385999.00,3.00,-2.76,-0.34,0.84
2026-03-20,12.06,11.69,12.14,11.64,30242,36137157.00,4.17,-2.50,-0.30,0.72
2026-03-23,11.69,10.98,11.69,10.89,50501,57072955.00,6.84,-6.07,-0.71,1.21
2026-03-24,11.23,11.61,11.62,11.20,57561,66006318.00,3.83,5.74,0.63,1.38
2026-03-25,11.60,11.67,11.75,11.53,30385,35591309.00,1.89,0.52,0.06,0.73
2026-03-26,11.66,11.55,11.93,11.52,35213,41393478.00,3.51,-1.03,-0.12,0.84
2026-03-27,11.45,12.01,12.01,11.39,43044,51273268.00,5.37,3.98,0.46,1.03
2026-03-30,11.94,12.06,12.14,11.87,31423,37984595.00,2.25,0.42,0.05,0.75
2026-03-31,12.08,11.98,12.17,11.85,40798,49179774.00,2.65,-0.66,-0.08,0.98
2026-04-01,12.06,12.28,12.32,11.91,66988,82009125.00,3.42,2.50,0.30,1.60
2026-04-02,12.24,12.40,12.54,12.15,79126,98605865.00,3.18,0.98,0.12,1.89
2026-04-03,12.35,12.01,12.35,11.99,58791,71560545.00,2.90,-3.15,-0.39,1.41
2026-04-07,12.01,12.19,12.25,11.69,39907,48430521.00,4.66,1.50,0.18,0.96
2026-04-08,12.24,12.37,12.63,12.21,63732,78890595.00,3.45,1.48,0.18,1.53
2026-04-09,12.28,11.99,12.42,11.95,55872,68215062.00,3.80,-3.07,-0.38,1.34
2026-04-10,11.99,12.09,12.24,11.94,41529,50457396.00,2.50,0.83,0.10,0.99
2026-04-13,12.14,11.98,12.14,11.91,32610,39276442.00,1.90,-0.91,-0.11,0.78
2026-04-14,12.06,12.00,12.06,11.82,35430,42436928.00,2.00,0.17,0.02,0.85
2026-04-15,12.04,12.18,12.27,12.00,51348,62763899.00,2.25,1.50,0.18,1.23
2026-04-16,12.14,12.17,12.17,12.00,34208,41530883.00,1.40,-0.08,-0.01,0.82
2026-04-17,12.12,11.95,12.13,11.84,34612,41575436.00,2.38,-1.81,-0.22,0.83
2026-04-20,11.98,11.86,11.98,11.82,26633,31800774.00,1.34,-0.75,-0.09,0.64
2026-04-21,11.84,11.75,11.95,11.66,27104,32039756.00,2.45,-0.93,-0.11,0.65
2026-04-22,11.88,11.74,11.88,11.57,31758,37217616.00,2.64,-0.09,-0.01,0.76
2026-04-23,11.69,11.38,11.70,11.36,51624,59433942.00,2.90,-3.07,-0.36,1.24
2026-04-24,11.34,11.34,11.42,11.19,34791,39560578.00,2.02,-0.35,-0.04,0.83
2026-04-27,11.36,11.52,11.52,11.17,34209,39015482.00,3.09,1.59,0.18,0.82
2026-04-28,11.39,11.37,11.58,11.30,30607,35138639.00,2.43,-1.30,-0.15,0.73
2026-04-29,11.22,11.39,11.50,11.22,28427,32702376.00,2.46,0.18,0.02,0.68
2026-04-30,11.44,11.43,11.50,11.37,23686,27215400.00,1.14,0.35,0.04,0.57
2026-05-06,11.42,11.43,11.56,11.39,35889,41402923.00,1.49,0.00,0.00,0.86
2026-05-07,11.47,11.37,11.48,11.31,32784,37444222.00,1.49,-0.52,-0.06,0.79
2026-05-08,11.42,11.56,11.62,11.38,43870,50869790.00,2.11,1.67,0.19,1.05
2026-05-11,11.66,11.97,12.05,11.56,88778,105753239.00,4.24,3.55,0.41,2.13
2026-05-12,11.90,11.54,12.00,11.49,65688,76840081.00,4.26,-3.59,-0.43,1.57
2026-05-13,11.55,11.44,11.55,11.37,34795,39984048.00,1.56,-0.87,-0.10,0.83
2026-05-14,11.49,11.10,11.49,11.10,42760,48238531.00,3.41,-2.97,-0.34,1.02
2026-05-15,11.10,11.05,11.18,10.98,33441,37272217.00,1.80,-0.45,-0.05,0.80
2026-05-18,10.98,10.90,11.05,10.83,31902,35035889.00,1.99,-1.36,-0.15,0.76
2026-05-19,10.90,11.02,11.09,10.87,30987,34244787.00,2.02,1.10,0.12,0.74
2026-05-20,10.99,10.81,10.99,10.73,24441,26587079.00,2.36,-1.91,-0.21,0.59
2026-05-21,10.77,10.60,10.93,10.59,26191,28382379.00,3.15,-1.94,-0.21,0.63
2026-05-22,10.69,10.54,10.69,10.48,27622,29309801.00,1.98,-0.57,-0.06,0.66
2026-05-25,10.56,10.41,10.65,10.28,26541,27782526.00,3.51,-1.23,-0.13,0.64
2026-05-26,10.42,10.23,10.42,10.11,24343,25074340.00,2.98,-1.73,-0.18,0.58
2026-05-27,10.23,9.99,10.23,9.88,42154,42403890.00,3.42,-2.35,-0.24,1.01
2026-05-28,10.04,10.05,10.13,9.84,25417,25569453.00,2.90,0.60,0.06,0.61
2026-05-29,10.04,10.10,10.22,9.94,30830,31288065.00,2.79,0.50,0.05,0.74
2026-06-01,10.10,10.18,10.22,9.99,27125,27619252.00,2.28,0.79,0.08,0.65
2026-06-02,10.21,9.92,10.21,9.87,28557,28659681.00,3.34,-2.55,-0.26,0.68
2026-06-03,9.92,9.78,9.94,9.70,27343,26906253.00,2.42,-1.41,-0.14,0.65
2026-06-04,9.74,9.62,9.81,9.54,22970,22262511.00,2.76,-1.64,-0.16,0.55
2026-06-05,9.59,9.74,9.85,9.59,25397,24875304.00,2.70,1.25,0.12,0.61
2026-06-08,9.73,9.47,9.77,9.31,27940,26791657.00,4.72,-2.77,-0.27,0.67
2026-06-09,9.52,9.52,9.67,9.36,26110,24972719.00,3.27,0.53,0.05,0.63
2026-06-10,9.63,9.45,9.64,9.30,20251,19165708.00,3.57,-0.74,-0.07,0.48
2026-06-11,9.30,9.33,9.47,9.18,26268,24552327.00,3.07,-1.27,-0.12,0.63
2026-06-12,9.47,9.54,9.57,9.33,24209,22960757.00,2.57,2.25,0.21,0.58
2026-06-15,9.55,9.59,9.74,9.51,27840,26787340.00,2.41,0.52,0.05,0.67
2026-06-16,9.67,9.47,9.67,9.38,22141,20928628.00,3.02,-1.25,-0.12,0.53
2026-06-17,9.45,9.28,9.50,9.25,23466,21835143.00,2.64,-2.01,-0.19,0.56
2026-06-18,9.29,9.35,9.45,9.15,21524,20071146.00,3.23,0.75,0.07,0.52
2026-06-22,9.34,9.41,9.42,9.01,35047,32274458.00,4.39,0.64,0.06,0.84
2026-06-23,9.69,11.29,11.29,9.59,133680,145678238.00,18.07,19.98,1.88,3.20
2026-06-24,11.83,11.46,12.39,11.05,325517,385733284.00,11.87,1.51,0.17,7.80
2026-06-25,10.88,11.82,12.05,10.52,282361,311952783.00,13.35,3.14,0.36,6.76
2026-06-26,11.39,10.52,11.48,10.52,190788,207642260.00,8.12,-11.00,-1.30,4.57
2026-06-29,10.54,11.78,12.02,10.35,257961,292714735.00,15.87,11.98,1.26,6.18
2026-06-30,11.16,11.32,11.56,11.16,169740,191858430.00,3.40,-3.90,-0.46,4.06
2026-07-01,11.32,11.71,11.89,11.00,179887,206790258.00,7.86,3.45,0.39,4.31
2026-07-02,11.60,12.34,12.68,11.51,299555,363609917.00,9.99,5.38,0.63,7.17
2026-07-03,12.02,12.22,12.62,11.47,227576,273561913.00,9.32,-0.97,-0.12,5.45
2026-07-06,11.95,12.55,13.00,11.76,245860,306402417.00,10.15,2.70,0.33,5.89
2026-07-07,12.10,11.36,12.28,11.30,167438,196037564.00,7.81,-9.48,-1.19,4.01
2026-07-08,11.33,11.25,11.86,11.00,123027,140057340.00,7.57,-0.97,-0.11,2.95
2026-07-09,10.95,11.10,11.48,10.80,128999,142549726.00,6.04,-1.33,-0.15,3.09
2026-07-10,11.01,11.65,11.98,10.75,174588,199966643.00,11.08,4.95,0.55,4.18
2026-07-13,11.42,12.31,12.41,11.35,253791,303808343.00,9.10,5.67,0.66,6.08
2026-07-14,12.00,12.49,12.95,11.71,285759,356240450.00,10.07,1.46,0.18,6.84
2026-07-15,12.14,12.59,13.44,12.08,316763,407206018.00,10.89,0.80,0.10,7.59
2026-07-16,12.52,12.47,13.04,12.00,246593,309039899.00,8.26,-0.95,-0.12,5.91
2026-07-17,12.40,11.37,12.43,11.24,232550,272532185.00,9.54,-8.82,-1.10,5.57
2026-07-20,11.26,11.65,12.10,11.11,182240,209384676.00,8.71,2.46,0.28,4.36
2026-07-21,11.35,11.31,11.44,10.38,194691,213357286.00,9.10,-2.92,-0.34,4.66
2026-07-22,11.02,11.13,11.61,11.01,142096,160595579.00,5.31,-1.59,-0.18,3.40
2026-07-23,11.00,10.89,11.20,10.65,108164,117912853.00,4.94,-2.16,-0.24,2.59
2026-07-24,10.83,10.21,10.98,10.20,105514,110645312.00,7.16,-6.24,-0.68,2.53
2026-07-27,10.14,10.89,10.99,10.13,127243,136419060.90,8.42,6.66,0.68,3.05