2026-01-05,11.44,11.52,11.70,11.32,82737,95501953.59,3.32,0.70,0.08,2.39
2026-01-06,11.53,11.61,12.09,11.52,116114,136789037.55,4.95,0.78,0.09,3.35
2026-01-07,11.70,11.50,11.85,11.40,85346,98828358.50,3.88,-0.95,-0.11,2.46
2026-01-08,11.50,12.16,12.36,11.43,167014,201730026.80,8.09,5.74,0.66,4.82
2026-01-09,12.39,12.18,12.88,12.11,152936,189716153.79,6.33,0.16,0.02,4.41
2026-01-12,12.20,11.87,12.40,11.66,165868,197532681.93,6.08,-2.55,-0.31,4.79
2026-01-13,11.87,11.68,12.05,11.63,113511,133997148.23,3.54,-1.60,-0.19,3.28
2026-01-14,11.68,11.52,11.81,11.40,89481,103719635.47,3.51,-1.37,-0.16,2.58
2026-01-15,11.51,11.27,11.62,11.19,86061,97794490.02,3.73,-2.17,-0.25,2.48
2026-01-16,11.28,11.30,11.56,11.12,79829,90202014.31,3.90,0.27,0.03,2.30
2026-01-19,11.26,11.35,11.36,11.10,68351,76776573.02,2.30,0.44,0.05,1.97
2026-01-20,11.35,10.98,11.38,10.92,69241,76566226.00,4.05,-3.26,-0.37,2.00
2026-01-21,10.90,11.28,11.30,10.90,71461,79719441.50,3.64,2.73,0.30,2.06
2026-01-22,11.28,11.34,11.37,11.11,51704,58237815.50,2.30,0.53,0.06,1.49
2026-01-23,11.37,11.54,11.90,11.31,108605,126487494.00,5.20,1.76,0.20,3.13
2026-01-26,11.50,11.72,11.84,11.45,83949,97857512.00,3.38,1.56,0.18,2.42
2026-01-27,11.72,11.47,11.75,10.98,97465,110221517.00,6.57,-2.13,-0.25,2.81
2026-01-28,11.40,11.17,11.73,11.10,82246,93136701.50,5.49,-2.62,-0.30,2.37
2026-01-29,11.11,10.72,11.20,10.67,85734,93478895.25,4.74,-4.03,-0.45,2.47
2026-01-30,10.67,10.88,11.05,10.62,72764,78957269.50,4.01,1.49,0.16,2.10
2026-02-02,10.83,10.99,11.29,10.75,76410,84725668.50,4.96,1.01,0.11,2.21
2026-02-03,11.00,11.20,11.32,10.91,63202,70525479.39,3.73,1.91,0.21,1.82
2026-02-04,11.20,11.20,11.30,11.10,39478,44216469.00,1.79,0.00,0.00,1.14
2026-02-05,11.22,11.19,11.34,11.14,48128,54129483.17,1.79,-0.09,-0.01,1.39
2026-02-06,11.15,11.82,12.00,11.11,166729,196242219.99,7.95,5.63,0.63,4.81
2026-02-09,11.87,12.30,12.45,11.75,125560,152199705.87,5.92,4.06,0.48,3.62
2026-02-10,12.31,12.15,12.48,12.08,96626,118252242.85,3.25,-1.22,-0.15,2.79
2026-02-11,12.15,12.10,12.28,12.00,54733,66536505.44,2.30,-0.41,-0.05,1.58
2026-02-12,12.13,12.22,12.23,11.76,63390,76535724.08,3.88,0.99,0.12,1.83
2026-02-13,12.25,12.41,12.45,12.12,77961,95910990.75,2.70,1.55,0.19,2.25
2026-02-24,12.61,12.70,12.95,12.50,82319,104592090.45,3.63,2.34,0.29,2.38
2026-02-25,12.71,12.61,12.99,12.39,84133,106034760.61,4.72,-0.71,-0.09,2.43
2026-02-26,12.61,13.16,13.28,12.57,109813,141768043.40,5.63,4.36,0.55,3.17
2026-02-27,13.25,13.62,13.66,13.05,84236,112944410.00,4.64,3.50,0.46,2.43
2026-03-02,13.40,13.50,13.69,12.98,89004,119416012.50,5.21,-0.88,-0.12,2.57
2026-03-03,13.66,12.60,13.73,12.58,130825,169618714.26,8.52,-6.67,-0.90,3.78
2026-03-04,12.49,13.17,13.19,12.40,92539,119574740.13,6.27,4.52,0.57,2.67
2026-03-05,13.38,13.24,13.45,13.07,53777,71382713.70,2.89,0.53,0.07,1.55
2026-03-06,13.24,13.27,13.55,13.21,56385,75305685.18,2.57,0.23,0.03,1.63
2026-03-09,13.15,13.23,13.42,12.91,73907,96999736.50,3.84,-0.30,-0.04,2.13
2026-03-10,13.33,14.09,14.15,13.00,119528,165303256.60,8.69,6.50,0.86,3.45
2026-03-11,14.17,14.15,14.30,13.81,63538,89230247.02,3.48,0.43,0.06,1.83
2026-03-12,14.12,13.98,14.14,13.59,103551,143106244.38,3.89,-1.20,-0.17,2.99
2026-03-13,14.23,13.69,14.27,13.64,105292,146024687.00,4.51,-2.07,-0.29,3.04
2026-03-16,13.71,14.07,14.25,13.52,110693,154783923.15,5.33,2.78,0.38,3.20
2026-03-17,14.08,14.58,14.85,13.95,109408,158497853.00,6.40,3.62,0.51,3.16
2026-03-18,14.58,14.92,14.97,14.42,97126,143316802.10,3.77,2.33,0.34,2.80
2026-03-19,14.84,14.42,14.84,14.32,100979,146229851.19,3.49,-3.35,-0.50,2.91
2026-03-20,14.53,14.02,14.70,13.95,75494,107989677.16,5.20,-2.77,-0.40,2.18
2026-03-23,13.89,13.20,13.89,13.06,90381,121249249.61,5.92,-5.85,-0.82,2.61
2026-03-24,13.59,13.85,13.89,13.46,78219,107101858.75,3.26,4.92,0.65,2.26
2026-03-25,13.89,13.55,14.00,13.40,66933,91082668.45,4.33,-2.17,-0.30,1.93
2026-03-26,13.65,13.33,13.74,13.22,47249,63289819.00,3.84,-1.62,-0.22,1.36
2026-03-27,13.20,13.24,13.48,13.17,46614,62021722.10,2.33,-0.68,-0.09,1.35
2026-03-30,13.11,13.20,13.32,12.81,61478,80282051.00,3.85,-0.30,-0.04,1.77
2026-03-31,13.45,12.95,13.45,12.87,54497,71474400.00,4.39,-1.89,-0.25,1.57
2026-04-01,13.15,13.11,13.45,13.01,56216,74140466.50,3.40,1.24,0.16,1.62
2026-04-02,13.04,12.87,13.05,12.71,53003,68059173.00,2.59,-1.83,-0.24,1.53
2026-04-03,12.87,12.37,12.99,12.33,66388,83307769.00,5.13,-3.89,-0.50,1.92
2026-04-07,12.43,12.30,12.63,12.08,55057,68120987.34,4.45,-0.57,-0.07,1.59
2026-04-08,12.63,12.82,12.91,12.37,68591,86873661.98,4.39,4.23,0.52,1.98
2026-04-09,12.72,13.40,13.53,12.50,94981,125546485.14,8.03,4.52,0.58,2.74
2026-04-10,13.40,13.68,13.82,13.28,73578,99571286.75,4.03,2.09,0.28,2.12
2026-04-13,13.67,13.32,13.82,13.20,87175,117594884.33,4.53,-2.63,-0.36,2.52
2026-04-14,13.41,13.36,13.55,13.23,48615,64864886.00,2.40,0.30,0.04,1.40
2026-04-15,13.39,13.39,13.58,13.29,54429,73080684.00,2.17,0.22,0.03,1.57
2026-04-16,13.39,13.69,13.85,13.28,75270,102537378.00,4.26,2.24,0.30,2.17
2026-04-17,13.72,13.59,13.76,13.42,61307,83099048.50,2.48,-0.73,-0.10,1.77
2026-04-20,13.59,13.83,14.08,13.51,79587,110367706.98,4.19,1.77,0.24,2.30
2026-04-21,13.83,13.73,13.96,13.48,50243,68635437.70,3.47,-0.72,-0.10,1.45
2026-04-22,13.82,13.84,13.93,13.56,44681,61682154.99,2.69,0.80,0.11,1.29
2026-04-23,13.83,13.68,13.90,13.55,38963,53341072.00,2.53,-1.16,-0.16,1.12
2026-04-24,13.70,13.85,13.98,13.58,39770,54837173.75,2.92,1.24,0.17,1.15
2026-04-27,13.85,13.97,14.15,13.62,50208,69827877.00,3.83,0.87,0.12,1.45
2026-04-28,13.96,14.53,14.60,13.71,89861,126988132.50,6.37,4.01,0.56,2.59
2026-04-29,14.40,14.10,14.40,13.73,119091,168016381.50,4.61,-2.96,-0.43,3.44
2026-04-30,14.11,15.51,15.51,14.08,115943,172590196.22,10.14,10.00,1.41,3.35
2026-05-06,16.41,15.97,16.41,15.20,177640,285196282.76,7.80,2.97,0.46,5.13
2026-05-07,16.09,17.02,17.40,15.68,141742,235303604.00,10.77,6.57,1.05,4.09
2026-05-08,17.12,17.21,17.79,16.65,194333,338605033.66,6.70,1.12,0.19,5.61
2026-05-11,17.15,16.50,17.19,16.26,247592,411730121.93,5.40,-4.13,-0.71,7.15
2026-05-12,16.45,14.85,16.65,14.85,261762,406951341.92,10.91,-10.00,-1.65,7.56
2026-05-13,14.70,13.52,14.75,13.37,368182,503922046.39,9.29,-8.96,-1.33,10.63
2026-05-14,13.70,12.86,13.84,12.79,227631,299541349.00,7.77,-4.88,-0.66,6.57
2026-05-15,12.73,12.69,12.78,12.16,158450,198572674.00,4.82,-1.32,-0.17,4.57
2026-05-18,12.64,12.24,12.75,12.19,136662,169875958.00,4.41,-3.55,-0.45,3.94
2026-05-19,12.26,12.34,12.42,11.94,96387,118052945.53,3.92,0.82,0.10,2.78
2026-05-20,12.35,12.49,12.80,12.06,103536,128286278.00,6.00,1.22,0.15,2.99
2026-05-21,12.50,11.62,12.72,11.58,130774,157775619.60,9.13,-6.97,-0.87,3.77
2026-05-22,11.62,12.46,12.78,11.62,309780,389559800.43,9.98,7.23,0.84,8.94
2026-05-25,13.47,12.59,13.68,12.12,264070,334385221.20,12.52,1.04,0.13,7.62
2026-05-26,12.39,12.23,12.59,12.05,114760,140759643.73,4.29,-2.86,-0.36,3.31
2026-05-27,12.19,11.98,12.42,11.88,77281,93410182.00,4.42,-2.04,-0.25,2.23
2026-05-28,12.06,11.89,12.08,11.63,66881,79367759.50,3.76,-0.75,-0.09,1.93
2026-05-29,12.00,11.33,12.09,11.19,112212,129324892.00,7.57,-4.71,-0.56,3.24
2026-06-01,11.18,11.61,11.87,11.14,99468,115499251.80,6.44,2.47,0.28,2.87
2026-06-02,11.62,12.10,12.29,11.62,125320,151219639.67,5.77,4.22,0.49,3.62
2026-06-03,12.08,11.99,12.49,11.82,81150,97831746.80,5.54,-0.91,-0.11,2.34
2026-06-04,11.94,12.45,12.63,11.80,107275,132418377.08,6.92,3.84,0.46,3.10
2026-06-05,12.43,12.31,12.55,12.13,84727,104520989.28,3.37,-1.12,-0.14,2.45
2026-06-08,12.32,12.24,12.58,12.00,111474,137020375.00,4.71,-0.57,-0.07,3.22
2026-06-09,12.24,13.13,13.22,12.24,148948,192486235.50,8.01,7.27,0.89,4.30
2026-06-10,13.20,13.84,14.44,12.94,192087,268091562.00,11.42,5.41,0.71,5.54
2026-06-11,13.50,13.93,14.15,13.48,128837,179169315.50,4.84,0.65,0.09,3.72
2026-06-12,14.19,14.08,14.34,13.84,107596,151724047.99,3.59,1.08,0.15,3.11