2026-01-05,204.50,193.53,206.57,189.69,160989,3162266917.00,8.21,-5.82,-11.96,8.33
2026-01-06,189.70,186.16,192.40,183.10,153960,2888201885.00,4.81,-3.81,-7.37,7.96
2026-01-07,184.59,183.50,188.06,179.78,143247,2629085851.00,4.45,-1.43,-2.66,7.41
2026-01-08,179.50,212.30,219.34,178.52,242336,4792252777.00,22.25,15.69,28.80,12.53
2026-01-09,214.72,205.65,231.49,198.38,252589,5422892635.00,15.60,-3.13,-6.65,13.06
2026-01-12,220.07,233.23,239.06,220.07,180914,4213804191.00,9.23,13.41,27.58,9.36
2026-01-13,221.56,222.83,239.38,218.36,177911,4050859153.00,9.01,-4.46,-10.40,9.20
2026-01-14,224.98,224.17,237.94,216.50,143217,3251708460.00,9.62,0.60,1.34,7.41
2026-01-15,217.52,220.28,227.11,217.28,93621,2070767300.00,4.39,-1.74,-3.89,4.84
2026-01-16,227.50,237.50,238.50,220.63,145241,3385113257.00,8.11,7.82,17.22,7.51
2026-01-19,237.50,257.10,266.16,235.05,180889,4603744043.00,13.10,8.25,19.60,9.36
2026-01-20,258.50,252.49,271.01,244.69,138608,3530178108.00,10.24,-1.79,-4.61,7.17
2026-01-21,248.06,246.10,264.13,244.78,103649,2605447114.00,7.66,-2.53,-6.39,5.36
2026-01-22,246.50,269.80,273.10,246.17,143013,3771138443.00,10.94,9.63,23.70,7.40
2026-01-23,299.54,323.86,323.86,299.54,82374,2602188482.00,9.01,20.04,54.06,4.26
2026-01-26,354.42,341.61,372.50,335.50,275167,9692446210.00,11.42,5.48,17.75,14.23
2026-01-27,328.51,362.00,372.00,328.51,198973,6958636130.00,12.73,5.97,20.39,10.29
2026-01-28,342.50,341.72,355.50,328.40,146005,4976241477.00,7.49,-5.60,-20.28,7.55
2026-01-29,339.41,325.23,347.50,324.50,152922,5118941921.00,6.73,-4.83,-16.49,7.91
2026-01-30,325.51,310.02,329.88,300.50,152087,4728578267.00,9.03,-4.68,-15.21,7.87
2026-02-02,319.60,303.70,329.28,303.60,141867,4447487903.00,8.28,-2.04,-6.32,7.34
2026-02-03,321.50,334.50,343.43,319.65,171417,5712251224.00,7.83,10.14,30.80,8.87
2026-02-04,336.50,328.10,343.49,315.50,178348,5865607939.00,8.37,-1.91,-6.40,9.22
2026-02-05,301.50,293.71,313.49,286.50,170396,5075297251.00,8.23,-10.48,-34.39,8.81
2026-02-06,288.09,301.65,311.30,285.07,154443,4637381578.00,8.93,2.70,7.94,7.99
2026-02-09,316.70,320.07,339.50,301.97,153469,4940691033.00,12.44,6.11,18.42,7.94
2026-02-10,314.30,307.61,321.36,301.78,102369,3162455794.00,6.12,-3.89,-12.46,5.29
2026-02-11,307.50,305.57,314.42,299.50,93228,2868227194.00,4.85,-0.66,-2.04,4.82
2026-02-12,304.52,309.85,319.37,304.52,80883,2520784652.00,4.86,1.40,4.28,4.18
2026-02-13,303.49,283.97,305.52,283.90,134256,3922931814.00,6.98,-8.35,-25.88,6.94
2026-02-24,287.92,276.53,288.78,271.80,87049,2425302301.00,5.98,-2.62,-7.44,4.50
2026-02-25,275.64,274.40,278.49,265.53,108223,2945434732.00,4.69,-0.77,-2.13,5.60
2026-02-26,272.88,277.35,281.16,266.50,76012,2096788070.00,5.34,1.08,2.95,3.93
2026-02-27,276.29,291.31,294.30,275.49,123065,3531036884.00,6.78,5.03,13.96,6.36
2026-03-02,280.30,274.82,293.50,273.50,97367,2739549948.00,6.87,-5.66,-16.49,5.04
2026-03-03,278.78,261.87,281.14,259.50,89435,2404215539.00,7.87,-4.71,-12.95,4.63
2026-03-04,256.50,261.29,263.78,255.50,65155,1698780519.00,3.16,-0.22,-0.58,3.37
2026-03-05,265.51,264.50,268.35,258.00,60600,1599731925.00,3.96,1.23,3.21,3.13
2026-03-06,262.91,261.02,268.33,259.71,57429,1516699957.00,3.26,-1.32,-3.48,2.97
2026-03-09,255.81,257.73,260.10,249.50,65357,1669300187.00,4.06,-1.26,-3.29,3.38
2026-03-10,259.50,265.76,267.58,257.16,77124,2033321676.00,4.04,3.12,8.03,3.99
2026-03-11,264.50,260.00,268.29,258.38,75995,2003330836.00,3.73,-2.17,-5.76,3.93
2026-03-12,262.45,250.80,262.97,246.71,77236,1942749287.00,6.25,-3.54,-9.20,3.99
2026-03-13,249.56,246.68,256.30,246.60,57217,1436632642.00,3.87,-1.64,-4.12,2.96
2026-03-16,247.50,250.20,251.40,244.51,51337,1277841255.00,2.79,1.43,3.52,2.66
2026-03-17,256.93,255.00,269.38,253.50,103928,2717570689.00,6.35,1.92,4.80,5.38
2026-03-18,260.51,266.50,270.09,253.70,118236,3125947569.00,6.43,4.51,11.50,6.12
2026-03-19,254.81,250.08,258.33,248.26,86023,2173996861.00,3.78,-6.16,-16.42,4.45
2026-03-20,253.35,273.10,298.59,245.00,198965,5387533848.00,21.43,9.21,23.02,10.29
2026-03-23,266.90,286.20,297.50,265.00,208370,5941516795.00,11.90,4.80,13.10,10.78
2026-03-24,284.80,279.50,286.34,262.38,145915,3997341020.00,8.37,-2.34,-6.70,7.55
2026-03-25,284.50,293.55,302.30,279.58,149163,4356666379.00,8.13,5.03,14.05,7.71
2026-03-26,293.57,288.70,293.57,277.53,114002,3249799714.00,5.46,-1.65,-4.85,5.90
2026-03-27,280.58,273.21,283.50,272.36,104967,2909896610.00,3.86,-5.37,-15.49,5.43
2026-03-30,259.59,230.03,261.49,219.62,187949,4466272101.00,15.33,-15.80,-43.18,9.72
2026-03-31,230.03,228.20,236.89,227.35,103084,2391598618.00,4.15,-0.80,-1.83,5.33
2026-04-01,235.08,236.10,255.00,225.73,147574,3509113768.00,12.83,3.46,7.90,7.63
2026-04-02,230.52,228.92,235.50,226.90,78361,1808687268.00,3.64,-3.04,-7.18,4.05
2026-04-03,228.50,219.51,229.27,219.51,74082,1651741999.00,4.26,-4.11,-9.41,3.83
2026-04-07,219.98,213.14,221.99,212.40,87621,1898399162.00,4.37,-2.90,-6.37,4.53
2026-04-08,218.29,227.70,231.50,218.29,125957,2859668809.00,6.20,6.83,14.56,6.51
2026-04-09,220.86,212.50,223.50,196.38,188764,3903214702.00,11.91,-6.68,-15.20,9.76
2026-04-10,210.41,219.08,221.27,208.50,117378,2545777908.00,6.01,3.10,6.58,6.07
2026-04-13,215.13,212.60,221.17,211.60,104478,2255151752.00,4.37,-2.96,-6.48,5.40
2026-04-14,213.00,215.30,219.38,211.76,84850,1827010882.00,3.58,1.27,2.70,4.39
2026-04-15,218.39,222.67,228.50,218.00,129561,2906153776.00,4.88,3.42,7.37,6.70
2026-04-16,224.50,231.39,237.22,214.55,142726,3271200830.00,10.18,3.92,8.72,7.38
2026-04-17,230.50,230.52,233.87,224.67,91797,2103627722.00,3.98,-0.38,-0.87,4.75
2026-04-20,234.00,238.44,243.06,232.40,100636,2393797968.00,4.62,3.44,7.92,5.20
2026-04-21,240.62,236.33,244.08,234.50,79695,1899122538.00,4.02,-0.88,-2.11,4.12
2026-04-22,232.09,237.65,237.73,230.01,78131,1837667952.00,3.27,0.56,1.32,4.04
2026-04-23,237.48,228.96,241.80,227.05,89867,2088405692.00,6.21,-3.66,-8.69,4.65
2026-04-24,229.00,225.40,232.96,223.40,58662,1334211865.00,4.18,-1.55,-3.56,3.03
2026-04-27,224.50,230.60,239.13,223.69,76436,1790601818.00,6.85,2.31,5.20,3.95
2026-04-28,239.50,222.48,247.30,220.51,133987,3104188400.00,11.62,-3.52,-8.12,6.93
2026-04-29,218.48,220.86,224.00,214.00,97193,2128068767.00,4.49,-0.73,-1.62,5.03
2026-04-30,221.72,238.38,239.82,218.96,122754,2837557930.00,9.44,7.93,17.52,6.35
2026-05-06,236.56,246.50,252.38,236.56,133348,3293851764.00,6.64,3.41,8.12,6.90
2026-05-07,253.91,263.78,273.16,253.53,157434,4193894438.00,7.96,7.01,17.28,8.16
2026-05-08,262.62,269.01,272.02,256.56,123764,3295319494.00,5.86,1.98,5.23,6.42
2026-05-11,273.50,285.38,295.16,273.50,137704,3945341067.00,8.05,6.09,16.37,7.14
2026-05-12,296.53,275.30,299.18,269.68,129838,3621884574.00,10.34,-3.53,-10.08,6.73
2026-05-13,275.31,271.88,279.38,259.50,153307,4094091880.00,7.22,-1.24,-3.42,7.95
2026-05-14,274.50,272.41,289.40,272.40,151779,4265662479.00,6.25,0.19,0.53,7.87
2026-05-15,264.70,259.64,267.40,247.66,140133,3606476718.00,7.25,-4.69,-12.77,7.27
2026-05-18,261.05,253.87,268.35,251.36,105046,2722331580.00,6.54,-2.22,-5.77,5.45
2026-05-19,257.05,268.16,271.29,245.50,134537,3457293499.00,10.16,5.63,14.29,6.98
2026-05-20,268.16,274.24,278.50,267.52,112215,3070233551.00,4.09,2.27,6.08,5.82
2026-05-21,276.99,276.35,290.58,271.10,140406,3968265848.00,7.10,0.77,2.11,7.28
2026-05-22,273.36,284.69,289.21,272.51,113440,3218452563.00,6.04,3.02,8.34,5.88
2026-05-25,290.30,297.73,302.50,278.25,180343,5250725785.00,8.52,4.58,13.04,9.35
2026-05-26,297.77,289.70,300.55,282.57,114549,3326260994.00,6.04,-2.70,-8.03,5.94
2026-05-27,290.51,269.15,292.87,268.38,130040,3634652300.00,8.45,-7.09,-20.55,6.74
2026-05-28,269.52,260.47,270.50,253.13,104706,2724637218.00,6.45,-3.22,-8.68,5.43
2026-05-29,260.36,249.66,264.49,241.04,109942,2758216173.00,9.00,-4.15,-10.81,5.70
2026-06-01,246.00,242.48,259.95,240.70,95886,2384069637.00,7.71,-2.88,-7.18,4.97
2026-06-02,238.36,218.72,241.36,217.51,141454,3186754341.00,9.84,-9.80,-23.76,7.33
2026-06-03,219.96,218.00,231.20,215.00,122521,2731337257.00,7.41,-0.33,-0.72,6.35
2026-06-04,215.80,226.92,233.30,210.28,150180,3329755010.00,10.56,4.09,8.92,7.79
2026-06-05,226.90,229.51,235.89,218.00,117201,2655941617.00,7.88,1.14,2.59,6.08
2026-06-08,221.00,206.00,223.98,201.23,136399,2885842670.00,9.91,-10.24,-23.51,7.07
2026-06-09,210.71,210.11,211.28,202.61,78963,1638254123.00,4.21,2.00,4.11,4.09
2026-06-10,208.50,202.66,209.94,198.00,92006,1854479881.00,5.68,-3.55,-7.45,4.77
2026-06-11,203.86,212.34,213.59,195.00,112735,2294887195.00,9.17,4.78,9.68,5.85
2026-06-12,220.58,213.00,237.66,211.30,166063,3743295730.00,12.41,0.31,0.66,8.61
2026-06-15,212.90,213.50,215.00,207.87,102651,2163418017.00,3.35,0.23,0.50,5.32
2026-06-16,218.00,220.40,229.58,211.01,125999,2781998602.00,8.70,3.23,6.90,6.53
2026-06-17,218.57,225.00,228.50,217.81,118554,2651304733.00,4.85,2.09,4.60,6.15
2026-06-18,220.95,220.64,226.81,216.50,105517,2338676468.00,4.58,-1.94,-4.36,5.47
2026-06-22,220.82,222.90,228.00,216.10,106483,2360144755.00,5.39,1.02,2.26,5.52
2026-06-23,218.00,208.31,220.28,207.97,101987,2164725913.00,5.52,-6.55,-14.59,5.29
2026-06-24,209.00,227.75,228.00,204.00,125571,2747611323.00,11.52,9.33,19.44,6.51
2026-06-25,227.77,249.50,261.00,221.20,169604,4105077068.00,17.48,9.55,21.75,8.79
2026-06-26,244.00,261.93,265.00,238.00,168916,4342734127.00,10.82,4.98,12.43,8.76
2026-06-29,263.17,263.60,271.13,252.66,105655,2758378920.00,7.05,0.64,1.67,5.48
2026-06-30,269.00,282.46,285.88,264.07,149863,4125884448.00,8.27,7.15,18.86,7.77
2026-07-01,291.00,306.50,318.00,279.65,204662,6180641134.00,13.58,8.51,24.04,10.61
2026-07-02,292.55,266.33,292.67,265.65,163464,4530402047.00,8.82,-13.11,-40.17,8.48
2026-07-03,271.66,265.01,272.88,256.77,91790,2433789583.00,6.05,-0.50,-1.32,4.76
2026-07-06,270.00,256.24,276.00,250.00,90719,2372964824.00,9.81,-3.31,-8.77,4.70
2026-07-07,256.00,261.00,269.47,253.00,72888,1902542802.00,6.43,1.86,4.76,3.78
2026-07-08,261.79,255.14,267.52,248.29,72636,1875040345.00,7.37,-2.25,-5.86,3.77
2026-07-09,270.28,278.61,279.76,261.57,107534,2921554532.00,7.13,9.20,23.47,5.58
2026-07-10,276.49,267.00,287.68,267.00,94891,2636694030.00,7.42,-4.17,-11.61,4.92
2026-07-13,261.00,246.56,264.99,243.07,81242,2065044902.00,8.21,-7.66,-20.44,4.21
2026-07-14,245.02,236.40,248.04,226.00,87542,2057566559.00,8.94,-4.12,-10.16,4.54
2026-07-15,240.00,229.27,242.00,227.00,57285,1333646646.00,6.35,-3.02,-7.13,2.97
2026-07-16,226.09,216.00,229.00,213.19,60640,1342503526.00,6.90,-5.79,-13.27,3.14
2026-07-17,216.72,190.50,217.00,187.18,92985,1850378318.00,13.81,-11.81,-25.50,4.82
2026-07-20,192.99,167.54,194.73,160.47,120568,2104450884.00,17.98,-12.05,-22.96,6.25
2026-07-21,170.42,195.31,197.55,156.78,153654,2728736509.00,24.33,16.58,27.77,7.97
2026-07-22,194.00,187.73,197.51,187.00,81885,1568993682.00,5.38,-3.88,-7.58,4.25
2026-07-23,188.99,182.00,192.02,178.95,64113,1172420003.00,6.96,-3.05,-5.73,3.32
2026-07-24,179.05,181.30,186.52,176.01,61907,1119950535.00,5.77,-0.38,-0.70,3.21
2026-07-27,182.39,183.08,183.83,175.36,55278,995070529.00,4.67,0.98,1.78,2.87
2026-07-28,182.20,168.26,182.38,167.00,59572,1034134216.00,8.40,-8.09,-14.82,3.09
2026-07-29,170.46,161.87,172.37,153.88,89397,1435147235.00,10.99,-3.80,-6.39,4.64
2026-07-30,159.65,143.03,161.00,140.60,140314,2072925431.00,12.60,-11.64,-18.84,7.28
2026-07-31,155.00,148.86,157.11,148.67,92950,1429419392.00,5.90,4.08,5.83,4.82
2026-08-03,148.80,145.91,151.96,144.85,76091,1124789797.00,4.78,-1.98,-2.95,3.95
2026-08-04,147.36,155.87,158.00,145.29,80364,1231221167.00,8.71,6.83,9.96,4.17
2026-08-05,155.88,166.48,168.88,154.28,83319,1346476619.32,9.37,6.81,10.61,4.32