2026-01-05,16.80,17.07,17.40,16.60,606091,1033821877.00,4.79,2.22,0.37,3.56
2026-01-06,17.06,17.40,17.68,16.84,691015,1198677575.00,4.92,1.93,0.33,4.06
2026-01-07,17.39,16.93,17.39,16.91,466571,801290041.00,2.76,-2.70,-0.47,2.74
2026-01-08,16.87,18.63,18.63,16.83,1506960,2751245214.00,10.63,10.04,1.70,8.86
2026-01-09,19.30,18.95,19.50,18.80,1585683,3046729770.00,3.76,1.72,0.32,9.32
2026-01-12,19.90,19.44,19.92,19.08,1252243,2446668116.00,4.43,2.59,0.49,7.36
2026-01-13,19.15,20.28,21.30,18.50,1665600,3261959437.00,14.40,4.32,0.84,9.79
2026-01-14,20.10,19.52,20.48,19.31,1115201,2232541771.00,5.77,-3.75,-0.76,6.55
2026-01-15,19.80,19.81,20.41,19.25,869771,1746032060.00,5.94,1.49,0.29,5.11
2026-01-16,19.57,19.01,19.78,19.01,579199,1122125257.00,3.89,-4.04,-0.80,3.40
2026-01-19,18.78,18.99,19.30,18.71,444476,850039605.00,3.10,-0.11,-0.02,2.61
2026-01-20,18.81,18.14,18.95,18.00,569747,1045959987.00,5.00,-4.48,-0.85,3.35
2026-01-21,18.00,18.16,18.27,17.93,261807,478237325.00,1.87,0.11,0.02,1.54
2026-01-22,18.16,18.36,18.59,18.15,305885,565399425.00,2.42,1.10,0.20,1.80
2026-01-23,18.36,18.40,18.48,18.16,326863,602849680.00,1.74,0.22,0.04,1.92
2026-01-26,18.40,17.77,18.40,17.67,424077,764599782.00,3.97,-3.42,-0.63,2.49
2026-01-27,17.67,17.86,17.92,17.43,249006,443435463.00,2.76,0.51,0.09,1.46
2026-01-28,17.71,17.28,17.94,17.22,421110,741081039.00,4.03,-3.25,-0.58,2.47
2026-01-29,17.10,17.00,17.36,16.96,288945,497523653.00,2.31,-1.62,-0.28,1.70
2026-01-30,16.97,16.78,17.17,16.51,253789,428183283.00,3.88,-1.29,-0.22,1.49
2026-02-02,16.70,16.31,16.89,16.30,214185,357660952.00,3.52,-2.80,-0.47,1.26
2026-02-03,16.47,16.75,16.76,16.40,196202,328515265.00,2.21,2.70,0.44,1.15
2026-02-04,16.75,16.76,16.99,16.63,241122,407387750.00,2.15,0.06,0.01,1.42
2026-02-05,16.77,16.58,16.85,16.52,172215,288620722.00,1.97,-1.07,-0.18,1.01
2026-02-06,16.59,16.58,16.74,16.44,168631,281753157.00,1.81,0.00,0.00,0.99
2026-02-09,16.68,16.84,16.98,16.68,200659,339488933.00,1.81,1.57,0.26,1.18
2026-02-10,16.85,16.85,16.90,16.72,183668,310722128.00,1.07,0.06,0.01,1.08
2026-02-11,16.90,16.69,16.92,16.66,147067,248217898.00,1.54,-0.95,-0.16,0.86
2026-02-12,16.66,16.70,16.80,16.56,132908,223538100.00,1.44,0.06,0.01,0.78
2026-02-13,16.70,16.73,16.90,16.64,181834,306886358.00,1.56,0.18,0.03,1.07
2026-02-24,16.89,17.37,17.57,16.85,401227,694945529.00,4.30,3.83,0.64,2.36
2026-02-25,17.31,17.25,17.41,17.20,303176,527267145.00,1.21,-0.69,-0.12,1.78
2026-02-26,17.28,17.28,17.33,17.08,220632,381892763.00,1.45,0.17,0.03,1.30
2026-02-27,17.28,17.25,17.37,17.19,229355,398109708.00,1.04,-0.17,-0.03,1.35
2026-03-02,17.90,18.19,18.27,17.78,842263,1526013627.00,2.84,5.45,0.94,4.95
2026-03-03,18.20,17.21,18.21,17.20,487491,856882936.00,5.55,-5.39,-0.98,2.86
2026-03-04,16.99,17.40,17.65,16.72,358235,622478461.00,5.40,1.10,0.19,2.11
2026-03-05,17.35,17.13,17.48,16.98,316716,545684287.00,2.87,-1.55,-0.27,1.86
2026-03-06,17.05,16.91,17.13,16.89,252113,430084242.00,1.40,-1.28,-0.22,1.48
2026-03-09,16.84,16.43,16.95,16.38,275619,457478478.00,3.37,-2.84,-0.48,1.62
2026-03-10,16.45,16.59,16.72,16.45,170071,283839170.00,1.64,0.97,0.16,1.00
2026-03-11,16.60,16.27,16.61,16.23,275694,453737087.00,2.29,-1.93,-0.32,1.62
2026-03-12,16.15,15.97,16.16,15.93,214718,345548511.00,1.41,-1.84,-0.30,1.26
2026-03-13,15.95,15.80,15.98,15.70,176964,282232274.00,1.75,-1.06,-0.17,1.04
2026-03-16,15.80,15.92,15.94,15.70,137780,219173447.00,1.52,0.76,0.12,0.81
2026-03-17,15.94,15.72,16.00,15.70,130574,207797395.00,1.88,-1.26,-0.20,0.77
2026-03-18,15.72,15.46,15.77,15.39,173879,270718479.00,2.42,-1.65,-0.26,1.02
2026-03-19,15.36,14.95,15.39,14.92,184624,280524164.00,3.04,-3.30,-0.51,1.08
2026-03-20,14.92,14.61,15.05,14.61,171741,255848726.00,2.94,-2.27,-0.34,1.01
2026-03-23,14.31,13.56,14.35,13.52,321354,449436763.00,5.68,-7.19,-1.05,1.89
2026-03-24,13.83,14.78,14.90,13.67,543205,793045203.00,9.07,9.00,1.22,3.19
2026-03-25,14.41,15.50,15.92,14.13,844439,1260544185.00,12.11,4.87,0.72,4.96
2026-03-26,15.03,14.58,15.22,14.56,528559,790528306.00,4.26,-5.94,-0.92,3.11
2026-03-27,14.25,14.79,15.10,14.22,362153,541932814.00,6.04,1.44,0.21,2.13
2026-03-30,14.60,15.00,15.29,14.54,356319,539742238.00,5.07,1.42,0.21,2.09
2026-03-31,14.90,14.62,15.05,14.59,262980,391225591.00,3.07,-2.53,-0.38,1.55
2026-04-01,14.75,14.63,14.80,14.46,168775,248660334.00,2.33,0.07,0.01,0.99
2026-04-02,14.59,14.60,14.86,14.46,209055,308230176.00,2.73,-0.21,-0.03,1.23
2026-04-03,14.60,14.09,14.64,14.04,215377,307970345.00,4.11,-3.49,-0.51,1.27
2026-04-07,14.10,14.16,14.20,14.05,104139,148266376.00,1.06,0.50,0.07,0.61
2026-04-08,14.27,14.55,14.56,14.27,226731,330021950.00,2.05,2.75,0.39,1.33
2026-04-09,14.45,14.35,14.66,14.28,174447,253103564.00,2.61,-1.37,-0.20,1.03
2026-04-10,15.13,14.65,15.26,14.62,388196,583619899.00,4.46,2.09,0.30,2.28
2026-04-13,14.46,14.66,14.81,14.46,211113,310622351.00,2.39,0.07,0.01,1.24
2026-04-14,14.66,14.76,14.80,14.55,191373,282436488.00,1.71,0.68,0.10,1.12
2026-04-15,14.77,14.66,14.85,14.62,169100,251077903.00,1.56,-0.68,-0.10,0.99
2026-04-16,14.61,14.67,14.70,14.58,136701,201383060.00,0.82,0.07,0.01,0.80
2026-04-17,14.60,14.81,14.83,14.46,211703,312316028.00,2.52,0.95,0.14,1.24
2026-04-20,14.77,14.97,15.00,14.75,233927,351144664.00,1.69,1.08,0.16,1.37
2026-04-21,15.00,14.86,15.15,14.80,214985,323209340.00,2.34,-0.73,-0.11,1.26
2026-04-22,14.75,14.79,14.83,14.69,141511,210371816.00,0.94,-0.47,-0.07,0.83
2026-04-23,14.75,14.51,14.84,14.47,169697,249332645.00,2.50,-1.89,-0.28,1.00
2026-04-24,14.51,14.32,14.55,14.25,125883,181573775.00,2.07,-1.31,-0.19,0.74
2026-04-27,14.32,14.25,14.36,14.20,111294,159797834.00,1.12,-0.49,-0.07,0.65
2026-04-28,14.10,13.75,14.15,13.70,226430,316317853.00,3.16,-3.51,-0.50,1.33
2026-04-29,13.70,13.99,14.04,13.70,132143,185515962.00,2.47,1.75,0.24,0.78
2026-04-30,14.02,14.00,14.04,13.93,119136,167783332.00,0.79,0.07,0.01,0.70
2026-05-06,14.00,14.12,14.25,13.98,163585,232549851.00,1.93,0.86,0.12,0.96
2026-05-07,14.12,14.02,14.23,13.97,239107,338441818.00,1.84,-0.71,-0.10,1.41
2026-05-08,14.03,14.44,14.64,13.99,323394,468420170.00,4.64,3.00,0.42,1.90
2026-05-11,14.44,14.34,14.50,14.22,223098,322027940.00,1.94,-0.69,-0.10,1.31
2026-05-12,14.33,14.64,14.97,14.01,528094,771403211.00,6.69,2.09,0.30,3.10
2026-05-13,14.48,14.27,14.51,14.20,331677,476943306.00,2.12,-2.53,-0.37,1.95
2026-05-14,14.26,13.90,14.27,13.90,214283,302411935.00,2.59,-2.59,-0.37,1.26
2026-05-15,13.92,13.94,14.06,13.83,181013,254186792.00,1.65,0.29,0.04,1.06
2026-05-18,13.88,13.80,13.94,13.74,130236,180985510.00,1.43,-1.00,-0.14,0.77
2026-05-19,13.80,13.74,13.84,13.66,115638,159898911.00,1.30,-0.43,-0.06,0.68
2026-05-20,13.73,13.56,13.78,13.52,130878,179108998.00,1.89,-1.31,-0.18,0.77
2026-05-21,13.56,13.27,13.68,13.26,153515,208449093.00,3.10,-2.14,-0.29,0.90
2026-05-22,13.28,13.21,13.33,13.16,112923,150452712.00,1.28,-0.45,-0.06,0.66
2026-05-25,13.15,13.02,13.26,12.91,165444,216731987.00,2.65,-1.44,-0.19,0.97
2026-05-26,12.92,13.05,13.30,12.70,206832,269049953.00,4.61,0.23,0.03,1.22
2026-05-27,12.90,12.59,13.04,12.56,168737,216286615.00,3.68,-3.52,-0.46,0.99
2026-05-28,12.67,12.70,12.77,12.61,113794,145740791.00,1.27,0.87,0.11,0.67
2026-05-29,12.72,12.57,12.89,12.56,137904,176983737.00,2.60,-1.02,-0.13,0.81
2026-06-01,12.57,12.65,12.71,12.57,80430,102425493.00,1.11,0.64,0.08,0.47
2026-06-02,12.60,12.29,12.65,12.24,128065,159471562.00,3.24,-2.85,-0.36,0.75
2026-06-03,12.28,12.17,12.34,12.11,142392,175445674.00,1.87,-0.98,-0.12,0.84
2026-06-04,12.14,11.92,12.14,11.80,160678,193611660.00,2.79,-2.05,-0.25,0.94
2026-06-05,11.82,11.94,12.10,11.72,154772,186115232.00,3.19,0.17,0.02,0.91
2026-06-08,11.73,11.61,12.00,11.48,158086,186654363.00,4.36,-2.76,-0.33,0.93
2026-06-09,11.61,11.68,11.70,11.44,119243,139657271.00,2.24,0.60,0.07,0.70
2026-06-10,11.67,11.86,12.40,11.62,266947,323473678.00,6.68,1.54,0.18,1.57
2026-06-11,11.73,11.49,11.83,11.47,160997,187754514.00,3.04,-3.12,-0.37,0.95
2026-06-12,11.51,11.88,12.03,11.51,245063,292784723.00,4.53,3.39,0.39,1.44
2026-06-15,11.90,12.03,12.10,11.88,171028,206957054.00,1.85,1.26,0.15,1.00
2026-06-16,12.03,12.04,12.09,11.88,120047,145235735.00,1.75,0.08,0.01,0.71
2026-06-17,12.03,11.79,12.04,11.75,126059,150583188.00,2.41,-2.08,-0.25,0.74
2026-06-18,11.76,11.63,11.91,11.59,128732,152404427.00,2.71,-1.36,-0.16,0.76
2026-06-22,11.63,11.75,11.76,11.28,193298,223610909.00,4.13,1.03,0.12,1.14
2026-06-23,11.75,11.47,11.86,11.44,145162,171052153.00,3.57,-2.38,-0.28,0.85
2026-06-24,11.49,11.18,11.50,11.06,167666,189086202.00,3.84,-2.53,-0.29,0.99
2026-06-25,11.09,11.07,11.22,10.94,154992,173200988.00,2.50,-0.98,-0.11,0.91
2026-06-26,11.09,10.75,11.12,10.69,193400,210701021.00,3.88,-2.89,-0.32,1.14
2026-06-29,10.62,10.60,10.70,10.40,166104,176993337.00,2.79,-1.40,-0.15,0.98
2026-06-30,10.80,10.75,10.81,10.60,129959,140548853.00,1.98,1.42,0.15,0.76
2026-07-01,10.70,10.92,11.08,10.70,193296,213403420.00,3.53,1.58,0.17,1.14
2026-07-02,10.81,10.82,11.11,10.80,177219,196250093.00,2.84,-0.92,-0.10,1.04
2026-07-03,10.89,11.24,11.33,10.85,246105,276407099.00,4.44,3.88,0.42,1.45
2026-07-06,11.20,11.01,11.35,10.98,177803,199336015.00,3.29,-2.05,-0.23,1.04
2026-07-07,11.00,10.59,11.08,10.57,148168,160931857.00,4.63,-3.81,-0.42,0.87
2026-07-08,10.56,10.46,10.70,10.43,127856,136028525.00,2.55,-1.23,-0.13,0.75
2026-07-09,10.53,10.55,10.64,10.28,138064,144193250.00,3.44,0.86,0.09,0.81
2026-07-10,10.51,10.92,11.17,10.42,268319,292395325.00,7.11,3.51,0.37,1.58
2026-07-13,10.85,10.23,10.90,10.23,251024,261244042.00,6.14,-6.32,-0.69,1.48
2026-07-14,10.23,10.16,10.24,10.02,121085,122474398.00,2.15,-0.68,-0.07,0.71
2026-07-15,10.18,10.35,10.42,10.12,123109,127163506.00,2.95,1.87,0.19,0.72
2026-07-16,10.31,10.43,10.53,10.22,123333,128336088.00,3.00,0.77,0.08,0.72
2026-07-17,10.43,10.16,10.49,10.09,136057,139705452.00,3.84,-2.59,-0.27,0.80
2026-07-20,10.22,10.36,10.49,10.17,166239,171973974.00,3.15,1.97,0.20,0.98
2026-07-21,10.38,10.49,10.57,10.37,183604,192392875.00,1.93,1.25,0.13,1.08
2026-07-22,10.48,10.43,10.55,10.35,125721,131131428.00,1.91,-0.57,-0.06,0.74
2026-07-23,10.37,11.14,11.35,10.36,446402,488321676.00,9.49,6.81,0.71,2.62
2026-07-24,11.10,11.56,12.25,11.03,701340,822101527.00,10.95,3.77,0.42,4.12
2026-07-27,11.17,11.90,12.00,11.01,606503,709486784.00,8.56,2.94,0.34,3.56
2026-07-28,11.68,11.28,11.81,11.13,476752,539950410.00,5.71,-5.21,-0.62,2.80
2026-07-29,11.09,11.48,11.55,11.05,324069,367328963.00,4.43,1.77,0.20,1.90