2026-01-05,8.04,8.17,8.17,8.02,194028,160620776.00,1.87,1.74,0.14,0.41
2026-01-06,8.20,8.37,8.38,8.18,336242,285073471.00,2.45,2.45,0.20,0.71
2026-01-07,8.37,8.29,8.39,8.26,175126,148412761.00,1.55,-0.96,-0.08,0.37
2026-01-08,8.25,8.25,8.27,8.21,167925,141008441.00,0.72,-0.48,-0.04,0.36
2026-01-09,8.25,8.29,8.32,8.21,181282,152744057.00,1.33,0.48,0.04,0.38
2026-01-12,8.28,8.40,8.42,8.26,274401,233705201.00,1.93,1.33,0.11,0.58
2026-01-13,8.40,8.33,8.44,8.29,220849,188452181.00,1.79,-0.83,-0.07,0.47
2026-01-14,8.30,8.29,8.47,8.27,317753,271279856.00,2.40,-0.48,-0.04,0.67
2026-01-15,8.25,8.15,8.28,8.12,248169,207134300.00,1.93,-1.69,-0.14,0.53
2026-01-16,8.18,8.09,8.20,8.08,168654,139680648.00,1.47,-0.74,-0.06,0.36
2026-01-19,8.09,8.10,8.12,8.05,126304,104130127.00,0.87,0.12,0.01,0.27
2026-01-20,8.12,8.10,8.13,8.07,124584,102848848.00,0.74,0.00,0.00,0.26
2026-01-21,8.09,8.07,8.11,8.04,134296,110522848.00,0.86,-0.37,-0.03,0.28
2026-01-22,8.10,8.08,8.13,8.06,144792,119390032.00,0.87,0.12,0.01,0.31
2026-01-23,8.12,8.08,8.12,8.06,169098,139476359.00,0.74,0.00,0.00,0.36
2026-01-26,8.08,8.04,8.14,8.02,296155,243691488.00,1.49,-0.50,-0.04,0.63
2026-01-27,8.03,7.95,8.04,7.86,219335,177671672.00,2.24,-1.12,-0.09,0.47
2026-01-28,8.03,8.01,8.10,8.00,231903,190406765.00,1.26,0.75,0.06,0.49
2026-01-29,7.99,8.10,8.11,7.93,256620,210126352.00,2.25,1.12,0.09,0.54
2026-01-30,8.10,8.01,8.10,7.97,173021,141568740.00,1.60,-1.11,-0.09,0.37
2026-02-02,7.99,7.98,8.10,7.97,176785,144814127.00,1.62,-0.37,-0.03,0.37
2026-02-03,8.04,8.03,8.05,7.95,136918,111740860.00,1.25,0.63,0.05,0.29
2026-02-04,8.07,8.10,8.16,8.02,222230,183278206.00,1.74,0.87,0.07,0.47
2026-02-05,8.04,8.09,8.15,8.03,205035,169053087.00,1.48,-0.12,-0.01,0.43
2026-02-06,8.07,8.03,8.09,8.03,144006,118362612.00,0.74,-0.74,-0.06,0.31
2026-02-09,8.06,8.09,8.09,8.04,135503,111567994.00,0.62,0.75,0.06,0.29
2026-02-10,8.08,8.06,8.10,8.04,137311,112908639.00,0.74,-0.37,-0.03,0.29
2026-02-11,8.04,8.00,8.06,7.97,156506,127778176.00,1.12,-0.74,-0.06,0.33
2026-02-12,7.98,7.94,8.00,7.93,124960,101414869.00,0.88,-0.75,-0.06,0.26
2026-02-13,7.94,7.90,7.99,7.90,120127,97364483.00,1.13,-0.50,-0.04,0.25
2026-02-24,7.96,7.94,7.98,7.91,93838,75913714.00,0.89,0.51,0.04,0.20
2026-02-25,7.94,8.02,8.06,7.93,182232,149015101.00,1.64,1.01,0.08,0.39
2026-02-26,8.04,7.96,8.05,7.95,122493,99613645.00,1.25,-0.75,-0.06,0.26
2026-02-27,7.96,8.00,8.02,7.94,105089,85509643.00,1.01,0.50,0.04,0.22
2026-03-02,7.94,8.00,8.02,7.88,199185,161608937.00,1.75,0.00,0.00,0.42
2026-03-03,8.00,7.90,8.04,7.89,215313,175225465.00,1.88,-1.25,-0.10,0.46
2026-03-04,7.86,7.73,7.86,7.61,281460,221890831.00,3.16,-2.15,-0.17,0.60
2026-03-05,7.77,7.71,7.78,7.68,147446,116145681.00,1.29,-0.26,-0.02,0.31
2026-03-06,7.69,7.79,7.81,7.67,127442,100858116.00,1.82,1.04,0.08,0.27
2026-03-09,7.74,7.72,7.75,7.67,115340,90845902.00,1.03,-0.90,-0.07,0.24
2026-03-10,7.74,7.76,7.79,7.74,101469,80357572.00,0.65,0.52,0.04,0.22
2026-03-11,7.77,7.78,7.80,7.73,96452,76535387.00,0.90,0.26,0.02,0.20
2026-03-12,7.76,7.79,7.81,7.75,119417,94872953.00,0.77,0.13,0.01,0.25
2026-03-13,7.75,7.77,7.85,7.74,136742,108767067.00,1.41,-0.26,-0.02,0.29
2026-03-16,7.78,7.88,7.88,7.76,153793,122959379.00,1.54,1.42,0.11,0.33
2026-03-17,7.91,7.91,8.01,7.88,224939,182284598.00,1.65,0.38,0.03,0.48
2026-03-18,7.91,8.01,8.10,7.87,256230,208597158.00,2.91,1.26,0.10,0.54
2026-03-19,7.92,8.01,8.08,7.90,300935,246230748.00,2.25,0.00,0.00,0.64
2026-03-20,8.01,7.92,8.05,7.92,222148,180456297.00,1.62,-1.12,-0.09,0.47
2026-03-23,7.84,7.67,7.85,7.56,312874,246213288.00,3.66,-3.16,-0.25,0.66
2026-03-24,7.72,7.76,7.85,7.60,210605,166044566.00,3.26,1.17,0.09,0.45
2026-03-25,7.73,7.79,7.84,7.72,170155,135069217.00,1.55,0.39,0.03,0.36
2026-03-26,7.79,7.68,7.84,7.66,148311,117080271.00,2.31,-1.41,-0.11,0.31
2026-03-27,7.62,7.69,7.74,7.62,148470,116487117.00,1.56,0.13,0.01,0.31
2026-03-30,7.62,7.60,7.67,7.49,167564,129812391.00,2.34,-1.17,-0.09,0.36
2026-03-31,7.59,7.50,7.65,7.50,156492,120863394.00,1.97,-1.32,-0.10,0.33
2026-04-01,7.56,7.52,7.58,7.46,192647,147549329.00,1.60,0.27,0.02,0.41
2026-04-02,7.47,7.35,7.49,7.34,143618,108668011.00,1.99,-2.26,-0.17,0.30
2026-04-03,7.37,7.29,7.39,7.29,97258,72811802.00,1.36,-0.82,-0.06,0.21
2026-04-07,7.34,7.35,7.38,7.29,95725,71782545.00,1.23,0.82,0.06,0.20
2026-04-08,7.45,7.56,7.56,7.41,177000,135615206.00,2.04,2.86,0.21,0.38
2026-04-09,7.49,7.42,7.51,7.41,95992,73011517.00,1.32,-1.85,-0.14,0.20
2026-04-10,7.47,7.58,7.69,7.47,255293,198414142.00,2.96,2.16,0.16,0.54
2026-04-13,7.54,7.62,7.68,7.52,113871,88650070.00,2.11,0.53,0.04,0.24
2026-04-14,7.66,7.66,7.67,7.59,103388,80547986.00,1.05,0.52,0.04,0.22
2026-04-15,7.74,7.61,7.74,7.60,91123,71226013.00,1.83,-0.65,-0.05,0.19
2026-04-16,7.64,7.63,7.66,7.59,100032,77886548.00,0.92,0.26,0.02,0.21
2026-04-17,7.62,7.62,7.67,7.58,89793,69870214.00,1.18,-0.13,-0.01,0.19
2026-04-20,7.62,7.62,7.64,7.60,74139,57662458.00,0.52,0.00,0.00,0.16
2026-04-21,7.63,7.54,7.63,7.53,95693,73942121.00,1.31,-1.05,-0.08,0.20
2026-04-22,7.51,7.55,7.61,7.50,101086,78043721.00,1.46,0.13,0.01,0.21
2026-04-23,7.56,7.52,7.58,7.50,82724,63638844.00,1.06,-0.40,-0.03,0.18
2026-04-24,7.51,7.46,7.53,7.44,77203,58875866.00,1.20,-0.80,-0.06,0.16
2026-04-27,7.44,7.42,7.49,7.41,85267,64797694.00,1.07,-0.54,-0.04,0.18
2026-04-28,7.44,7.51,7.58,7.42,153056,117553153.00,2.16,1.21,0.09,0.32
2026-04-29,7.54,7.56,7.58,7.47,132449,101746263.00,1.46,0.67,0.05,0.28
2026-04-30,7.40,7.34,7.49,7.34,280120,211354261.00,1.98,-2.91,-0.22,0.59
2026-05-06,7.35,7.38,7.42,7.33,195842,147408581.00,1.23,0.54,0.04,0.42
2026-05-07,7.40,7.36,7.41,7.32,135219,101455022.00,1.22,-0.27,-0.02,0.29
2026-05-08,7.32,7.34,7.37,7.31,115940,86997863.00,0.82,-0.27,-0.02,0.25
2026-05-11,7.34,7.39,7.41,7.32,197292,148496715.00,1.23,0.68,0.05,0.42
2026-05-12,7.40,7.40,7.45,7.35,184444,139472752.00,1.35,0.14,0.01,0.39
2026-05-13,7.37,7.33,7.40,7.29,192911,144293241.00,1.49,-0.95,-0.07,0.41
2026-05-14,7.34,7.18,7.36,7.18,137671,102160426.00,2.46,-2.05,-0.15,0.29
2026-05-15,7.18,7.05,7.20,7.02,141375,102643008.00,2.51,-1.81,-0.13,0.30
2026-05-18,7.04,7.00,7.08,6.97,87705,63025527.00,1.56,-0.71,-0.05,0.19
2026-05-19,7.01,7.06,7.07,6.98,80700,57993900.00,1.29,0.86,0.06,0.17
2026-05-20,7.06,6.98,7.06,6.94,93168,66585690.00,1.70,-1.13,-0.08,0.20
2026-05-21,6.99,6.97,7.14,6.96,180673,130539599.00,2.58,-0.14,-0.01,0.38
2026-05-22,6.96,6.84,7.00,6.80,178481,125124277.00,2.87,-1.87,-0.13,0.38
2026-05-25,6.84,6.87,6.88,6.79,95841,67059564.00,1.32,0.44,0.03,0.20
2026-05-26,6.80,6.85,6.93,6.80,121828,85656752.00,1.89,-0.29,-0.02,0.26
2026-05-27,6.83,6.89,6.93,6.80,124815,87467871.00,1.90,0.58,0.04,0.26
2026-05-28,6.91,6.82,6.92,6.78,95769,65389010.00,2.03,-1.02,-0.07,0.20
2026-05-29,6.79,6.86,6.91,6.79,129829,89120280.00,1.76,0.59,0.04,0.28
2026-06-01,6.82,6.91,6.93,6.76,107643,73744092.00,2.48,0.73,0.05,0.23
2026-06-02,6.89,6.88,6.95,6.84,101422,69854297.00,1.59,-0.43,-0.03,0.22
2026-06-03,6.90,6.99,7.09,6.86,212454,148956794.00,3.34,1.60,0.11,0.45
2026-06-04,6.89,6.93,6.97,6.70,171391,117071487.00,3.86,-0.86,-0.06,0.36
2026-06-05,6.86,6.82,6.92,6.80,106350,72906746.00,1.73,-1.59,-0.11,0.23
2026-06-08,6.75,6.64,6.82,6.58,118823,79533197.00,3.52,-2.64,-0.18,0.25
2026-06-09,6.61,6.62,6.66,6.59,78539,52041394.00,1.05,-0.30,-0.02,0.17
2026-06-10,6.61,6.65,6.65,6.53,126290,83299117.00,1.81,0.45,0.03,0.27
2026-06-11,6.60,6.46,6.68,6.42,136218,88882669.00,3.91,-2.86,-0.19,0.29
2026-06-12,6.48,6.80,6.80,6.38,500726,330577715.00,6.50,5.26,0.34,1.06
2026-06-15,6.71,6.93,7.13,6.70,405741,282010523.00,6.32,1.91,0.13,0.86
2026-06-16,6.90,6.92,6.96,6.83,199205,137434750.00,1.88,-0.14,-0.01,0.42
2026-06-17,6.90,6.93,7.06,6.87,210167,145972481.00,2.75,0.14,0.01,0.45
2026-06-18,6.92,6.68,6.95,6.68,210703,142905272.00,3.90,-3.61,-0.25,0.45
2026-06-22,6.70,7.07,7.08,6.64,363315,250486696.00,6.59,5.84,0.39,0.77
2026-06-23,7.04,7.05,7.22,7.02,355451,253341171.00,2.83,-0.28,-0.02,0.75
2026-06-24,7.01,6.91,7.22,6.89,296057,207883349.00,4.68,-1.99,-0.14,0.63
2026-06-25,6.88,7.04,7.12,6.80,347422,242736910.00,4.63,1.88,0.13,0.74
2026-06-26,6.97,6.76,7.08,6.76,289170,199359771.00,4.55,-3.98,-0.28,0.61