2026-01-05,4.13,4.11,4.15,4.09,448757,187610649.66,1.46,0.00,0.00,1.15
2026-01-06,4.10,4.16,4.18,4.09,492775,207299424.58,2.19,1.22,0.05,1.27
2026-01-07,4.16,4.19,4.20,4.14,553182,234724740.24,1.44,0.72,0.03,1.42
2026-01-08,4.16,4.17,4.19,4.13,555945,235290663.15,1.43,-0.48,-0.02,1.43
2026-01-09,4.17,4.18,4.22,4.15,636756,271007484.61,1.68,0.24,0.01,1.64
2026-01-12,4.20,4.25,4.28,4.19,934396,401731541.34,2.15,1.67,0.07,2.40
2026-01-13,4.23,4.17,4.24,4.14,707382,300767245.08,2.35,-1.88,-0.08,1.82
2026-01-14,4.16,4.29,4.32,4.15,1377852,593234166.36,4.08,2.88,0.12,3.54
2026-01-15,4.25,4.27,4.30,4.21,709601,307579160.20,2.10,-0.47,-0.02,1.82
2026-01-16,4.27,4.37,4.44,4.20,1154697,506204759.87,5.62,2.34,0.10,2.97
2026-01-19,4.37,4.39,4.44,4.36,701068,313035681.59,1.83,0.46,0.02,1.80
2026-01-20,4.42,4.59,4.64,4.40,1442072,663963776.32,5.47,4.56,0.20,3.70
2026-01-21,4.54,4.60,4.60,4.49,903445,417038203.39,2.40,0.22,0.01,2.32
2026-01-22,4.60,4.65,4.69,4.54,999344,468896062.40,3.26,1.09,0.05,2.57
2026-01-23,4.66,4.60,4.66,4.58,783999,366259766.96,1.72,-1.08,-0.05,2.01
2026-01-26,4.60,4.62,4.71,4.55,1176676,551012416.09,3.48,0.43,0.02,3.02
2026-01-27,4.62,4.64,4.70,4.55,956040,447231523.58,3.25,0.43,0.02,2.46
2026-01-28,4.61,4.77,4.80,4.60,1163210,559437104.60,4.31,2.80,0.13,2.99
2026-01-29,4.77,4.80,4.86,4.71,979893,474891358.53,3.14,0.63,0.03,2.52
2026-01-30,4.94,4.98,5.16,4.83,2029098,1022126560.00,6.88,3.75,0.18,5.21
2026-02-02,4.91,4.68,4.94,4.68,1786650,861644967.49,5.22,-6.02,-0.30,4.59
2026-02-03,4.73,4.78,4.85,4.71,1029665,499586696.46,2.99,2.14,0.10,2.64
2026-02-04,4.78,4.98,5.01,4.72,1246347,618906518.62,6.07,4.18,0.20,3.20
2026-02-05,4.94,5.11,5.15,4.92,1483421,762061309.00,4.62,2.61,0.13,3.81
2026-02-06,5.06,5.01,5.09,4.95,1097449,558555070.88,2.74,-1.96,-0.10,2.82
2026-02-09,5.05,4.99,5.07,4.95,885509,447104299.50,2.40,-0.40,-0.02,2.27
2026-02-10,4.97,4.93,4.98,4.87,743915,370319392.69,2.20,-1.20,-0.06,1.91
2026-02-11,4.90,4.89,4.93,4.87,647606,321541966.53,1.22,-0.81,-0.04,1.66
2026-02-12,4.92,4.89,4.95,4.81,668275,330816685.51,2.86,0.00,0.00,1.72
2026-02-13,4.88,4.78,4.88,4.77,576141,281639969.58,2.25,-2.25,-0.11,1.48
2026-02-24,4.80,5.00,5.08,4.80,845703,424677941.07,5.86,4.60,0.22,2.17
2026-02-25,5.00,5.10,5.25,4.97,1167269,608594746.33,5.60,2.00,0.10,3.00
2026-02-26,5.10,5.08,5.19,5.07,708726,367094317.38,2.35,-0.39,-0.02,1.82
2026-02-27,5.07,5.17,5.25,5.05,917709,480355710.03,3.94,1.77,0.09,2.36
2026-03-02,5.09,5.21,5.24,5.07,1024053,537243650.46,3.29,0.77,0.04,2.63
2026-03-03,5.20,5.05,5.23,5.02,990635,512282469.74,4.03,-3.07,-0.16,2.54
2026-03-04,4.98,5.02,5.12,4.98,676570,345948904.08,2.77,-0.59,-0.03,1.74
2026-03-05,5.08,4.99,5.13,4.96,606886,309567201.89,3.39,-0.60,-0.03,1.56
2026-03-06,4.98,5.00,5.04,4.95,465526,235864859.77,1.80,0.20,0.01,1.20
2026-03-09,4.99,4.93,4.99,4.83,826421,410451653.54,3.20,-1.40,-0.07,2.12
2026-03-10,4.95,4.94,4.99,4.89,672687,336159765.59,2.03,0.20,0.01,1.73
2026-03-11,4.93,4.88,4.93,4.85,588700,291180762.83,1.62,-1.21,-0.06,1.51
2026-03-12,4.89,4.89,4.93,4.84,502149,249102293.00,1.84,0.20,0.01,1.29
2026-03-13,4.87,4.90,5.01,4.87,835843,419855559.31,2.86,0.20,0.01,2.15
2026-03-16,4.90,4.74,4.92,4.72,792899,384265735.50,4.08,-3.27,-0.16,2.04
2026-03-17,4.75,4.73,4.86,4.72,637459,309166307.75,2.95,-0.21,-0.01,1.64
2026-03-18,4.73,4.71,4.75,4.65,522612,249056542.23,2.11,-0.42,-0.02,1.34
2026-03-19,4.67,4.57,4.69,4.54,679751,317146517.95,3.18,-2.97,-0.14,1.75
2026-03-20,4.58,4.44,4.60,4.44,576638,263413915.16,3.50,-2.84,-0.13,1.48
2026-03-23,4.40,4.17,4.40,4.13,880528,381421426.50,6.08,-6.08,-0.27,2.26
2026-03-24,4.27,4.39,4.41,4.19,843106,368406115.00,5.28,5.28,0.22,2.17
2026-03-25,4.40,4.43,4.44,4.36,519113,232342334.43,1.82,0.91,0.04,1.33
2026-03-26,4.41,4.45,4.60,4.41,621270,283837715.17,4.29,0.45,0.02,1.60
2026-03-27,4.38,4.46,4.49,4.35,408382,184278568.13,3.15,0.22,0.01,1.05
2026-03-30,4.40,4.51,4.53,4.38,425726,193337422.88,3.36,1.12,0.05,1.09
2026-03-31,4.53,4.55,4.64,4.52,617102,287436595.33,2.66,0.89,0.04,1.58
2026-04-01,4.61,4.59,4.68,4.55,526897,246282095.24,2.86,0.88,0.04,1.35
2026-04-02,4.58,4.55,4.63,4.53,446685,207339188.00,2.18,-0.87,-0.04,1.15
2026-04-03,4.56,4.52,4.58,4.45,433957,198934084.52,2.86,-0.66,-0.03,1.11
2026-04-07,4.52,4.49,4.54,4.48,319036,145999372.68,1.33,-0.66,-0.03,0.82
2026-04-08,4.55,4.64,4.64,4.55,437180,204418676.60,2.00,3.34,0.15,1.12
2026-04-09,4.61,4.57,4.66,4.56,420438,196389347.85,2.16,-1.51,-0.07,1.08
2026-04-10,4.59,4.39,4.63,4.38,1307718,588260005.21,5.47,-3.94,-0.18,3.36
2026-04-13,4.39,4.39,4.41,4.33,586693,260434121.55,1.82,0.00,0.00,1.51
2026-04-14,4.40,4.44,4.47,4.39,461835,207523688.29,1.82,1.14,0.05,1.19
2026-04-15,4.45,4.39,4.46,4.38,362040,162203296.31,1.80,-1.13,-0.05,0.93
2026-04-16,4.38,4.40,4.43,4.37,345842,154488324.76,1.37,0.23,0.01,0.89
2026-04-17,4.42,4.39,4.42,4.37,326278,145621329.00,1.14,-0.23,-0.01,0.84
2026-04-20,4.47,4.68,4.84,4.47,1627971,779347160.03,8.43,6.61,0.29,4.18
2026-04-21,4.79,4.71,4.81,4.65,1027441,490694886.84,3.42,0.64,0.03,2.64
2026-04-22,4.67,4.61,4.68,4.58,702684,329218479.70,2.12,-2.12,-0.10,1.80
2026-04-23,4.62,4.54,4.64,4.51,587231,271378774.50,2.82,-1.52,-0.07,1.51
2026-04-24,4.51,4.48,4.52,4.45,475560,216378445.98,1.54,-1.32,-0.06,1.22
2026-04-27,4.50,4.36,4.50,4.34,754137,335055235.74,3.57,-2.68,-0.12,1.94
2026-04-28,4.40,4.46,4.47,4.39,732165,329411811.75,1.83,2.29,0.10,1.88
2026-04-29,4.52,4.63,4.65,4.51,931556,435396832.61,3.14,3.81,0.17,2.39
2026-04-30,4.58,4.53,4.61,4.50,742427,342523777.70,2.38,-2.16,-0.10,1.91
2026-05-06,4.55,4.56,4.58,4.50,678598,312619006.64,1.77,0.66,0.03,1.74
2026-05-07,4.56,4.50,4.60,4.48,634360,290620188.25,2.63,-1.32,-0.06,1.63
2026-05-08,4.49,4.41,4.49,4.39,713100,320397228.37,2.22,-2.00,-0.09,1.83
2026-05-11,4.42,4.46,4.49,4.41,592408,267940418.52,1.81,1.13,0.05,1.52
2026-05-12,4.43,4.38,4.46,4.38,500448,223989013.45,1.79,-1.79,-0.08,1.29
2026-05-13,4.37,4.36,4.40,4.35,387707,171916670.87,1.14,-0.46,-0.02,1.00
2026-05-14,4.36,4.23,4.37,4.23,571266,248149530.41,3.21,-2.98,-0.13,1.47
2026-05-15,4.25,4.17,4.26,4.14,479159,203905972.68,2.84,-1.42,-0.06,1.23
2026-05-18,4.19,4.29,4.31,4.18,548282,237615594.83,3.12,2.88,0.12,1.41
2026-05-19,4.28,4.24,4.28,4.19,400350,172218227.98,2.10,-1.17,-0.05,1.03
2026-05-20,4.24,4.19,4.24,4.15,308153,130846601.57,2.12,-1.18,-0.05,0.79
2026-05-21,4.18,4.16,4.26,4.14,402239,171526431.74,2.86,-0.72,-0.03,1.03
2026-05-22,4.16,4.15,4.18,4.09,365171,153621305.47,2.16,-0.24,-0.01,0.94
2026-05-25,4.29,4.39,4.44,4.29,1018371,454185542.70,3.61,5.78,0.24,2.62
2026-05-26,4.34,4.23,4.35,4.19,677284,291980495.13,3.64,-3.64,-0.16,1.74
2026-05-27,4.19,4.15,4.25,4.13,389131,164970622.83,2.84,-1.89,-0.08,1.00
2026-05-28,4.14,4.12,4.21,4.11,387560,163617340.78,2.41,-0.72,-0.03,1.00
2026-05-29,4.26,4.42,4.54,4.26,1930146,871566438.34,6.80,7.28,0.30,4.96
2026-06-01,4.38,4.38,4.44,4.28,1148895,510134317.96,3.62,-0.90,-0.04,2.95
2026-06-02,4.38,4.29,4.42,4.27,781089,343835813.89,3.42,-2.05,-0.09,2.01
2026-06-03,4.27,4.21,4.28,4.19,556810,239148597.50,2.10,-1.86,-0.08,1.43
2026-06-04,4.21,4.17,4.26,4.14,543950,231275035.43,2.85,-0.95,-0.04,1.40
2026-06-05,4.20,4.15,4.21,4.11,627898,265787166.77,2.40,-0.48,-0.02,1.61
2026-06-08,4.09,4.06,4.12,4.03,550094,227350449.00,2.17,-2.17,-0.09,1.41
2026-06-09,4.11,4.10,4.14,4.06,402226,167582153.03,1.97,0.99,0.04,1.03
2026-06-10,4.06,3.99,4.07,3.96,480757,195888620.14,2.68,-2.68,-0.11,1.23
2026-06-11,3.95,3.93,3.99,3.90,373831,149727139.52,2.26,-1.50,-0.06,0.96
2026-06-12,3.96,4.02,4.04,3.94,438148,178252123.19,2.54,2.29,0.09,1.13
2026-06-15,4.05,4.01,4.12,3.98,599066,245819815.57,3.48,-0.25,-0.01,1.54
2026-06-16,4.00,4.00,4.01,3.90,517214,207969399.41,2.74,-0.25,-0.01,1.33
2026-06-17,3.98,3.97,3.98,3.92,425146,170581093.19,1.50,-0.75,-0.03,1.09
2026-06-18,3.96,3.97,3.99,3.90,523984,210540399.12,2.27,0.00,0.00,1.35
2026-06-22,3.98,4.07,4.07,3.86,709569,286520395.21,5.29,2.52,0.10,1.82
2026-06-23,4.02,3.97,4.07,3.95,409758,167075652.17,2.95,-2.46,-0.10,1.05
2026-06-24,3.93,3.90,3.97,3.89,376651,150152437.32,2.02,-1.76,-0.07,0.97
2026-06-25,3.88,3.82,3.90,3.81,390978,152919566.23,2.31,-2.05,-0.08,1.00
2026-06-26,3.81,3.65,3.83,3.63,535234,202223138.92,5.24,-4.45,-0.17,1.37
2026-06-29,3.62,3.65,3.68,3.56,435276,160835249.81,3.29,0.00,0.00,1.12
2026-06-30,3.63,3.64,3.65,3.57,401161,147507389.30,2.19,-0.27,-0.01,1.03
2026-07-01,3.64,3.66,3.72,3.60,557668,208064988.90,3.30,0.55,0.02,1.43
2026-07-02,3.65,3.67,3.70,3.64,452862,169342470.43,1.64,0.27,0.01,1.16
2026-07-03,3.69,3.67,3.70,3.64,469484,175537254.96,1.63,0.00,0.00,1.21
2026-07-06,3.67,3.78,3.79,3.63,675644,255322953.84,4.36,3.00,0.11,1.74
2026-07-07,3.76,3.71,3.79,3.68,555101,210523313.00,2.91,-1.85,-0.07,1.43
2026-07-08,3.71,3.67,3.75,3.64,493206,181786108.38,2.96,-1.08,-0.04,1.27
2026-07-09,3.63,3.61,3.66,3.59,437694,158102736.35,1.91,-1.63,-0.06,1.12
2026-07-10,3.60,3.64,3.67,3.53,474900,171659854.83,3.88,0.83,0.03,1.22
2026-07-13,3.62,3.62,3.65,3.60,358424,129799312.61,1.37,-0.55,-0.02,0.92
2026-07-14,3.60,3.63,3.67,3.59,492057,179307654.87,2.21,0.28,0.01,1.26
2026-07-15,3.63,3.69,3.71,3.61,561278,206371671.64,2.75,1.65,0.06,1.44
2026-07-16,3.68,3.71,3.72,3.64,435906,160518003.32,2.17,0.54,0.02,1.12
2026-07-17,3.70,3.64,3.76,3.64,541490,200541012.81,3.23,-1.89,-0.07,1.39
2026-07-20,3.65,3.71,3.75,3.64,575345,213308243.70,3.02,1.92,0.07,1.48