2026-01-05,5.24,5.23,5.27,5.19,1545997,841161696.00,1.53,0.00,0.00,0.23
2026-01-06,5.24,5.29,5.29,5.20,1435870,785410825.00,1.72,1.15,0.06,0.21
2026-01-07,5.28,5.21,5.30,5.21,1565355,854727894.00,1.70,-1.51,-0.08,0.23
2026-01-08,5.22,5.19,5.23,5.18,1177659,637821382.00,0.96,-0.38,-0.02,0.18
2026-01-09,5.19,5.20,5.21,5.16,1529385,826709112.00,0.96,0.19,0.01,0.23
2026-01-12,5.22,5.24,5.25,5.18,1461657,778096777.00,1.35,0.77,0.04,0.22
2026-01-13,5.24,5.27,5.30,5.23,1583507,850316628.00,1.34,0.57,0.03,0.24
2026-01-14,5.26,5.18,5.26,5.16,2152865,1141083471.00,1.90,-1.71,-0.09,0.32
2026-01-15,5.17,5.08,5.18,5.07,1619674,845011009.00,2.12,-1.93,-0.10,0.24
2026-01-16,5.09,5.07,5.10,5.04,1521456,785737695.00,1.18,-0.20,-0.01,0.23
2026-01-19,5.06,5.04,5.07,5.04,1091279,562462400.00,0.59,-0.59,-0.03,0.16
2026-01-20,5.05,5.09,5.11,5.03,1432419,741363147.00,1.59,0.99,0.05,0.21
2026-01-21,5.09,4.98,5.11,4.97,2011615,1031041212.00,2.75,-2.16,-0.11,0.30
2026-01-22,4.98,4.99,5.04,4.95,1293329,659006213.00,1.81,0.20,0.01,0.19
2026-01-23,5.00,4.95,5.01,4.94,1409830,714272771.00,1.40,-0.80,-0.04,0.21
2026-01-26,4.94,4.98,5.00,4.91,1785316,905277468.00,1.82,0.61,0.03,0.27
2026-01-27,4.97,4.96,5.03,4.95,1650012,841265044.00,1.61,-0.40,-0.02,0.25
2026-01-28,4.95,4.94,5.00,4.94,1791346,907919346.00,1.21,-0.40,-0.02,0.27
2026-01-29,4.94,4.99,5.00,4.91,1921855,971274150.00,1.82,1.01,0.05,0.29
2026-01-30,4.99,4.96,5.03,4.95,1756523,894328012.00,1.60,-0.60,-0.03,0.26
2026-02-02,4.97,5.00,5.04,4.95,2209265,1127687518.00,1.81,0.81,0.04,0.33
2026-02-03,4.98,4.93,4.99,4.91,1904481,957880033.00,1.60,-1.40,-0.07,0.28
2026-02-04,4.93,5.01,5.02,4.92,1888302,959386182.00,2.03,1.62,0.08,0.28
2026-02-05,5.02,5.09,5.11,5.01,1930979,998200370.00,2.00,1.60,0.08,0.29
2026-02-06,5.08,5.08,5.11,5.03,1305182,673782727.00,1.57,-0.20,-0.01,0.19
2026-02-09,5.06,5.08,5.09,5.04,1032481,533166265.00,0.98,0.00,0.00,0.15
2026-02-10,5.08,5.10,5.13,5.07,1151191,599024339.00,1.18,0.39,0.02,0.17
2026-02-11,5.11,5.09,5.11,5.05,959460,497678874.00,1.18,-0.20,-0.01,0.14
2026-02-12,5.10,5.01,5.10,5.01,1277785,656830369.00,1.77,-1.57,-0.08,0.19
2026-02-13,5.02,4.97,5.03,4.96,1108904,564476498.00,1.40,-0.80,-0.04,0.17
2026-02-24,4.98,4.95,4.99,4.93,1389062,701561670.00,1.21,-0.40,-0.02,0.21
2026-02-25,4.94,4.91,4.96,4.91,2186036,1100226371.00,1.01,-0.81,-0.04,0.33
2026-02-26,4.92,4.88,4.93,4.87,1428822,713345031.00,1.22,-0.61,-0.03,0.21
2026-02-27,4.88,4.87,4.90,4.86,1119658,557382814.00,0.82,-0.20,-0.01,0.17
2026-03-02,4.86,4.89,4.92,4.85,1406908,701198617.00,1.44,0.41,0.02,0.21
2026-03-03,4.89,4.94,4.97,4.87,2331254,1173389746.00,2.04,1.02,0.05,0.35
2026-03-04,4.93,4.83,4.94,4.81,2404325,1188249053.00,2.63,-2.23,-0.11,0.36
2026-03-05,4.82,4.88,4.89,4.82,1489547,738593198.00,1.45,1.04,0.05,0.22
2026-03-06,4.88,4.90,4.92,4.86,1018906,507959434.00,1.23,0.41,0.02,0.15
2026-03-09,4.88,4.87,4.92,4.85,1746688,870135841.00,1.43,-0.61,-0.03,0.26
2026-03-10,4.88,4.88,4.89,4.85,1069686,531693770.00,0.82,0.21,0.01,0.16
2026-03-11,4.88,4.93,4.93,4.86,1387687,694371449.00,1.43,1.02,0.05,0.21
2026-03-12,4.92,4.96,4.96,4.91,1686062,850259470.00,1.01,0.61,0.03,0.25
2026-03-13,4.95,4.98,5.02,4.93,1656379,841611420.00,1.81,0.40,0.02,0.25
2026-03-16,4.98,5.01,5.03,4.97,1508640,769805301.00,1.20,0.60,0.03,0.22
2026-03-17,5.00,5.07,5.09,4.99,1853587,957063043.00,2.00,1.20,0.06,0.28
2026-03-18,5.07,5.03,5.07,4.98,1681878,863063931.00,1.78,-0.79,-0.04,0.25
2026-03-19,5.00,5.00,5.05,4.98,1365641,698568559.00,1.39,-0.60,-0.03,0.20
2026-03-20,4.98,4.95,5.03,4.95,1255369,637893475.00,1.60,-1.00,-0.05,0.19
2026-03-23,4.94,4.78,4.95,4.77,2431373,1199519940.00,3.64,-3.43,-0.17,0.36
2026-03-24,4.82,4.92,4.93,4.81,1824906,908977784.00,2.51,2.93,0.14,0.27
2026-03-25,4.93,4.98,4.98,4.86,1270168,638528927.00,2.44,1.22,0.06,0.18
2026-03-26,4.97,5.01,5.03,4.96,1468329,750025009.00,1.41,0.60,0.03,0.20
2026-03-27,5.00,4.96,5.02,4.95,1075003,546130830.00,1.40,-1.00,-0.05,0.15
2026-03-30,4.92,4.98,4.99,4.90,1310104,662281777.00,1.81,0.40,0.02,0.18
2026-03-31,4.99,5.03,5.07,4.98,1912573,983887793.00,1.81,1.00,0.05,0.26
2026-04-01,5.05,5.01,5.08,4.99,1302816,668683083.00,1.79,-0.40,-0.02,0.18
2026-04-02,5.01,5.08,5.09,5.00,1922306,993306482.00,1.80,1.40,0.07,0.27
2026-04-03,5.08,5.02,5.08,4.97,1528166,781457074.00,2.17,-1.18,-0.06,0.21
2026-04-07,5.01,4.97,5.02,4.92,1358104,685775863.00,1.99,-1.00,-0.05,0.19
2026-04-08,4.96,4.95,4.96,4.92,1379040,695888997.00,0.80,-0.40,-0.02,0.19
2026-04-09,4.94,4.92,4.96,4.91,881677,443307944.00,1.01,-0.61,-0.03,0.12
2026-04-10,4.92,4.90,4.93,4.89,973867,487578738.00,0.81,-0.41,-0.02,0.13
2026-04-13,4.89,4.89,4.90,4.85,1234983,613690382.00,1.02,-0.20,-0.01,0.17
2026-04-14,4.89,4.95,4.95,4.88,1327182,666102769.00,1.43,1.23,0.06,0.18
2026-04-15,4.95,5.01,5.03,4.94,1714542,872663178.00,1.82,1.21,0.06,0.24
2026-04-16,5.01,4.97,5.04,4.95,1244083,632675908.00,1.80,-0.80,-0.04,0.17
2026-04-17,4.96,4.97,4.99,4.94,710094,359580352.00,1.01,0.00,0.00,0.10
2026-04-20,4.97,5.08,5.09,4.96,2332232,1198211487.00,2.62,2.21,0.11,0.32
2026-04-21,5.08,5.11,5.17,5.07,1843704,963140407.00,1.97,0.59,0.03,0.25
2026-04-22,5.11,5.06,5.13,5.06,1123565,582413710.00,1.37,-0.98,-0.05,0.15
2026-04-23,5.06,5.09,5.11,5.05,1057533,548816181.00,1.19,0.59,0.03,0.15
2026-04-24,5.10,5.08,5.10,5.06,979362,507208839.00,0.79,-0.20,-0.01,0.14
2026-04-27,5.07,5.05,5.13,5.03,1070088,553454358.00,1.97,-0.59,-0.03,0.15
2026-04-28,5.04,5.10,5.10,5.03,1108476,574081279.00,1.39,0.99,0.05,0.15
2026-04-29,5.10,5.05,5.10,5.00,1363720,701714891.00,1.96,-0.98,-0.05,0.19
2026-04-30,5.02,4.97,5.03,4.94,1846720,936999189.00,1.78,-1.58,-0.08,0.25
2026-05-06,4.97,4.96,4.98,4.92,1473735,742314473.00,1.21,-0.20,-0.01,0.20
2026-05-07,4.95,4.94,4.97,4.93,1057289,533824271.00,0.81,-0.40,-0.02,0.15
2026-05-08,4.94,4.93,4.97,4.92,1017649,512929258.00,1.01,-0.20,-0.01,0.14
2026-05-11,4.93,4.95,4.96,4.90,1268066,636831913.00,1.22,0.41,0.02,0.17
2026-05-12,4.94,4.93,4.97,4.92,956623,482224423.00,1.01,-0.40,-0.02,0.13
2026-05-13,4.93,4.90,4.94,4.90,1020123,511243758.00,0.81,-0.61,-0.03,0.14
2026-05-14,4.90,4.93,4.94,4.89,1023839,514195871.00,1.02,0.61,0.03,0.14
2026-05-15,4.92,4.87,4.93,4.85,1636050,815288695.00,1.62,-1.22,-0.06,0.23
2026-05-18,4.86,4.87,4.89,4.82,1160381,574708072.00,1.44,0.00,0.00,0.16
2026-05-19,4.87,4.86,4.92,4.85,1173284,584198439.00,1.44,-0.21,-0.01,0.16
2026-05-20,4.86,4.81,4.86,4.80,1092843,538121694.00,1.23,-1.03,-0.05,0.15
2026-05-21,4.82,4.82,4.86,4.80,1028330,507557313.00,1.25,0.21,0.01,0.14
2026-05-22,4.82,4.84,4.85,4.77,1359414,668035689.00,1.66,0.41,0.02,0.19
2026-05-25,4.83,4.87,4.88,4.83,947645,470260866.00,1.03,0.62,0.03,0.13
2026-05-26,4.87,4.89,4.91,4.85,1161867,579018058.00,1.23,0.41,0.02,0.16
2026-05-27,4.89,4.89,4.91,4.86,1061808,529316729.00,1.02,0.00,0.00,0.15
2026-05-28,4.89,4.84,4.90,4.83,902962,446940626.00,1.43,-1.02,-0.05,0.12
2026-05-29,4.84,4.88,4.92,4.81,1430267,712071381.00,2.27,0.83,0.04,0.20
2026-06-01,4.88,4.92,4.93,4.86,1217407,608867044.00,1.43,0.82,0.04,0.17
2026-06-02,4.91,4.91,4.95,4.88,1362540,683645785.00,1.42,-0.20,-0.01,0.19
2026-06-03,4.91,4.88,4.92,4.86,1128846,562370309.00,1.22,-0.61,-0.03,0.16
2026-06-04,4.87,4.83,4.90,4.82,1019140,503959823.00,1.64,-1.02,-0.05,0.14
2026-06-05,4.84,4.86,4.88,4.82,1112698,550999194.00,1.24,0.62,0.03,0.15
2026-06-08,4.85,4.88,4.90,4.83,1307337,650423963.00,1.44,0.41,0.02,0.18
2026-06-09,4.87,4.89,4.92,4.86,1189705,594042894.00,1.23,0.20,0.01,0.16
2026-06-10,4.89,4.98,4.99,4.88,2470351,1249087615.00,2.25,1.84,0.09,0.34
2026-06-11,4.97,5.00,5.00,4.95,1551371,788661875.00,1.00,0.40,0.02,0.21
2026-06-12,4.97,5.10,5.10,4.96,2648467,1365146356.00,2.80,2.00,0.10,0.37
2026-06-15,5.07,5.01,5.08,4.98,1967150,1009691361.00,1.96,-1.76,-0.09,0.27
2026-06-16,5.00,4.94,5.01,4.93,1241697,628486971.00,1.60,-1.40,-0.07,0.17
2026-06-17,4.95,4.88,4.99,4.87,1642230,822969430.00,2.43,-1.21,-0.06,0.23
2026-06-18,4.88,4.76,4.88,4.76,2853442,1396427279.00,2.46,-2.46,-0.12,0.39
2026-06-22,4.75,4.82,4.84,4.66,2240637,1088883368.00,3.78,1.26,0.06,0.31
2026-06-23,4.82,4.96,5.00,4.81,3122426,1573976946.00,3.94,2.90,0.14,0.43
2026-06-24,4.95,4.82,4.98,4.82,1959330,977310594.00,3.23,-2.82,-0.14,0.27
2026-06-25,4.81,4.80,4.88,4.79,1500940,738814451.00,1.87,-0.41,-0.02,0.21
2026-06-26,4.80,4.82,4.84,4.76,1408870,690541391.00,1.67,0.42,0.02,0.19
2026-06-29,4.81,4.87,4.89,4.71,1734389,852340325.00,3.73,1.04,0.05,0.24
2026-06-30,4.85,4.83,4.86,4.75,1552196,760097893.00,2.26,-0.82,-0.04,0.21
2026-07-01,4.81,4.83,4.89,4.79,1188688,587714916.00,2.07,0.00,0.00,0.16
2026-07-02,4.85,4.86,4.90,4.81,1238939,613557906.00,1.86,0.62,0.03,0.17
2026-07-03,4.85,4.84,4.89,4.81,1088176,538060177.00,1.65,-0.41,-0.02,0.15
2026-07-06,4.84,4.88,4.89,4.79,1364820,675817891.00,2.07,0.83,0.04,0.19
2026-07-07,4.87,4.92,4.94,4.84,1374885,686310054.00,2.05,0.82,0.04,0.19
2026-07-08,4.91,4.96,4.98,4.87,1392132,703888393.00,2.24,0.81,0.04,0.19
2026-07-09,4.93,4.90,4.96,4.87,1395251,698573517.00,1.81,-1.21,-0.06,0.19
2026-07-10,4.88,4.94,4.94,4.87,1470355,736226108.00,1.43,0.82,0.04,0.20
2026-07-13,4.94,5.05,5.05,4.92,1898209,950669948.00,2.63,2.23,0.11,0.26
2026-07-14,5.02,5.04,5.05,4.99,1566484,786433883.00,1.19,-0.20,-0.01,0.22
2026-07-15,5.00,5.09,5.09,4.99,1537679,776266716.00,1.98,0.99,0.05,0.21
2026-07-16,5.08,5.05,5.10,5.03,1172060,593464396.00,1.38,-0.79,-0.04,0.16
2026-07-17,5.04,5.09,5.11,5.03,1712855,872262483.00,1.58,0.79,0.04,0.24
2026-07-20,5.06,5.18,5.19,5.05,2314169,1191426648.00,2.75,1.77,0.09,0.32
2026-07-21,5.20,5.05,5.22,5.04,2262405,1159267590.00,3.47,-2.51,-0.13,0.31
2026-07-22,5.03,5.11,5.11,5.00,1439037,727671028.00,2.18,1.19,0.06,0.20
2026-07-23,5.10,5.11,5.13,5.08,1106893,565102578.00,0.98,0.00,0.00,0.15
2026-07-24,5.12,5.12,5.15,5.08,1556299,795168122.00,1.37,0.20,0.01,0.21
2026-07-27,5.13,5.09,5.14,5.07,1429837,729861086.00,1.37,-0.59,-0.03,0.20
2026-07-28,5.11,5.20,5.20,5.09,2058973,1063412183.00,2.16,2.16,0.11,0.28
2026-07-29,5.21,5.12,5.22,5.11,1774812,915474178.00,2.12,-1.54,-0.08,0.24