2026-01-05,9.28,9.42,9.50,9.28,5961,5603871.00,2.37,1.51,0.14,0.59
2026-01-06,9.44,9.55,9.64,9.44,6936,6604421.00,2.12,1.38,0.13,0.69
2026-01-07,9.55,9.43,9.58,9.42,5085,4821853.00,1.68,-1.26,-0.12,0.51
2026-01-08,9.48,9.50,9.54,9.41,10468,9914281.00,1.38,0.74,0.07,1.04
2026-01-09,9.50,9.52,9.55,9.31,13418,12661647.00,2.53,0.21,0.02,1.34
2026-01-12,9.52,9.58,9.60,9.44,9608,9159702.00,1.68,0.63,0.06,0.96
2026-01-13,9.60,9.52,9.60,9.45,9099,8670380.00,1.57,-0.63,-0.06,0.91
2026-01-14,9.41,9.45,9.59,9.41,14349,13655547.00,1.89,-0.74,-0.07,1.43
2026-01-15,9.48,9.63,9.70,9.46,13467,12911673.00,2.54,1.90,0.18,1.34
2026-01-16,9.72,9.63,9.79,9.48,13924,13392607.00,3.22,0.00,0.00,1.39
2026-01-19,9.60,9.66,9.68,9.55,10657,10237044.00,1.35,0.31,0.03,1.06
2026-01-20,9.55,9.58,9.69,9.53,9472,9103802.00,1.66,-0.83,-0.08,0.94
2026-01-21,9.52,9.62,9.64,9.52,6784,6515455.00,1.25,0.42,0.04,0.68
2026-01-22,9.65,9.63,9.68,9.59,10333,9953573.00,0.94,0.10,0.01,1.03
2026-01-23,9.63,9.64,9.64,9.53,13120,12579312.00,1.14,0.10,0.01,1.31
2026-01-26,9.64,9.59,9.64,9.43,10005,9517290.00,2.18,-0.52,-0.05,1.00
2026-01-27,9.55,9.62,9.62,9.44,9656,9207933.00,1.88,0.31,0.03,0.96
2026-01-28,9.60,9.99,9.99,9.56,23189,22726105.00,4.47,3.85,0.37,2.31
2026-01-29,9.99,9.91,10.38,9.86,23439,23686899.00,5.21,-0.80,-0.08,2.33
2026-01-30,9.82,9.88,9.98,9.65,10957,10806219.00,3.33,-0.30,-0.03,1.09
2026-02-02,9.93,9.88,10.28,9.88,14001,14092254.00,4.05,0.00,0.00,1.39
2026-02-03,9.91,10.01,10.06,9.74,14105,13921226.00,3.24,1.32,0.13,1.40
2026-02-04,10.01,10.30,10.32,9.90,14674,14828414.00,4.20,2.90,0.29,1.46
2026-02-05,10.30,10.47,10.48,10.20,10602,10988783.00,2.72,1.65,0.17,1.06
2026-02-06,10.47,10.46,10.50,10.26,13905,14457480.00,2.29,-0.10,-0.01,1.38
2026-02-09,10.50,10.58,10.62,10.37,16714,17491206.00,2.39,1.15,0.12,1.66
2026-02-10,10.60,10.60,10.63,10.52,8705,9199886.00,1.04,0.19,0.02,0.87
2026-02-11,10.63,10.62,10.63,10.53,6904,7303398.00,0.94,0.19,0.02,0.69
2026-02-12,10.54,10.51,10.60,10.28,10555,11017465.00,3.01,-1.04,-0.11,1.05
2026-02-13,10.46,10.50,10.56,10.36,10625,11115484.00,1.90,-0.10,-0.01,1.06
2026-02-24,10.50,10.46,10.50,10.38,5991,6249569.00,1.14,-0.38,-0.04,0.60
2026-02-25,10.40,10.49,10.60,10.40,7018,7376200.00,1.91,0.29,0.03,0.70
2026-02-26,10.66,10.44,10.66,10.30,7489,7839389.00,3.43,-0.48,-0.05,0.75
2026-02-27,10.20,11.00,11.20,10.20,26826,28782237.00,9.58,5.36,0.56,2.67
2026-03-02,10.94,10.94,10.98,10.56,17889,19355683.00,3.82,-0.55,-0.06,1.78
2026-03-03,10.93,10.80,11.02,10.76,16422,17889205.00,2.38,-1.28,-0.14,1.63
2026-03-04,10.66,10.94,10.96,10.66,15428,16732003.00,2.78,1.30,0.14,1.54
2026-03-05,10.90,11.05,11.22,10.80,18692,20484650.00,3.84,1.01,0.11,1.86
2026-03-06,10.96,11.02,11.08,10.72,12771,13965215.00,3.26,-0.27,-0.03,1.27
2026-03-09,10.97,10.95,11.00,10.85,13333,14530370.00,1.36,-0.64,-0.07,1.33
2026-03-10,10.86,11.18,11.18,10.86,15622,17222945.00,2.92,2.10,0.23,1.55
2026-03-11,11.18,11.18,11.29,11.00,8419,9389918.00,2.59,0.00,0.00,0.84
2026-03-12,11.00,10.70,11.04,10.61,19751,21350401.00,3.85,-4.29,-0.48,1.97
2026-03-13,10.75,10.60,10.78,10.57,5723,6110492.00,1.96,-0.93,-0.10,0.57
2026-03-16,10.60,10.58,10.70,10.31,12448,13097867.00,3.68,-0.19,-0.02,1.24
2026-03-17,10.55,10.40,10.68,10.33,6439,6753106.00,3.31,-1.70,-0.18,0.64
2026-03-18,10.31,10.44,10.45,10.26,3966,4125371.00,1.83,0.38,0.04,0.39
2026-03-19,10.42,10.21,10.42,10.18,4365,4494285.00,2.30,-2.20,-0.23,0.43
2026-03-20,10.22,9.97,10.27,9.97,4547,4591170.00,2.94,-2.35,-0.24,0.45
2026-03-23,9.88,9.45,9.88,9.45,10515,10168575.00,4.31,-5.22,-0.52,1.05
2026-03-24,9.61,9.75,9.76,9.53,6447,6213687.00,2.43,3.17,0.30,0.64
2026-03-25,9.74,9.88,9.96,9.74,3366,3327481.00,2.26,1.33,0.13,0.33
2026-03-26,9.94,9.90,10.08,9.67,7762,7666120.00,4.15,0.20,0.02,0.77
2026-03-27,9.88,9.91,10.00,9.83,4474,4433901.00,1.72,0.10,0.01,0.45
2026-03-30,9.83,9.96,10.00,9.78,5503,5439482.00,2.22,0.50,0.05,0.55
2026-03-31,9.90,9.95,10.25,9.88,8400,8413744.00,3.71,-0.10,-0.01,0.84
2026-04-01,9.92,10.07,10.19,9.88,8870,8890623.00,3.12,1.21,0.12,0.88
2026-04-02,10.00,9.99,10.17,9.93,3359,3360285.00,2.38,-0.79,-0.08,0.33
2026-04-03,9.95,9.78,9.97,9.72,3978,3914261.00,2.50,-2.10,-0.21,0.40
2026-04-07,9.83,9.93,9.93,9.76,5073,4985352.00,1.74,1.53,0.15,0.50
2026-04-08,10.04,10.23,10.23,9.95,7649,7704151.00,2.82,3.02,0.30,0.76
2026-04-09,10.11,10.18,10.23,10.06,3312,3357021.00,1.66,-0.49,-0.05,0.33
2026-04-10,10.20,10.40,10.43,10.11,10714,10981187.00,3.14,2.16,0.22,1.07
2026-04-13,10.36,10.50,10.64,10.35,5905,6193538.00,2.79,0.96,0.10,0.59
2026-04-14,10.50,10.51,10.58,10.33,6556,6842656.00,2.38,0.10,0.01,0.65
2026-04-15,10.57,10.45,10.57,10.38,2651,2772992.00,1.81,-0.57,-0.06,0.26
2026-04-16,10.45,10.41,10.49,10.34,6100,6348773.00,1.44,-0.38,-0.04,0.61
2026-04-17,10.40,10.27,10.46,10.27,3729,3864781.00,1.83,-1.34,-0.14,0.37
2026-04-20,10.26,10.50,10.50,10.26,7948,8226533.00,2.34,2.24,0.23,0.79
2026-04-21,10.40,10.45,10.49,10.28,4907,5072098.00,2.00,-0.48,-0.05,0.49
2026-04-22,10.35,10.41,10.48,10.28,4463,4609249.00,1.91,-0.38,-0.04,0.44
2026-04-23,10.40,10.18,10.40,10.18,4041,4137120.00,2.11,-2.21,-0.23,0.40
2026-04-24,10.16,10.16,10.20,9.95,4916,4949891.00,2.46,-0.20,-0.02,0.49
2026-04-27,10.73,12.19,12.19,10.72,65623,76916704.00,14.47,19.98,2.03,6.53
2026-04-28,12.62,12.86,13.95,12.00,125658,162778909.00,16.00,5.50,0.67,12.50
2026-04-29,12.79,13.21,13.77,12.25,86154,112242482.00,11.82,2.72,0.35,8.57
2026-04-30,12.98,13.02,13.55,12.73,55122,72251375.00,6.21,-1.44,-0.19,5.49
2026-05-06,13.00,13.50,13.80,12.90,50281,67268524.00,6.91,3.69,0.48,5.00
2026-05-07,13.30,13.46,13.63,13.17,39326,52615109.00,3.41,-0.30,-0.04,3.91
2026-05-08,13.42,14.31,14.92,13.41,58409,83428331.00,11.22,6.32,0.85,5.81
2026-05-11,14.14,14.17,14.50,14.01,32809,46433976.00,3.42,-0.98,-0.14,3.26
2026-05-12,14.09,13.98,14.23,13.49,38869,53478343.00,5.22,-1.34,-0.19,3.87
2026-05-13,13.83,13.79,14.03,13.47,32431,44224498.00,4.01,-1.36,-0.19,3.23
2026-05-14,13.60,13.99,14.05,13.42,29655,40811465.00,4.57,1.45,0.20,2.95
2026-05-15,13.90,13.61,14.34,13.61,26844,37393897.00,5.22,-2.72,-0.38,2.67
2026-05-18,13.49,14.15,14.30,13.47,26450,36996494.00,6.10,3.97,0.54,2.63
2026-05-19,14.25,13.98,14.25,13.85,19054,26688063.00,2.83,-1.20,-0.17,1.90
2026-05-20,13.86,13.85,14.28,13.54,28567,39700675.00,5.29,-0.93,-0.13,2.84
2026-05-21,13.90,13.44,14.44,13.44,36348,50905333.00,7.22,-2.96,-0.41,3.62
2026-05-22,13.40,13.83,14.04,13.38,20693,28247262.00,4.91,2.90,0.39,2.06
2026-05-25,13.86,13.80,13.87,13.53,16392,22421682.00,2.46,-0.22,-0.03,1.63
2026-05-26,13.66,13.59,13.78,13.45,11974,16268376.00,2.39,-1.52,-0.21,1.19
2026-05-27,13.58,12.99,13.70,12.90,16108,21341268.00,5.89,-4.42,-0.60,1.64
2026-05-28,12.85,13.30,13.30,12.78,14463,18927690.00,4.00,2.39,0.31,1.47
2026-05-29,13.29,12.77,13.29,12.70,8619,11199854.00,4.44,-3.98,-0.53,0.88
2026-06-01,12.89,12.98,13.17,12.78,7248,9427291.00,3.05,1.64,0.21,0.74
2026-06-02,12.89,12.98,13.10,12.80,4904,6367344.00,2.31,0.00,0.00,0.50
2026-06-03,12.97,12.90,12.97,12.45,14291,18165884.00,4.01,-0.62,-0.08,1.46
2026-06-04,12.70,12.35,13.37,12.20,27369,34713526.00,9.07,-4.26,-0.55,2.79
2026-06-05,12.38,12.14,12.40,11.98,11849,14439175.00,3.40,-1.70,-0.21,1.21
2026-06-08,12.00,11.61,12.20,11.58,9750,11495157.00,5.11,-4.37,-0.53,0.99
2026-06-09,11.78,11.85,11.88,11.48,11042,12954943.00,3.45,2.07,0.24,1.12
2026-06-10,11.82,11.60,11.85,11.16,8588,9830995.00,5.82,-2.11,-0.25,0.87
2026-06-11,11.55,11.17,11.70,11.00,9822,11012728.00,6.03,-3.71,-0.43,1.00
2026-06-12,11.28,11.12,11.29,11.06,7075,7914249.00,2.06,-0.45,-0.05,0.72
2026-06-15,11.13,11.26,11.49,11.11,7275,8223131.00,3.42,1.26,0.14,0.74
2026-06-16,11.25,11.60,11.65,10.98,9853,11247965.00,5.95,3.02,0.34,1.00
2026-06-17,11.45,11.58,11.64,11.33,9848,11278938.00,2.67,-0.17,-0.02,1.00
2026-06-18,11.48,11.49,11.89,11.37,8018,9267815.00,4.49,-0.78,-0.09,0.82
2026-06-22,11.51,11.35,11.51,10.93,9280,10352269.00,5.05,-1.22,-0.14,0.95
2026-06-23,11.35,11.49,11.59,11.30,21019,23963961.00,2.56,1.23,0.14,2.14
2026-06-24,11.45,11.20,11.55,10.96,19200,21607314.00,5.13,-2.52,-0.29,1.96
2026-06-25,11.20,11.00,11.20,10.58,15670,16893168.00,5.54,-1.79,-0.20,1.60
2026-06-26,10.93,10.66,10.97,10.32,13438,14344745.00,5.91,-3.09,-0.34,1.37
2026-06-29,10.56,10.84,10.84,10.30,11839,12452156.00,5.07,1.69,0.18,1.21
2026-06-30,10.62,10.67,10.80,10.55,6695,7134845.00,2.31,-1.57,-0.17,0.68
2026-07-01,10.66,11.12,11.39,10.66,9537,10576440.00,6.84,4.22,0.45,0.97
2026-07-02,11.10,11.74,12.45,10.99,27937,32968378.00,13.13,5.58,0.62,2.85
2026-07-03,11.72,12.20,12.20,11.52,15146,17953884.00,5.79,3.92,0.46,1.54
2026-07-06,12.00,12.40,12.59,12.00,11505,14190752.00,4.84,1.64,0.20,1.17
2026-07-07,12.20,11.70,12.40,11.40,13959,16460464.00,8.06,-5.65,-0.70,1.42
2026-07-08,11.40,11.29,11.56,11.16,10891,12338915.00,3.42,-3.50,-0.41,1.11
2026-07-09,11.26,11.38,11.55,10.90,11467,12755530.00,5.76,0.80,0.09,1.17
2026-07-10,11.30,11.27,11.45,11.00,23943,26710904.00,3.95,-0.97,-0.11,2.44
2026-07-13,11.03,10.44,11.13,10.30,12698,13412235.00,7.36,-7.36,-0.83,1.29
2026-07-14,10.30,10.83,10.83,10.22,9397,9804660.00,5.84,3.74,0.39,0.96
2026-07-15,10.77,10.76,10.84,10.60,5641,6060091.00,2.22,-0.65,-0.07,0.57
2026-07-16,10.75,10.67,10.90,10.55,6599,7086548.00,3.25,-0.84,-0.09,0.67
2026-07-17,10.65,10.26,10.90,10.21,7014,7370995.00,6.47,-3.84,-0.41,0.71
2026-07-20,10.27,10.20,10.44,9.81,8681,8756353.00,6.14,-0.58,-0.06,0.88
2026-07-21,10.10,10.19,10.22,9.69,11081,11080549.00,5.20,-0.10,-0.01,1.13
2026-07-22,10.05,9.89,10.24,9.85,7652,7647521.00,3.83,-2.94,-0.30,0.78
2026-07-23,9.90,10.14,10.14,9.90,3525,3535249.00,2.43,2.53,0.25,0.36
2026-07-24,10.08,9.95,10.14,9.92,2623,2626642.00,2.17,-1.87,-0.19,0.27
2026-07-27,9.95,10.18,10.29,9.95,4813,4892128.00,3.42,2.31,0.23,0.49
2026-07-28,10.17,10.21,10.32,10.06,3311,3377269.00,2.55,0.29,0.03,0.34
2026-07-29,10.30,10.49,10.49,10.14,5256,5440734.00,3.43,2.74,0.28,0.54
2026-07-30,10.40,10.41,10.55,10.28,4525,4708781.00,2.57,-0.76,-0.08,0.46
2026-07-31,10.42,10.85,10.87,10.39,7566,8082363.00,4.61,4.23,0.44,0.77
2026-08-03,10.90,11.27,11.28,10.68,15970,17723492.00,5.53,3.87,0.42,1.63
2026-08-04,11.25,11.49,11.49,11.16,9312,10551479.00,2.93,1.95,0.22,0.95
2026-08-05,11.49,11.39,11.53,11.20,8416,9601854.00,2.87,-0.87,-0.10,0.86