2026-01-05,21.41,21.24,22.08,21.20,1020433,2215082316.06,4.23,2.07,0.43,9.87
2026-01-06,21.38,21.15,21.39,20.91,729619,1553434809.68,2.26,-0.42,-0.09,7.06
2026-01-07,21.11,22.29,22.66,21.02,1219461,2724222661.52,7.75,5.39,1.14,11.80
2026-01-08,22.32,22.70,23.76,22.04,1297395,3011410840.69,7.72,1.84,0.41,12.55
2026-01-09,23.40,24.99,24.99,23.40,1111086,2746456564.12,7.00,10.09,2.29,10.75
2026-01-12,26.80,27.51,27.51,26.57,735011,2013381287.07,3.76,10.08,2.52,7.11
2026-01-13,30.28,28.09,30.28,27.51,2143575,6107601833.92,10.07,2.11,0.58,20.74
2026-01-14,28.39,29.07,30.92,28.32,2106514,6363213895.26,9.26,3.49,0.98,20.38
2026-01-15,27.82,27.36,28.80,26.14,1793808,4871748577.64,9.15,-5.88,-1.71,17.35
2026-01-16,27.36,26.20,27.80,26.16,1168513,3154309428.93,5.99,-4.24,-1.16,11.30
2026-01-19,26.24,26.10,26.89,25.85,720368,1908721102.18,3.97,-0.38,-0.10,6.97
2026-01-20,26.10,25.20,26.34,24.75,787212,2004125197.42,6.09,-3.45,-0.90,7.62
2026-01-21,24.81,25.10,25.50,24.70,487717,1236631019.89,3.17,-0.40,-0.10,4.72
2026-01-22,25.34,25.80,26.23,25.23,768094,1998198136.08,3.98,2.79,0.70,7.43
2026-01-23,25.93,26.02,26.10,25.50,675881,1760277360.95,2.33,0.85,0.22,6.54
2026-01-26,25.86,24.98,25.95,24.75,671806,1709069896.27,4.61,-4.00,-1.04,6.50
2026-01-27,24.83,24.89,24.92,24.02,435605,1078639260.17,3.60,-0.36,-0.09,4.21
2026-01-28,24.87,24.98,25.09,24.36,482319,1202561925.78,2.93,0.36,0.09,4.67
2026-01-29,24.80,24.36,25.24,24.30,533356,1328542733.84,3.76,-2.48,-0.62,5.16
2026-01-30,24.01,23.75,24.20,22.92,575712,1365806575.67,5.25,-2.50,-0.61,5.57
2026-02-02,23.41,23.17,23.95,23.13,333692,794046313.68,3.45,-2.44,-0.58,3.23
2026-02-03,23.34,24.02,24.04,23.19,392422,936224283.62,3.67,3.67,0.85,3.80
2026-02-04,24.00,23.99,24.27,23.65,277482,670478301.64,2.58,-0.12,-0.03,2.68
2026-02-05,23.66,23.46,23.90,23.22,255703,605736527.06,2.83,-2.21,-0.53,2.47
2026-02-06,23.13,23.17,23.69,23.11,253218,596605309.80,2.47,-1.24,-0.29,2.45
2026-02-09,23.53,23.75,23.89,23.46,278836,667059098.53,1.86,2.50,0.58,2.70
2026-02-10,23.75,23.62,24.04,23.40,198521,473609627.78,2.69,-0.55,-0.13,1.92
2026-02-11,23.65,23.45,23.98,23.40,233119,556070099.69,2.46,-0.72,-0.17,2.26
2026-02-12,23.45,23.72,23.98,23.35,261608,626502749.07,2.69,1.15,0.27,2.53
2026-02-13,23.55,23.40,23.82,23.37,218712,520066779.81,1.90,-1.35,-0.32,2.12
2026-02-24,23.67,23.86,24.08,23.60,299484,721001641.29,2.05,1.97,0.46,2.90
2026-02-25,24.02,24.66,24.80,23.82,578664,1428833655.03,4.11,3.35,0.80,5.60
2026-02-26,24.68,24.80,25.02,24.41,576259,1440844160.30,2.47,0.57,0.14,5.57
2026-02-27,24.56,25.31,25.43,24.54,629418,1592123340.90,3.59,2.06,0.51,6.09
2026-03-02,25.27,26.40,26.40,25.10,901657,2335730572.96,5.14,4.31,1.09,8.72
2026-03-03,26.45,23.82,26.49,23.81,910639,2284164498.13,10.15,-9.77,-2.58,8.81
2026-03-04,23.12,23.63,24.40,23.03,433652,1042540841.46,5.75,-0.80,-0.19,4.19
2026-03-05,24.20,24.40,25.02,23.87,527872,1301888522.81,4.87,3.26,0.77,5.11
2026-03-06,24.09,23.94,24.50,23.75,325028,789446868.97,3.07,-1.89,-0.46,3.14
2026-03-09,23.60,23.55,23.74,22.75,402177,942619478.88,4.14,-1.63,-0.39,3.89
2026-03-10,24.01,23.83,24.12,23.50,269201,646342759.03,2.63,1.19,0.28,2.60
2026-03-11,23.88,23.32,24.14,23.30,315263,749825533.99,3.52,-2.14,-0.51,3.05
2026-03-12,23.18,22.38,23.25,22.05,490112,1112934546.99,5.15,-4.03,-0.94,4.74
2026-03-13,22.20,22.45,22.95,22.03,323618,736642227.32,4.11,0.31,0.07,3.13
2026-03-16,22.30,21.78,22.38,21.23,392800,858692332.70,5.12,-2.98,-0.67,3.80
2026-03-17,21.79,21.22,21.98,21.17,231395,504253293.58,3.72,-2.57,-0.56,2.24
2026-03-18,21.23,21.42,21.47,20.93,185442,397296244.25,2.54,0.94,0.20,1.79
2026-03-19,21.00,20.46,21.14,20.36,238976,498579430.12,3.64,-4.48,-0.96,2.31
2026-03-20,20.63,19.96,20.77,19.88,240811,494904939.43,4.35,-2.44,-0.50,2.33
2026-03-23,19.60,19.01,20.01,18.88,328080,643752529.87,5.66,-4.76,-0.95,3.17
2026-03-24,19.37,19.71,19.73,18.97,265867,518811407.45,4.00,3.68,0.70,2.57
2026-03-25,19.82,20.26,20.46,19.81,270531,550748356.45,3.30,2.79,0.55,2.62
2026-03-26,20.30,20.19,20.40,19.92,198967,405472610.23,2.37,-0.35,-0.07,1.92
2026-03-27,19.83,20.49,20.49,19.82,169567,347144517.52,3.32,1.49,0.30,1.64
2026-03-30,20.16,20.58,20.67,20.13,184062,379785695.36,2.64,0.44,0.09,1.78
2026-03-31,20.62,20.42,20.99,20.39,209205,436876002.42,2.92,-0.78,-0.16,2.02
2026-04-01,20.88,20.73,20.96,20.44,188052,391834234.41,2.55,1.52,0.31,1.82
2026-04-02,20.63,20.25,20.78,20.07,169944,349908615.90,3.42,-2.32,-0.48,1.64
2026-04-03,20.27,19.82,20.37,19.80,133107,269088476.04,2.81,-2.12,-0.43,1.29
2026-04-07,19.84,20.06,20.28,19.84,144719,294180745.93,2.22,1.21,0.24,1.40
2026-04-08,20.56,21.24,21.26,20.55,250976,530652475.86,3.54,5.88,1.18,2.43
2026-04-09,20.98,20.89,21.10,20.75,156056,329621852.10,1.65,-1.65,-0.35,1.51
2026-04-10,21.10,20.86,21.26,20.86,171710,364772756.84,1.91,-0.14,-0.03,1.66
2026-04-13,20.75,20.71,20.94,20.64,138714,290503603.69,1.44,-0.72,-0.15,1.34
2026-04-14,20.95,20.92,21.05,20.72,157608,331701301.54,1.59,1.01,0.21,1.52
2026-04-15,21.11,20.74,21.43,20.63,238774,507109489.32,3.82,-0.86,-0.18,2.31
2026-04-16,20.74,20.99,21.04,20.65,183303,386185604.38,1.88,1.21,0.25,1.77
2026-04-17,21.00,21.35,21.48,20.90,257118,550247223.32,2.76,1.72,0.36,2.49
2026-04-20,21.34,21.60,21.67,21.26,239891,520743356.33,1.92,1.17,0.25,2.32
2026-04-21,21.66,21.93,22.01,21.55,328046,722196916.00,2.13,1.53,0.33,3.17
2026-04-22,21.62,21.87,22.05,21.60,274309,602819143.24,2.05,-0.27,-0.06,2.65
2026-04-23,21.88,21.00,21.88,20.82,316087,675951572.94,4.85,-3.98,-0.87,3.06
2026-04-24,20.90,20.50,21.05,20.40,210334,438049765.12,3.10,-2.38,-0.50,2.03
2026-04-27,20.32,20.47,20.70,20.22,178810,369267469.83,2.34,-0.15,-0.03,1.73
2026-04-28,21.00,20.66,21.48,20.55,283568,601013580.90,4.54,0.93,0.19,2.74
2026-04-29,20.54,20.94,21.02,20.50,193938,408462602.61,2.52,1.36,0.28,1.88
2026-04-30,20.83,21.17,21.20,20.75,200584,425102182.44,2.15,1.10,0.23,1.94
2026-05-06,21.36,21.74,21.91,21.33,305196,668067239.25,2.74,2.69,0.57,2.95
2026-05-07,21.86,21.70,21.90,21.42,256982,560550823.79,2.21,-0.18,-0.04,2.49
2026-05-08,21.52,22.00,22.05,21.49,310620,684866690.49,2.58,1.38,0.30,2.98
2026-05-11,22.29,22.54,22.59,22.00,429475,969752224.94,2.68,2.45,0.54,4.12
2026-05-12,22.61,22.14,22.68,21.98,306907,688150823.30,3.11,-1.77,-0.40,2.95
2026-05-13,22.30,22.54,22.68,22.10,306065,695076351.06,2.62,1.81,0.40,2.94
2026-05-14,22.54,21.75,22.65,21.71,301236,672373548.82,4.17,-3.50,-0.79,2.89
2026-05-15,21.71,21.37,22.08,21.23,286706,623987430.34,3.91,-1.75,-0.38,2.75
2026-05-18,21.18,21.25,21.55,20.87,200884,431194910.93,3.18,-0.56,-0.12,1.93
2026-05-19,21.20,21.31,21.35,20.36,278172,586209144.69,4.66,0.28,0.06,2.67
2026-05-20,21.07,21.09,21.25,20.58,220117,464048532.11,3.14,-1.03,-0.22,2.11
2026-05-21,21.36,21.97,23.10,20.91,732445,1649797617.30,10.38,4.17,0.88,7.03
2026-05-22,22.30,22.52,22.52,22.02,504139,1133315687.46,2.28,2.50,0.55,4.84
2026-05-25,22.85,23.81,23.90,22.82,920840,2182420151.88,4.80,5.73,1.29,8.84
2026-05-26,23.57,23.24,23.93,22.82,568360,1332178318.03,4.66,-2.39,-0.57,5.46
2026-05-27,23.39,24.16,24.72,23.21,893482,2163939664.05,6.50,3.96,0.92,8.58
2026-05-28,24.60,25.32,25.97,24.35,1057382,2692125580.04,6.71,4.80,1.16,10.15
2026-05-29,24.85,22.77,25.42,22.77,1004375,2412689329.89,10.47,-10.07,-2.55,9.64
2026-06-01,22.47,22.31,23.28,22.26,574650,1317404150.20,4.48,-2.02,-0.46,5.52
2026-06-02,22.19,21.76,22.53,21.29,552681,1211914754.35,5.56,-2.47,-0.55,5.31
2026-06-03,21.76,21.92,22.77,21.53,455358,1020599521.41,5.70,0.74,0.16,4.37
2026-06-04,21.63,21.84,22.24,20.89,382394,831665831.68,6.16,-0.36,-0.08,3.67
2026-06-05,21.67,21.94,22.88,20.60,526913,1155535163.78,10.44,0.46,0.10,5.06
2026-06-08,21.12,20.86,21.90,20.65,463463,992628531.53,5.70,-4.92,-1.08,4.45
2026-06-09,21.17,21.19,21.49,20.45,358328,764162644.75,4.99,1.58,0.33,3.44
2026-06-10,20.80,20.60,21.01,19.80,446125,917961495.51,5.71,-2.78,-0.59,4.28
2026-06-11,20.50,22.04,22.59,20.40,695838,1533522052.29,10.63,6.99,1.44,6.68
2026-06-12,23.01,24.26,24.26,22.96,384459,933266260.30,5.90,10.07,2.22,3.69
2026-06-15,24.48,24.18,24.80,23.56,1097008,2652519230.50,5.11,-0.33,-0.08,10.53
2026-06-16,24.12,25.15,25.80,23.88,1191120,3006925345.22,7.94,4.01,0.97,11.44
2026-06-17,24.50,24.45,24.84,24.29,686778,1698751149.28,2.19,-2.78,-0.70,6.60
2026-06-18,24.46,25.08,25.92,24.35,736082,1847086674.45,6.42,2.58,0.63,7.07
2026-06-22,25.64,26.43,26.72,25.23,1003700,2606805588.02,5.94,5.38,1.35,9.64
2026-06-23,27.00,26.01,27.62,25.85,1079762,2877420143.37,6.70,-1.59,-0.42,10.37
2026-06-24,26.00,25.89,26.50,25.28,793176,2043351136.41,4.69,-0.46,-0.12,7.62
2026-06-25,26.01,26.53,26.98,25.77,717553,1906938445.91,4.67,2.47,0.64,6.89
2026-06-26,26.39,25.42,26.39,25.20,597111,1536144488.82,4.49,-4.18,-1.11,5.73
2026-06-29,26.10,23.97,26.91,23.15,964714,2404799725.59,14.79,-5.70,-1.45,9.26
2026-06-30,24.01,24.54,24.98,23.47,618818,1500099524.00,6.30,2.38,0.57,5.94