2026-01-05,11.07,11.17,11.22,11.00,34377,39947021.00,1.99,1.18,0.13,0.89
2026-01-06,11.23,11.48,11.89,11.17,120431,145612830.00,6.45,2.78,0.31,3.13
2026-01-07,11.40,10.96,11.47,10.80,91862,106593748.00,5.84,-4.53,-0.52,2.39
2026-01-08,10.89,10.83,10.94,10.78,37821,43076256.00,1.46,-1.19,-0.13,0.98
2026-01-09,10.83,10.95,10.97,10.78,45351,51798870.00,1.75,1.11,0.12,1.18
2026-01-12,10.94,10.78,10.95,10.72,61702,69883463.00,2.10,-1.55,-0.17,1.60
2026-01-13,10.79,10.77,10.86,10.70,57146,64669670.00,1.48,-0.09,-0.01,1.48
2026-01-14,10.76,10.68,10.78,10.59,46317,52125844.00,1.76,-0.84,-0.09,1.20
2026-01-15,10.68,10.68,10.77,10.61,30867,34750034.00,1.50,0.00,0.00,0.80
2026-01-16,10.75,10.44,10.80,10.41,65552,72469574.00,3.65,-2.25,-0.24,1.70
2026-01-19,10.44,10.62,10.62,10.37,39962,44206402.00,2.39,1.72,0.18,1.04
2026-01-20,10.61,10.64,10.68,10.57,21931,24496369.00,1.04,0.19,0.02,0.57
2026-01-21,10.65,10.63,10.71,10.59,23699,26552071.00,1.13,-0.09,-0.01,0.62
2026-01-22,10.66,10.71,10.73,10.60,21967,24667257.00,1.22,0.75,0.08,0.58
2026-01-23,10.75,10.80,10.81,10.69,30785,34800485.00,1.12,0.84,0.09,0.81
2026-01-26,10.80,10.75,10.84,10.64,23101,26037089.00,1.85,-0.46,-0.05,0.61
2026-01-27,10.75,10.63,10.75,10.50,39485,44087754.00,2.33,-1.12,-0.12,1.04
2026-01-28,10.67,10.51,10.77,10.51,29816,33290812.00,2.45,-1.13,-0.12,0.79
2026-01-29,10.58,10.70,10.77,10.51,41693,46792714.00,2.47,1.81,0.19,1.10
2026-01-30,10.70,10.74,10.79,10.60,47397,53385274.00,1.78,0.37,0.04,1.25
2026-02-02,10.69,10.63,10.80,10.60,42329,47716593.00,1.86,-1.02,-0.11,1.11
2026-02-03,10.68,10.75,10.80,10.60,33076,37300531.00,1.88,1.13,0.12,0.87
2026-02-04,10.74,10.82,10.84,10.71,30133,34153530.00,1.21,0.65,0.07,0.79
2026-02-05,10.82,11.14,11.21,10.78,77645,90266840.00,3.97,2.96,0.32,2.04
2026-02-06,11.18,11.14,11.22,11.01,29618,34604721.00,1.89,0.00,0.00,0.78
2026-02-09,11.22,11.37,11.44,11.08,41943,49781117.00,3.23,2.06,0.23,1.10
2026-02-10,11.44,11.68,11.77,11.30,74227,90400332.00,4.13,2.73,0.31,1.95
2026-02-11,11.62,11.82,11.89,11.57,46381,57053017.00,2.74,1.20,0.14,1.22
2026-02-12,11.79,11.49,11.79,11.45,36336,44097227.00,2.88,-2.79,-0.33,0.96
2026-02-13,11.49,11.43,11.58,11.42,20933,25212032.00,1.39,-0.52,-0.06,0.55
2026-02-24,11.48,11.38,11.75,11.35,17438,20919469.00,3.50,-0.44,-0.05,0.46
2026-02-25,11.40,11.50,11.65,11.38,31504,38093205.00,2.37,1.05,0.12,0.83
2026-02-26,11.64,11.44,11.66,11.38,15668,18860354.00,2.43,-0.52,-0.06,0.41
2026-02-27,11.44,11.38,11.51,11.33,23986,28629815.00,1.57,-0.52,-0.06,0.63
2026-03-02,11.32,11.37,11.45,11.15,43888,52086301.00,2.64,-0.09,-0.01,1.16
2026-03-03,11.35,11.65,11.95,11.30,66097,80878980.00,5.72,2.46,0.28,1.74
2026-03-04,11.65,11.32,11.65,11.16,43461,51603245.00,4.21,-2.83,-0.33,1.14
2026-03-05,11.41,11.67,11.74,11.32,43049,52254698.00,3.71,3.09,0.35,1.13
2026-03-06,11.61,12.18,12.24,11.59,72073,90453532.00,5.57,4.37,0.51,1.90
2026-03-09,12.05,12.12,12.15,11.80,42002,52764085.00,2.87,-0.49,-0.06,1.11
2026-03-10,12.11,12.29,12.38,12.00,29259,37373096.00,3.14,1.40,0.17,0.77
2026-03-11,12.37,12.19,12.38,12.05,27560,35062357.00,2.69,-0.81,-0.10,0.73
2026-03-12,12.16,12.44,12.53,12.00,38840,50228216.00,4.35,2.05,0.25,1.02
2026-03-13,12.44,12.48,12.78,12.38,45250,59450771.00,3.22,0.32,0.04,1.19
2026-03-16,12.59,12.44,12.73,12.30,37852,49196450.00,3.45,-0.32,-0.04,1.00
2026-03-17,12.48,12.21,12.50,12.16,27994,36015316.00,2.73,-1.85,-0.23,0.74
2026-03-18,12.16,12.19,12.35,12.04,47874,60998966.00,2.54,-0.16,-0.02,1.26
2026-03-19,12.07,12.07,12.34,12.03,41536,52856101.00,2.54,-0.98,-0.12,1.09
2026-03-20,12.06,11.71,12.20,11.67,27646,34403360.00,4.39,-2.98,-0.36,0.73
2026-03-23,11.65,10.75,11.65,10.65,60810,70008059.00,8.54,-8.20,-0.96,1.60
2026-03-24,10.93,11.47,11.47,10.83,41234,48487790.00,5.95,6.70,0.72,1.09
2026-03-25,11.57,11.61,11.66,11.36,32536,39354623.00,2.62,1.22,0.14,0.86
2026-03-26,11.70,11.41,11.85,11.34,26619,32190538.00,4.39,-1.72,-0.20,0.70
2026-03-27,11.37,12.25,12.40,11.33,51170,63964471.00,9.38,7.36,0.84,1.35
2026-03-30,12.01,12.04,12.20,11.75,50746,63490788.00,3.67,-1.71,-0.21,1.34
2026-03-31,12.02,12.12,12.25,11.95,29237,37038527.00,2.49,0.66,0.08,0.77
2026-04-01,12.25,12.19,12.50,12.07,45411,58240807.00,3.55,0.58,0.07,1.20
2026-04-02,12.23,11.95,12.35,11.90,46934,59344061.00,3.69,-1.97,-0.24,1.24
2026-04-03,11.83,11.62,12.02,11.51,25386,31077653.00,4.27,-2.76,-0.33,0.67
2026-04-07,11.56,11.83,11.85,11.41,30015,36673596.00,3.79,1.81,0.21,0.79
2026-04-08,11.96,12.00,12.00,11.73,41838,51985108.00,2.28,1.44,0.17,1.10
2026-04-09,11.94,11.80,11.94,11.55,24097,29637551.00,3.25,-1.67,-0.20,0.63
2026-04-10,11.93,12.05,12.19,11.80,31933,40212044.00,3.31,2.12,0.25,0.84
2026-04-13,12.05,11.63,12.10,11.38,42072,51125582.00,5.98,-3.49,-0.42,1.11
2026-04-14,11.63,11.41,11.69,11.15,63344,75192438.00,4.64,-1.89,-0.22,1.67
2026-04-15,11.40,11.41,11.50,11.21,31287,37231288.00,2.54,0.00,0.00,0.82
2026-04-16,11.35,11.58,11.65,11.32,45433,54973763.00,2.89,1.49,0.17,1.20
2026-04-17,11.73,11.35,11.73,11.26,32742,38997588.00,4.06,-1.99,-0.23,0.86
2026-04-20,11.31,11.63,11.69,11.27,30054,36329847.00,3.70,2.47,0.28,0.79
2026-04-21,11.89,11.67,11.89,11.51,15348,18680602.00,3.27,0.34,0.04,0.40
2026-04-22,11.61,11.61,11.72,11.53,17258,21046548.00,1.63,-0.51,-0.06,0.45
2026-04-23,11.65,11.72,11.84,11.57,20500,25118310.00,2.33,0.95,0.11,0.54
2026-04-24,11.68,11.67,11.73,11.53,17461,21262580.00,1.71,-0.43,-0.05,0.46
2026-04-27,11.56,11.57,11.73,11.38,25633,30936944.00,3.00,-0.86,-0.10,0.67
2026-04-28,11.17,11.17,11.55,10.87,56779,66495493.00,5.88,-3.46,-0.40,1.49
2026-04-29,11.05,11.39,11.45,11.05,29484,35043858.00,3.58,1.97,0.22,0.78
2026-04-30,11.43,11.65,11.91,11.39,41854,51138629.00,4.57,2.28,0.26,1.10
2026-05-06,11.69,11.71,11.83,11.47,43549,53309070.00,3.09,0.52,0.06,1.15
2026-05-07,11.67,11.45,11.88,11.42,34346,41710847.00,3.93,-2.22,-0.26,0.90
2026-05-08,11.45,11.27,11.49,11.17,31085,36741491.00,2.79,-1.57,-0.18,0.82
2026-05-11,11.33,11.37,11.50,11.29,31989,38201698.00,1.86,0.89,0.10,0.84
2026-05-12,11.43,11.32,11.43,11.18,22595,26737909.00,2.20,-0.44,-0.05,0.59
2026-05-13,11.37,11.11,11.42,11.08,27197,31949122.00,3.00,-1.86,-0.21,0.72
2026-05-14,11.13,10.94,11.20,10.90,23730,27474956.00,2.70,-1.53,-0.17,0.62
2026-05-15,10.95,10.90,11.05,10.77,29264,33480659.00,2.56,-0.37,-0.04,0.77
2026-05-18,10.91,11.15,11.17,10.67,42639,48869820.00,4.59,2.29,0.25,1.12
2026-05-19,11.15,11.34,11.43,11.05,26882,31875991.00,3.41,1.70,0.19,0.71
2026-05-20,11.34,11.06,11.35,10.98,19190,22321519.00,3.26,-2.47,-0.28,0.51
2026-05-21,11.00,10.65,11.15,10.61,24271,27685641.00,4.88,-3.71,-0.41,0.64
2026-05-22,10.68,10.53,10.75,10.44,30367,33685936.00,2.91,-1.13,-0.12,0.80
2026-05-25,10.45,10.49,10.59,10.40,17910,19714217.00,1.80,-0.38,-0.04,0.47
2026-05-26,10.46,10.27,10.48,10.22,17183,18653365.00,2.48,-2.10,-0.22,0.45
2026-05-27,10.27,10.14,10.31,10.04,19937,21324015.00,2.63,-1.27,-0.13,0.52
2026-05-28,10.05,10.11,10.18,9.95,16974,18009514.00,2.27,-0.30,-0.03,0.45
2026-05-29,10.10,10.33,10.39,10.05,20163,21783755.00,3.36,2.18,0.22,0.53
2026-06-01,10.26,10.77,10.83,10.26,43789,49032048.00,5.52,4.26,0.44,1.15
2026-06-02,10.78,10.40,10.93,10.30,41046,45650572.00,5.85,-3.44,-0.37,1.08
2026-06-03,10.47,10.26,10.52,10.15,24394,26460492.00,3.56,-1.35,-0.14,0.64
2026-06-04,10.23,10.16,10.43,10.08,15150,16312597.00,3.41,-0.97,-0.10,0.40
2026-06-05,10.17,10.21,10.32,10.08,18378,19734336.00,2.36,0.49,0.05,0.48
2026-06-08,10.20,9.86,10.20,9.56,60211,62125146.00,6.27,-3.43,-0.35,1.58
2026-06-09,9.97,10.04,10.28,9.85,37242,37444062.00,4.36,1.83,0.18,0.98
2026-06-10,10.00,10.00,10.10,9.87,15758,15675452.00,2.29,-0.40,-0.04,0.41
2026-06-11,10.00,10.04,10.11,9.74,27534,27404502.00,3.70,0.40,0.04,0.72
2026-06-12,10.04,9.85,10.09,9.68,50302,49384877.00,4.08,-1.89,-0.19,1.32
2026-06-15,9.83,9.75,9.97,9.65,27249,26602239.00,3.25,-1.02,-0.10,0.72
2026-06-16,9.73,9.52,9.76,9.52,22672,21751420.00,2.46,-2.36,-0.23,0.60
2026-06-17,9.52,9.32,9.57,9.30,17978,16846234.00,2.84,-2.10,-0.20,0.47
2026-06-18,9.32,9.25,9.40,9.20,20894,19399506.00,2.15,-0.75,-0.07,0.55
2026-06-22,9.25,9.25,9.32,8.98,26208,23962401.00,3.68,0.00,0.00,0.69
2026-06-23,9.23,9.22,9.42,9.17,24286,22576379.00,2.70,-0.32,-0.03,0.64
2026-06-24,9.11,9.02,9.22,8.95,23399,21117317.00,2.93,-2.17,-0.20,0.62
2026-06-25,9.00,8.85,9.02,8.76,25489,22671022.00,2.88,-1.88,-0.17,0.67
2026-06-26,8.83,8.64,8.85,8.60,25435,22026290.00,2.82,-2.37,-0.21,0.67
2026-06-29,8.68,8.86,8.91,8.51,32668,28677500.00,4.63,2.55,0.22,0.86
2026-06-30,9.02,8.99,9.15,8.76,28754,25658330.00,4.40,1.47,0.13,0.76
2026-07-01,8.99,9.06,9.14,8.86,22185,19950937.00,3.11,0.78,0.07,0.58
2026-07-02,9.04,9.25,9.31,8.99,21215,19555340.00,3.53,2.10,0.19,0.56
2026-07-03,9.25,9.50,9.51,9.23,25066,23641474.00,3.03,2.70,0.25,0.66
2026-07-06,9.50,9.56,9.57,9.39,19257,18300777.00,1.89,0.63,0.06,0.51
2026-07-07,9.58,9.21,9.58,9.16,20146,18677062.00,4.39,-3.66,-0.35,0.53
2026-07-08,9.23,9.23,9.29,9.06,14683,13529146.00,2.50,0.22,0.02,0.39
2026-07-09,9.23,9.03,9.23,8.93,24873,22428938.00,3.25,-2.17,-0.20,0.65
2026-07-10,8.94,9.20,9.30,8.90,15335,14053119.00,4.43,1.88,0.17,0.40
2026-07-13,9.18,9.10,9.29,9.07,17188,15747723.00,2.39,-1.09,-0.10,0.45
2026-07-14,9.13,9.31,9.34,9.06,18946,17469438.00,3.08,2.31,0.21,0.50
2026-07-15,9.39,9.49,9.58,9.20,22299,21091619.00,4.08,1.93,0.18,0.59
2026-07-16,9.48,9.39,9.55,9.36,17345,16374030.00,2.00,-1.05,-0.10,0.46
2026-07-17,9.45,9.30,9.58,9.26,21050,19823887.00,3.41,-0.96,-0.09,0.55
2026-07-20,9.31,9.27,9.51,9.24,31909,29931491.00,2.90,-0.32,-0.03,0.84
2026-07-21,9.27,9.14,9.37,9.04,29269,26836592.00,3.56,-1.40,-0.13,0.77
2026-07-22,9.12,9.05,9.12,8.87,24168,21706594.00,2.74,-0.98,-0.09,0.64
2026-07-23,9.00,9.10,9.11,8.93,20494,18459816.00,1.99,0.55,0.05,0.54
2026-07-24,9.11,8.92,9.12,8.91,14904,13414819.00,2.31,-1.98,-0.18,0.39
2026-07-27,8.89,8.98,9.11,8.86,20180,18207416.00,2.80,0.67,0.06,0.53
2026-07-28,8.98,8.91,9.09,8.86,23519,21054599.00,2.56,-0.78,-0.07,0.62
2026-07-29,8.92,9.21,9.22,8.92,34279,31309613.00,3.37,3.37,0.30,0.90
2026-07-30,9.20,9.61,9.65,9.20,50427,47806613.00,4.89,4.34,0.40,1.33
2026-07-31,9.57,9.49,9.57,9.25,48700,45579541.00,3.33,-1.25,-0.12,1.28
2026-08-03,9.45,9.48,9.56,9.36,26413,25040722.00,2.11,-0.11,-0.01,0.70
2026-08-04,9.49,9.41,9.55,9.38,20167,19043105.00,1.79,-0.74,-0.07,0.53
2026-08-05,9.39,9.42,9.46,9.36,18167,17088189.00,1.06,0.11,0.01,0.48