2026-01-05,39.40,41.00,41.37,39.21,30653,125316666.00,5.48,4.06,1.60,1.94
2026-01-06,41.00,40.21,41.04,39.77,31905,129537878.00,3.10,-1.93,-0.79,2.02
2026-01-07,40.08,41.53,42.01,39.93,38555,160455762.00,5.17,3.28,1.32,2.44
2026-01-08,43.63,44.04,45.15,42.05,103628,452827569.00,7.46,6.04,2.51,6.55
2026-01-09,43.88,44.69,45.55,42.75,88131,390333215.00,6.36,1.48,0.65,5.57
2026-01-12,44.75,43.42,44.85,43.08,65898,288596079.00,3.96,-2.84,-1.27,4.16
2026-01-13,43.46,43.52,44.01,43.03,74848,328661428.00,2.26,0.23,0.10,4.73
2026-01-14,43.76,42.66,43.78,42.53,62923,273196897.00,2.87,-1.98,-0.86,3.98
2026-01-15,42.45,42.25,42.94,42.07,31898,136443134.00,2.04,-0.96,-0.41,2.02
2026-01-16,42.10,42.28,42.63,41.62,27293,115624860.00,2.39,0.07,0.03,1.72
2026-01-19,42.28,42.87,43.40,41.91,36463,157785793.00,3.52,1.40,0.59,2.30
2026-01-20,42.98,43.21,43.87,42.96,36894,160965387.00,2.12,0.79,0.34,2.33
2026-01-21,43.33,43.28,44.42,42.00,40830,178662701.00,5.60,0.16,0.07,2.58
2026-01-22,43.65,42.20,43.66,42.19,33013,141716059.00,3.40,-2.50,-1.08,2.09
2026-01-23,42.35,42.58,42.73,42.10,26190,112035268.00,1.49,0.90,0.38,1.66
2026-01-26,42.69,42.46,42.90,41.66,35148,149942192.00,2.91,-0.28,-0.12,2.22
2026-01-27,42.34,40.70,42.35,40.53,42543,175672371.00,4.29,-4.15,-1.76,2.69
2026-01-28,40.78,40.38,40.95,40.33,16757,68475479.00,1.52,-0.79,-0.32,1.06
2026-01-29,40.15,39.86,40.69,39.67,21283,86075542.00,2.53,-1.29,-0.52,1.35
2026-01-30,40.02,39.98,40.31,39.33,23239,93186861.00,2.46,0.30,0.12,1.47
2026-02-02,39.85,39.17,40.14,39.15,16673,66635655.00,2.48,-2.03,-0.81,1.05
2026-02-03,39.27,39.05,39.60,38.33,21406,83892275.00,3.24,-0.31,-0.12,1.35
2026-02-04,38.98,41.26,41.65,38.43,50746,208254070.00,8.25,5.66,2.21,3.21
2026-02-05,41.65,41.10,41.72,40.66,21578,89839664.00,2.57,-0.39,-0.16,1.36
2026-02-06,40.70,42.66,43.08,40.70,49666,213564668.00,5.79,3.80,1.56,3.14
2026-02-09,42.68,42.77,42.93,41.84,24150,103239092.00,2.56,0.26,0.11,1.53
2026-02-10,42.78,43.15,44.27,42.44,45631,200545448.00,4.28,0.89,0.38,2.88
2026-02-11,43.05,42.43,43.51,42.38,23109,99412996.00,2.62,-1.67,-0.72,1.46
2026-02-12,42.42,41.91,42.62,41.77,14649,62092769.00,2.00,-1.23,-0.52,0.93
2026-02-13,41.76,41.80,42.20,41.66,12018,50723694.00,1.29,-0.26,-0.11,0.76
2026-02-24,42.21,41.91,42.22,40.95,15818,66185465.00,3.04,0.26,0.11,1.00
2026-02-25,41.65,41.97,42.37,41.46,13703,57868398.00,2.17,0.14,0.06,0.87
2026-02-26,42.10,41.65,42.15,41.36,12567,52751614.00,1.88,-0.76,-0.32,0.79
2026-02-27,41.65,42.57,42.63,41.25,23360,99258870.00,3.31,2.21,0.92,1.48
2026-03-02,42.07,41.37,43.28,41.06,21290,90120398.00,5.21,-2.82,-1.20,1.35
2026-03-03,41.35,39.17,41.77,38.87,26315,105873196.00,7.01,-5.32,-2.20,1.66
2026-03-04,39.03,38.79,39.63,38.48,17105,67340702.00,2.94,-0.97,-0.38,1.08
2026-03-05,39.65,39.52,39.95,38.99,17778,70882489.00,2.47,1.88,0.73,1.12
2026-03-06,39.49,40.54,41.15,39.15,20807,85140035.00,5.06,2.58,1.02,1.32
2026-03-09,40.03,39.37,40.17,39.08,18598,74092190.00,2.69,-2.89,-1.17,1.18
2026-03-10,40.27,39.95,40.74,39.45,24214,97638282.00,3.28,1.47,0.58,1.53
2026-03-11,39.23,39.40,40.10,39.23,16581,66215084.00,2.18,-1.38,-0.55,1.05
2026-03-12,39.44,38.39,39.44,37.65,40489,156209920.00,4.54,-2.56,-1.01,2.56
2026-03-13,37.95,37.74,38.51,37.71,20967,80496473.00,2.08,-1.69,-0.65,1.33
2026-03-16,37.66,37.67,38.31,37.38,22021,83795259.00,2.46,-0.19,-0.07,1.39
2026-03-17,37.85,36.24,37.85,36.00,45272,167144655.00,4.91,-3.80,-1.43,2.86
2026-03-18,36.27,37.45,37.85,35.70,34938,129939228.00,5.93,3.34,1.21,2.21
2026-03-19,37.07,36.83,37.45,36.37,18778,69784786.00,2.88,-1.66,-0.62,1.19
2026-03-20,36.85,36.07,37.30,36.05,12826,47365923.00,3.39,-2.06,-0.76,0.81
2026-03-23,35.07,33.54,35.65,33.17,31507,109088883.00,6.88,-7.01,-2.53,1.99
2026-03-24,34.21,35.15,35.24,34.19,28490,100144926.00,3.13,4.80,1.61,1.80
2026-03-25,35.46,35.34,35.88,34.98,10867,38907829.00,2.56,0.54,0.19,0.69
2026-03-26,35.51,34.68,35.93,34.45,17477,61770933.00,4.19,-1.87,-0.66,1.10
2026-03-27,34.24,36.41,36.61,34.24,24573,89089138.00,6.83,4.99,1.73,1.55
2026-03-30,35.98,36.64,37.40,35.95,23600,87750807.00,3.98,0.63,0.23,1.49
2026-03-31,36.64,36.59,37.62,36.45,20506,76499384.00,3.19,-0.14,-0.05,1.30
2026-04-01,36.99,39.01,39.23,36.59,47817,184211948.00,7.22,6.61,2.42,3.02
2026-04-02,38.68,38.63,39.36,38.33,31437,122844582.00,2.64,-0.97,-0.38,1.99
2026-04-03,38.63,37.39,38.63,37.05,25172,95905058.00,4.09,-3.21,-1.24,1.59
2026-04-07,37.27,37.04,37.85,36.42,19212,72016537.00,3.82,-0.94,-0.35,1.21
2026-04-08,37.81,37.19,38.20,36.96,25533,96111469.00,3.35,0.40,0.15,1.61
2026-04-09,36.65,36.63,37.64,36.11,30587,113237409.00,4.11,-1.51,-0.56,1.93
2026-04-10,36.45,37.37,38.15,36.30,27705,104761767.00,5.05,2.02,0.74,1.75
2026-04-13,37.32,38.95,39.46,36.61,40081,154552985.00,7.63,4.23,1.58,2.53
2026-04-14,38.95,38.79,38.95,37.72,28916,111866110.00,3.16,-0.41,-0.16,1.83
2026-04-15,39.33,38.76,39.54,38.14,29044,113062083.00,3.61,-0.08,-0.03,1.84
2026-04-16,38.65,38.59,38.89,38.00,20075,78003716.00,2.30,-0.44,-0.17,1.27
2026-04-17,38.45,38.26,38.73,37.88,18865,72620637.00,2.20,-0.86,-0.33,1.19
2026-04-20,37.48,36.10,38.24,36.01,50755,187538096.00,5.83,-5.65,-2.16,3.21
2026-04-21,36.12,35.82,36.81,35.33,34612,125570729.00,4.10,-0.78,-0.28,2.19
2026-04-22,35.65,37.03,37.17,35.46,36346,134153117.00,4.77,3.38,1.21,2.30
2026-04-23,37.05,35.72,37.05,35.25,34916,126229237.00,4.86,-3.54,-1.31,2.21
2026-04-24,35.45,34.90,35.67,34.65,23115,81747506.00,2.86,-2.30,-0.82,1.46
2026-04-27,34.91,35.43,35.53,34.48,24787,87784912.00,3.01,1.52,0.53,1.57
2026-04-28,35.34,35.92,37.91,35.15,46577,172021241.00,7.79,1.38,0.49,2.94
2026-04-29,35.63,35.91,36.30,35.00,20351,73432217.00,3.62,-0.03,-0.01,1.29
2026-04-30,35.80,35.05,36.10,34.84,32594,116100907.00,3.51,-2.39,-0.86,2.06
2026-05-06,34.65,34.71,35.25,34.45,35797,125436165.00,2.28,-0.97,-0.34,2.26
2026-05-07,34.55,34.74,35.27,34.32,27652,96824999.00,2.74,0.09,0.03,1.75
2026-05-08,35.14,35.27,35.73,34.49,36281,128590233.00,3.57,1.53,0.53,2.29
2026-05-11,35.45,36.03,36.20,34.77,37571,134949319.00,4.05,2.15,0.76,2.37
2026-05-12,35.91,36.44,37.53,35.50,49524,182857682.00,5.63,1.14,0.41,3.13
2026-05-13,36.44,35.92,36.50,35.68,25765,93619549.00,2.25,-1.43,-0.52,1.63
2026-05-14,35.85,35.30,36.28,35.07,23657,84614599.00,3.37,-1.73,-0.62,1.50
2026-05-15,35.29,34.74,35.54,34.51,22543,79580432.00,2.92,-1.59,-0.56,1.42
2026-05-18,34.67,33.64,34.68,33.52,23758,81042859.00,3.34,-3.17,-1.10,1.50
2026-05-19,33.66,34.46,34.61,33.66,23946,82818549.00,2.82,2.44,0.82,1.51
2026-05-20,34.59,35.30,35.53,34.19,33206,117199547.00,3.89,2.44,0.84,2.10
2026-05-21,35.03,38.87,38.87,34.88,117355,451430092.00,11.30,10.11,3.57,7.42
2026-05-22,38.53,37.41,39.29,37.40,101439,390426368.00,4.86,-3.76,-1.46,6.41
2026-05-25,37.65,37.95,38.35,36.72,64394,243910864.00,4.36,1.44,0.54,4.07
2026-05-26,37.65,36.45,37.92,35.98,49298,182263276.00,5.11,-3.95,-1.50,3.12
2026-05-27,36.45,35.32,36.86,34.36,53412,190657945.00,6.86,-3.10,-1.13,3.38
2026-05-28,35.53,34.65,35.98,34.08,36850,130173115.00,5.38,-1.90,-0.67,2.33
2026-05-29,34.88,34.10,35.87,33.75,49827,173896133.00,6.12,-1.59,-0.55,3.15
2026-06-01,34.10,33.84,34.64,33.66,27932,95793354.00,2.87,-0.76,-0.26,1.77
2026-06-02,33.84,32.46,33.89,31.90,44553,146484453.00,5.88,-4.08,-1.38,2.82
2026-06-03,32.15,32.05,32.64,31.75,20610,67067471.00,2.74,-1.26,-0.41,1.30
2026-06-04,32.18,30.76,32.18,30.57,39637,124199535.00,5.02,-4.02,-1.29,2.51
2026-06-05,30.90,30.09,31.57,29.98,36827,113460172.00,5.17,-2.18,-0.67,2.33
2026-06-08,29.16,29.09,30.01,28.78,26917,79931457.00,4.09,-3.32,-1.00,1.70
2026-06-09,29.32,29.12,29.53,28.66,20076,59027561.00,2.99,0.10,0.03,1.27
2026-06-10,29.07,29.08,29.44,28.35,23846,69446003.00,3.74,-0.14,-0.04,1.51
2026-06-11,28.85,29.10,29.14,27.97,28527,82432463.00,4.02,0.07,0.02,1.80
2026-06-12,29.69,29.58,29.93,28.91,28301,84265607.00,3.51,1.65,0.48,1.79
2026-06-15,29.73,29.43,29.74,28.99,19860,58940041.00,2.54,-0.51,-0.15,1.26
2026-06-16,29.16,28.99,29.25,28.80,16997,49831769.00,1.53,-1.50,-0.44,1.07
2026-06-17,28.84,28.79,29.02,28.52,13284,38574618.00,1.72,-0.69,-0.20,0.84
2026-06-18,28.64,29.12,29.60,28.27,22318,65682118.00,4.62,1.15,0.33,1.41
2026-06-22,28.83,28.84,28.92,27.54,31077,88561397.00,4.74,-0.96,-0.28,1.96
2026-06-23,28.64,30.06,30.43,28.46,41187,123889501.00,6.83,4.23,1.22,2.60
2026-06-24,30.00,30.05,30.54,29.78,34945,106299334.00,2.53,-0.03,-0.01,2.21
2026-06-25,29.65,28.65,29.79,27.99,29427,85298219.00,5.99,-4.66,-1.40,1.86
2026-06-26,28.34,27.78,28.95,27.60,21648,61545826.00,4.71,-3.04,-0.87,1.37
2026-06-29,27.85,29.65,29.78,26.98,44521,130235058.00,10.08,6.73,1.87,2.81
2026-06-30,29.28,28.66,29.73,28.25,32585,95074992.00,4.99,-3.34,-0.99,2.06
2026-07-01,28.66,30.21,30.34,27.87,41212,122570024.00,8.62,5.41,1.55,2.60
2026-07-02,30.43,30.80,31.61,30.30,43092,134703822.00,4.34,1.95,0.59,2.72
2026-07-03,30.80,31.36,31.63,30.49,31861,100328302.00,3.70,1.82,0.56,2.01
2026-07-06,31.75,32.86,34.53,31.15,90069,302729092.00,10.78,4.78,1.50,5.69
2026-07-07,32.87,31.82,33.27,31.71,50030,163290627.00,4.75,-3.16,-1.04,3.16
2026-07-08,32.16,31.34,32.58,31.09,31254,99467767.00,4.68,-1.51,-0.48,1.98
2026-07-09,30.83,31.67,32.48,30.52,37254,117521448.00,6.25,1.05,0.33,2.35
2026-07-10,31.82,31.93,32.75,31.07,44832,143524826.00,5.30,0.82,0.26,2.83
2026-07-13,31.63,34.40,35.09,31.63,93976,317510707.00,10.84,7.74,2.47,5.94
2026-07-14,34.18,35.96,36.24,33.51,78042,274795076.00,7.94,4.53,1.56,4.93
2026-07-15,35.50,36.86,37.93,35.10,87682,323868761.00,7.87,2.50,0.90,5.54
2026-07-16,36.35,37.60,37.85,36.00,63032,233894960.00,5.02,2.01,0.74,3.98
2026-07-17,37.30,34.21,37.79,34.00,69906,247970651.00,10.08,-9.02,-3.39,4.42
2026-07-20,34.22,34.00,35.18,33.33,61337,209941784.00,5.41,-0.61,-0.21,3.88
2026-07-21,34.00,33.26,34.00,31.88,52030,170394561.00,6.24,-2.18,-0.74,3.29
2026-07-22,33.33,32.83,34.93,32.58,55602,186606583.00,7.07,-1.29,-0.43,3.51
2026-07-23,32.79,32.96,33.94,32.62,37110,123065478.00,4.02,0.40,0.13,2.35
2026-07-24,32.42,31.57,32.95,31.55,25278,81138939.00,4.25,-4.22,-1.39,1.60
2026-07-27,31.41,32.06,32.75,31.12,24085,77130765.00,5.16,1.55,0.49,1.52
2026-07-28,31.90,31.18,32.30,30.90,25897,81537557.00,4.37,-2.74,-0.88,1.64
2026-07-29,31.25,31.23,31.69,30.84,22590,70579447.00,2.73,0.16,0.05,1.43