2026-01-05,11.68,11.53,11.68,11.47,45891,54242968.00,1.82,-0.35,-0.04,1.53
2026-01-06,11.53,11.56,11.74,11.48,56421,66909738.00,2.25,0.26,0.03,1.88
2026-01-07,11.57,11.55,11.59,11.41,52597,62091232.00,1.56,-0.09,-0.01,1.75
2026-01-08,11.50,11.30,11.50,11.27,74019,86212853.00,1.99,-2.16,-0.25,2.47
2026-01-09,11.30,11.20,11.31,11.10,69127,79488193.00,1.86,-0.88,-0.10,2.30
2026-01-12,11.17,11.20,11.25,11.07,63987,73187948.00,1.61,0.00,0.00,2.13
2026-01-13,11.16,11.33,11.34,11.11,65404,75633363.00,2.05,1.16,0.13,2.18
2026-01-14,11.33,11.35,11.50,11.18,98755,114765146.00,2.82,0.18,0.02,3.29
2026-01-15,11.32,11.52,11.66,11.30,82974,98182245.00,3.17,1.50,0.17,2.77
2026-01-16,11.60,11.34,11.63,11.33,50489,59325160.00,2.60,-1.56,-0.18,1.68
2026-01-19,11.35,11.60,11.61,11.30,49423,58390405.00,2.73,2.29,0.26,1.65
2026-01-20,11.70,11.58,11.71,11.50,44556,53041257.00,1.81,-0.17,-0.02,1.48
2026-01-21,11.58,11.65,11.65,11.49,41937,49793692.00,1.38,0.60,0.07,1.40
2026-01-22,11.65,11.87,11.95,11.55,52392,63327550.00,3.43,1.89,0.22,1.75
2026-01-23,11.85,11.82,11.89,11.72,36296,43872094.00,1.43,-0.42,-0.05,1.21
2026-01-26,11.85,11.64,11.91,11.57,40895,48906885.00,2.88,-1.52,-0.18,1.36
2026-01-27,11.63,11.56,11.66,11.47,49976,59154360.00,1.63,-0.69,-0.08,1.67
2026-01-28,11.56,11.57,11.68,11.49,29387,34947700.00,1.64,0.09,0.01,0.98
2026-01-29,11.58,11.69,11.81,11.55,39644,47436048.00,2.25,1.04,0.12,1.32
2026-01-30,11.62,11.68,11.78,11.48,45675,54584381.00,2.57,-0.09,-0.01,1.52
2026-02-02,11.64,11.33,11.71,11.31,43702,51755886.00,3.42,-3.00,-0.35,1.46
2026-02-03,11.53,11.32,11.58,11.22,35622,41535954.00,3.18,-0.09,-0.01,1.19
2026-02-04,11.32,11.52,11.57,11.26,47556,56028448.00,2.74,1.77,0.20,1.59
2026-02-05,11.52,11.55,11.68,11.44,27279,32451068.00,2.08,0.26,0.03,0.91
2026-02-06,11.54,11.57,11.70,11.49,42011,50095488.00,1.82,0.17,0.02,1.40
2026-02-09,11.62,11.57,11.79,11.49,48850,57931713.00,2.59,0.00,0.00,1.63
2026-02-10,11.55,11.51,11.62,11.50,25353,30057324.00,1.04,-0.52,-0.06,0.84
2026-02-11,11.54,11.60,11.65,11.45,45949,54514143.00,1.74,0.78,0.09,1.53
2026-02-12,11.61,11.52,11.62,11.49,40142,47620138.00,1.12,-0.69,-0.08,1.34
2026-02-13,11.50,11.41,11.60,11.39,31121,36698887.00,1.82,-0.95,-0.11,1.04
2026-02-24,11.52,11.62,11.66,11.47,36449,43398628.00,1.67,1.84,0.21,1.21
2026-02-25,11.66,11.54,11.74,11.54,44017,52521538.00,1.72,-0.69,-0.08,1.47
2026-02-26,11.61,11.51,11.61,11.44,32847,38787351.00,1.47,-0.26,-0.03,1.09
2026-02-27,11.51,11.44,11.53,11.40,30597,35918446.00,1.13,-0.61,-0.07,1.02
2026-03-02,11.33,10.91,11.36,10.74,77344,87336111.00,5.42,-4.63,-0.53,2.58
2026-03-03,10.91,10.73,11.03,10.72,34429,38403687.00,2.84,-1.65,-0.18,1.15
2026-03-04,10.64,10.42,10.68,10.35,49304,53176305.00,3.08,-2.89,-0.31,1.64
2026-03-05,10.55,10.53,10.64,10.46,28351,30781586.00,1.73,1.06,0.11,0.94
2026-03-06,10.49,10.76,10.78,10.48,28235,30991318.00,2.85,2.18,0.23,0.94
2026-03-09,10.66,10.53,10.74,10.45,36826,39935760.00,2.70,-2.14,-0.23,1.23
2026-03-10,10.55,10.72,10.74,10.55,24527,26898617.00,1.80,1.80,0.19,0.82
2026-03-11,10.72,10.68,10.74,10.59,19711,21600816.00,1.40,-0.37,-0.04,0.66
2026-03-12,10.70,10.63,10.70,10.59,19530,21353147.00,1.03,-0.47,-0.05,0.65
2026-03-13,10.62,10.66,10.87,10.55,28538,31513057.00,3.01,0.28,0.03,0.95
2026-03-16,10.58,10.71,10.73,10.55,21288,23346287.00,1.69,0.47,0.05,0.71
2026-03-17,10.75,10.59,10.79,10.56,20295,22286425.00,2.15,-1.12,-0.12,0.68
2026-03-18,10.56,10.60,10.65,10.47,22456,24376810.00,1.70,0.09,0.01,0.75
2026-03-19,10.53,10.36,10.65,10.35,25871,27903614.00,2.83,-2.26,-0.24,0.86
2026-03-20,10.36,10.21,10.45,10.15,20070,21184660.00,2.90,-1.45,-0.15,0.67
2026-03-23,9.98,9.52,9.99,9.50,45208,45272477.00,4.80,-6.76,-0.69,1.51
2026-03-24,9.66,10.09,10.20,9.59,61601,62673150.00,6.41,5.99,0.57,2.05
2026-03-25,10.05,10.09,10.29,9.96,57597,60062097.00,3.27,0.00,0.00,1.92
2026-03-26,10.13,9.94,10.23,9.90,39471,40747110.00,3.27,-1.49,-0.15,1.32
2026-03-27,9.93,10.07,10.11,9.88,45625,47040221.00,2.31,1.31,0.13,1.52
2026-03-30,10.06,10.07,10.11,9.89,23521,24303973.00,2.18,0.00,0.00,0.78
2026-03-31,10.10,9.96,10.25,9.96,24524,25535127.00,2.88,-1.09,-0.11,0.82
2026-04-01,10.15,10.10,10.28,10.01,49838,51903377.00,2.71,1.41,0.14,1.66
2026-04-02,10.04,9.88,10.14,9.81,27749,28395918.00,3.27,-2.18,-0.22,0.92
2026-04-03,9.84,9.77,9.96,9.72,30135,30522724.00,2.43,-1.11,-0.11,1.00
2026-04-07,9.76,9.91,9.98,9.67,30827,31315192.00,3.17,1.43,0.14,1.03
2026-04-08,10.07,10.17,10.21,10.04,34429,35943488.00,1.72,2.62,0.26,1.15
2026-04-09,10.12,10.11,10.34,10.07,39651,41533958.00,2.65,-0.59,-0.06,1.32
2026-04-10,10.16,10.31,10.37,10.11,27920,29578046.00,2.57,1.98,0.20,0.93
2026-04-13,10.35,10.64,10.69,10.11,103396,111424414.00,5.63,3.20,0.33,3.45
2026-04-14,10.77,10.66,10.77,10.48,45942,50064478.00,2.73,0.19,0.02,1.53
2026-04-15,10.74,10.84,10.92,10.66,55463,61532838.00,2.44,1.69,0.18,1.85
2026-04-16,10.85,10.91,11.02,10.85,37884,42622633.00,1.57,0.65,0.07,1.26
2026-04-17,10.95,10.70,10.99,10.47,72209,79101492.00,4.77,-1.92,-0.21,2.41
2026-04-20,10.71,10.80,10.88,10.61,37544,41535498.00,2.52,0.93,0.10,1.25
2026-04-21,10.80,11.01,11.08,10.72,55661,62726646.00,3.33,1.94,0.21,1.86
2026-04-22,10.96,10.89,11.05,10.88,30741,34542650.00,1.54,-1.09,-0.12,1.02
2026-04-23,10.90,10.88,10.92,10.77,31229,34826770.00,1.38,-0.09,-0.01,1.04
2026-04-24,10.89,10.76,10.91,10.60,46354,51060922.00,2.85,-1.10,-0.12,1.54
2026-04-27,11.40,11.51,11.75,11.14,256793,302735325.00,5.67,6.97,0.75,8.56
2026-04-28,11.53,11.40,11.67,11.36,107108,126220179.00,2.69,-0.96,-0.11,3.57
2026-04-29,11.31,11.60,11.64,11.20,74822,87979149.00,3.86,1.75,0.20,2.49
2026-04-30,11.56,11.70,11.75,11.45,71583,85691360.00,2.59,0.86,0.10,2.39
2026-05-06,11.86,11.81,12.02,11.51,82029,98963859.00,4.36,0.94,0.11,2.73
2026-05-07,11.87,11.96,12.09,11.76,71996,88520586.00,2.79,1.27,0.15,2.40
2026-05-08,11.96,12.02,12.15,11.92,55958,69035446.00,1.92,0.50,0.06,1.87
2026-05-11,11.97,12.20,12.22,11.96,65685,81580806.00,2.16,1.50,0.18,2.19
2026-05-12,12.20,11.95,12.22,11.83,45529,56004475.00,3.20,-2.05,-0.25,1.52
2026-05-13,12.00,11.89,12.06,11.81,42688,52152496.00,2.09,-0.50,-0.06,1.42
2026-05-14,11.96,11.84,12.13,11.83,29971,36680184.00,2.52,-0.42,-0.05,1.00
2026-05-15,11.68,11.78,12.01,11.68,74839,91151216.00,2.79,-0.51,-0.06,2.49
2026-05-18,11.81,11.56,11.86,11.48,53701,64056362.00,3.23,-1.87,-0.22,1.79
2026-05-19,11.62,11.40,11.62,11.25,55151,64494332.00,3.20,-1.38,-0.16,1.84
2026-05-20,11.32,11.44,11.52,11.16,51304,59739033.00,3.16,0.35,0.04,1.71
2026-05-21,11.44,11.35,11.55,11.26,36434,42712609.00,2.53,-0.79,-0.09,1.21
2026-05-22,11.30,11.36,11.42,11.03,36064,41637490.00,3.44,0.09,0.01,1.20
2026-05-25,11.39,10.98,11.49,10.89,82685,94459193.00,5.28,-3.35,-0.38,2.76
2026-05-26,10.95,10.68,10.97,10.55,53985,59462220.00,3.83,-2.73,-0.30,1.80
2026-05-27,10.78,10.45,10.80,10.35,43490,46952652.00,4.21,-2.15,-0.23,1.45
2026-05-28,10.43,10.43,10.54,10.24,40720,43538529.00,2.87,-0.19,-0.02,1.36
2026-05-29,10.40,10.36,10.54,10.32,45986,49444057.00,2.11,-0.67,-0.07,1.53
2026-06-01,10.36,10.49,10.58,10.22,87148,93847789.00,3.47,1.25,0.13,2.90
2026-06-02,10.48,10.36,10.53,10.25,46236,49167511.00,2.67,-1.24,-0.13,1.54
2026-06-03,10.33,10.43,10.51,10.28,55473,57732396.00,2.22,0.68,0.07,1.85
2026-06-04,10.36,10.18,10.45,10.08,31721,32454546.00,3.55,-2.40,-0.25,1.06
2026-06-05,10.22,10.26,10.33,10.02,50501,51475087.00,3.05,0.79,0.08,1.68
2026-06-08,10.10,9.87,10.21,9.72,59465,58962993.00,4.78,-3.80,-0.39,1.98
2026-06-09,9.93,9.87,9.96,9.72,33632,33033317.00,2.43,0.00,0.00,1.12
2026-06-10,9.81,9.75,9.85,9.63,21203,20604083.00,2.23,-1.22,-0.12,0.71
2026-06-11,9.70,9.59,9.76,9.43,30376,29007929.00,3.38,-1.64,-0.16,1.01
2026-06-12,9.67,9.83,9.88,9.46,45911,44437386.00,4.38,2.50,0.24,1.53
2026-06-15,9.83,9.86,9.88,9.65,61047,59749987.00,2.34,0.31,0.03,2.03
2026-06-16,9.81,9.64,9.86,9.60,37244,36004139.00,2.64,-2.23,-0.22,1.24
2026-06-17,9.63,9.44,9.66,9.40,32431,30704722.00,2.70,-2.07,-0.20,1.08
2026-06-18,9.43,9.32,9.43,9.20,35514,33059964.00,2.44,-1.27,-0.12,1.18
2026-06-22,9.27,9.39,9.42,9.01,38870,35741026.00,4.40,0.75,0.07,1.30
2026-06-23,9.40,9.63,9.72,9.35,43492,41747422.00,3.94,2.56,0.24,1.45
2026-06-24,9.64,9.42,9.67,9.30,28499,26855713.00,3.84,-2.18,-0.21,0.95
2026-06-25,9.43,9.26,9.43,9.17,35134,32555272.00,2.76,-1.70,-0.16,1.17
2026-06-26,9.26,9.08,9.28,9.00,62418,56989639.00,3.02,-1.94,-0.18,2.08
2026-06-29,8.94,9.18,9.20,8.41,77789,68868301.00,8.70,1.10,0.10,2.59