2026-01-05,3523.34,3560.28,3560.28,3510.46,41107771,84592961507.00,1.42,1.32,46.28,4.03
2026-01-06,3565.99,3602.12,3602.12,3564.90,44349938,87311038935.00,1.05,1.18,41.84,4.35
2026-01-07,3598.08,3633.55,3644.73,3584.29,48110955,91940699330.00,1.68,0.87,31.43,4.72
2026-01-08,3631.24,3690.47,3693.14,3626.67,49651162,93223208813.00,1.83,1.57,56.92,4.87
2026-01-09,3703.99,3736.92,3737.75,3695.28,66656789,112820352347.00,1.15,1.26,46.45,6.54
2026-01-12,3756.14,3801.62,3807.09,3735.04,66973941,119740568438.00,1.93,1.73,64.70,6.57
2026-01-13,3802.58,3737.24,3802.58,3727.55,64245860,107636317894.00,1.97,-1.69,-64.38,6.30
2026-01-14,3738.37,3777.58,3821.53,3723.66,65896416,116678847799.00,2.62,1.08,40.34,6.46
2026-01-15,3758.03,3776.65,3781.23,3739.92,41291835,85313655941.00,1.09,-0.02,-0.93,4.05
2026-01-16,3792.70,3814.07,3826.98,3774.90,43953127,93247116157.00,1.38,0.99,37.42,4.31
2026-01-19,3806.78,3845.10,3850.35,3803.24,41656188,85489858888.00,1.24,0.81,31.03,4.08
2026-01-20,3848.03,3796.68,3856.00,3769.44,40829409,81031769741.00,2.25,-1.26,-48.42,4.00
2026-01-21,3781.31,3855.47,3855.47,3769.61,36145675,78806315266.00,2.26,1.55,58.79,3.54
2026-01-22,3865.11,3886.92,3887.09,3855.93,40106959,77579534064.00,0.81,0.82,31.45,3.93
2026-01-23,3895.73,3955.48,3955.48,3895.42,47249034,88322413585.00,1.55,1.76,68.56,4.63
2026-01-26,3967.75,3905.93,3973.09,3877.69,47837310,90352280773.00,2.41,-1.25,-49.55,4.69
2026-01-27,3885.28,3919.44,3926.19,3799.15,41400698,83644197133.00,3.25,0.35,13.51,4.06
2026-01-28,3916.64,3873.79,3918.04,3852.20,39106535,84840770513.00,1.68,-1.16,-45.65,3.83
2026-01-29,3857.28,3795.92,3880.41,3787.58,39295285,81265331205.00,2.40,-2.01,-77.87,3.85
2026-01-30,3774.69,3809.61,3829.03,3723.64,37176550,80213491204.00,2.78,0.36,13.69,3.65
2026-02-02,3790.65,3722.33,3820.34,3722.33,32603355,70768073771.00,2.57,-2.29,-87.28,3.20
2026-02-03,3764.61,3835.16,3835.16,3751.08,32019635,77471648023.00,2.26,3.03,112.83,3.14
2026-02-04,3832.12,3841.74,3862.07,3817.56,35594740,74616171898.00,1.16,0.17,6.58,3.49
2026-02-05,3821.73,3789.30,3830.91,3779.18,28917237,63186538367.00,1.35,-1.37,-52.44,2.84
2026-02-06,3766.79,3818.40,3851.32,3758.24,27417744,61602292187.00,2.46,0.77,29.10,2.69
2026-02-09,3865.32,3889.58,3894.85,3856.78,29903641,70895627277.00,1.00,1.86,71.18,2.93
2026-02-10,3890.66,3878.77,3900.66,3872.66,27865076,63107580627.00,0.72,-0.28,-10.81,2.73
2026-02-11,3878.38,3866.95,3895.58,3866.70,26983721,57051873401.00,0.74,-0.30,-11.82,2.65
2026-02-12,3874.48,3885.21,3908.97,3856.40,29845010,71924761604.00,1.36,0.47,18.26,2.93
2026-02-13,3875.91,3867.53,3908.73,3864.55,22148788,45395322109.00,1.14,-0.46,-17.68,2.17
2026-02-24,3910.73,3931.42,3938.49,3899.44,24639735,45588864675.00,1.01,1.65,63.89,2.42
2026-02-25,3934.40,3959.26,3961.79,3923.64,25632102,44106951428.00,0.97,0.71,27.84,2.51
2026-02-26,3963.02,3990.45,3990.92,3948.22,28515708,53000903132.00,1.08,0.79,31.19,2.80
2026-02-27,3975.52,4003.16,4003.37,3968.94,24991266,48754558568.00,0.86,0.32,12.71,2.45
2026-03-02,3963.42,3951.77,4000.62,3920.07,34571186,64016386725.00,2.01,-1.28,-51.39,3.39
2026-03-03,3964.91,3827.90,3968.69,3824.29,39842451,69997017822.00,3.65,-3.13,-123.87,3.91
2026-03-04,3782.46,3785.09,3829.37,3763.15,29254427,49320695850.00,1.73,-1.12,-42.81,2.87
2026-03-05,3839.24,3854.31,3877.61,3839.24,27323506,50902693052.00,1.01,1.83,69.22,2.68
2026-03-06,3840.84,3905.86,3909.95,3837.96,25739781,46236063033.00,1.87,1.34,51.55,2.52
2026-03-09,3874.08,3863.15,3874.38,3801.05,30580125,52926155684.00,1.88,-1.09,-42.71,3.00
2026-03-10,3880.51,3944.45,3944.45,3880.51,26310659,49582706571.00,1.66,2.10,81.30,2.58
2026-03-11,3947.94,3923.61,3965.94,3915.84,26852963,51102439822.00,1.27,-0.53,-20.84,2.63
2026-03-12,3927.96,3865.67,3927.96,3854.22,27091107,46569630354.00,1.88,-1.48,-57.94,2.66
2026-03-13,3856.52,3832.25,3895.96,3825.41,25313842,43196912272.00,1.83,-0.86,-33.42,2.48
2026-03-16,3836.63,3834.92,3839.70,3784.30,28488776,50093849280.00,1.45,0.07,2.67,2.79
2026-03-17,3844.29,3754.76,3847.31,3754.33,24043247,42596036875.00,2.42,-2.09,-80.16,2.36
2026-03-18,3765.32,3812.44,3814.74,3746.79,23163823,44445489377.00,1.81,1.54,57.68,2.27
2026-03-19,3779.20,3707.83,3784.77,3694.23,23653874,42172982370.00,2.37,-2.74,-104.61,2.32
2026-03-20,3717.80,3618.34,3729.95,3617.62,24601084,45058872518.00,3.03,-2.41,-89.49,2.41
2026-03-23,3554.86,3413.26,3570.48,3391.00,28350029,45685936506.00,4.96,-5.67,-205.08,2.78
2026-03-24,3477.44,3539.21,3539.21,3426.89,23827865,38923820991.00,3.29,3.69,125.95,2.34
2026-03-25,3552.75,3602.00,3610.44,3552.75,20922110,37845740946.00,1.63,1.77,62.79,2.05
2026-03-26,3600.23,3543.13,3619.11,3529.18,19651556,34379766995.00,2.50,-1.63,-58.87,1.93
2026-03-27,3504.83,3589.03,3598.52,3499.02,19372143,33956678861.00,2.81,1.30,45.90,1.90
2026-03-30,3550.85,3588.37,3588.37,3526.39,18973798,35704389992.00,1.73,-0.02,-0.66,1.86
2026-03-31,3593.92,3552.48,3631.55,3550.70,22455464,42954164899.00,2.25,-1.00,-35.89,2.20
2026-04-01,3611.06,3620.22,3620.25,3586.31,20390543,39092331787.00,0.96,1.91,67.74,2.00
2026-04-02,3610.57,3564.29,3615.25,3542.36,19813067,37367610703.00,2.01,-1.54,-55.93,1.94
2026-04-03,3571.53,3493.44,3575.07,3488.35,17484768,32282817371.00,2.43,-1.99,-70.85,1.71
2026-04-07,3500.35,3540.18,3550.86,3497.67,15266170,30538410507.00,1.52,1.34,46.74,1.50
2026-04-08,3609.75,3699.86,3699.86,3609.75,22914561,46567408287.00,2.55,4.51,159.68,2.25
2026-04-09,3673.93,3662.14,3685.87,3653.29,18252168,42304352698.00,0.88,-1.02,-37.72,1.79
2026-04-10,3685.19,3703.80,3732.18,3685.19,20627941,46482438525.00,1.28,1.14,41.66,2.02
2026-04-13,3690.59,3706.87,3708.23,3681.90,19121700,43127000801.00,0.71,0.08,3.07,1.87
2026-04-14,3730.79,3740.11,3740.56,3705.09,20001015,46138263685.00,0.96,0.90,33.24,1.96
2026-04-15,3753.80,3714.34,3764.06,3705.62,19012583,41893213132.00,1.56,-0.69,-25.77,1.86
2026-04-16,3722.74,3772.43,3775.84,3710.79,19107106,41620314631.00,1.75,1.56,58.09,1.87
2026-04-17,3768.53,3815.70,3819.05,3760.75,21276831,50826684467.00,1.55,1.15,43.27,2.09
2026-04-20,3812.89,3837.32,3839.14,3801.47,22073210,53531911655.00,0.99,0.57,21.62,2.16
2026-04-21,3831.26,3822.71,3831.26,3802.23,19216565,41316424895.00,0.76,-0.38,-14.61,1.88
2026-04-22,3806.79,3844.39,3844.56,3800.24,23593724,60109988210.00,1.16,0.57,21.68,2.31
2026-04-23,3839.83,3783.36,3841.28,3764.30,23928843,54864357225.00,2.00,-1.59,-61.03,2.35
2026-04-24,3763.06,3763.02,3783.11,3731.17,24128984,50118943392.00,1.37,-0.54,-20.34,2.37
2026-04-27,3754.36,3798.73,3800.76,3721.33,23709846,47427771538.00,2.11,0.95,35.71,2.32
2026-04-28,3781.86,3760.16,3795.17,3743.03,25602533,46677216119.00,1.37,-1.02,-38.57,2.51
2026-04-29,3741.18,3812.48,3822.40,3740.71,24758845,47300084875.00,2.17,1.39,52.32,2.43
2026-04-30,3802.56,3834.18,3838.14,3801.52,27086237,54330233458.00,0.96,0.57,21.70,2.66
2026-05-06,3850.42,3868.47,3877.83,3846.23,28729215,62296900762.00,0.82,0.89,34.29,2.82
2026-05-07,3865.84,3909.72,3913.31,3862.25,26218270,59296378961.00,1.32,1.07,41.25,2.57
2026-05-08,3899.20,3957.84,3957.89,3887.16,28873284,60264746248.00,1.81,1.23,48.12,2.83
2026-05-11,3974.55,3994.02,4001.53,3955.58,32612110,69825200692.00,1.16,0.91,36.18,3.20
2026-05-12,3991.01,3950.88,3991.72,3932.70,30166215,61250930245.00,1.48,-1.08,-43.14,2.96
2026-05-13,3940.82,3982.71,3985.17,3924.68,27229026,62659985824.00,1.53,0.81,31.83,2.67
2026-05-14,3988.56,3923.14,3990.05,3919.20,31253914,64194928636.00,1.78,-1.50,-59.57,3.06
2026-05-15,3924.63,3922.16,3974.55,3895.09,31202361,65123434439.00,2.03,-0.02,-0.98,3.06
2026-05-18,3909.71,3908.11,3918.04,3875.03,31857597,61635110191.00,1.10,-0.36,-14.05,3.12
2026-05-19,3899.61,3939.94,3939.94,3875.14,27845870,57775677646.00,1.66,0.81,31.83,2.73
2026-05-20,3927.32,3921.09,3927.67,3881.72,27960494,64074538521.00,1.17,-0.48,-18.85,2.74
2026-05-21,3924.25,3795.03,3950.42,3789.96,30606374,68748049671.00,4.09,-3.21,-126.06,3.00
2026-05-22,3816.29,3880.33,3894.77,3786.47,24753981,59035464401.00,2.85,2.25,85.30,2.43
2026-05-25,3908.69,3863.25,3919.77,3830.45,27331336,62614400952.00,2.30,-0.44,-17.08,2.68
2026-05-26,3854.91,3789.89,3854.91,3740.62,30781990,64117937138.00,2.96,-1.90,-73.36,3.02
2026-05-27,3784.33,3687.35,3790.40,3663.02,28734265,62216537455.00,3.36,-2.71,-102.54,2.82
2026-05-28,3677.13,3729.34,3745.91,3642.14,24620846,55149832879.00,2.81,1.14,41.99,2.41
2026-05-29,3738.84,3624.07,3754.38,3611.16,27434745,62195842645.00,3.84,-2.82,-105.27,2.69
2026-06-01,3616.60,3667.52,3702.28,3612.17,23834405,53174782998.00,2.49,1.20,43.45,2.34
2026-06-02,3671.49,3643.05,3674.21,3577.70,24295895,53716266484.00,2.63,-0.67,-24.47,2.38
2026-06-03,3641.40,3630.85,3666.99,3598.37,23698235,56045458619.00,1.88,-0.33,-12.20,2.32
2026-06-04,3614.02,3605.47,3636.15,3580.68,23427201,55004576833.00,1.53,-0.70,-25.38,2.30
2026-06-05,3601.33,3650.15,3700.66,3550.02,26888938,60686277898.00,4.18,1.24,44.68,2.64
2026-06-08,3561.46,3572.44,3660.58,3517.60,27503515,57480445598.00,3.92,-2.13,-77.71,2.70
2026-06-09,3595.11,3602.43,3603.95,3556.84,24581983,55168407322.00,1.32,0.84,29.99,2.41
2026-06-10,3580.31,3548.15,3586.43,3504.21,24958597,58134786447.00,2.28,-1.51,-54.28,2.45
2026-06-11,3521.25,3494.84,3536.44,3458.53,23052690,49668612494.00,2.20,-1.50,-53.31,2.26
2026-06-12,3531.15,3517.72,3569.02,3500.66,27643744,61407583322.00,1.96,0.65,22.88,2.71
2026-06-15,3536.52,3591.07,3591.07,3536.52,23826618,54883419513.00,1.55,2.09,73.35,2.34
2026-06-16,3593.86,3622.45,3634.67,3560.93,23878261,57742540690.00,2.05,0.87,31.38,2.34
2026-06-17,3611.61,3595.37,3612.77,3569.62,25544187,58402864104.00,1.19,-0.75,-27.08,2.50
2026-06-18,3576.57,3598.08,3618.29,3553.57,25573796,60513884150.00,1.80,0.08,2.71,2.51
2026-06-22,3596.04,3592.14,3596.16,3481.46,30575993,67994298928.00,3.19,-0.17,-5.94,3.00
2026-06-23,3588.44,3602.74,3652.39,3581.30,28952447,69637911565.00,1.98,0.30,10.60,2.84
2026-06-24,3589.42,3545.53,3592.23,3488.71,30503422,67524253788.00,2.87,-1.59,-57.21,2.99
2026-06-25,3543.62,3487.75,3546.45,3478.88,29260021,70570709082.00,1.91,-1.63,-57.78,2.87
2026-06-26,3476.28,3428.54,3497.75,3428.54,26878168,66696993182.00,1.98,-1.70,-59.21,2.64
2026-06-29,3426.03,3398.31,3429.71,3343.71,31323910,70744876570.00,2.51,-0.88,-30.23,3.07
2026-06-30,3396.66,3457.35,3457.49,3381.39,27984284,63395916264.00,2.24,1.74,59.04,2.74
2026-07-01,3461.59,3506.77,3535.71,3461.30,27143045,66026208138.00,2.15,1.43,49.42,2.66
2026-07-02,3479.14,3488.66,3566.66,3474.89,26615908,60818892675.00,2.62,-0.52,-18.11,2.61
2026-07-03,3499.54,3571.44,3597.41,3493.23,29409675,61369862333.00,2.99,2.37,82.78,2.88
2026-07-06,3576.80,3492.94,3591.92,3491.20,26430960,61160186073.00,2.82,-2.20,-78.50,2.59
2026-07-07,3483.94,3400.75,3494.80,3391.06,23548017,50860683715.00,2.97,-2.64,-92.19,2.31
2026-07-08,3398.11,3329.32,3402.30,3329.32,21364451,48031858042.00,2.15,-2.10,-71.43,2.09
2026-07-09,3335.32,3346.02,3354.26,3245.37,23758978,54244294212.00,3.27,0.50,16.70,2.33
2026-07-10,3346.35,3375.72,3444.41,3329.60,25790869,59566451160.00,3.43,0.89,29.70,2.53
2026-07-13,3366.60,3210.63,3366.60,3202.70,26050352,51502934654.00,4.86,-4.89,-165.09,2.55
2026-07-14,3208.27,3259.07,3259.07,3167.18,22754083,43641786990.00,2.86,1.51,48.44,2.23
2026-07-15,3254.30,3243.90,3296.11,3228.42,20905572,38732707211.00,2.08,-0.47,-15.17,2.05
2026-07-16,3218.24,3215.98,3273.60,3200.60,19815124,38823104746.00,2.25,-0.86,-27.92,1.94
2026-07-17,3213.35,3064.24,3221.91,3042.47,23983914,44793184847.00,5.58,-4.72,-151.74,2.35
2026-07-20,3086.08,2938.69,3118.27,2895.46,25602398,45815636788.00,7.27,-4.10,-125.55,2.51
2026-07-21,2939.13,2989.66,2989.66,2775.65,28283462,51058694840.00,7.28,1.73,50.97,2.77
2026-07-22,2972.87,2938.70,3005.20,2921.44,21286937,41274067923.00,2.80,-1.70,-50.96,2.09
2026-07-23,2943.68,3021.74,3022.17,2943.44,20542378,31344894729.00,2.68,2.83,83.04,2.01
2026-07-24,3000.25,2963.67,3017.92,2954.98,18446537,35967609235.00,2.08,-1.92,-58.07,1.81
2026-07-27,2951.08,3051.31,3051.31,2951.01,19000321,34998569473.00,3.38,2.96,87.64,1.86
2026-07-28,3027.99,3038.00,3087.72,3026.38,19218972,35908885849.00,2.01,-0.44,-13.31,1.88
2026-07-29,3037.01,3076.41,3084.37,3016.83,21490474,38177185537.00,2.22,1.26,38.41,2.11