2026-01-05,14.62,15.27,15.29,14.49,276606,418704268.00,5.52,5.46,0.79,4.00
2026-01-06,15.22,15.04,15.63,14.95,153428,234203924.00,4.45,-1.51,-0.23,2.22
2026-01-07,15.21,18.06,18.06,15.04,600412,1037157128.00,20.08,20.08,3.02,8.69
2026-01-08,18.24,18.94,19.10,17.45,605637,1118000790.00,9.14,4.87,0.88,8.76
2026-01-09,18.52,18.60,18.98,18.14,335944,627750881.00,4.44,-1.80,-0.34,4.86
2026-01-12,18.57,19.49,19.54,18.20,399006,761385908.00,7.20,4.78,0.89,5.77
2026-01-13,18.90,19.40,19.93,18.34,339116,653957792.00,8.16,-0.46,-0.09,4.91
2026-01-14,19.21,19.96,20.51,19.17,370073,737277063.00,6.91,2.89,0.56,5.35
2026-01-15,19.40,19.84,20.60,19.40,317785,638228811.00,6.01,-0.60,-0.12,4.60
2026-01-16,20.60,21.93,22.14,19.76,446529,931120291.00,12.00,10.53,2.09,6.46
2026-01-19,20.54,21.44,22.56,20.54,427660,921458622.00,9.21,-2.23,-0.49,6.19
2026-01-20,21.54,22.54,23.24,20.64,471323,1030280165.00,12.13,5.13,1.10,6.82
2026-01-21,22.21,23.22,24.94,21.94,450902,1058754647.00,13.31,3.02,0.68,6.52
2026-01-22,23.24,21.72,23.77,21.37,515499,1137503267.00,10.34,-6.46,-1.50,7.46
2026-01-23,21.67,21.95,22.26,21.44,419190,917716097.00,3.78,1.06,0.23,6.06
2026-01-26,21.76,21.45,21.83,20.96,297350,638898435.00,3.96,-2.28,-0.50,4.30
2026-01-27,21.29,21.14,21.84,20.94,299874,640321989.00,4.20,-1.45,-0.31,4.34
2026-01-28,21.24,20.76,21.39,20.34,362305,750618409.00,4.97,-1.80,-0.38,5.24
2026-01-29,20.87,20.09,21.20,19.98,264680,542808896.00,5.88,-3.23,-0.67,3.83
2026-01-30,20.34,20.07,20.62,19.58,233543,469492610.00,5.18,-0.10,-0.02,3.38
2026-02-02,20.00,19.04,20.04,18.95,221952,431218944.00,5.43,-5.13,-1.03,3.21
2026-02-03,19.23,20.41,20.50,19.12,329347,656298390.00,7.25,7.20,1.37,4.76
2026-02-04,20.24,20.10,20.54,19.84,168219,338356120.00,3.43,-1.52,-0.31,2.43
2026-02-05,19.98,20.16,20.26,19.37,188929,375985749.00,4.43,0.30,0.06,2.73
2026-02-06,19.94,20.66,21.16,19.66,309393,644975535.00,7.44,2.48,0.50,4.48
2026-02-09,21.19,21.20,21.86,20.59,275741,584630874.00,6.15,2.61,0.54,3.99
2026-02-10,21.14,21.45,21.77,20.67,238469,511019653.00,5.19,1.18,0.25,3.45
2026-02-11,21.52,21.87,22.34,21.28,207153,455902970.00,4.94,1.96,0.42,3.00
2026-02-12,21.87,23.29,23.73,21.46,261997,598639388.00,10.38,6.49,1.42,3.79
2026-02-13,22.94,24.16,24.57,22.34,227722,538091356.00,9.57,3.74,0.87,3.29
2026-02-24,24.19,23.40,24.36,23.39,156375,372857109.00,4.01,-3.15,-0.76,2.26
2026-02-25,23.46,24.96,26.32,22.77,275214,672621233.00,15.17,6.67,1.56,3.98
2026-02-26,24.90,25.03,25.16,24.07,153418,378764555.00,4.37,0.28,0.07,2.22
2026-02-27,24.80,25.64,26.10,23.94,153323,386491076.00,8.63,2.44,0.61,2.22
2026-03-02,25.14,27.11,27.34,25.09,225216,594516368.00,8.78,5.73,1.47,3.26
2026-03-03,27.44,27.06,29.94,26.94,517288,1454788948.00,11.07,-0.18,-0.05,7.48
2026-03-04,28.08,26.36,28.44,25.06,524570,1393865693.00,12.49,-2.59,-0.70,7.59
2026-03-05,26.69,26.25,27.52,25.76,319935,854166220.00,6.68,-0.42,-0.11,4.63
2026-03-06,26.12,25.74,27.27,25.62,233810,616890008.00,6.29,-1.94,-0.51,3.38
2026-03-09,26.84,24.98,26.91,24.19,466227,1172869732.00,10.57,-2.95,-0.76,6.75
2026-03-10,24.73,25.23,25.76,24.36,296798,746064403.00,5.60,1.00,0.25,4.29
2026-03-11,25.24,24.75,25.70,24.39,244734,609483026.00,5.19,-1.90,-0.48,3.54
2026-03-12,24.97,26.39,27.09,24.64,380896,1001096446.00,9.90,6.63,1.64,5.51
2026-03-13,27.52,25.47,27.96,25.17,388538,1020564908.00,10.57,-3.49,-0.92,5.62
2026-03-16,25.44,24.40,26.51,24.07,387769,976250664.00,9.58,-4.20,-1.07,5.61
2026-03-17,24.30,23.33,24.37,23.19,277399,653688402.00,4.84,-4.39,-1.07,4.01
2026-03-18,23.45,23.19,23.74,23.00,184052,430179714.00,3.17,-0.60,-0.14,2.66
2026-03-19,23.44,23.70,24.32,22.74,338343,804281525.00,6.81,2.20,0.51,4.89
2026-03-20,23.52,23.17,24.38,23.09,258531,614074708.00,5.44,-2.24,-0.53,3.74
2026-03-23,23.05,23.54,25.59,22.97,410318,992581871.00,11.31,1.60,0.37,5.94
2026-03-24,22.95,22.79,23.14,21.96,301457,680638559.00,5.01,-3.19,-0.75,4.36
2026-03-25,22.62,22.70,23.03,22.14,265161,602430027.00,3.91,-0.39,-0.09,3.84
2026-03-26,22.65,22.78,23.59,22.33,257181,596821296.00,5.55,0.35,0.08,3.72
2026-03-27,22.94,23.62,24.34,22.69,275257,650580097.00,7.24,3.69,0.84,3.98
2026-03-30,24.30,23.54,24.33,23.00,244607,576663794.00,5.63,-0.34,-0.08,3.54
2026-03-31,23.24,22.19,23.44,21.97,255941,576512037.00,6.24,-5.73,-1.35,3.70
2026-04-01,22.29,22.13,22.53,21.22,280575,612966555.00,5.90,-0.27,-0.06,4.06
2026-04-02,22.12,22.83,23.12,22.06,222960,506704758.00,4.79,3.16,0.70,3.23
2026-04-03,23.21,22.99,23.57,22.64,180687,419020976.00,4.07,0.70,0.16,2.61
2026-04-07,23.22,23.44,24.38,23.07,208483,490397540.00,5.70,1.96,0.45,3.02
2026-04-08,22.76,24.48,24.74,22.32,382306,897625567.00,10.32,4.44,1.04,5.53
2026-04-09,24.11,24.17,24.74,23.80,186989,454221954.00,3.84,-1.27,-0.31,2.71
2026-04-10,23.84,23.87,24.56,23.72,152949,369195921.00,3.48,-1.24,-0.30,2.21
2026-04-13,23.61,23.57,24.33,22.95,184369,434359867.00,5.78,-1.26,-0.30,2.67
2026-04-14,23.46,24.32,24.82,23.09,223273,539866143.00,7.34,3.18,0.75,3.23
2026-04-15,24.94,23.80,25.14,23.29,214548,516478137.00,7.61,-2.14,-0.52,3.10
2026-04-16,24.09,25.95,26.19,23.76,374339,944352699.00,10.21,9.03,2.15,5.42
2026-04-17,25.45,25.26,25.64,25.00,194093,491863400.00,2.47,-2.66,-0.69,2.81
2026-04-20,25.30,26.22,26.47,24.36,355293,900545470.00,8.35,3.80,0.96,5.14
2026-04-21,26.33,29.44,29.88,26.14,490189,1384661304.00,14.26,12.28,3.22,7.09
2026-04-22,29.94,29.76,30.84,28.74,353328,1051729287.00,7.13,1.09,0.32,5.11
2026-04-23,30.30,29.99,30.62,29.14,339698,1017510399.00,4.97,0.77,0.23,4.91
2026-04-24,29.94,30.15,32.31,29.44,421505,1302112515.00,9.57,0.53,0.16,6.10
2026-04-27,29.94,31.73,34.74,29.94,494256,1613521173.00,15.92,5.24,1.58,7.15
2026-04-28,31.95,30.72,32.07,29.56,421474,1305129668.00,7.91,-3.18,-1.01,6.10
2026-04-29,30.38,30.41,31.61,30.04,294675,908552768.00,5.11,-1.01,-0.31,4.26
2026-04-30,30.98,30.00,31.74,29.50,330473,1002567232.00,7.37,-1.35,-0.41,4.78
2026-05-06,30.54,29.94,31.17,29.80,303789,930500130.00,4.57,-0.20,-0.06,4.40
2026-05-07,28.96,27.74,29.29,27.32,592869,1656654878.00,6.58,-7.35,-2.20,8.58
2026-05-08,27.81,27.58,28.74,27.54,311213,870644824.00,4.33,-0.58,-0.16,4.50
2026-05-11,27.79,28.49,29.03,27.31,441704,1245243559.00,6.24,3.30,0.91,6.39
2026-05-12,28.39,28.25,28.94,27.82,272055,770987287.00,3.93,-0.84,-0.24,3.94
2026-05-13,27.99,29.35,29.78,27.70,349748,1006102590.00,7.36,3.89,1.10,5.06
2026-05-14,29.44,29.99,31.84,29.42,423019,1294421099.00,8.25,2.18,0.64,6.12
2026-05-15,30.13,31.71,32.92,28.85,506228,1574028334.00,13.57,5.74,1.72,7.32
2026-05-18,32.63,32.96,33.59,30.82,453898,1484688523.00,8.74,3.94,1.25,6.57
2026-05-19,32.48,34.72,34.90,31.05,431704,1436838188.00,11.68,5.34,1.76,6.25
2026-05-20,34.68,34.10,36.04,33.30,383358,1316668626.00,7.89,-1.79,-0.62,5.55
2026-05-21,33.94,30.69,33.94,30.60,478597,1536889616.00,9.79,-10.00,-3.41,6.92
2026-05-22,31.33,29.80,31.56,29.52,350422,1057744239.00,6.65,-2.90,-0.89,5.07
2026-05-25,29.80,30.03,30.96,28.14,336364,1000417383.00,9.46,0.77,0.23,4.87
2026-05-26,29.90,29.62,30.00,28.93,215640,635845502.00,3.56,-1.37,-0.41,3.12
2026-05-27,29.82,29.78,31.39,29.49,298146,906166083.00,6.41,0.54,0.16,4.31
2026-05-28,29.64,29.23,30.24,28.97,279685,831570208.00,4.26,-1.85,-0.55,4.05
2026-05-29,29.24,27.64,29.43,27.14,323981,905687946.00,7.83,-5.44,-1.59,4.69
2026-06-01,27.74,26.75,28.48,26.67,215593,593087822.00,6.55,-3.22,-0.89,3.12
2026-06-02,26.80,27.56,28.51,26.45,235954,650837281.00,7.70,3.03,0.81,3.41
2026-06-03,27.66,27.98,28.19,26.89,251658,699018308.00,4.72,1.52,0.42,3.64
2026-06-04,27.64,30.06,30.25,27.46,337934,996976015.00,9.97,7.43,2.08,4.89
2026-06-05,29.44,28.05,30.11,27.79,314219,916026072.00,7.72,-6.69,-2.01,4.55
2026-06-08,25.91,26.58,27.71,25.91,249525,674222672.00,6.42,-5.24,-1.47,3.61
2026-06-09,26.56,27.54,28.12,26.45,237420,646487683.00,6.28,3.61,0.96,3.43
2026-06-10,27.27,29.07,29.50,27.27,332660,961959608.00,8.10,5.56,1.53,4.81
2026-06-11,29.39,32.74,34.04,28.43,648825,2006788531.00,19.30,12.62,3.67,9.39
2026-06-12,31.44,28.89,31.49,28.74,497330,1498527403.00,8.40,-11.76,-3.85,7.20
2026-06-15,28.99,28.06,29.27,27.74,335293,950890779.00,5.30,-2.87,-0.83,4.85
2026-06-16,28.62,29.74,30.54,28.39,412606,1223425268.00,7.66,5.99,1.68,5.97
2026-06-17,28.73,33.44,33.54,28.64,453136,1421318446.00,16.48,12.44,3.70,6.56
2026-06-18,32.56,33.35,33.80,31.83,361927,1199524762.00,5.89,-0.27,-0.09,5.24
2026-06-22,34.35,38.32,39.62,33.52,555538,2047595482.00,18.29,14.90,4.97,8.04
2026-06-23,41.25,38.51,41.91,37.24,592237,2304578069.00,12.19,0.50,0.19,8.57
2026-06-24,36.64,38.53,39.59,33.96,529321,1961704893.00,14.62,0.05,0.02,7.66
2026-06-25,38.98,40.14,41.82,37.04,562781,2223027854.00,12.41,4.18,1.61,8.14
2026-06-26,39.26,38.74,40.35,37.50,400416,1558116996.00,7.10,-3.49,-1.40,5.79
2026-06-29,40.70,46.49,46.49,39.13,652668,2722803786.00,19.00,20.01,7.75,9.44
2026-06-30,46.80,52.10,54.98,45.10,636385,3146964872.00,21.25,12.07,5.61,9.21
2026-07-01,53.00,55.00,57.31,51.66,647396,3497210025.00,10.84,5.57,2.90,9.37
2026-07-02,50.68,49.20,54.20,48.70,692657,3532995234.00,10.00,-10.55,-5.80,10.02
2026-07-03,50.00,46.45,53.11,45.02,752102,3597204067.00,16.44,-5.59,-2.75,10.88
2026-07-06,46.00,45.07,46.55,42.43,649411,2896064455.00,8.87,-2.97,-1.38,9.40
2026-07-07,44.83,48.01,48.28,43.42,567202,2625437421.00,10.78,6.52,2.94,8.21
2026-07-08,48.00,46.80,49.88,46.28,529088,2542557292.00,7.50,-2.52,-1.21,7.65
2026-07-09,47.73,50.90,51.48,45.40,539030,2604443910.00,12.99,8.76,4.10,7.80
2026-07-10,51.51,43.60,52.50,43.10,658368,3141526867.00,18.47,-14.34,-7.30,9.52
2026-07-13,45.00,44.27,48.53,43.83,560120,2557801714.00,10.78,1.54,0.67,8.10
2026-07-14,44.10,42.60,44.95,41.76,502177,2158960867.00,7.21,-3.77,-1.67,7.27
2026-07-15,42.79,40.90,43.46,40.61,419576,1756972539.00,6.69,-3.99,-1.70,6.07
2026-07-16,39.84,39.36,42.00,38.85,350345,1406924823.00,7.70,-3.77,-1.54,5.07
2026-07-17,38.81,37.76,41.86,37.60,413897,1643852806.00,10.82,-4.07,-1.60,5.99
2026-07-20,38.51,35.00,39.00,33.40,547558,1954949589.00,14.83,-7.31,-2.76,7.92
2026-07-21,35.00,37.20,38.00,31.68,526635,1847784543.00,18.06,6.29,2.20,7.62
2026-07-22,36.92,36.56,37.96,35.87,376985,1386735737.00,5.62,-1.72,-0.64,5.45
2026-07-23,36.67,36.50,37.80,35.75,240456,880617498.00,5.61,-0.16,-0.06,3.48
2026-07-24,35.80,38.45,39.29,35.43,433898,1653895000.00,10.58,5.34,1.95,6.28
2026-07-27,37.79,39.94,40.45,37.50,458776,1797993771.00,7.67,3.88,1.49,6.64
2026-07-28,38.50,35.84,39.54,35.70,333083,1244887323.00,9.61,-10.27,-4.10,4.82
2026-07-29,35.70,34.19,35.78,31.31,444551,1495321432.00,12.47,-4.60,-1.65,6.43
2026-07-30,34.42,30.88,34.56,29.87,443587,1392794975.00,13.72,-9.68,-3.31,6.42
2026-07-31,34.00,31.46,34.60,31.17,351274,1164892449.00,11.11,1.88,0.58,5.08
2026-08-03,30.08,29.23,31.88,29.00,308435,922126967.00,9.15,-7.09,-2.23,4.46
2026-08-04,29.49,32.36,32.55,28.69,345227,1078167040.00,13.21,10.71,3.13,4.99
2026-08-05,32.06,34.89,35.68,31.88,264486,904497272.00,11.74,7.82,2.53,3.83