2026-01-05,26.20,26.28,26.31,26.10,765691,2084118017.00,0.80,0.34,0.09,0.32
2026-01-06,26.30,26.44,26.44,26.24,738437,2020307561.00,0.76,0.61,0.16,0.31
2026-01-07,26.44,26.23,26.45,26.22,721702,1970227485.00,0.87,-0.79,-0.21,0.30
2026-01-08,26.23,26.26,26.30,26.19,470573,1282365975.00,0.42,0.11,0.03,0.20
2026-01-09,26.27,26.29,26.29,26.18,629035,1713592955.00,0.42,0.11,0.03,0.26
2026-01-12,26.29,26.40,26.45,26.22,784356,2145881938.00,0.87,0.42,0.11,0.33
2026-01-13,26.45,26.36,26.57,26.32,785385,2154672433.00,0.95,-0.15,-0.04,0.33
2026-01-14,26.45,25.81,26.54,25.80,2927501,7941387446.00,2.81,-2.09,-0.55,1.22
2026-01-15,25.98,25.82,26.01,25.77,1259274,3382187545.00,0.93,0.04,0.01,0.52
2026-01-16,25.88,25.52,26.03,25.44,2388546,6368509096.00,2.29,-1.16,-0.30,0.99
2026-01-19,25.61,25.80,25.92,25.60,1047218,2803299152.00,1.25,1.10,0.28,0.44
2026-01-20,25.80,25.88,25.94,25.73,1050034,2822226858.00,0.81,0.31,0.08,0.44
2026-01-21,25.89,25.58,25.90,25.55,1163282,3105540544.00,1.35,-1.16,-0.30,0.48
2026-01-22,25.58,25.31,25.72,25.30,1807850,4779737327.00,1.64,-1.06,-0.27,0.75
2026-01-23,25.36,25.00,25.42,24.96,2106915,5502988264.00,1.82,-1.22,-0.31,0.88
2026-01-26,25.05,24.98,25.28,24.86,2028698,5283656766.00,1.68,-0.08,-0.02,0.85
2026-01-27,24.98,24.93,25.14,24.86,1313815,3416663130.00,1.12,-0.20,-0.05,0.55
2026-01-28,24.93,24.65,24.94,24.61,2326498,5985858969.00,1.32,-1.12,-0.28,0.97
2026-01-29,24.65,25.03,25.20,24.38,2616230,6732321039.00,3.33,1.54,0.38,1.09
2026-01-30,25.04,25.36,25.57,25.04,2238492,5906700028.00,2.12,1.32,0.33,0.93
2026-02-02,25.49,25.14,25.55,25.09,1242257,3267262732.00,1.81,-0.87,-0.22,0.52
2026-02-03,25.20,25.00,25.23,24.91,885438,2302972625.00,1.27,-0.56,-0.14,0.36
2026-02-04,24.97,25.38,25.39,24.95,957052,2512165683.00,1.76,1.52,0.38,0.39
2026-02-05,25.42,25.60,25.69,25.35,1032448,2739767940.00,1.34,0.87,0.22,0.42
2026-02-06,25.60,25.52,25.77,25.38,725627,1922388504.00,1.52,-0.31,-0.08,0.30
2026-02-09,25.53,25.46,25.57,25.28,678291,1792121462.00,1.14,-0.24,-0.06,0.28
2026-02-10,25.46,25.57,25.60,25.37,559201,1483185481.00,0.90,0.43,0.11,0.23
2026-02-11,25.58,25.48,25.59,25.41,533882,1412807447.00,0.70,-0.35,-0.09,0.22
2026-02-12,25.48,25.33,25.51,25.26,737342,1925902011.00,0.98,-0.59,-0.15,0.30
2026-02-13,25.34,25.21,25.39,25.16,715541,1863613082.00,0.91,-0.47,-0.12,0.29
2026-02-24,25.34,25.26,25.37,25.19,730789,1903435481.00,0.71,0.20,0.05,0.30
2026-02-25,25.29,25.18,25.41,25.16,956210,2492461852.00,0.99,-0.32,-0.08,0.39
2026-02-26,25.19,25.25,25.30,25.14,619772,1611605301.00,0.64,0.28,0.07,0.25
2026-02-27,25.26,25.25,25.39,25.23,919038,2396913236.00,0.63,0.00,0.00,0.38
2026-03-02,25.33,25.78,25.86,25.33,1817729,4815661932.00,2.10,2.10,0.53,0.74
2026-03-03,25.78,26.18,26.31,25.74,2145547,5763725302.00,2.21,1.55,0.40,0.88
2026-03-04,26.01,26.30,26.40,25.73,1757354,4731660303.00,2.56,0.46,0.12,0.72
2026-03-05,26.19,26.29,26.45,26.05,1329149,3600687805.00,1.52,-0.04,-0.01,0.54
2026-03-06,26.27,26.35,26.36,26.19,878369,2377351285.00,0.65,0.23,0.06,0.36
2026-03-09,26.37,26.41,26.84,26.30,2075028,5674816795.00,2.05,0.23,0.06,0.85
2026-03-10,26.22,26.36,26.45,25.94,1192857,3217091405.00,1.93,-0.19,-0.05,0.49
2026-03-11,26.36,26.51,26.52,26.16,897445,2439249557.00,1.37,0.57,0.15,0.37
2026-03-12,26.53,26.71,26.71,26.37,1078962,2951508824.00,1.28,0.75,0.20,0.44
2026-03-13,26.71,26.63,26.84,26.56,942776,2590387280.00,1.05,-0.30,-0.08,0.39
2026-03-16,26.63,26.57,26.71,26.45,872038,2388063540.00,0.98,-0.23,-0.06,0.36
2026-03-17,26.53,26.70,26.78,26.49,850289,2338113044.00,1.09,0.49,0.13,0.35
2026-03-18,26.69,26.50,26.86,26.45,800290,2191462951.00,1.54,-0.75,-0.20,0.33
2026-03-19,26.48,26.47,26.69,26.41,1015258,2777309817.00,1.06,-0.11,-0.03,0.41
2026-03-20,26.47,26.39,26.60,26.23,845555,2299198422.00,1.40,-0.30,-0.08,0.35
2026-03-23,26.28,25.95,26.47,25.87,1757271,4727621378.00,2.27,-1.67,-0.44,0.72
2026-03-24,26.11,26.31,26.34,25.93,910767,2455035706.00,1.58,1.39,0.36,0.37
2026-03-25,26.36,26.42,26.48,26.13,860545,2335396506.00,1.33,0.42,0.11,0.35
2026-03-26,26.40,26.52,26.66,26.31,845014,2305295042.00,1.32,0.38,0.10,0.35
2026-03-27,26.49,26.46,26.61,26.39,685517,1869448582.00,0.83,-0.23,-0.06,0.28
2026-03-30,26.46,26.35,26.46,26.22,692781,1880990759.00,0.91,-0.42,-0.11,0.28
2026-03-31,26.35,26.25,26.54,26.25,802589,2181329248.00,1.10,-0.38,-0.10,0.33
2026-04-01,26.33,26.09,26.33,26.05,906082,2440214452.00,1.07,-0.61,-0.16,0.37
2026-04-02,26.11,26.22,26.23,25.97,739849,1988851813.00,1.00,0.50,0.13,0.30
2026-04-03,26.21,25.91,26.21,25.87,656277,1757122436.00,1.30,-1.18,-0.31,0.27
2026-04-07,25.92,25.69,25.96,25.61,726272,1926064162.00,1.35,-0.85,-0.22,0.30
2026-04-08,25.73,25.79,25.79,25.60,806200,2138241990.00,0.74,0.39,0.10,0.33
2026-04-09,25.79,25.60,25.79,25.52,691285,1824031017.00,1.05,-0.74,-0.19,0.28
2026-04-10,25.68,25.61,25.71,25.53,665589,1756489575.00,0.70,0.04,0.01,0.27
2026-04-13,25.60,25.63,25.64,25.45,626264,1648289578.00,0.74,0.08,0.02,0.26
2026-04-14,25.63,25.63,25.71,25.53,701166,1848972432.00,0.70,0.00,0.00,0.29
2026-04-15,25.62,25.76,25.88,25.57,970566,2576891492.00,1.21,0.51,0.13,0.40
2026-04-16,25.77,25.76,25.91,25.73,719586,1912488030.00,0.70,0.00,0.00,0.29
2026-04-17,25.76,25.59,25.79,25.59,836067,2214978373.00,0.78,-0.66,-0.17,0.34
2026-04-20,25.62,26.05,26.05,25.62,950418,2538195456.00,1.68,1.80,0.46,0.39
2026-04-21,26.07,26.34,26.36,26.06,904432,2446267987.00,1.15,1.11,0.29,0.37
2026-04-22,26.34,26.07,26.34,26.03,741609,1997674385.00,1.18,-1.03,-0.27,0.30
2026-04-23,26.07,26.16,26.22,25.87,845908,2270225989.00,1.34,0.35,0.09,0.35
2026-04-24,26.12,26.02,26.16,25.96,564464,1514495496.00,0.76,-0.54,-0.14,0.23
2026-04-27,26.01,25.87,26.06,25.83,562599,1504214891.00,0.88,-0.58,-0.15,0.23
2026-04-28,25.89,25.94,25.99,25.82,700608,1869479612.00,0.66,0.27,0.07,0.29
2026-04-29,25.92,25.98,26.01,25.81,855961,2284682165.00,0.77,0.15,0.04,0.35
2026-04-30,26.30,26.53,26.63,26.15,1914637,5218424711.00,1.85,2.12,0.55,0.78
2026-05-06,26.55,26.41,26.55,26.25,1237750,3359761259.00,1.13,-0.45,-0.12,0.51
2026-05-07,26.39,26.26,26.41,26.11,973283,2633218235.00,1.14,-0.57,-0.15,0.40
2026-05-08,26.27,26.21,26.37,26.19,804423,2173718079.00,0.69,-0.19,-0.05,0.33
2026-05-11,26.26,26.22,26.41,26.16,1030953,2787957982.00,0.95,0.04,0.01,0.42
2026-05-12,26.22,26.25,26.38,26.12,1011762,2738732723.00,0.99,0.11,0.03,0.41
2026-05-13,26.29,26.21,26.50,26.18,1396919,3785965443.00,1.22,-0.15,-0.04,0.57
2026-05-14,26.19,26.15,26.29,26.06,1102942,2971318672.00,0.88,-0.23,-0.06,0.45
2026-05-15,26.11,26.24,26.36,25.93,1187555,3202012497.00,1.64,0.34,0.09,0.49
2026-05-18,26.25,26.10,26.39,26.02,915898,2465321894.00,1.41,-0.53,-0.14,0.37
2026-05-19,26.10,26.46,26.56,25.98,1725646,4692289634.00,2.22,1.38,0.36,0.71
2026-05-20,26.46,26.11,26.49,26.08,1284344,3473080686.00,1.55,-1.32,-0.35,0.52
2026-05-21,26.07,25.87,26.18,25.84,1166100,3127663670.00,1.30,-0.92,-0.24,0.48
2026-05-22,25.94,25.77,25.97,25.71,915888,2436330692.00,1.01,-0.39,-0.10,0.37
2026-05-25,25.81,25.88,26.04,25.76,841544,2245695731.00,1.09,0.43,0.11,0.34
2026-05-26,25.87,26.35,26.36,25.80,1626530,4397744505.00,2.16,1.82,0.47,0.66
2026-05-27,26.27,26.45,26.54,26.22,1112715,3026248640.00,1.21,0.38,0.10,0.45
2026-05-28,26.46,26.43,26.58,26.32,1146573,3124821006.00,0.98,-0.08,-0.02,0.47
2026-05-29,26.41,26.96,26.97,26.29,2134371,5888377325.00,2.57,2.01,0.53,0.87
2026-06-01,26.95,26.98,27.08,26.76,1392781,3861503134.00,1.19,0.07,0.02,0.57
2026-06-02,27.03,27.17,27.36,26.83,1257574,3513868172.00,1.96,0.70,0.19,0.51
2026-06-03,27.06,27.10,27.19,26.72,1143006,3168757471.00,1.73,-0.26,-0.07,0.47
2026-06-04,27.04,26.93,27.17,26.82,874972,2430916403.00,1.29,-0.63,-0.17,0.36
2026-06-05,26.93,26.82,27.31,26.72,1094136,3042122314.00,2.19,-0.41,-0.11,0.45
2026-06-08,26.71,26.72,26.82,26.47,1180655,3238081015.00,1.30,-0.37,-0.10,0.48
2026-06-09,26.72,26.84,26.91,26.60,882536,2433424842.00,1.16,0.45,0.12,0.36
2026-06-10,26.81,26.90,27.03,26.64,887500,2457850309.00,1.45,0.22,0.06,0.36
2026-06-11,26.90,27.10,27.16,26.81,991250,2759358768.00,1.30,0.74,0.20,0.41
2026-06-12,26.98,27.49,27.50,26.88,1494245,4191923900.00,2.29,1.44,0.39,0.61
2026-06-15,27.45,26.78,27.45,26.60,2076612,5743667948.00,3.09,-2.58,-0.71,0.85
2026-06-16,26.62,26.40,26.66,26.35,1205993,3287063796.00,1.16,-1.42,-0.38,0.49
2026-06-17,26.43,26.21,26.48,26.12,1034442,2794894312.00,1.36,-0.72,-0.19,0.42
2026-06-18,26.14,25.87,26.19,25.86,1295945,3466900701.00,1.26,-1.30,-0.34,0.53
2026-06-22,25.87,26.15,26.30,25.72,1497329,4009564149.00,2.24,1.08,0.28,0.61
2026-06-23,26.14,26.08,26.46,26.07,1185655,3206812850.00,1.49,-0.27,-0.07,0.48
2026-06-24,26.08,25.81,26.21,25.77,1134561,3026880697.00,1.69,-1.04,-0.27,0.46
2026-06-25,25.71,25.43,25.79,25.41,1321876,3482768792.00,1.47,-1.47,-0.38,0.54
2026-06-26,25.46,25.86,25.93,25.36,1282652,3395741671.00,2.24,1.69,0.43,0.52
2026-06-29,25.76,26.05,26.11,25.47,1232579,3286300313.00,2.47,0.73,0.19,0.50
2026-06-30,25.92,25.68,26.05,25.59,1022777,2712032641.00,1.77,-1.42,-0.37,0.42
2026-07-01,25.65,25.85,25.93,25.57,909398,2417436712.00,1.40,0.66,0.17,0.37
2026-07-02,26.00,26.16,26.30,25.76,1400553,3761292696.00,2.09,1.20,0.31,0.57
2026-07-03,26.17,26.26,26.44,26.02,1028243,2779267352.00,1.61,0.38,0.10,0.42
2026-07-06,26.12,26.40,26.41,25.99,924577,2502075780.00,1.60,0.53,0.14,0.38
2026-07-07,26.40,26.62,26.67,26.26,1268220,3460604485.00,1.55,0.83,0.22,0.52
2026-07-08,26.59,27.04,27.36,26.46,1648440,4582942182.00,3.38,1.58,0.42,0.67
2026-07-09,26.91,26.98,27.06,26.74,1160399,3214016729.00,1.18,-0.22,-0.06,0.47
2026-07-10,26.96,27.24,27.33,26.81,1470743,4103252830.00,1.93,0.96,0.26,0.60
2026-07-13,27.14,27.63,27.69,27.01,2008092,5671275769.00,2.50,1.43,0.39,0.82
2026-07-14,27.61,27.76,27.94,27.42,1592410,4530406161.00,1.88,0.47,0.13,0.65
2026-07-15,27.61,27.89,27.98,27.46,1193609,3415566785.00,1.87,0.47,0.13,0.49
2026-07-16,27.86,27.45,27.97,27.34,1461135,4139610581.00,2.26,-1.58,-0.44,0.60
2026-07-17,27.61,27.99,28.19,27.35,2428601,6802221692.00,3.06,1.97,0.54,0.99
2026-07-20,27.75,28.91,28.98,27.75,2005789,5737842302.00,4.39,3.29,0.92,0.82