2026-01-05,28.26,28.30,29.25,27.26,55539,222475515.35,7.14,1.47,0.41,4.99
2026-01-06,28.27,27.65,28.39,27.50,40011,157480121.84,3.14,-2.30,-0.65,3.60
2026-01-07,27.64,27.30,27.69,26.84,33700,129763023.80,3.07,-1.27,-0.35,3.03
2026-01-08,27.07,27.87,28.02,26.90,38630,151053942.43,4.10,2.09,0.57,3.47
2026-01-09,28.02,29.16,30.18,27.53,85420,344637485.01,9.51,4.63,1.29,7.68
2026-01-12,29.15,30.75,31.18,28.65,85649,361664131.15,8.68,5.45,1.59,7.70
2026-01-13,30.40,28.34,30.40,28.10,58039,235331071.89,7.48,-7.84,-2.41,5.22
2026-01-14,28.33,28.20,28.87,27.79,36851,147996880.68,3.81,-0.49,-0.14,3.31
2026-01-15,28.19,27.80,28.19,27.07,23948,93250702.68,3.97,-1.42,-0.40,2.15
2026-01-16,27.94,28.07,28.19,27.17,29797,116780693.20,3.67,0.97,0.27,2.68
2026-01-19,28.62,29.78,30.80,27.96,61791,256658959.20,10.12,6.09,1.71,5.55
2026-01-20,29.40,30.26,31.47,29.40,60765,262458323.00,6.95,1.61,0.48,5.46
2026-01-21,30.26,30.97,32.19,29.82,52749,231981992.40,7.83,2.35,0.71,4.74
2026-01-22,30.97,34.10,34.10,30.52,40907,190124497.58,11.56,10.11,3.13,3.68
2026-01-23,36.85,37.55,37.55,34.69,73667,374524707.99,8.39,10.12,3.45,6.62
2026-01-26,37.53,33.76,37.90,33.76,88036,432985932.35,11.03,-10.09,-3.79,7.91
2026-01-27,32.80,36.33,37.15,32.22,97719,472886314.40,14.60,7.61,2.57,8.78
2026-01-28,35.77,33.72,36.12,33.22,74653,359683796.80,7.98,-7.18,-2.61,6.71
2026-01-29,36.12,37.12,37.12,35.13,50898,261576632.40,5.90,10.08,3.40,4.57
2026-01-30,37.12,36.13,37.40,35.47,82228,422056786.91,5.20,-2.67,-0.99,7.39
2026-02-02,35.83,36.27,37.55,35.40,57037,291905902.32,5.95,0.39,0.14,5.12
2026-02-03,36.37,39.92,39.92,35.56,53353,288291759.23,12.02,10.06,3.65,4.79
2026-02-04,42.55,42.75,43.95,41.57,125026,760565816.37,5.96,7.09,2.83,11.23
2026-02-05,42.32,44.47,45.14,41.22,107305,661089132.12,9.17,4.02,1.72,9.64
2026-02-06,42.91,42.09,44.45,41.92,81306,492880503.58,5.69,-5.35,-2.38,7.31
2026-02-09,42.16,41.97,43.26,40.72,62701,369496171.69,6.03,-0.29,-0.12,5.63
2026-02-10,41.69,40.29,41.75,38.69,68827,392012326.36,7.29,-4.00,-1.68,6.18
2026-02-11,38.97,37.75,39.05,37.09,62408,335771589.60,4.86,-6.30,-2.54,5.61
2026-02-12,37.55,37.15,38.08,36.83,41586,219175989.00,3.31,-1.59,-0.60,3.74
2026-02-13,36.97,36.72,37.89,36.55,35443,185778915.60,3.61,-1.16,-0.43,3.18
2026-02-24,37.42,36.36,37.50,36.12,31099,160841545.80,3.76,-0.98,-0.36,2.79
2026-02-25,36.33,36.10,36.41,35.76,29018,147582942.60,1.79,-0.72,-0.26,2.61
2026-02-26,36.12,36.29,36.40,35.25,36006,183297422.99,3.19,0.53,0.19,3.24
2026-02-27,36.07,36.14,37.03,35.85,33204,170714453.23,3.25,-0.41,-0.15,2.98
2026-03-02,36.47,35.72,36.71,35.65,48982,250146982.60,2.93,-1.16,-0.42,4.40
2026-03-03,35.73,33.77,36.09,33.57,46929,230257422.92,7.05,-5.46,-1.95,4.22
2026-03-04,33.53,36.26,36.47,33.52,56089,278652380.38,8.74,7.37,2.49,5.04
2026-03-05,36.46,35.83,36.53,34.99,43398,217101133.60,4.25,-1.19,-0.43,3.90
2026-03-06,35.59,36.32,37.19,35.26,46778,239718803.00,5.39,1.37,0.49,4.20
2026-03-09,36.40,36.26,37.17,35.84,37516,193629148.90,3.66,-0.17,-0.06,3.37
2026-03-10,35.90,36.83,37.25,35.85,26456,137047099.60,3.86,1.57,0.57,2.38
2026-03-11,36.51,35.70,37.07,35.44,27647,141121472.01,4.43,-3.07,-1.13,2.48
2026-03-12,35.72,34.81,35.88,34.69,20428,101262936.20,3.33,-2.49,-0.89,1.84
2026-03-13,34.80,34.05,34.95,33.98,14083,68411755.60,2.79,-2.18,-0.76,1.27
2026-03-16,34.14,34.30,34.44,33.44,13736,66003958.00,2.94,0.73,0.25,1.23
2026-03-17,34.33,33.45,34.62,33.27,10108,48448708.00,3.94,-2.48,-0.85,0.91
2026-03-18,33.54,33.98,34.07,33.35,11284,53833763.80,2.15,1.58,0.53,1.01
2026-03-19,33.72,32.62,33.83,32.33,15227,70914827.40,4.41,-4.00,-1.36,1.37
2026-03-20,32.90,31.82,33.46,31.77,13659,62481962.80,5.18,-2.45,-0.80,1.23
2026-03-23,31.60,29.55,31.60,29.30,22999,98924264.80,7.23,-7.13,-2.27,2.07
2026-03-24,30.11,30.58,30.83,29.77,25758,110494976.60,3.59,3.49,1.03,2.31
2026-03-25,30.60,33.67,33.67,30.60,26313,121583055.53,10.04,10.10,3.09,2.36
2026-03-26,34.47,34.95,35.26,33.75,63938,312697887.84,4.48,3.80,1.28,5.75
2026-03-27,34.55,33.87,34.55,32.91,40476,192338547.30,4.69,-3.09,-1.08,3.64
2026-03-30,33.22,33.45,34.37,32.98,33144,157333525.00,4.10,-1.24,-0.42,2.98
2026-03-31,33.47,33.51,35.00,33.30,41516,200192531.29,5.08,0.18,0.06,3.73
2026-04-01,34.02,33.54,34.62,33.35,30021,143442577.15,3.79,0.09,0.03,2.70
2026-04-02,33.37,33.68,34.06,33.02,24643,117088373.96,3.10,0.42,0.14,2.21
2026-04-03,33.65,32.95,34.21,32.90,25395,120342602.20,3.89,-2.17,-0.73,2.28
2026-04-07,32.94,32.66,33.61,32.55,20599,96045511.20,3.22,-0.88,-0.29,1.85
2026-04-08,33.11,34.68,34.68,32.96,30747,148267786.95,5.27,6.18,2.02,2.76
2026-04-09,34.37,35.15,35.37,33.53,29898,146328052.90,5.31,1.36,0.47,2.69
2026-04-10,35.16,34.92,35.67,34.74,23566,117041526.28,2.65,-0.65,-0.23,2.12
2026-04-13,35.21,35.55,36.10,34.83,28361,142345794.00,3.64,1.80,0.63,2.55
2026-04-14,35.98,34.72,35.98,33.97,42263,206138688.28,5.65,-2.33,-0.83,3.80
2026-04-15,35.40,34.45,35.89,34.19,34803,172080204.56,4.90,-0.78,-0.27,3.13
2026-04-16,34.47,34.52,34.66,34.03,19372,94112553.24,1.83,0.20,0.07,1.74
2026-04-17,34.24,34.85,35.35,34.20,22638,111008807.00,3.33,0.96,0.33,2.03
2026-04-20,34.86,35.86,36.04,34.76,35059,176150924.80,3.67,2.90,1.01,3.15
2026-04-21,35.76,35.88,36.19,35.24,27359,137984862.62,2.65,0.06,0.02,2.46
2026-04-22,35.71,36.64,37.40,35.55,39924,206737310.42,5.16,2.12,0.76,3.59
2026-04-23,36.46,35.54,36.74,35.28,25996,131446765.32,3.98,-3.00,-1.10,2.34
2026-04-24,35.52,35.25,36.12,34.78,17621,87917969.84,3.77,-0.82,-0.29,1.58
2026-04-27,35.32,34.62,35.46,33.97,24220,117763145.36,4.23,-1.79,-0.63,2.18
2026-04-28,34.68,33.49,34.75,33.05,24295,115001525.96,4.91,-3.26,-1.13,2.18
2026-04-29,33.30,33.39,33.89,33.20,19403,91759844.80,2.06,-0.30,-0.10,1.74
2026-04-30,36.12,36.76,36.76,35.82,27628,142763938.00,2.82,10.09,3.37,2.48
2026-05-06,38.62,40.47,40.47,38.26,47264,265350395.26,6.01,10.09,3.71,4.25
2026-05-07,40.15,42.52,43.82,39.40,105563,617904458.82,10.92,5.07,2.05,9.49
2026-05-08,42.02,43.05,43.49,40.32,76762,451259067.58,7.46,1.25,0.53,6.90
2026-05-11,43.07,44.23,45.10,42.30,68669,423434102.14,6.50,2.74,1.18,6.17
2026-05-12,43.82,42.15,44.15,41.97,49154,295980818.96,4.93,-4.70,-2.08,4.42
2026-05-13,42.54,43.56,44.46,42.06,60427,369048038.70,5.69,3.35,1.41,5.63
2026-05-14,43.42,42.27,44.77,42.27,36209,219005596.60,5.74,-2.96,-1.29,3.37
2026-05-15,42.27,41.85,42.33,40.60,35841,208917581.80,4.09,-0.99,-0.42,3.34
2026-05-18,41.90,41.15,42.02,40.30,31207,179719637.60,4.11,-1.67,-0.70,2.91
2026-05-19,41.10,40.97,41.12,39.47,27427,156092841.40,4.01,-0.44,-0.18,2.56
2026-05-20,40.80,43.02,43.38,40.40,61833,262612467.70,7.27,5.00,2.05,4.12
2026-05-21,43.23,41.49,44.20,41.35,52717,225583943.09,6.62,-3.56,-1.53,3.51
2026-05-22,41.46,41.53,42.50,40.86,35622,147624608.64,3.95,0.10,0.04,2.37
2026-05-25,41.25,41.30,41.83,40.10,32914,134822494.24,4.17,-0.55,-0.23,2.19
2026-05-26,41.28,38.44,41.28,37.69,57254,221833245.96,8.69,-6.92,-2.86,3.81
2026-05-27,38.38,37.69,39.16,37.26,38666,147790392.34,4.94,-1.95,-0.75,2.57
2026-05-28,37.51,38.50,39.01,36.94,30160,114479203.00,5.49,2.15,0.81,2.01
2026-05-29,38.56,36.71,38.56,36.45,33340,124424272.19,5.48,-4.65,-1.79,2.22
2026-06-01,36.50,36.18,37.19,35.89,26375,96218816.16,3.54,-1.44,-0.53,1.76
2026-06-02,36.40,36.12,36.95,35.66,23157,84071843.64,3.57,-0.17,-0.06,1.54
2026-06-03,36.11,36.01,36.46,35.50,20138,72653789.60,2.66,-0.30,-0.11,1.34
2026-06-04,35.90,35.05,35.95,34.78,21274,74808026.12,3.25,-2.67,-0.96,1.42
2026-06-05,35.00,35.28,35.56,34.46,24616,86317480.76,3.14,0.66,0.23,1.64
2026-06-08,34.05,32.74,34.82,32.51,30056,101169969.84,6.55,-7.20,-2.54,2.00
2026-06-09,33.19,33.51,33.74,32.80,23502,78019721.52,2.87,2.35,0.77,1.56
2026-06-10,33.22,36.86,36.86,33.00,53217,185870956.32,11.52,10.00,3.35,3.54
2026-06-11,36.88,36.82,37.37,35.70,58653,214011198.16,4.53,-0.11,-0.04,3.90
2026-06-12,36.85,37.90,38.96,36.60,54310,205738896.56,6.41,2.93,1.08,3.62
2026-06-15,37.77,38.35,38.55,36.89,44082,166753393.72,4.38,1.19,0.45,2.93
2026-06-16,38.10,37.34,38.75,37.12,35884,135628711.89,4.25,-2.63,-1.01,2.39
2026-06-17,37.02,37.13,37.99,36.70,30357,113219519.48,3.45,-0.56,-0.21,2.02
2026-06-18,36.76,37.45,37.65,36.26,36828,136890303.50,3.74,0.86,0.32,2.45
2026-06-22,37.02,36.50,37.20,34.97,42504,152293634.65,5.95,-2.54,-0.95,2.83
2026-06-23,36.20,36.20,37.25,35.82,28025,102105816.28,3.92,-0.82,-0.30,1.87
2026-06-24,35.85,35.71,36.27,35.03,23816,84777453.40,3.43,-1.35,-0.49,1.59
2026-06-25,35.98,34.82,35.98,34.65,28331,99320472.32,3.72,-2.49,-0.89,1.89
2026-06-26,34.53,33.88,34.65,33.52,28744,97869392.86,3.25,-2.70,-0.94,1.91
2026-06-29,33.76,32.11,34.33,31.19,43438,139093834.84,9.27,-5.22,-1.77,2.89
2026-06-30,32.23,32.98,33.20,31.72,24597,80321797.79,4.61,2.71,0.87,1.64
2026-07-01,32.81,32.71,33.50,32.60,21570,71143428.96,2.73,-0.82,-0.27,1.44
2026-07-02,32.59,32.95,33.84,32.10,26761,88682713.16,5.32,0.73,0.24,1.78
2026-07-03,33.19,33.61,34.82,32.84,24770,84171222.36,6.01,2.00,0.66,1.65
2026-07-06,33.65,32.54,34.47,32.51,21448,71135637.52,5.83,-3.18,-1.07,1.43
2026-07-07,32.54,31.08,32.90,30.94,25303,79694490.86,6.02,-4.49,-1.46,1.68
2026-07-08,31.19,31.48,31.89,30.34,25532,79499365.60,4.99,1.29,0.40,1.70
2026-07-09,31.48,30.75,31.70,29.60,24612,74895506.84,6.67,-2.32,-0.73,1.64
2026-07-10,30.70,31.25,32.52,30.40,34763,108959866.16,6.89,1.63,0.50,2.31
2026-07-13,31.20,28.72,31.20,28.65,32156,94199043.80,8.16,-8.10,-2.53,2.14
2026-07-14,28.72,29.02,29.08,28.00,22851,65194474.85,3.76,1.04,0.30,1.52
2026-07-15,27.50,26.86,27.78,26.66,40084,108960213.40,3.86,-7.44,-2.16,2.67
2026-07-16,26.70,26.19,27.20,26.00,32678,86811477.84,4.47,-2.49,-0.67,2.18
2026-07-17,26.45,24.80,26.55,24.54,34538,88013623.56,7.67,-5.31,-1.39,2.30
2026-07-20,25.15,24.89,26.22,24.32,43183,109705573.78,7.66,0.36,0.09,2.88