2026-01-05,56.14,58.06,58.19,54.94,25106,204131418.00,5.87,4.88,2.70,2.88
2026-01-06,58.10,57.86,58.83,57.21,19242,158704974.00,2.79,-0.34,-0.20,2.21
2026-01-07,57.86,58.64,59.75,57.57,22470,187841764.00,3.77,1.35,0.78,2.58
2026-01-08,58.77,58.37,59.34,57.79,14332,118067539.00,2.64,-0.46,-0.27,1.64
2026-01-09,58.60,58.44,59.00,57.49,20525,168676011.00,2.59,0.12,0.07,2.35
2026-01-12,58.14,56.50,58.43,54.65,39058,307088813.00,6.47,-3.32,-1.94,4.48
2026-01-13,55.90,57.76,58.64,55.51,34125,275321827.00,5.54,2.23,1.26,3.92
2026-01-14,57.58,61.49,61.56,57.39,45409,382656691.00,7.22,6.46,3.73,5.21
2026-01-15,60.96,62.64,63.61,60.43,35948,313823642.00,5.17,1.87,1.15,4.04
2026-01-16,63.63,64.07,65.71,63.28,40709,371008066.00,3.88,2.28,1.43,4.58
2026-01-19,64.12,67.59,69.26,64.12,37635,354876368.00,8.02,5.49,3.52,4.23
2026-01-20,67.40,65.76,67.42,64.77,30983,286816876.00,3.92,-2.71,-1.83,3.48
2026-01-21,65.99,67.64,67.74,64.99,26653,249639041.00,4.18,2.86,1.88,3.00
2026-01-22,67.90,69.40,69.84,66.93,32646,315454174.00,4.30,2.60,1.76,3.55
2026-01-23,69.57,67.79,69.57,64.57,62491,587352936.00,7.20,-2.32,-1.61,6.80
2026-01-26,67.86,65.64,68.06,65.15,37318,347667300.00,4.29,-3.17,-2.15,4.04
2026-01-27,65.29,70.29,71.56,65.07,63235,618631765.00,9.89,7.08,4.65,6.84
2026-01-28,71.16,70.39,73.00,69.59,36749,365833433.00,4.85,0.14,0.10,3.97
2026-01-29,69.76,66.05,70.86,65.91,36365,347657398.00,7.03,-6.17,-4.34,3.89
2026-01-30,66.71,69.93,70.89,66.21,35133,340603665.00,7.09,5.87,3.88,3.75
2026-02-02,69.45,67.07,70.68,66.64,30852,295386422.00,5.78,-4.09,-2.86,3.30
2026-02-03,67.95,69.10,70.29,66.70,22536,217617591.00,5.35,3.03,2.03,2.41
2026-02-04,69.68,69.54,69.99,68.16,18030,175889546.00,2.65,0.64,0.44,1.93
2026-02-05,69.24,69.96,72.33,68.86,25344,251425779.00,4.99,0.60,0.42,2.71
2026-02-06,69.26,70.45,71.32,67.69,19881,196496301.00,5.19,0.70,0.49,2.12
2026-02-09,71.00,71.53,72.79,69.65,16381,164539298.00,4.46,1.53,1.08,1.75
2026-02-10,71.26,70.59,71.71,68.59,18397,181539043.00,4.36,-1.31,-0.94,1.97
2026-02-11,70.59,75.37,77.19,70.59,34401,363189986.00,9.35,6.77,4.78,3.68
2026-02-12,76.89,78.86,80.91,76.04,28702,321115899.00,6.46,4.63,3.49,3.07
2026-02-13,77.43,76.68,79.55,76.00,22876,250229422.00,4.50,-2.76,-2.18,2.44
2026-02-24,78.14,75.99,79.57,75.14,20767,222697716.00,5.78,-0.90,-0.69,2.22
2026-02-25,76.57,81.73,83.06,75.46,31461,352402319.00,10.00,7.55,5.74,3.36
2026-02-26,84.08,87.61,89.43,82.61,46096,565207803.00,8.34,7.19,5.88,4.93
2026-02-27,87.34,88.14,89.17,85.29,32402,400443709.00,4.43,0.60,0.53,3.46
2026-03-02,87.76,91.11,93.06,85.33,42639,541550441.00,8.77,3.37,2.97,4.56
2026-03-03,91.11,85.99,92.57,85.45,41224,514910938.00,7.81,-5.62,-5.12,4.41
2026-03-04,85.45,82.64,86.59,81.91,33644,396656200.00,5.44,-3.90,-3.35,3.60
2026-03-05,84.43,89.64,89.76,84.43,32507,399399166.00,6.45,8.47,7.00,3.47
2026-03-06,88.56,91.95,92.79,87.79,28173,360805477.00,5.58,2.58,2.31,3.01
2026-03-09,88.29,91.38,93.00,85.29,33273,414903769.00,8.38,-0.62,-0.57,3.56
2026-03-10,92.43,98.91,99.57,91.35,38867,530659065.00,9.00,8.24,7.53,4.15
2026-03-11,99.94,92.57,99.94,92.45,35482,474335984.00,7.57,-6.41,-6.34,3.79
2026-03-12,92.43,88.26,93.14,86.71,36452,455848767.00,6.95,-4.66,-4.31,3.90
2026-03-13,86.57,83.22,88.13,81.44,46365,545957708.00,7.58,-5.71,-5.04,4.95
2026-03-16,83.65,81.21,84.19,79.57,33965,387152873.00,5.55,-2.42,-2.01,3.63
2026-03-17,81.63,78.22,82.21,77.60,30245,337905627.00,5.68,-3.68,-2.99,3.23
2026-03-18,78.22,82.36,82.64,78.22,25916,297020177.00,5.65,5.29,4.14,2.77
2026-03-19,81.34,79.74,81.94,79.29,20002,226287093.00,3.22,-3.18,-2.62,2.14
2026-03-20,79.81,78.08,81.63,77.88,16966,191464286.00,4.70,-2.08,-1.66,1.81
2026-03-23,78.04,74.04,78.36,72.70,25103,266482414.00,7.25,-5.17,-4.04,2.68
2026-03-24,78.07,77.66,78.27,75.29,25314,274197665.00,4.02,4.89,3.62,2.71
2026-03-25,77.46,80.94,82.07,77.46,25609,289873861.00,5.94,4.22,3.28,2.74
2026-03-26,80.94,78.54,81.19,78.21,13357,149598925.00,3.68,-2.97,-2.40,1.43
2026-03-27,77.11,78.86,79.46,76.71,13037,143854633.00,3.50,0.41,0.32,1.39
2026-03-30,87.43,83.44,89.29,81.44,50283,594387396.00,9.95,5.81,4.58,5.37
2026-03-31,87.43,78.86,87.43,77.43,57905,662547808.00,11.98,-5.49,-4.58,6.19
2026-04-01,80.29,83.61,84.57,80.29,41292,481395400.00,5.43,6.02,4.75,4.41
2026-04-02,81.71,80.65,82.99,79.88,28507,325302341.00,3.72,-3.54,-2.96,3.05
2026-04-03,80.29,78.42,81.69,78.14,19011,213126594.00,4.40,-2.77,-2.23,2.03
2026-04-07,79.27,79.51,81.68,78.56,16268,184063989.00,3.98,1.39,1.09,1.74
2026-04-08,82.43,86.00,86.14,81.93,30567,363928284.00,5.29,8.16,6.49,3.27
2026-04-09,84.93,87.04,88.86,83.57,27881,340410559.00,6.15,1.21,1.04,2.98
2026-04-10,87.96,86.40,88.92,84.49,29258,357785670.00,5.09,-0.74,-0.64,3.13
2026-04-13,85.28,85.25,87.06,84.57,19995,240561821.00,2.88,-1.33,-1.15,2.14
2026-04-14,85.64,87.16,89.21,83.86,34735,424635122.00,6.28,2.24,1.91,3.71
2026-04-15,88.14,86.06,89.66,85.61,25269,311794762.00,4.65,-1.26,-1.10,2.70
2026-04-16,86.08,89.50,90.64,86.08,30734,382467960.00,5.30,4.00,3.44,3.28
2026-04-17,89.46,91.44,93.06,87.57,35869,459610629.00,6.13,2.17,1.94,3.83
2026-04-20,90.70,86.92,91.00,85.40,40994,501445360.00,6.12,-4.94,-4.52,4.38
2026-04-21,86.54,86.93,87.78,85.32,18834,229052474.00,2.83,0.01,0.01,2.01
2026-04-22,87.44,87.20,90.43,86.06,33299,410217791.00,5.03,0.31,0.27,3.56
2026-04-23,87.09,83.81,88.22,82.64,29703,353789251.00,6.40,-3.89,-3.39,3.17
2026-04-24,87.11,84.71,90.06,84.57,46350,568945403.00,6.55,1.07,0.90,4.95
2026-04-27,84.61,83.82,85.99,81.61,37597,444357551.00,5.17,-1.05,-0.89,4.02
2026-04-28,84.21,85.47,87.07,82.09,35292,423243402.00,5.94,1.97,1.65,3.77
2026-04-29,86.71,100.28,101.71,86.47,93834,1268028162.00,17.83,17.33,14.81,10.03
2026-04-30,100.31,101.17,102.79,99.28,50403,717907990.00,3.50,0.89,0.89,5.39
2026-05-06,101.21,100.29,102.21,98.79,47709,671791651.00,3.38,-0.87,-0.88,5.10
2026-05-07,100.36,104.43,107.43,98.86,46542,680614125.00,8.55,4.13,4.14,4.97
2026-05-08,102.08,103.07,104.28,101.09,34046,491342086.00,3.05,-1.30,-1.36,3.64
2026-05-11,103.07,103.01,104.24,99.29,41752,598626565.00,4.80,-0.06,-0.06,4.46
2026-05-12,102.21,107.79,108.61,100.38,51610,764052421.00,7.99,4.64,4.78,5.52
2026-05-13,105.39,110.24,113.27,105.39,45852,711045862.00,7.31,2.27,2.45,4.90
2026-05-14,109.14,103.86,109.99,103.86,38410,573326459.00,5.56,-5.79,-6.38,4.10
2026-05-15,103.90,103.49,105.92,100.68,31893,463722953.00,5.05,-0.36,-0.37,3.41
2026-05-18,101.74,103.13,104.43,101.05,23645,341863248.00,3.27,-0.35,-0.36,2.53
2026-05-19,103.13,103.89,104.71,98.95,26467,381234362.00,5.59,0.74,0.76,2.83
2026-05-20,104.43,103.57,107.69,103.29,32510,479631855.00,4.24,-0.31,-0.32,3.47
2026-05-21,105.04,103.64,108.69,101.39,39997,592548653.00,7.05,0.07,0.07,4.27
2026-05-22,103.14,110.56,112.42,101.43,56971,867610851.00,10.60,6.68,6.92,6.09
2026-05-25,113.86,110.93,116.31,106.71,43208,668244180.00,8.68,0.33,0.37,4.62
2026-05-26,108.71,107.43,110.57,102.33,46764,698648148.00,7.43,-3.16,-3.50,5.00
2026-05-27,106.71,105.77,108.43,103.86,33895,503803053.00,4.25,-1.55,-1.66,3.62
2026-05-28,106.11,109.07,110.69,103.52,42742,645924723.00,6.78,3.12,3.30,4.57
2026-05-29,109.41,100.21,111.26,99.11,48898,713192329.00,11.14,-8.12,-8.86,5.23
2026-06-01,101.74,98.41,104.50,97.98,35976,510050605.00,6.51,-1.80,-1.80,3.84
2026-06-02,98.71,100.27,101.84,95.86,31915,446661702.00,6.08,1.89,1.86,3.41
2026-06-03,100.06,104.13,106.36,98.51,39697,577523000.00,7.83,3.85,3.86,4.24
2026-06-04,102.41,111.07,112.22,102.41,49858,760095213.00,9.42,6.66,6.94,5.33
2026-06-05,111.07,117.77,120.71,109.39,61059,1000028216.00,10.19,6.03,6.70,6.52
2026-06-08,110.28,122.91,125.71,109.81,57250,967575741.00,13.50,4.36,5.14,6.12
2026-06-09,123.84,127.86,128.07,119.65,43942,763273188.00,6.85,4.03,4.95,4.70
2026-06-10,127.57,124.50,129.54,122.50,27557,483240113.00,5.51,-2.63,-3.36,2.94
2026-06-11,124.31,123.14,127.43,121.10,29689,515474124.00,5.08,-1.09,-1.36,3.17
2026-06-12,126.71,128.80,136.71,125.59,46512,855456294.00,9.03,4.60,5.66,4.97
2026-06-15,128.80,139.43,141.21,128.80,47985,918122636.00,9.64,8.25,10.63,5.13
2026-06-16,139.33,142.43,144.44,136.71,52707,1040502397.00,5.54,2.15,3.00,5.63
2026-06-17,140.29,139.68,143.64,137.85,41877,826526831.00,4.07,-1.93,-2.75,4.48
2026-06-18,138.38,146.65,152.07,137.43,47802,970756729.00,10.48,4.99,6.97,5.11
2026-06-22,152.41,150.79,159.29,147.09,55702,1195045984.00,8.32,2.82,4.14,5.95
2026-06-23,150.29,148.49,152.43,140.14,45432,933505556.00,8.15,-1.53,-2.30,4.85
2026-06-24,144.37,147.66,152.99,144.37,37219,774715906.00,5.81,-0.56,-0.83,3.98
2026-06-25,148.14,148.86,151.43,144.49,40067,833341320.00,4.70,0.81,1.20,4.28
2026-06-26,147.34,143.86,151.61,142.44,34069,702208289.00,6.16,-3.36,-5.00,3.64
2026-06-29,142.07,141.63,146.27,136.69,41481,822704319.00,6.66,-1.55,-2.23,4.43
2026-06-30,141.63,142.22,143.71,138.14,31161,618394190.00,3.93,0.42,0.59,3.33
2026-07-01,148.14,153.14,154.45,146.00,58751,1238509979.00,5.94,7.68,10.92,6.28
2026-07-02,149.57,155.12,164.12,142.44,64479,1411595372.00,14.16,1.29,1.98,6.89
2026-07-03,152.31,143.34,154.93,143.34,51465,1069702365.00,7.47,-7.59,-11.78,5.50
2026-07-06,144.47,133.29,147.78,132.51,48847,944603051.00,10.65,-7.01,-10.05,5.22
2026-07-07,131.71,128.14,135.19,126.63,38426,704179040.00,6.42,-3.86,-5.15,4.11
2026-07-08,127.99,120.73,130.28,119.57,37453,653752327.00,8.36,-5.78,-7.41,4.00
2026-07-09,124.21,123.43,124.21,116.42,41667,705715761.00,6.45,2.24,2.70,4.45
2026-07-10,125.04,118.93,127.41,118.84,38727,671616960.00,6.94,-3.65,-4.50,4.14
2026-07-13,119.69,106.71,119.69,106.37,56747,894284736.00,11.20,-10.27,-12.22,6.06
2026-07-14,108.86,113.41,114.81,106.11,50012,774960436.00,8.15,6.28,6.70,5.34
2026-07-15,114.71,105.79,116.00,105.08,41228,630750889.00,9.63,-6.72,-7.62,4.41
2026-07-16,104.49,100.08,107.78,99.12,39918,575022462.00,8.19,-5.40,-5.71,4.27
2026-07-17,100.07,85.19,100.07,84.72,81296,742649004.00,15.34,-14.88,-14.89,6.21
2026-07-20,80.98,68.15,83.98,68.15,156107,1164635412.00,18.58,-20.00,-17.04,11.92
2026-07-21,69.00,81.18,81.78,61.50,146180,1037528720.00,29.76,19.12,13.03,11.16
2026-07-22,81.50,79.50,84.00,78.23,87422,708853713.00,7.11,-2.07,-1.68,6.67
2026-07-23,80.19,78.16,83.00,77.02,62522,496333486.00,7.52,-1.69,-1.34,4.77
2026-07-24,78.16,76.09,78.50,75.10,55489,425062525.00,4.35,-2.65,-2.07,4.24
2026-07-27,77.10,78.87,79.08,74.27,52560,403651370.00,6.32,3.65,2.78,4.01
2026-07-28,78.91,76.01,80.30,75.05,55852,433499793.00,6.66,-3.63,-2.86,4.26
2026-07-29,76.01,74.94,76.99,71.10,68273,501971024.00,7.75,-1.41,-1.07,5.21