2026-01-05,13.52,13.47,13.62,13.28,1006392,1355694320.00,2.54,0.75,0.10,2.08
2026-01-06,13.44,14.11,14.21,13.33,1439164,1987954267.00,6.53,4.75,0.64,2.97
2026-01-07,14.00,13.96,14.40,13.81,1304412,1829471334.00,4.18,-1.06,-0.15,2.70
2026-01-08,13.90,15.36,15.36,13.86,2813593,4198612149.00,10.74,10.03,1.40,5.81
2026-01-09,16.12,15.46,16.23,15.18,3288885,5191297461.00,6.84,0.65,0.10,6.80
2026-01-12,15.61,16.47,16.92,15.61,2758847,4530893161.00,8.47,6.53,1.01,5.70
2026-01-13,16.45,14.86,16.45,14.83,2658647,4053047049.00,9.84,-9.78,-1.61,5.49
2026-01-14,14.85,15.20,15.74,14.85,2185172,3359835138.00,5.99,2.29,0.34,4.52
2026-01-15,14.97,14.71,15.10,14.55,1388901,2060025730.00,3.62,-3.22,-0.49,2.87
2026-01-16,14.77,14.32,14.91,14.25,1059823,1537800053.00,4.49,-2.65,-0.39,2.19
2026-01-19,14.30,15.76,15.76,14.26,1743667,2658823673.00,10.47,10.06,1.44,3.60
2026-01-20,15.91,15.65,16.21,15.37,2143078,3384901113.00,5.33,-0.70,-0.11,4.43
2026-01-21,15.59,15.57,15.90,15.37,1228821,1922185265.00,3.39,-0.51,-0.08,2.54
2026-01-22,15.53,16.50,16.83,15.53,2272940,3701602708.00,8.35,5.97,0.93,4.70
2026-01-23,16.72,16.43,16.83,16.20,1887270,3119207086.00,3.82,-0.42,-0.07,3.90
2026-01-26,16.31,15.82,16.40,15.80,1498622,2416672394.00,3.65,-3.71,-0.61,3.10
2026-01-27,15.75,16.37,16.51,15.73,1495452,2430293358.00,4.93,3.48,0.55,3.09
2026-01-28,16.35,15.92,16.84,15.87,1279414,2083016847.00,5.93,-2.75,-0.45,2.64
2026-01-29,15.85,16.26,16.68,15.80,1530863,2512732470.00,5.53,2.14,0.34,3.16
2026-01-30,16.21,15.47,16.26,15.11,1230193,1913355018.00,7.07,-4.86,-0.79,2.54
2026-02-02,15.50,14.94,15.62,14.93,918083,1393971464.00,4.46,-3.43,-0.53,1.90
2026-02-03,15.14,15.63,15.81,15.04,902102,1403962195.00,5.15,4.62,0.69,1.86
2026-02-04,15.55,15.91,16.43,15.49,979485,1569916151.00,6.01,1.79,0.28,2.02
2026-02-05,15.75,15.86,16.22,15.65,735010,1170957769.00,3.58,-0.31,-0.05,1.52
2026-02-06,15.74,15.35,15.88,15.31,689072,1071676595.00,3.59,-3.22,-0.51,1.42
2026-02-09,15.69,15.44,15.77,15.39,523059,814934014.00,2.48,0.59,0.09,1.08
2026-02-10,15.50,15.55,15.75,15.11,543870,843111902.00,4.15,0.71,0.11,1.12
2026-02-11,15.55,15.26,15.63,15.26,575589,890532789.00,2.38,-1.86,-0.29,1.19
2026-02-12,15.20,15.61,15.71,15.13,709427,1097820793.00,3.80,2.29,0.35,1.47
2026-02-13,15.48,16.01,16.25,15.42,1240632,1986662486.00,5.32,2.56,0.40,2.56
2026-02-24,16.09,16.15,16.35,15.87,866283,1404107953.00,3.00,0.87,0.14,1.79
2026-02-25,16.14,16.10,16.21,16.00,624118,1006508807.00,1.30,-0.31,-0.05,1.29
2026-02-26,16.08,16.28,16.43,15.83,849254,1379525455.00,3.73,1.12,0.18,1.76
2026-02-27,16.19,16.09,16.51,16.02,845474,1377000166.00,3.01,-1.17,-0.19,1.75
2026-03-02,16.29,16.02,16.43,15.80,1068654,1719497662.00,3.92,-0.44,-0.07,2.21
2026-03-03,15.98,14.79,15.99,14.74,1315888,2006705566.00,7.80,-7.68,-1.23,2.72
2026-03-04,14.59,14.94,15.10,14.54,610078,912371271.00,3.79,1.01,0.15,1.26
2026-03-05,15.05,14.95,15.23,14.78,524080,787589448.00,3.01,0.07,0.01,1.08
2026-03-06,14.90,15.51,16.07,14.79,1052678,1641735638.00,8.56,3.75,0.56,2.18
2026-03-09,15.30,15.13,15.40,14.83,666379,1007227098.00,3.68,-2.45,-0.38,1.38
2026-03-10,15.23,15.24,15.65,15.15,507634,780428079.00,3.30,0.73,0.11,1.05
2026-03-11,15.24,14.91,15.31,14.90,598123,900412253.00,2.69,-2.17,-0.33,1.24
2026-03-12,14.85,14.53,14.87,14.43,650538,952770548.00,2.95,-2.55,-0.38,1.34
2026-03-13,14.40,14.15,14.42,14.10,550044,785916260.00,2.20,-2.62,-0.38,1.14
2026-03-16,14.15,14.04,14.15,13.88,423136,593674261.00,1.91,-0.78,-0.11,0.87
2026-03-17,14.07,13.70,14.14,13.68,448203,624183033.00,3.28,-2.42,-0.34,0.93
2026-03-18,13.67,13.88,13.90,13.65,360953,498601494.00,1.82,1.31,0.18,0.75
2026-03-19,13.65,13.44,13.70,13.39,423219,574041695.00,2.23,-3.17,-0.44,0.87
2026-03-20,13.51,13.14,13.58,13.12,364008,485972000.00,3.42,-2.23,-0.30,0.75
2026-03-23,12.90,12.50,12.97,12.45,562969,719432807.00,3.96,-4.87,-0.64,1.16
2026-03-24,12.75,12.88,12.90,12.63,406000,520641662.00,2.16,3.04,0.38,0.84
2026-03-25,12.94,13.02,13.06,12.80,462484,602400152.00,2.02,1.09,0.14,0.96
2026-03-26,13.01,12.79,13.01,12.73,315003,406462199.00,2.15,-1.77,-0.23,0.65
2026-03-27,12.66,12.91,12.97,12.60,267477,344126199.00,2.89,0.94,0.12,0.55
2026-03-30,12.71,12.99,13.03,12.68,398496,515499090.00,2.71,0.62,0.08,0.82
2026-03-31,13.00,12.95,13.31,12.93,406771,534617216.00,2.93,-0.31,-0.04,0.84
2026-04-01,13.15,13.02,13.20,12.92,305387,399324890.00,2.16,0.54,0.07,0.63
2026-04-02,13.02,12.86,13.09,12.78,287393,373259745.00,2.38,-1.23,-0.16,0.59
2026-04-03,12.89,12.66,12.93,12.64,269980,345557404.00,2.26,-1.56,-0.20,0.56
2026-04-07,12.66,12.68,12.75,12.61,215139,273812838.00,1.11,0.16,0.02,0.44
2026-04-08,12.93,13.15,13.20,12.90,391908,513640512.00,2.37,3.71,0.47,0.81
2026-04-09,13.01,12.87,13.04,12.80,333106,432093927.00,1.83,-2.13,-0.28,0.69
2026-04-10,12.95,12.93,13.08,12.89,348534,454518168.00,1.48,0.47,0.06,0.72
2026-04-13,12.85,12.99,13.07,12.82,322306,419136594.00,1.93,0.46,0.06,0.67
2026-04-14,13.07,13.19,13.20,13.01,403206,530512457.00,1.46,1.54,0.20,0.83
2026-04-15,13.26,13.21,13.48,13.18,521477,697431547.00,2.27,0.15,0.02,1.08
2026-04-16,13.21,13.22,13.32,13.13,324775,430485996.00,1.44,0.08,0.01,0.67
2026-04-17,13.19,13.19,13.23,13.03,322563,425680788.00,1.51,-0.23,-0.03,0.67
2026-04-20,13.15,13.35,13.40,13.15,402577,537426414.00,1.90,1.21,0.16,0.83
2026-04-21,13.38,13.19,13.47,13.13,366433,487222621.00,2.55,-1.20,-0.16,0.76
2026-04-22,13.19,13.17,13.20,13.07,277238,365789222.00,0.99,-0.15,-0.02,0.57
2026-04-23,13.18,13.08,13.32,13.02,374598,494470875.00,2.28,-0.68,-0.09,0.77
2026-04-24,13.04,12.85,13.05,12.80,298644,385629361.00,1.91,-1.76,-0.23,0.62
2026-04-27,12.78,12.94,12.94,12.66,300532,387259743.00,2.18,0.70,0.09,0.62
2026-04-28,13.10,12.88,13.23,12.84,474446,620114057.00,3.01,-0.46,-0.06,0.98
2026-04-29,12.85,12.94,13.00,12.83,280400,364280969.00,1.32,0.47,0.06,0.58
2026-04-30,12.90,12.95,13.05,12.89,373474,486690441.00,1.24,0.08,0.01,0.77
2026-05-06,13.20,13.23,13.30,13.13,529743,702787434.00,1.31,2.16,0.28,1.09
2026-05-07,13.25,13.21,13.28,13.10,353454,467373116.00,1.36,-0.15,-0.02,0.73
2026-05-08,13.19,13.61,13.62,13.12,699467,943418669.00,3.79,3.03,0.40,1.45
2026-05-11,13.68,13.66,13.76,13.50,583467,798038360.00,1.91,0.37,0.05,1.21
2026-05-12,13.62,13.42,13.62,13.24,592879,797840593.00,2.78,-1.76,-0.24,1.23
2026-05-13,13.35,13.49,13.54,13.28,454946,613149608.00,1.94,0.52,0.07,0.94
2026-05-14,13.49,12.90,13.49,12.88,565422,745657654.00,4.52,-4.37,-0.59,1.17
2026-05-15,12.90,12.36,12.97,12.31,685243,867243900.00,5.12,-4.19,-0.54,1.42
2026-05-18,12.31,12.15,12.42,12.04,465659,571269518.00,3.07,-1.70,-0.21,0.96
2026-05-19,12.15,12.19,12.20,11.89,436824,528129736.00,2.55,0.33,0.04,0.90
2026-05-20,12.07,11.99,12.13,11.92,293220,352790796.00,1.72,-1.64,-0.20,0.61
2026-05-21,12.01,11.75,12.16,11.75,425224,511100584.00,3.42,-2.00,-0.24,0.88
2026-05-22,11.76,11.74,11.83,11.64,329896,388245678.00,1.62,-0.09,-0.01,0.68
2026-05-25,11.75,11.81,11.93,11.68,297755,352308291.00,2.13,0.60,0.07,0.62
2026-05-26,11.75,11.62,11.81,11.41,413379,478691157.00,3.39,-1.61,-0.19,0.85
2026-05-27,11.60,11.31,11.65,11.29,350343,402073948.00,3.10,-2.67,-0.31,0.72
2026-05-28,11.25,11.36,11.43,11.21,278674,317307647.00,1.95,0.44,0.05,0.58
2026-05-29,11.37,11.09,11.41,11.05,368586,414604526.00,3.17,-2.38,-0.27,0.76
2026-06-01,11.11,11.30,11.32,11.07,337498,380710876.00,2.25,1.89,0.21,0.70
2026-06-02,11.25,11.16,11.30,11.07,217841,243897860.00,2.04,-1.24,-0.14,0.45
2026-06-03,11.13,11.08,11.27,11.04,288693,323178179.00,2.06,-0.72,-0.08,0.60
2026-06-04,11.01,10.99,11.04,10.85,326423,358090145.00,1.71,-0.81,-0.09,0.67
2026-06-05,10.98,11.12,11.34,10.94,399235,449001678.00,3.64,1.18,0.13,0.83
2026-06-08,10.96,10.79,11.07,10.70,376974,412045911.00,3.33,-2.97,-0.33,0.78
2026-06-09,10.81,10.76,10.85,10.61,266336,287049684.00,2.22,-0.28,-0.03,0.55
2026-06-10,10.73,10.73,10.94,10.62,245108,262908938.00,2.97,-0.28,-0.03,0.51
2026-06-11,10.66,10.73,10.76,10.48,292196,310261965.00,2.61,0.00,0.00,0.60
2026-06-12,10.90,11.14,11.38,10.90,552873,618168590.00,4.47,3.82,0.41,1.14
2026-06-15,11.01,11.12,11.19,10.98,337012,373374219.00,1.89,-0.18,-0.02,0.70
2026-06-16,11.12,11.08,11.16,11.03,282663,313792558.00,1.17,-0.36,-0.04,0.58
2026-06-17,11.05,11.11,11.14,10.95,287787,318144890.00,1.71,0.27,0.03,0.59
2026-06-18,11.05,10.98,11.20,10.89,318582,352077783.00,2.79,-1.17,-0.13,0.66
2026-06-22,10.92,11.15,11.25,10.67,461749,503959644.00,5.28,1.55,0.17,0.95
2026-06-23,11.11,10.91,11.18,10.89,356943,393692711.00,2.60,-2.15,-0.24,0.74
2026-06-24,10.90,10.82,10.91,10.71,263421,285032853.00,1.83,-0.82,-0.09,0.54
2026-06-25,10.68,10.91,11.29,10.68,388818,427527861.00,5.64,0.83,0.09,0.80
2026-06-26,10.88,10.72,10.92,10.58,358254,385845913.00,3.12,-1.74,-0.19,0.74
2026-06-29,10.70,10.55,10.74,10.38,392145,414145980.00,3.36,-1.59,-0.17,0.81