2026-01-05,4.86,4.82,4.95,4.78,379392,183111260.00,3.53,0.00,0.00,2.40
2026-01-06,4.81,4.86,4.86,4.74,377243,181372584.00,2.49,0.83,0.04,2.38
2026-01-07,4.86,4.93,4.95,4.81,404301,197497888.00,2.88,1.44,0.07,2.55
2026-01-08,4.88,4.89,4.92,4.87,272058,132931400.00,1.01,-0.81,-0.04,1.72
2026-01-09,4.90,4.96,4.98,4.84,380984,187454567.00,2.86,1.43,0.07,2.41
2026-01-12,4.99,4.95,5.01,4.91,354674,175144208.00,2.02,-0.20,-0.01,2.24
2026-01-13,4.93,4.84,4.94,4.82,345600,168195689.00,2.42,-2.22,-0.11,2.18
2026-01-14,4.82,4.83,4.88,4.71,456187,219754162.00,3.51,-0.21,-0.01,2.88
2026-01-15,4.83,4.73,4.90,4.72,267165,128136802.00,3.73,-2.07,-0.10,1.69
2026-01-16,4.76,4.80,4.94,4.75,394994,191580316.00,4.02,1.48,0.07,2.50
2026-01-19,4.79,4.74,4.84,4.72,387969,184686912.00,2.50,-1.25,-0.06,2.45
2026-01-20,4.74,4.77,4.80,4.72,234849,111528893.00,1.69,0.63,0.03,1.48
2026-01-21,4.75,4.72,4.77,4.70,223965,106060803.00,1.47,-1.05,-0.05,1.41
2026-01-22,4.73,4.75,4.77,4.71,184126,87264400.00,1.27,0.64,0.03,1.16
2026-01-23,4.75,4.78,4.85,4.74,314798,150788937.00,2.32,0.63,0.03,1.99
2026-01-26,4.79,4.65,4.79,4.64,430484,201711765.00,3.14,-2.72,-0.13,2.72
2026-01-27,4.64,4.67,4.67,4.52,272877,125437523.00,3.23,0.43,0.02,1.72
2026-01-28,4.66,4.69,4.74,4.63,236766,111158560.00,2.36,0.43,0.02,1.50
2026-01-29,4.72,4.76,4.77,4.70,281753,133534449.00,1.49,1.49,0.07,1.78
2026-01-30,4.73,4.69,4.80,4.64,233140,109880673.00,3.36,-1.47,-0.07,1.47
2026-02-02,4.67,4.56,4.70,4.55,240715,111293017.00,3.20,-2.77,-0.13,1.52
2026-02-03,4.58,4.62,4.63,4.58,132892,61261695.00,1.10,1.32,0.06,0.84
2026-02-04,4.62,4.70,4.74,4.59,196986,92151399.00,3.25,1.73,0.08,1.24
2026-02-05,4.70,4.69,4.71,4.66,150957,70751748.00,1.06,-0.21,-0.01,0.95
2026-02-06,4.67,4.65,4.72,4.64,151042,70660187.00,1.71,-0.85,-0.04,0.95
2026-02-09,4.68,4.67,4.70,4.65,145366,67972177.00,1.08,0.43,0.02,0.92
2026-02-10,4.66,4.62,4.68,4.62,124402,57691213.00,1.28,-1.07,-0.05,0.79
2026-02-11,4.62,4.63,4.66,4.61,102469,47494040.00,1.08,0.22,0.01,0.65
2026-02-12,4.63,4.57,4.65,4.56,174255,80031076.00,1.94,-1.30,-0.06,1.10
2026-02-13,4.56,4.51,4.58,4.50,158951,72234726.00,1.75,-1.31,-0.06,1.00
2026-02-24,4.53,4.58,4.60,4.53,141303,64675370.00,1.55,1.55,0.07,0.89
2026-02-25,4.59,4.63,4.68,4.59,183055,85204123.00,1.97,1.09,0.05,1.16
2026-02-26,4.63,4.59,4.65,4.57,136838,62882925.00,1.73,-0.86,-0.04,0.86
2026-02-27,4.59,4.64,4.64,4.57,127405,58786056.00,1.53,1.09,0.05,0.80
2026-03-02,4.60,4.53,4.61,4.50,212321,96599646.00,2.37,-2.37,-0.11,1.34
2026-03-03,4.54,4.41,4.56,4.39,259793,115944919.00,3.75,-2.65,-0.12,1.64
2026-03-04,4.38,4.36,4.43,4.34,175940,77043187.00,2.04,-1.13,-0.05,1.11
2026-03-05,4.41,4.39,4.44,4.37,145354,63992180.00,1.61,0.69,0.03,0.92
2026-03-06,4.36,4.46,4.48,4.36,129928,57686781.00,2.73,1.59,0.07,0.82
2026-03-09,4.42,4.44,4.45,4.38,166054,73353823.00,1.57,-0.45,-0.02,1.05
2026-03-10,4.44,4.47,4.49,4.44,114994,51411259.00,1.13,0.68,0.03,0.73
2026-03-11,4.49,4.48,4.49,4.45,120392,53836324.00,0.89,0.22,0.01,0.76
2026-03-12,4.48,4.49,4.51,4.46,127133,57059750.00,1.12,0.22,0.01,0.80
2026-03-13,4.47,4.48,4.55,4.47,153817,69371325.00,1.78,-0.22,-0.01,0.97
2026-03-16,4.47,4.47,4.49,4.43,136057,60645705.00,1.34,-0.22,-0.01,0.86
2026-03-17,4.48,4.46,4.53,4.45,129292,58094855.00,1.79,-0.22,-0.01,0.82
2026-03-18,4.48,4.46,4.48,4.41,137593,61041798.00,1.57,0.00,0.00,0.87
2026-03-19,4.41,4.36,4.44,4.34,177538,77830680.00,2.24,-2.24,-0.10,1.12
2026-03-20,4.36,4.30,4.40,4.29,124999,54071138.00,2.52,-1.38,-0.06,0.79
2026-03-23,4.25,4.10,4.27,4.07,194072,81171630.00,4.65,-4.65,-0.20,1.23
2026-03-24,4.16,4.20,4.21,4.10,118483,49308112.00,2.68,2.44,0.10,0.75
2026-03-25,4.20,4.33,4.39,4.20,182197,78487696.00,4.52,3.10,0.13,1.15
2026-03-26,4.33,4.32,4.37,4.31,111559,48296704.00,1.39,-0.23,-0.01,0.70
2026-03-27,4.26,4.33,4.35,4.26,88994,38462360.00,2.08,0.23,0.01,0.56
2026-03-30,4.26,4.34,4.34,4.25,101890,43911850.00,2.08,0.23,0.01,0.64
2026-03-31,4.34,4.30,4.38,4.30,100691,43761760.00,1.84,-0.92,-0.04,0.64
2026-04-01,4.34,4.34,4.36,4.31,108301,46896381.00,1.16,0.93,0.04,0.68
2026-04-02,4.33,4.29,4.35,4.26,108047,46473428.00,2.07,-1.15,-0.05,0.68
2026-04-03,4.29,4.19,4.31,4.16,91560,38603550.00,3.50,-2.33,-0.10,0.58
2026-04-07,4.19,4.26,4.26,4.17,77136,32581108.00,2.15,1.67,0.07,0.49
2026-04-08,4.31,4.37,4.37,4.30,105534,45839339.00,1.64,2.58,0.11,0.67
2026-04-09,4.35,4.27,4.36,4.27,106986,46064466.00,2.06,-2.29,-0.10,0.68
2026-04-10,4.27,4.28,4.33,4.27,100241,43156350.00,1.41,0.23,0.01,0.63
2026-04-13,4.26,4.21,4.28,4.19,120903,51036208.00,2.10,-1.64,-0.07,0.76
2026-04-14,4.21,4.20,4.24,4.14,117312,48971966.00,2.38,-0.24,-0.01,0.74
2026-04-15,4.21,4.18,4.22,4.16,86304,36111425.00,1.43,-0.48,-0.02,0.55
2026-04-16,4.18,4.29,4.37,4.18,204584,87693595.00,4.55,2.63,0.11,1.29
2026-04-17,4.26,4.22,4.29,4.20,121359,51235985.00,2.10,-1.63,-0.07,0.77
2026-04-20,4.20,4.22,4.24,4.18,81839,34507247.00,1.42,0.00,0.00,0.52
2026-04-21,4.22,4.22,4.28,4.19,88546,37339186.00,2.13,0.00,0.00,0.56
2026-04-22,4.21,4.25,4.26,4.19,91674,38779785.00,1.66,0.71,0.03,0.58
2026-04-23,4.25,4.27,4.28,4.18,177706,75349166.00,2.35,0.47,0.02,1.12
2026-04-24,4.25,4.29,4.31,4.25,122099,52323879.00,1.41,0.47,0.02,0.77
2026-04-27,4.28,4.34,4.35,4.28,123878,53568267.00,1.63,1.17,0.05,0.78
2026-04-28,4.34,4.30,4.34,4.28,111860,48188571.00,1.38,-0.92,-0.04,0.71
2026-04-29,4.29,4.38,4.39,4.28,165740,72459046.00,2.56,1.86,0.08,1.05
2026-04-30,4.46,4.66,4.79,4.46,770704,358366520.00,7.53,6.39,0.28,4.87
2026-05-06,4.61,4.66,4.68,4.59,347370,160664317.00,1.93,0.00,0.00,2.19
2026-05-07,4.66,4.67,4.69,4.61,234698,109051708.00,1.72,0.21,0.01,1.48
2026-05-08,4.66,4.63,4.67,4.62,165104,76620026.00,1.07,-0.86,-0.04,1.04
2026-05-11,4.64,4.62,4.70,4.61,249989,116278345.00,1.94,-0.22,-0.01,1.58
2026-05-12,4.61,4.59,4.64,4.55,199644,91701565.00,1.95,-0.65,-0.03,1.26
2026-05-13,4.59,4.61,4.63,4.56,149320,68629250.00,1.53,0.44,0.02,0.94
2026-05-14,4.61,4.54,4.66,4.53,185035,84945061.00,2.82,-1.52,-0.07,1.17
2026-05-15,4.54,4.51,4.58,4.47,218253,98847916.00,2.42,-0.66,-0.03,1.38
2026-05-18,4.53,4.48,4.53,4.45,151388,67866280.00,1.77,-0.67,-0.03,0.96
2026-05-19,4.50,4.50,4.53,4.45,124362,55794585.00,1.79,0.45,0.02,0.79
2026-05-20,4.48,4.42,4.49,4.40,165677,73268775.00,2.00,-1.78,-0.08,1.05
2026-05-21,4.42,4.39,4.53,4.39,207442,92601046.00,3.17,-0.68,-0.03,1.31
2026-05-22,4.41,4.42,4.45,4.32,163592,71741046.00,2.96,0.68,0.03,1.03
2026-05-25,4.43,4.39,4.47,4.37,116731,51378227.00,2.26,-0.68,-0.03,0.74
2026-05-26,4.38,4.37,4.42,4.32,133902,58427803.00,2.28,-0.46,-0.02,0.85
2026-05-27,4.35,4.25,4.39,4.25,162849,69918790.00,3.20,-2.75,-0.12,1.03
2026-05-28,4.25,4.19,4.30,4.16,152807,64537287.00,3.29,-1.41,-0.06,0.97
2026-05-29,4.20,4.20,4.26,4.17,168460,70863017.00,2.15,0.24,0.01,1.06
2026-06-01,4.18,4.27,4.28,4.14,181587,76634506.00,3.33,1.67,0.07,1.15
2026-06-02,4.26,4.22,4.33,4.20,147497,62655685.00,3.04,-1.17,-0.05,0.93
2026-06-03,4.24,4.19,4.26,4.18,145672,61397638.00,1.90,-0.71,-0.03,0.92
2026-06-04,4.20,4.11,4.21,4.10,138197,57318759.00,2.63,-1.91,-0.08,0.87
2026-06-05,4.12,4.15,4.19,4.11,131873,54695654.00,1.95,0.97,0.04,0.83
2026-06-08,4.10,4.04,4.14,3.98,184280,74822152.00,3.86,-2.65,-0.11,1.16
2026-06-09,4.04,4.02,4.09,3.99,111858,44905552.00,2.48,-0.50,-0.02,0.71
2026-06-10,4.00,4.03,4.03,3.94,133422,53150802.00,2.24,0.25,0.01,0.84
2026-06-11,4.01,3.95,4.06,3.92,145276,57614250.00,3.47,-1.99,-0.08,0.92
2026-06-12,3.96,4.01,4.05,3.95,165882,66543726.00,2.53,1.52,0.06,1.05
2026-06-15,4.01,4.07,4.10,4.01,167206,67937266.00,2.24,1.50,0.06,1.06
2026-06-16,4.07,4.00,4.08,3.98,137963,55408525.00,2.46,-1.72,-0.07,0.87
2026-06-17,3.99,3.89,3.99,3.87,165790,64764206.00,3.00,-2.75,-0.11,1.05
2026-06-18,3.87,3.76,3.89,3.76,243813,92713004.00,3.34,-3.34,-0.13,1.54
2026-06-22,3.75,3.82,3.82,3.67,174956,65400790.00,3.99,1.60,0.06,1.11
2026-06-23,3.82,3.84,3.94,3.82,166950,64858421.00,3.14,0.52,0.02,1.05
2026-06-24,3.84,3.77,3.86,3.75,130199,49346183.00,2.86,-1.82,-0.07,0.82
2026-06-25,3.78,3.75,3.79,3.72,117069,43951081.00,1.86,-0.53,-0.02,0.74
2026-06-26,3.74,3.65,3.74,3.64,129184,47520913.00,2.67,-2.67,-0.10,0.82
2026-06-29,3.63,3.64,3.68,3.52,140819,50870453.00,4.38,-0.27,-0.01,0.89
2026-06-30,3.62,3.65,3.67,3.58,138908,50327880.00,2.47,0.27,0.01,0.88
2026-07-01,3.65,3.74,3.80,3.64,148761,55482533.00,4.38,2.47,0.09,0.94
2026-07-02,3.75,3.79,3.84,3.73,155291,58790653.00,2.94,1.34,0.05,0.98
2026-07-03,3.79,3.88,3.92,3.79,143045,55460161.00,3.43,2.37,0.09,0.90
2026-07-06,3.89,3.94,3.97,3.86,114935,45075708.00,2.84,1.55,0.06,0.73
2026-07-07,3.92,3.86,3.93,3.83,121288,46865553.00,2.54,-2.03,-0.08,0.77
2026-07-08,3.85,3.83,3.87,3.78,116050,44432490.00,2.33,-0.78,-0.03,0.73
2026-07-09,3.83,3.78,3.83,3.74,130759,49394691.00,2.35,-1.31,-0.05,0.83
2026-07-10,3.78,3.82,3.87,3.75,113543,43388499.00,3.17,1.06,0.04,0.72
2026-07-13,3.81,3.81,3.85,3.78,117586,44836232.00,1.83,-0.26,-0.01,0.74
2026-07-14,3.88,3.95,4.02,3.85,248593,97892445.00,4.46,3.67,0.14,1.57
2026-07-15,3.95,4.02,4.05,3.92,167973,67408783.00,3.29,1.77,0.07,1.06
2026-07-16,4.02,4.00,4.07,3.99,159685,64371988.00,1.99,-0.50,-0.02,1.01
2026-07-17,4.00,3.92,4.09,3.89,233198,92923969.00,5.00,-2.00,-0.08,1.47
2026-07-20,3.92,3.91,3.96,3.85,193378,75599330.00,2.81,-0.26,-0.01,1.22
2026-07-21,3.91,3.84,3.96,3.81,215360,83658095.00,3.84,-1.79,-0.07,1.36
2026-07-22,3.83,3.82,3.85,3.76,144027,54813200.00,2.34,-0.52,-0.02,0.91
2026-07-23,3.80,3.88,3.89,3.79,103611,39810516.00,2.62,1.57,0.06,0.65
2026-07-24,3.87,3.79,3.92,3.78,127687,49075301.00,3.61,-2.32,-0.09,0.81
2026-07-27,3.80,3.89,3.90,3.79,123609,47963234.00,2.90,2.64,0.10,0.78
2026-07-28,3.88,3.90,3.93,3.86,113302,44190642.00,1.80,0.26,0.01,0.72
2026-07-29,3.92,3.95,3.98,3.90,137792,54454744.00,2.05,1.28,0.05,0.87
2026-07-30,3.95,4.01,4.03,3.94,156260,62408454.00,2.28,1.52,0.06,0.99
2026-07-31,4.02,4.04,4.05,3.96,162425,65104871.00,2.24,0.75,0.03,1.03
2026-08-03,4.04,4.09,4.10,4.03,127141,51860100.00,1.73,1.24,0.05,0.80
2026-08-04,4.12,4.02,4.12,4.01,159664,64542792.00,2.69,-1.71,-0.07,1.01
2026-08-05,4.03,4.02,4.05,4.00,110957,44607722.00,1.24,0.00,0.00,0.70