2026-01-05,48.58,49.00,49.17,48.09,39309,193771465.00,2.25,2.23,1.07,8.26
2026-01-06,49.00,49.09,49.39,48.40,51934,257038584.00,2.02,0.18,0.09,10.91
2026-01-07,49.18,50.74,51.80,48.96,90229,461054408.00,5.79,3.36,1.65,18.96
2026-01-08,50.40,50.69,51.01,49.68,55491,283814673.00,2.62,-0.10,-0.05,11.66
2026-01-09,50.98,51.66,51.75,50.13,69711,360853466.00,3.20,1.91,0.97,14.65
2026-01-12,52.40,51.72,52.70,50.80,65535,341434504.00,3.68,0.12,0.06,13.77
2026-01-13,51.54,49.32,51.54,49.13,61727,313074444.00,4.66,-4.64,-2.40,12.97
2026-01-14,49.42,49.35,50.07,48.49,46012,230064406.00,3.20,0.06,0.03,9.67
2026-01-15,48.88,49.85,50.04,48.50,35104,175292465.00,3.12,1.01,0.50,7.37
2026-01-16,50.19,50.79,51.19,49.49,42841,218219364.00,3.41,1.89,0.94,9.00
2026-01-19,50.76,52.04,53.17,50.46,59103,311927377.00,5.34,2.46,1.25,12.42
2026-01-20,51.77,51.45,54.74,50.86,66620,355361892.00,7.46,-1.13,-0.59,14.00
2026-01-21,51.22,53.51,54.40,50.77,56307,301195593.00,7.06,4.00,2.06,11.83
2026-01-22,53.80,53.20,54.20,52.53,34229,183993565.00,3.12,-0.58,-0.31,7.19
2026-01-23,53.10,53.02,53.39,52.45,35482,189505427.00,1.77,-0.34,-0.18,7.45
2026-01-26,52.77,51.87,53.90,51.24,45221,239744765.00,5.02,-2.17,-1.15,9.50
2026-01-27,51.52,51.68,51.92,48.82,48345,246399607.00,5.98,-0.37,-0.19,10.16
2026-01-28,51.29,50.21,51.92,49.64,31724,162336886.00,4.41,-2.84,-1.47,6.66
2026-01-29,49.90,47.82,50.68,47.65,36499,180941724.00,6.03,-4.76,-2.39,7.67
2026-01-30,47.88,49.20,49.68,46.85,36902,180433475.00,5.92,2.89,1.38,7.75
2026-02-02,48.67,48.08,49.82,48.00,28192,138968432.00,3.70,-2.28,-1.12,5.92
2026-02-03,48.61,49.99,50.35,48.49,30599,153396489.00,3.87,3.97,1.91,6.43
2026-02-04,49.96,48.80,50.70,48.29,25776,128263514.00,4.82,-2.38,-1.19,5.42
2026-02-05,48.36,47.51,48.69,47.10,21884,105909345.00,3.26,-2.64,-1.29,4.60
2026-02-06,47.21,47.66,48.65,47.05,23354,113081892.00,3.37,0.32,0.15,4.91
2026-02-09,48.33,48.80,49.06,47.96,19136,94311515.00,2.31,2.39,1.14,4.02
2026-02-10,48.72,49.00,49.58,48.57,18691,92952371.00,2.07,0.41,0.20,3.93
2026-02-11,48.88,49.33,49.88,48.73,19061,95217007.00,2.35,0.67,0.33,4.00
2026-02-12,49.48,49.56,50.10,49.22,24454,123007719.00,1.78,0.47,0.23,5.14
2026-02-13,49.80,50.25,51.36,49.40,29102,148801466.00,3.95,1.39,0.69,6.11
2026-02-24,51.29,52.13,53.29,51.00,48828,257455390.00,4.56,3.74,1.88,10.26
2026-02-25,52.13,53.03,53.05,51.32,35000,184841547.00,3.32,1.73,0.90,7.35
2026-02-26,52.41,55.15,55.28,52.41,56846,312094207.00,5.41,4.00,2.12,11.94
2026-02-27,54.70,54.05,54.90,53.40,41013,223571926.00,2.72,-1.99,-1.10,8.62
2026-03-02,53.19,54.55,55.65,52.43,57587,316767783.00,5.96,0.93,0.50,12.10
2026-03-03,54.34,53.80,56.65,53.65,81279,453238904.00,5.50,-1.37,-0.75,17.08
2026-03-04,52.44,54.89,55.96,52.44,64499,357034586.00,6.54,2.03,1.09,13.55
2026-03-05,56.60,56.33,57.78,55.18,66610,381623119.00,4.74,2.62,1.44,13.99
2026-03-06,55.79,56.05,56.78,54.73,47986,270612751.00,3.64,-0.50,-0.28,10.08
2026-03-09,53.90,55.65,55.90,53.20,46598,255627120.00,4.82,-0.71,-0.40,9.79
2026-03-10,56.39,59.66,61.24,56.39,80411,486610795.00,8.72,7.21,4.01,16.89
2026-03-11,58.49,60.48,63.10,58.49,94401,583492180.00,7.73,1.37,0.82,19.83
2026-03-12,59.87,58.44,60.30,57.80,57360,341289774.00,4.13,-3.37,-2.04,12.05
2026-03-13,57.70,56.47,58.19,56.06,43902,252639065.00,3.64,-3.37,-1.97,9.22
2026-03-16,56.20,56.35,56.65,54.65,35849,202389789.00,3.54,-0.21,-0.12,7.53
2026-03-17,56.68,52.24,56.76,52.10,48003,260939063.00,8.27,-7.29,-4.11,10.08
2026-03-18,52.38,53.82,54.39,52.25,42720,231348042.00,4.10,3.02,1.58,8.97
2026-03-19,53.28,52.69,53.96,52.28,39850,213383712.00,3.12,-2.10,-1.13,8.37
2026-03-20,53.41,50.58,54.19,50.50,46963,248093451.00,7.00,-4.00,-2.11,9.87
2026-03-23,49.47,46.50,50.40,46.12,56251,272454586.00,8.46,-8.07,-4.08,11.82
2026-03-24,47.64,48.02,48.24,46.50,44983,215930982.00,3.74,3.27,1.52,9.45
2026-03-25,48.46,49.16,50.17,48.46,32437,161810061.00,3.56,2.37,1.14,6.81
2026-03-26,48.93,47.33,49.29,47.00,31808,154550408.00,4.66,-3.72,-1.83,6.68
2026-03-27,46.61,47.14,47.82,46.42,26696,127332073.00,2.96,-0.40,-0.19,5.61
2026-03-30,46.15,48.44,48.79,46.15,30982,150864116.00,5.60,2.76,1.30,6.51
2026-03-31,48.41,46.40,48.42,46.30,30419,145454265.00,4.38,-4.21,-2.04,6.39
2026-04-01,47.80,49.88,50.01,47.67,50786,251740221.00,5.04,7.50,3.48,10.67
2026-04-02,49.40,48.24,49.87,47.88,31937,157844895.00,3.99,-3.29,-1.64,6.71
2026-04-03,48.67,49.40,50.35,48.45,43192,216645150.00,3.94,2.40,1.16,9.07
2026-04-07,49.28,49.30,50.52,48.90,39355,197917122.00,3.28,-0.20,-0.10,8.27
2026-04-08,50.70,53.25,53.58,50.39,62863,335615813.00,6.47,8.01,3.95,13.21
2026-04-09,52.61,53.21,54.58,52.42,46353,251469600.00,4.06,-0.08,-0.04,9.74
2026-04-10,53.69,52.80,54.00,52.70,37550,202426118.00,2.44,-0.77,-0.41,7.89
2026-04-13,52.50,54.54,54.90,52.00,40400,221193481.00,5.49,3.30,1.74,8.49
2026-04-14,54.90,54.90,55.80,54.20,42727,237662851.00,2.93,0.66,0.36,8.98
2026-04-15,54.45,54.60,55.96,54.31,36728,204666770.00,3.01,-0.55,-0.30,7.72
2026-04-16,54.38,54.80,55.27,53.70,42633,234898272.00,2.88,0.37,0.20,8.96
2026-04-17,54.84,56.51,56.87,54.80,49877,282778840.00,3.78,3.12,1.71,10.48
2026-04-20,56.52,55.40,57.13,55.01,44783,251642800.00,3.75,-1.96,-1.11,9.41
2026-04-21,55.00,56.00,56.46,54.58,39634,222994568.00,3.39,1.08,0.60,8.33
2026-04-22,55.91,56.41,56.47,55.26,36506,206383092.00,2.16,0.73,0.41,7.67
2026-04-23,56.39,54.16,56.50,53.65,46696,257719004.00,5.05,-3.99,-2.25,9.81
2026-04-24,54.06,53.52,54.69,53.18,30127,163930869.00,2.79,-1.18,-0.64,6.33
2026-04-27,53.42,54.95,56.18,53.42,41337,231262223.00,5.16,2.67,1.43,8.68
2026-04-28,54.95,53.48,55.18,53.06,30129,163362121.00,3.86,-2.68,-1.47,6.33
2026-04-29,54.33,55.29,56.28,54.33,47099,264015182.00,3.65,3.38,1.81,9.89
2026-04-30,55.30,56.37,56.98,54.55,51428,290657838.00,4.40,1.95,1.08,10.80
2026-05-06,57.26,56.70,57.80,56.43,53644,308893643.00,2.43,0.59,0.33,11.27
2026-05-07,56.69,58.72,58.73,56.10,48600,284115611.00,4.64,3.56,2.02,10.21
2026-05-08,57.78,59.37,59.48,57.20,53414,315148376.00,3.88,1.11,0.65,11.22
2026-05-11,59.64,59.45,60.40,58.28,50908,304821424.00,3.57,0.13,0.08,10.70
2026-05-12,59.39,59.75,60.40,58.41,43589,261460505.00,3.35,0.50,0.30,9.16
2026-05-13,59.15,60.89,61.15,58.90,39359,239702168.00,3.77,1.91,1.14,8.27
2026-05-14,60.78,59.25,61.10,59.18,37834,229269484.00,3.15,-2.69,-1.64,7.95
2026-05-15,59.51,58.68,60.28,57.80,38927,229715940.00,4.19,-0.96,-0.57,8.18
2026-05-18,58.01,59.08,59.40,57.58,30282,177603803.00,3.10,0.68,0.40,6.36
2026-05-19,58.65,62.45,62.62,58.17,56555,343750029.00,7.53,5.70,3.37,11.88
2026-05-20,61.90,61.98,63.00,61.03,40495,249634191.00,3.15,-0.75,-0.47,8.51
2026-05-21,62.30,58.41,63.77,58.38,71000,436501023.00,8.70,-5.76,-3.57,14.92
2026-05-22,59.06,65.10,65.77,59.00,86860,544598414.00,11.59,11.45,6.69,18.25
2026-05-25,66.33,69.11,70.49,64.96,115801,786946037.00,8.49,6.16,4.01,24.33
2026-05-26,69.00,70.53,72.80,68.63,95469,678813804.00,6.03,2.05,1.42,20.06
2026-05-27,71.02,75.98,79.89,71.02,100870,763839643.00,12.58,7.73,5.45,21.19
2026-05-28,77.01,80.01,80.44,76.50,96675,762039746.00,5.19,5.30,4.03,20.31
2026-05-29,81.00,80.82,88.00,79.79,128835,1072796015.00,10.26,1.01,0.81,27.07
2026-06-01,80.62,73.50,82.77,73.40,104711,801238960.00,11.59,-9.06,-7.32,22.00
2026-06-02,73.00,76.40,77.48,72.58,69419,526829884.00,6.67,3.95,2.90,14.58
2026-06-03,77.77,78.49,82.59,77.00,68093,543924802.00,7.32,2.74,2.09,14.31
2026-06-04,77.96,83.90,87.00,76.28,74185,615243367.00,13.66,6.89,5.41,15.59
2026-06-05,84.73,87.35,90.24,82.80,80028,692016170.00,8.87,4.11,3.45,16.81
2026-06-08,81.52,85.64,86.98,81.33,63045,531985410.00,6.47,-1.96,-1.71,13.25
2026-06-09,86.77,89.91,91.40,84.99,83752,736371415.00,7.48,4.99,4.27,17.60
2026-06-10,86.99,86.58,88.56,83.80,61401,527674220.00,5.29,-3.70,-3.33,12.90
2026-06-11,85.55,84.25,86.77,83.00,49909,420888324.00,4.35,-2.69,-2.33,10.49
2026-06-12,85.92,87.94,92.50,85.90,74502,667457161.00,7.83,4.38,3.69,15.65
2026-06-15,89.02,102.87,102.98,89.02,74594,734900938.00,15.87,16.98,14.93,15.67
2026-06-16,102.00,112.60,114.12,99.95,93985,1003927717.00,13.77,9.46,9.73,19.74
2026-06-17,111.26,114.67,116.50,108.60,70259,794691446.00,7.02,1.84,2.07,14.76
2026-06-18,117.00,118.19,120.00,113.00,54557,639195492.00,6.10,3.07,3.52,11.46
2026-06-22,117.84,117.23,118.26,109.00,63695,727847513.00,7.83,-0.81,-0.96,13.38
2026-06-23,116.43,113.85,117.54,110.01,43607,496440054.00,6.42,-2.88,-3.38,9.16
2026-06-24,113.34,120.81,122.20,112.26,51187,611565693.00,8.73,6.11,6.96,10.75
2026-06-25,122.35,122.22,124.77,119.00,43413,529533192.00,4.78,1.17,1.41,9.12
2026-06-26,121.75,118.53,122.66,115.80,35009,416755802.00,5.61,-3.02,-3.69,7.36
2026-06-29,118.58,108.10,120.21,102.00,74150,806288437.59,15.36,-8.80,-10.43,15.58