2026-01-05,67.30,80.30,80.30,67.30,36768,284630891.00,19.46,20.21,13.50,6.52
2026-01-06,85.30,79.44,91.30,77.08,79947,682501783.00,17.71,-1.07,-0.86,14.19
2026-01-07,79.00,75.50,79.27,75.30,42935,331332464.00,5.00,-4.96,-3.94,7.62
2026-01-08,75.50,77.72,81.38,74.12,37045,290015210.00,9.62,2.94,2.22,6.57
2026-01-09,76.73,75.15,77.01,74.10,27699,209763793.00,3.74,-3.31,-2.57,4.92
2026-01-12,75.11,74.91,75.78,73.79,34164,257619695.00,2.65,-0.32,-0.24,6.06
2026-01-13,74.35,74.55,75.85,72.52,32134,241740942.00,4.45,-0.48,-0.36,5.70
2026-01-14,74.58,73.06,76.45,72.30,33647,253359819.00,5.57,-2.00,-1.49,5.97
2026-01-15,72.12,73.80,75.30,72.12,19286,143850124.00,4.35,1.01,0.74,3.42
2026-01-16,73.75,73.49,73.95,72.62,12537,92639472.00,1.80,-0.42,-0.31,2.22
2026-01-19,73.38,73.23,75.27,72.63,15636,116548849.00,3.59,-0.35,-0.26,2.77
2026-01-20,73.30,70.66,73.35,69.70,18339,131610690.00,4.98,-3.51,-2.57,3.25
2026-01-21,70.00,72.12,72.96,70.00,14072,101888563.00,4.19,2.07,1.46,2.50
2026-01-22,71.68,71.66,72.30,70.30,8365,60433593.00,2.77,-0.64,-0.46,1.48
2026-01-23,72.02,73.41,74.16,71.33,16829,124028286.00,3.95,2.44,1.75,2.99
2026-01-26,73.75,70.46,73.75,70.00,15188,109051693.00,5.11,-4.02,-2.95,2.70
2026-01-27,71.20,70.08,71.20,68.50,10252,72057581.00,3.83,-0.54,-0.38,1.82
2026-01-28,70.27,68.98,70.29,68.62,8722,60977550.00,2.38,-1.57,-1.10,1.55
2026-01-29,68.75,66.60,69.39,66.47,13203,90297417.00,4.23,-3.45,-2.38,2.34
2026-01-30,66.71,67.32,67.75,65.96,9444,63880416.00,2.69,1.08,0.72,1.68
2026-02-02,67.31,73.00,73.27,67.31,31063,223177155.00,8.85,8.44,5.68,5.51
2026-02-03,72.33,74.20,74.60,70.81,26400,194275211.00,5.19,1.64,1.20,4.68
2026-02-04,73.31,72.15,75.40,71.57,21813,160711629.00,5.16,-2.76,-2.05,3.87
2026-02-05,72.28,70.40,72.94,70.30,10191,73342473.00,3.66,-2.43,-1.75,1.81
2026-02-06,70.31,73.12,73.80,69.75,13957,102293178.00,5.75,3.86,2.72,2.48
2026-02-09,73.89,72.89,73.89,72.30,14544,106920324.00,2.17,-0.31,-0.23,2.58
2026-02-10,72.80,73.20,74.25,72.45,8985,66539052.00,2.47,0.43,0.31,1.59
2026-02-11,72.80,72.09,73.75,71.75,7351,53820681.00,2.73,-1.52,-1.11,1.30
2026-02-12,72.30,72.80,73.86,71.70,6947,51139675.00,3.00,0.98,0.71,1.23
2026-02-13,72.81,72.37,73.30,71.95,5834,42801819.00,1.85,-0.59,-0.43,1.04
2026-02-24,72.51,72.06,72.95,71.30,6441,46823545.00,2.28,-0.43,-0.31,1.14
2026-02-25,72.06,72.56,73.15,71.41,7248,52884419.00,2.41,0.69,0.50,1.29
2026-02-26,73.26,71.87,73.55,71.50,6286,45753658.00,2.83,-0.95,-0.69,1.12
2026-02-27,71.91,72.93,74.10,70.90,9346,68580205.00,4.45,1.47,1.06,1.66
2026-03-02,72.70,70.03,74.11,69.88,9957,71654374.00,5.80,-3.98,-2.90,1.77
2026-03-03,70.04,67.91,71.48,67.80,10641,74629982.00,5.25,-3.03,-2.12,1.89
2026-03-04,67.80,66.95,68.01,65.82,11580,78491493.00,3.22,-1.41,-0.96,2.05
2026-03-05,68.25,67.30,68.99,66.81,7555,51877120.00,3.26,0.52,0.35,1.34
2026-03-06,67.45,68.24,69.26,66.78,6640,45799427.00,3.68,1.40,0.94,1.18
2026-03-09,66.92,65.28,66.98,64.52,11732,77512093.00,3.60,-4.34,-2.96,2.08
2026-03-10,65.82,68.31,68.60,65.82,11345,77507863.00,4.26,4.64,3.03,2.01
2026-03-11,68.36,67.65,70.24,67.15,8005,55284242.00,4.52,-0.97,-0.66,1.42
2026-03-12,67.45,66.67,67.57,66.24,5445,36782751.00,1.97,-1.45,-0.98,0.97
2026-03-13,66.82,66.07,67.58,65.65,6887,46291660.00,2.89,-0.90,-0.60,1.22
2026-03-16,66.00,66.25,66.84,65.60,4544,30414134.00,1.88,0.27,0.18,0.81
2026-03-17,66.50,63.67,66.50,63.55,7127,46685902.00,4.45,-3.89,-2.58,1.26
2026-03-18,63.75,64.28,64.35,63.30,5036,32528272.00,1.65,0.96,0.61,0.89
2026-03-19,64.15,61.89,64.15,61.80,5448,34449933.00,3.66,-3.72,-2.39,0.97
2026-03-20,62.52,60.01,63.34,60.01,7311,45558197.00,5.38,-3.04,-1.88,1.30
2026-03-23,59.35,56.78,59.96,56.30,12149,71451873.00,6.10,-5.38,-3.23,2.16
2026-03-24,58.95,60.32,60.58,57.03,11693,69486948.00,6.25,6.23,3.54,2.07
2026-03-25,61.17,63.50,63.99,60.38,11830,74880243.00,5.98,5.27,3.18,2.10
2026-03-26,64.30,61.05,65.30,60.90,15341,97545254.00,6.93,-3.86,-2.45,2.72
2026-03-27,60.91,63.10,64.57,60.36,11297,72264920.00,6.90,3.36,2.05,2.00
2026-03-30,63.08,60.88,63.80,60.80,12191,76555186.00,4.75,-3.52,-2.22,2.16
2026-03-31,60.93,58.48,62.06,57.90,15203,91696909.00,6.83,-3.94,-2.40,2.70
2026-04-01,59.30,61.73,61.78,58.74,17847,109237514.00,5.20,5.56,3.25,3.17
2026-04-02,61.73,60.80,61.78,59.60,13890,84918949.00,3.53,-1.51,-0.93,2.46
2026-04-03,60.47,59.96,61.45,58.90,11053,66940864.00,4.19,-1.38,-0.84,1.96
2026-04-07,59.97,58.24,60.80,57.69,14461,86367380.00,5.19,-2.87,-1.72,2.57
2026-04-08,59.19,59.99,60.09,58.71,11822,71180506.00,2.37,3.00,1.75,2.10
2026-04-09,59.90,57.84,59.90,57.31,16413,96387345.00,4.32,-3.58,-2.15,2.91
2026-04-10,58.21,58.94,61.28,58.21,18340,110426724.00,5.31,1.90,1.10,3.25
2026-04-13,58.49,57.82,58.80,57.05,11814,69165398.00,2.97,-1.90,-1.12,2.10
2026-04-14,58.59,57.57,58.71,57.16,10411,60676174.00,2.68,-0.43,-0.25,1.85
2026-04-15,58.15,57.80,58.90,57.35,8871,52037967.00,2.69,0.40,0.23,1.57
2026-04-16,58.08,59.03,59.08,57.32,7549,44637825.00,3.04,2.13,1.23,1.34
2026-04-17,58.99,57.93,59.01,57.28,9239,54098835.00,2.93,-1.86,-1.10,1.64
2026-04-20,57.58,57.47,58.11,57.24,9366,54650416.00,1.50,-0.79,-0.46,1.66
2026-04-21,57.47,57.10,57.85,56.66,7456,43025487.00,2.07,-0.64,-0.37,1.32
2026-04-22,56.61,57.45,57.45,56.61,5161,29843262.00,1.47,0.61,0.35,0.92
2026-04-23,57.10,55.86,57.42,55.65,8621,49070815.00,3.08,-2.77,-1.59,1.53
2026-04-24,55.65,55.77,56.10,54.99,7094,39860155.00,1.99,-0.16,-0.09,1.26
2026-04-27,55.79,55.52,55.79,54.41,8045,44887119.00,2.47,-0.45,-0.25,1.43
2026-04-28,54.40,54.22,54.91,51.98,26463,142931397.00,5.28,-2.34,-1.30,4.70
2026-04-29,53.93,55.02,56.80,53.57,19618,109641133.00,5.96,1.48,0.80,3.48
2026-04-30,55.11,54.36,55.30,53.76,11063,60921209.00,2.80,-1.20,-0.66,1.96
2026-05-06,53.89,54.15,55.37,52.69,14051,76714741.00,4.93,-0.39,-0.21,2.49
2026-05-07,54.32,54.92,57.30,54.27,19482,109881415.00,5.60,1.42,0.77,3.46
2026-05-08,54.93,56.52,58.05,54.30,18750,106734593.00,6.83,2.91,1.60,3.33
2026-05-11,56.49,59.30,59.70,55.71,27155,159969031.00,7.06,4.92,2.78,4.82
2026-05-12,59.10,56.70,59.29,56.64,16543,96063742.00,4.47,-4.38,-2.60,2.94
2026-05-13,56.25,57.63,57.92,56.02,11817,68307391.00,3.35,1.64,0.93,2.10
2026-05-14,57.30,56.71,58.32,55.90,14032,81171583.00,4.20,-1.60,-0.92,2.49
2026-05-15,56.66,54.84,56.66,54.70,11136,62658951.00,3.46,-3.30,-1.87,1.98
2026-05-18,54.38,54.24,55.66,53.88,8711,48135730.00,3.25,-1.09,-0.60,1.55
2026-05-19,55.75,55.39,57.97,54.44,19725,112408020.00,6.51,2.12,1.15,3.50
2026-05-20,54.96,55.09,56.06,54.30,11654,65069802.00,3.18,-0.54,-0.30,2.07
2026-05-21,55.29,51.01,56.10,50.90,20158,109025855.00,9.44,-7.41,-4.08,3.58
2026-05-22,51.36,53.12,53.60,51.18,13122,69970002.00,4.74,4.14,2.11,2.33
2026-05-25,53.07,51.88,53.41,51.01,10628,55914463.00,4.52,-2.33,-1.24,1.89
2026-05-26,51.90,50.82,52.11,50.21,8084,41649378.00,3.66,-2.04,-1.06,1.43
2026-05-27,50.96,50.54,52.18,49.95,9060,46623747.00,4.39,-0.55,-0.28,1.61
2026-05-28,50.30,50.58,51.29,49.56,7293,37189765.00,3.42,0.08,0.04,1.29
2026-05-29,51.61,49.05,51.61,48.80,10279,51680570.00,5.56,-3.02,-1.53,1.82
2026-06-01,49.05,49.28,49.87,48.88,6483,31986952.00,2.02,0.47,0.23,1.15
2026-06-02,49.79,48.68,49.85,47.91,6239,30366089.00,3.94,-1.22,-0.60,1.11
2026-06-03,48.53,48.06,48.78,47.60,5495,26467123.00,2.42,-1.27,-0.62,0.98
2026-06-04,48.01,48.02,48.23,47.33,4958,23717674.00,1.87,-0.08,-0.04,0.88
2026-06-05,47.85,48.71,48.98,47.23,12502,60256203.00,3.64,1.44,0.69,2.22
2026-06-08,47.80,45.77,48.34,44.88,12024,55792628.00,7.10,-6.04,-2.94,2.13
2026-06-09,46.41,47.31,47.90,45.70,9116,42919492.00,4.81,3.36,1.54,1.62
2026-06-10,47.42,46.94,47.78,46.08,6895,32259515.00,3.59,-0.78,-0.37,1.22
2026-06-11,46.22,47.17,48.29,46.22,7030,33262952.00,4.41,0.49,0.23,1.25
2026-06-12,47.52,48.14,48.38,47.20,5813,27811296.00,2.50,2.06,0.97,1.03
2026-06-15,48.19,49.77,50.89,48.19,10121,50618596.00,5.61,3.39,1.63,1.80
2026-06-16,49.39,48.59,49.73,47.81,8523,41422566.00,3.86,-2.37,-1.18,1.51
2026-06-17,48.58,48.40,48.76,47.90,5004,24139780.00,1.77,-0.39,-0.19,0.89
2026-06-18,48.72,48.90,49.57,48.10,9960,48555143.00,3.04,1.03,0.50,1.77
2026-06-22,48.54,48.96,49.18,46.77,11690,56071905.00,4.93,0.12,0.06,2.07
2026-06-23,48.78,50.41,51.28,48.65,12068,60804354.00,5.37,2.96,1.45,2.14
2026-06-24,50.40,49.35,50.65,48.84,10947,54317324.00,3.59,-2.10,-1.06,1.94
2026-06-25,49.00,47.35,49.21,46.39,18861,89270730.00,5.71,-4.05,-2.00,3.35
2026-06-26,48.00,45.16,48.13,45.16,12349,57444598.00,6.27,-4.63,-2.19,2.19
2026-06-29,45.16,54.19,54.19,45.16,29720,149409451.00,20.00,20.00,9.03,5.27
2026-06-30,55.00,51.79,55.38,51.33,32187,169675954.00,7.47,-4.43,-2.40,5.71
2026-07-01,52.38,52.65,53.29,50.14,24273,126249159.00,6.08,1.66,0.86,4.31
2026-07-02,53.27,55.50,58.68,52.66,42066,236286016.00,11.43,5.41,2.85,7.46
2026-07-03,55.37,58.99,60.30,54.60,44844,259261987.00,10.27,6.29,3.49,7.96
2026-07-06,57.50,59.96,61.33,57.46,33369,198500314.00,6.56,1.64,0.97,5.92
2026-07-07,59.10,57.56,59.96,57.11,19173,111527064.00,4.75,-4.00,-2.40,3.40
2026-07-08,57.29,55.10,58.38,55.01,18211,102184494.00,5.85,-4.27,-2.46,3.23
2026-07-09,54.57,53.90,57.34,52.65,20639,112295184.00,8.51,-2.18,-1.20,3.66
2026-07-10,53.96,55.91,57.14,51.51,19067,105799012.00,10.45,3.73,2.01,3.38
2026-07-13,55.59,53.25,56.26,53.05,11878,64106077.00,5.74,-4.76,-2.66,2.11
2026-07-14,52.72,53.37,54.50,51.80,12094,64236979.00,5.07,0.23,0.12,2.15
2026-07-15,53.24,57.17,58.99,52.80,25524,144434763.00,11.60,7.12,3.80,4.53
2026-07-16,56.14,59.12,60.52,55.50,27412,161920708.00,8.78,3.41,1.95,4.86
2026-07-17,58.37,54.86,59.95,54.00,24067,136980086.00,10.06,-7.21,-4.26,4.27
2026-07-20,54.62,55.53,56.71,53.75,21639,119704625.00,5.40,1.22,0.67,3.84
2026-07-21,54.95,53.20,55.80,50.01,19225,101936910.00,10.43,-4.20,-2.33,3.41
2026-07-22,53.00,56.50,56.64,52.67,23117,126985318.00,7.46,6.20,3.30,4.10
2026-07-23,55.72,58.02,58.44,54.95,17859,101400976.00,6.18,2.69,1.52,3.17
2026-07-24,56.71,54.00,58.00,54.00,13428,74702209.00,6.89,-6.93,-4.02,2.38
2026-07-27,54.01,57.29,57.60,53.48,17829,100943107.20,7.63,6.09,3.29,3.16