2026-01-05,2883.50,2856.86,2885.86,2821.29,1422286,1408934598.00,2.29,1.12,31.67,5.98
2026-01-06,2839.48,2866.82,2884.40,2833.22,1405101,1191103394.00,1.79,0.35,9.96,5.91
2026-01-07,2850.01,2858.82,2870.49,2824.54,1483741,1255127573.00,1.60,-0.28,-8.00,6.24
2026-01-08,2844.86,2894.22,2899.72,2842.43,1253103,1118603078.00,2.00,1.24,35.40,5.27
2026-01-09,2933.62,2952.90,2967.15,2914.32,2622012,2159219496.00,1.83,2.03,58.68,11.03
2026-01-12,2942.77,2957.25,2958.22,2910.55,2258592,1900100201.00,1.61,0.15,4.35,9.50
2026-01-13,2960.59,2937.82,2980.04,2930.75,2543907,1974165540.00,1.67,-0.66,-19.43,10.70
2026-01-14,2939.72,3017.51,3027.46,2933.91,2739909,2171749449.00,3.18,2.71,79.69,11.53
2026-01-15,3015.68,3007.60,3030.56,2985.81,1674540,1553695992.00,1.48,-0.33,-9.91,7.04
2026-01-16,2988.68,3035.22,3045.55,2970.83,2107600,1726528080.00,2.48,0.92,27.62,8.87
2026-01-19,3025.22,3092.16,3092.34,3018.10,1410030,1380532251.00,2.45,1.88,56.94,5.93
2026-01-20,3089.37,3110.88,3124.97,3078.86,2300528,1840383365.00,1.49,0.61,18.72,9.68
2026-01-21,3123.41,3127.27,3136.93,3102.20,1930451,1746962307.00,1.12,0.53,16.39,8.12
2026-01-22,3143.01,3244.33,3280.75,3143.01,3295376,2693658817.00,4.40,3.74,117.06,13.86
2026-01-23,3254.16,3323.56,3335.81,3231.51,2683909,2400212472.00,3.21,2.44,79.23,11.29
2026-01-26,3339.59,3351.51,3360.44,3293.34,6170826,4484095075.00,2.02,0.84,27.95,25.96
2026-01-27,3330.64,3354.90,3365.62,3250.23,3217036,2829220000.00,3.44,0.10,3.39,13.53
2026-01-28,3375.43,3393.30,3425.86,3355.45,6030571,4572703961.00,2.10,1.14,38.40,25.37
2026-01-29,3419.79,3547.50,3556.88,3419.79,5689153,4639320069.00,4.04,4.54,154.20,23.93
2026-01-30,3536.48,3445.50,3601.30,3400.36,4999249,4284989060.00,5.66,-2.88,-102.00,21.03
2026-02-02,3312.62,3316.39,3423.98,3309.83,3897906,3184474868.00,3.31,-3.75,-129.11,16.40
2026-02-03,3336.33,3413.90,3415.28,3305.78,2382643,2126655292.00,3.30,2.94,97.51,10.02
2026-02-04,3469.48,3494.08,3523.64,3442.14,3400553,3082771914.00,2.39,2.35,80.18,14.30
2026-02-05,3473.42,3445.17,3491.75,3439.87,2102934,2098181680.00,1.48,-1.40,-48.91,8.85
2026-02-06,3389.39,3468.11,3503.71,3383.07,2053847,1934949392.00,3.50,0.67,22.94,8.64
2026-02-09,3481.09,3494.38,3512.37,3446.61,1882037,1831234358.00,1.90,0.76,26.27,7.92
2026-02-10,3486.71,3441.90,3498.24,3430.48,1624402,1598284785.00,1.94,-1.50,-52.48,6.83
2026-02-11,3418.32,3422.00,3447.26,3381.29,1954782,1711359195.00,1.92,-0.58,-19.90,8.22
2026-02-12,3423.96,3389.47,3435.82,3389.44,1689935,1423631543.00,1.36,-0.95,-32.53,7.11
2026-02-13,3364.41,3344.71,3400.03,3339.85,1660796,1374635757.00,1.78,-1.32,-44.76,6.99
2026-02-24,3423.64,3486.41,3531.12,3423.63,4063081,3048290808.00,3.21,4.24,141.70,17.09
2026-02-25,3482.60,3478.52,3503.23,3451.01,4276482,3256427375.00,1.50,-0.23,-7.89,17.99
2026-02-26,3460.41,3459.69,3482.74,3438.04,2352535,1915729321.00,1.29,-0.54,-18.83,9.90
2026-02-27,3463.01,3547.17,3547.81,3461.16,2745522,2304973775.00,2.50,2.53,87.48,11.55
2026-03-02,3769.33,3828.20,3831.92,3667.01,10002442,7920153398.00,4.65,7.92,281.03,42.08
2026-03-03,3938.47,4042.29,4100.21,3926.02,13011635,11068932266.00,4.55,5.59,214.09,54.73
2026-03-04,4092.04,3919.31,4092.04,3765.90,12061517,10548645695.00,8.07,-3.04,-122.98,50.74
2026-03-05,3848.65,3806.78,3895.18,3721.93,8150668,7188491499.00,4.42,-2.87,-112.53,34.29
2026-03-06,3730.03,3747.29,3771.20,3680.18,6125304,5266791973.00,2.39,-1.56,-59.49,25.77
2026-03-09,3966.01,3749.66,3987.98,3749.33,9746364,8580391156.00,6.37,0.06,2.37,41.00
2026-03-10,3537.40,3630.41,3658.94,3537.40,6352410,5242724197.00,3.24,-3.18,-119.25,26.72
2026-03-11,3618.73,3680.56,3690.35,3609.25,6017930,4943936282.00,2.23,1.38,50.15,25.31
2026-03-12,3744.97,3677.80,3746.11,3647.97,7270168,6291150926.00,2.67,-0.07,-2.76,30.58
2026-03-13,3698.54,3614.68,3708.02,3606.41,5096804,4349860691.00,2.76,-1.72,-63.12,21.44
2026-03-16,3622.27,3655.47,3718.26,3609.42,4246771,3788384083.00,3.01,1.13,40.79,17.86
2026-03-17,3622.98,3591.41,3657.34,3578.47,4697838,4018177112.00,2.16,-1.75,-64.06,19.76
2026-03-18,3564.46,3553.06,3565.52,3488.86,3683226,3218729353.00,2.13,-1.07,-38.35,15.49
2026-03-19,3660.70,3567.85,3660.70,3531.00,6125684,5371055021.00,3.65,0.42,14.79,25.77
2026-03-20,3464.59,3423.43,3494.72,3420.12,4670014,3900191143.00,2.09,-4.05,-144.42,19.64
2026-03-23,3404.23,3304.36,3406.67,3286.58,4825113,3986493822.00,3.51,-3.48,-119.07,20.30
2026-03-24,3282.51,3320.23,3322.21,3215.95,3359808,2857172707.00,3.22,0.48,15.87,14.13
2026-03-25,3269.65,3350.60,3353.44,3257.05,4074486,3159813614.00,2.90,0.91,30.37,17.14
2026-03-26,3361.76,3353.28,3383.75,3321.37,3167554,2763538634.00,1.86,0.08,2.68,13.32
2026-03-27,3336.12,3386.13,3386.13,3311.56,3212691,2628664267.00,2.22,0.98,32.85,13.51
2026-03-30,3419.69,3351.23,3428.51,3324.48,3469197,2842216663.00,3.07,-1.03,-34.90,14.59
2026-03-31,3339.64,3282.95,3379.88,3278.92,3118157,2532696025.00,3.01,-2.04,-68.28,13.12
2026-04-01,3300.49,3293.33,3329.78,3280.22,2750549,2168418798.00,1.51,0.32,10.38,11.57
2026-04-02,3309.54,3380.08,3391.20,3309.54,3018454,2452108177.00,2.48,2.63,86.75,12.70
2026-04-03,3380.98,3288.57,3380.98,3277.10,2499328,2260100998.00,3.07,-2.71,-91.51,10.51
2026-04-07,3279.34,3422.37,3428.64,3249.39,3716329,3203397468.00,5.45,4.07,133.80,15.63
2026-04-08,3347.07,3412.14,3429.73,3323.86,5463302,4289329324.00,3.09,-0.30,-10.23,22.98
2026-04-09,3423.45,3425.02,3437.06,3397.26,3856603,3141865203.00,1.17,0.38,12.88,16.22
2026-04-10,3413.99,3406.42,3433.59,3396.34,2099465,1853376546.00,1.09,-0.54,-18.60,8.83
2026-04-13,3451.56,3453.87,3455.21,3361.97,3562466,2974547392.00,2.74,1.39,47.45,14.99
2026-04-14,3424.29,3383.35,3425.60,3358.64,2448959,2127237282.00,1.94,-2.04,-70.52,10.30
2026-04-15,3370.99,3328.41,3370.99,3320.66,2335174,1872284006.00,1.49,-1.62,-54.94,9.82
2026-04-16,3327.56,3343.83,3349.75,3298.36,1637061,1337857611.00,1.54,0.46,15.42,6.89
2026-04-17,3346.63,3334.57,3357.88,3306.17,2428372,1903785038.00,1.55,-0.28,-9.26,10.21
2026-04-20,3357.04,3338.59,3357.04,3319.09,1762295,1508868674.00,1.14,0.12,4.02,7.41
2026-04-21,3330.79,3348.37,3352.33,3289.71,2105761,1655875877.00,1.88,0.29,9.78,8.86
2026-04-22,3347.57,3374.89,3383.14,3337.69,1967934,1606616776.00,1.36,0.79,26.52,8.28
2026-04-23,3376.90,3422.74,3438.42,3364.30,4573160,3354511762.00,2.20,1.42,47.85,19.24
2026-04-24,3366.63,3340.82,3393.85,3308.45,5109063,3431485122.00,2.50,-2.39,-81.92,21.49
2026-04-27,3343.99,3373.79,3378.07,3312.33,3654311,2647918527.00,1.97,0.99,32.97,15.37
2026-04-28,3368.37,3408.46,3429.99,3325.78,3172015,2725672294.00,3.09,1.03,34.67,13.34
2026-04-29,3382.18,3467.54,3478.25,3374.97,2708481,2508156994.00,3.03,1.73,59.08,11.39
2026-04-30,3538.37,3518.89,3557.98,3481.13,2691277,2668467653.00,2.22,1.48,51.35,11.32
2026-05-06,3537.88,3614.60,3615.63,3525.76,2245058,2444353441.00,2.55,2.72,95.71,9.44
2026-05-07,3595.98,3581.60,3633.23,3560.07,3387590,3544666474.00,2.02,-0.91,-33.00,14.25
2026-05-08,3574.79,3663.88,3675.11,3570.95,2549366,2705040525.00,2.91,2.30,82.28,10.72
2026-05-11,3683.37,3661.06,3686.01,3632.14,2529301,2456264808.00,1.47,-0.08,-2.82,10.64
2026-05-12,3662.71,3606.53,3684.75,3591.81,1843886,1911047520.00,2.54,-1.49,-54.53,7.76
2026-05-13,3601.50,3600.51,3641.10,3576.57,2262739,2352670086.00,1.79,-0.17,-6.02,9.52
2026-05-14,3590.93,3586.16,3618.81,3538.60,2228128,1984227719.00,2.23,-0.40,-14.35,9.37
2026-05-15,3577.79,3559.37,3587.25,3526.24,3682030,2958469297.00,1.70,-0.75,-26.79,15.49
2026-05-18,3572.91,3622.80,3624.14,3531.57,2951233,2466336534.00,2.60,1.78,63.43,12.41
2026-05-19,3599.81,3637.59,3642.28,3574.84,2147396,1895722302.00,1.86,0.41,14.79,9.03
2026-05-20,3622.02,3726.14,3738.42,3615.06,2089044,2043119452.00,3.39,2.43,88.55,8.79
2026-05-21,3703.77,3574.37,3713.94,3563.13,2504412,2415134006.00,4.05,-4.07,-151.77,10.53
2026-05-22,3583.31,3635.88,3646.24,3565.93,2973407,2490195070.00,2.25,1.72,61.51,12.51
2026-05-25,3635.24,3630.51,3702.44,3617.45,3078532,2620724630.00,2.34,-0.15,-5.37,12.95
2026-05-26,3620.87,3635.94,3666.35,3594.87,926577,1368804800.00,1.97,0.15,5.43,3.90
2026-05-27,3643.56,3477.85,3669.95,3453.22,942492,1540086514.00,5.96,-4.35,-158.09,3.96
2026-05-28,3483.95,3560.27,3570.46,3427.47,766513,1348055792.00,4.11,2.37,82.42,3.22
2026-05-29,3555.67,3423.42,3565.63,3406.27,676488,1202463932.00,4.48,-3.84,-136.85,2.85
2026-06-01,3422.40,3453.19,3492.07,3405.16,860200,1086868872.00,2.54,0.87,29.77,3.62
2026-06-02,3483.29,3391.98,3483.29,3374.56,634767,829842404.00,3.15,-1.77,-61.21,2.67
2026-06-03,3396.37,3414.77,3451.53,3377.69,681974,854498809.00,2.18,0.67,22.79,2.87
2026-06-04,3381.42,3331.48,3381.42,3307.41,682399,823337949.00,2.17,-2.44,-83.29,2.87
2026-06-05,3319.24,3327.89,3355.24,3277.97,746515,846328168.00,2.32,-0.11,-3.59,3.14
2026-06-08,3233.96,3183.66,3306.66,3144.38,744381,787229027.00,4.88,-4.33,-144.23,3.13
2026-06-09,3201.90,3148.09,3202.99,3106.08,717325,723605444.00,3.04,-1.12,-35.57,3.02
2026-06-10,3123.72,3157.78,3175.32,3078.87,603396,699314036.00,3.06,0.31,9.69,2.54
2026-06-11,3185.14,3145.70,3205.60,3112.02,629593,767674236.00,2.96,-0.38,-12.08,2.65
2026-06-12,3144.94,3180.74,3242.63,3143.65,688711,914278827.00,3.15,1.11,35.04,2.90
2026-06-15,3165.93,3209.58,3225.48,3154.11,733802,1035905529.00,2.24,0.91,28.84,3.09
2026-06-16,3198.49,3179.12,3206.24,3145.77,576128,740182974.00,1.88,-0.95,-30.46,2.42
2026-06-17,3157.30,3138.44,3179.25,3131.30,527934,678185556.00,1.51,-1.28,-40.68,2.22
2026-06-18,3122.82,3175.05,3206.81,3114.68,525623,665214852.00,2.94,1.17,36.61,2.21
2026-06-22,3193.09,3170.88,3206.43,3086.21,820539,960767783.00,3.79,-0.13,-4.17,3.45
2026-06-23,3151.21,3192.56,3228.96,3150.16,702058,818595831.00,2.49,0.68,21.68,2.95
2026-06-24,3182.96,3139.36,3182.96,3089.79,660180,822558263.00,2.92,-1.67,-53.20,2.78
2026-06-25,3140.55,3142.61,3189.64,3093.93,947370,1190691370.00,3.05,0.10,3.25,3.99
2026-06-26,3125.70,3052.46,3125.70,3051.05,692123,838390849.00,2.38,-2.87,-90.15,2.91
2026-06-29,3059.77,3053.85,3075.33,2982.73,668051,866971895.00,3.03,0.05,1.39,2.81
2026-06-30,3048.37,3099.40,3125.73,3014.58,631158,739549143.00,3.64,1.49,45.55,2.65
2026-07-01,3088.84,3181.59,3205.70,3087.52,668131,866310969.00,3.81,2.65,82.19,2.81
2026-07-02,3147.92,3162.45,3216.98,3128.20,755511,1050323622.00,2.79,-0.60,-19.14,3.18
2026-07-03,3171.18,3194.47,3242.07,3166.55,707462,935891813.00,2.39,1.01,32.02,2.98
2026-07-06,3206.68,3183.99,3253.56,3160.77,727969,1019297780.00,2.90,-0.33,-10.48,3.06
2026-07-07,3155.84,3062.93,3166.93,3048.09,731800,939067756.00,3.73,-3.80,-121.06,3.08
2026-07-08,3095.60,3049.08,3105.72,3009.98,741867,834739820.00,3.13,-0.45,-13.85,3.12
2026-07-09,3061.92,3074.59,3097.91,2999.73,985817,997542801.00,3.22,0.84,25.51,4.15
2026-07-10,3024.95,3112.65,3154.55,3016.99,762656,780307772.00,4.47,1.24,38.06,3.21
2026-07-13,3181.38,2962.26,3181.38,2955.24,1097381,1310697438.00,7.27,-4.83,-150.39,4.62
2026-07-14,3004.64,3065.70,3066.23,2988.86,910673,913591331.00,2.61,3.49,103.44,3.83
2026-07-15,3020.64,3010.03,3051.49,2992.25,1085099,1026864869.00,1.93,-1.82,-55.67,4.56
2026-07-16,2974.78,2932.79,2996.28,2913.77,781416,740118253.00,2.74,-2.57,-77.24,3.29
2026-07-17,2938.16,2875.52,2978.92,2834.64,1051206,971911781.00,4.92,-1.95,-57.27,4.42
2026-07-20,2928.46,2883.66,3000.94,2839.81,1269304,1215828423.00,5.60,0.28,8.14,5.34
2026-07-21,2842.54,2805.44,2845.13,2681.23,1156474,1024543870.00,5.68,-2.71,-78.22,4.86
2026-07-22,2794.24,2823.59,2847.47,2779.35,869612,828005528.00,2.43,0.65,18.15,3.66
2026-07-23,2824.96,2906.86,2907.13,2824.96,861936,863115916.00,2.91,2.95,83.27,3.63
2026-07-24,2923.38,2788.78,2946.48,2783.73,826306,807975953.00,5.60,-4.06,-118.08,3.48
2026-07-27,2717.10,2797.15,2799.86,2697.72,703504,648133866.00,3.66,0.30,8.37,2.96
2026-07-28,2757.59,2774.95,2817.92,2756.12,525108,474952541.00,2.21,-0.79,-22.20,2.21
2026-07-29,2802.51,2817.62,2839.60,2772.27,570809,525907182.00,2.43,1.54,42.67,2.40