2026-01-05,5537.38,5632.07,5635.54,5537.38,1437999,3999074287.00,1.78,2.30,126.46,2.12
2026-01-06,5648.80,5684.62,5699.51,5628.96,1834327,4974233633.00,1.25,0.93,52.55,2.71
2026-01-07,5765.11,5837.02,5911.59,5727.54,4077476,10996597599.00,3.24,2.68,152.40,6.02
2026-01-08,5759.48,5762.36,5815.41,5727.52,2540296,6775894430.00,1.51,-1.28,-74.66,3.75
2026-01-09,5771.30,5923.16,5971.36,5771.30,3635513,10091658636.00,3.47,2.79,160.80,5.37
2026-01-12,5956.70,5996.48,5996.48,5824.48,3691732,10249273584.00,2.90,1.24,73.32,5.45
2026-01-13,5992.78,5889.34,6025.42,5876.02,2745046,8180467227.00,2.49,-1.79,-107.14,4.05
2026-01-14,5874.01,5870.57,5954.83,5765.89,3100519,8630649944.00,3.21,-0.32,-18.77,4.58
2026-01-15,5833.53,5874.51,5937.43,5833.53,1824761,5219976782.00,1.77,0.07,3.94,2.69
2026-01-16,5910.07,5993.48,6019.45,5894.47,3166118,8550219375.00,2.13,2.03,118.97,4.68
2026-01-19,5996.16,6038.35,6105.99,5995.85,2604490,7146674486.00,1.84,0.75,44.87,3.85
2026-01-20,6051.72,5959.63,6073.35,5911.45,2107497,5780091538.00,2.68,-1.30,-78.72,3.11
2026-01-21,5916.36,6047.77,6065.94,5908.86,2026644,5737969114.00,2.64,1.48,88.14,2.99
2026-01-22,6040.38,6073.42,6117.81,6040.38,1968817,5235225345.00,1.28,0.42,25.65,2.91
2026-01-23,6103.65,6152.98,6153.06,6046.51,3113399,8362396808.00,1.75,1.31,79.56,4.60
2026-01-26,6175.84,6064.24,6175.84,6012.88,2832763,7888392627.00,2.65,-1.44,-88.74,4.18
2026-01-27,6042.77,6056.39,6117.00,5924.10,2290712,6470542532.00,3.18,-0.13,-7.85,3.38
2026-01-28,6048.33,6246.21,6246.21,5949.83,3900820,10932281164.00,4.89,3.13,189.82,5.76
2026-01-29,6251.57,6415.54,6659.50,6169.60,7426818,19892349955.00,7.84,2.71,169.33,10.97
2026-01-30,6228.33,6090.13,6228.33,5921.35,4712313,12383646193.00,4.78,-5.07,-325.41,6.96
2026-02-02,5943.34,5754.15,5985.29,5754.15,2865152,7245278171.00,3.80,-5.52,-335.98,4.23
2026-02-03,5862.52,6016.94,6017.40,5811.62,2658687,7068201379.00,3.58,4.57,262.79,3.93
2026-02-04,6018.52,5937.35,6031.57,5868.66,1734483,4820324053.00,2.71,-1.32,-79.59,2.56
2026-02-05,5879.99,5742.42,5922.04,5706.03,1945574,4961575291.00,3.64,-3.28,-194.93,2.87
2026-02-06,5669.18,5744.24,5824.61,5649.17,1466243,3779144910.00,3.06,0.03,1.82,2.17
2026-02-09,5820.24,5938.54,5978.06,5818.73,2233120,5687836570.00,2.77,3.38,194.30,3.30
2026-02-10,5930.83,5989.79,6034.66,5924.76,1657969,4385359220.00,1.85,0.86,51.25,2.45
2026-02-11,5975.12,6097.84,6221.66,5975.12,2558679,7076130981.00,4.12,1.80,108.05,3.78
2026-02-12,6076.14,6268.17,6312.18,6076.14,2595300,7941577735.00,3.87,2.79,170.33,3.83
2026-02-13,6197.80,6105.98,6229.75,6099.00,1727767,4927346483.00,2.09,-2.59,-162.19,2.55
2026-02-24,6199.61,6233.46,6292.30,6159.96,1706777,5315072305.00,2.17,2.09,127.48,2.52
2026-02-25,6246.97,6494.35,6557.32,6245.28,4608978,12454887174.00,5.01,4.19,260.89,6.81
2026-02-26,6462.63,6525.89,6529.88,6437.10,2940795,8450482461.00,1.43,0.49,31.54,4.34
2026-02-27,6485.37,6634.44,6643.90,6477.75,3254944,9874814679.00,2.55,1.66,108.55,4.81
2026-03-02,6564.29,6554.91,6607.91,6399.05,3084729,9293483650.00,3.15,-1.20,-79.53,4.56
2026-03-03,6509.84,6172.09,6551.11,6160.76,3032405,8552587467.00,5.96,-5.84,-382.82,4.48
2026-03-04,6079.29,6182.66,6359.57,6079.03,2004869,5796766321.00,4.55,0.17,10.57,2.96
2026-03-05,6289.56,6172.61,6298.55,6115.82,2014205,5728422990.00,2.96,-0.16,-10.05,2.97
2026-03-06,6115.19,6135.36,6230.00,6088.44,1654567,4441414992.00,2.29,-0.60,-37.25,2.44
2026-03-09,6003.03,5971.32,6003.71,5747.11,2563306,6561457525.00,4.18,-2.67,-164.04,3.79
2026-03-10,6039.57,6222.37,6223.55,6039.57,1836510,6191376755.00,3.08,4.20,251.05,2.71
2026-03-11,6215.97,6108.00,6287.83,6084.09,1591951,4832838506.00,3.27,-1.84,-114.37,2.35
2026-03-12,6092.49,6013.35,6107.18,5929.90,1584173,4630566394.00,2.90,-1.55,-94.65,2.34
2026-03-13,5973.37,5861.07,5986.14,5847.51,1542617,4343598889.00,2.31,-2.53,-152.28,2.28
2026-03-16,5846.39,5822.17,5853.13,5698.56,1693427,4483185104.00,2.64,-0.66,-38.90,2.50
2026-03-17,5852.42,5626.09,5859.08,5623.42,1598651,4320845450.00,4.05,-3.37,-196.08,2.36
2026-03-18,5645.32,5717.68,5727.19,5587.36,1207365,3345755731.00,2.49,1.63,91.59,1.78
2026-03-19,5632.10,5469.18,5632.10,5445.24,1727409,4126321286.00,3.27,-4.35,-248.50,2.55
2026-03-20,5496.75,5337.61,5524.60,5337.29,1427983,3846986147.00,3.42,-2.41,-131.57,2.11
2026-03-23,5229.03,5004.63,5284.43,4976.17,1920295,4593369655.00,5.78,-6.24,-332.98,2.84
2026-03-24,5121.60,5175.53,5179.39,4994.06,1491361,3575605687.00,3.70,3.41,170.90,2.20
2026-03-25,5216.77,5301.21,5336.76,5216.77,1485574,3704381988.00,2.32,2.43,125.68,2.19
2026-03-26,5296.96,5203.02,5317.50,5173.76,1083631,2706736784.00,2.71,-1.85,-98.19,1.60
2026-03-27,5130.28,5330.40,5368.65,5130.28,1322481,3149829714.00,4.58,2.45,127.38,1.95
2026-03-30,5256.52,5305.98,5327.51,5228.43,1186739,2933595554.00,1.86,-0.46,-24.42,1.75
2026-03-31,5295.87,5301.89,5376.07,5286.93,1165238,2997875738.00,1.68,-0.08,-4.09,1.72
2026-04-01,5423.70,5443.79,5474.94,5388.04,1341263,3946735019.00,1.64,2.68,141.90,1.98
2026-04-02,5415.05,5320.26,5435.99,5279.28,1034194,2796971892.00,2.88,-2.27,-123.53,1.53
2026-04-03,5349.51,5280.16,5351.86,5254.04,733192,2110535794.00,1.84,-0.75,-40.10,1.08
2026-04-07,5284.77,5383.65,5428.65,5278.23,1030743,2711792658.00,2.85,1.96,103.49,1.52
2026-04-08,5510.73,5595.81,5596.12,5481.20,1661255,4589962670.00,2.13,3.94,212.16,2.45
2026-04-09,5534.60,5670.10,5716.08,5527.13,2262973,5279189692.00,3.38,1.33,74.29,3.34
2026-04-10,5716.83,5674.93,5743.33,5662.20,1901323,4872029720.00,1.43,0.09,4.83,2.81
2026-04-13,5711.16,5695.58,5750.04,5658.60,1705568,4446364670.00,1.61,0.36,20.65,2.52
2026-04-14,5721.46,5705.30,5727.22,5647.89,1518588,4301593065.00,1.39,0.17,9.72,2.24
2026-04-15,5748.65,5667.20,5787.95,5651.58,1367034,3894144697.00,2.39,-0.67,-38.10,2.02
2026-04-16,5678.50,5730.59,5738.02,5647.85,1112263,3132637316.00,1.59,1.12,63.39,1.64
2026-04-17,5694.45,5781.55,5796.45,5690.52,1198095,3393580446.00,1.85,0.89,50.96,1.77
2026-04-20,5777.70,5836.38,5860.10,5765.31,1556607,4576710116.00,1.64,0.95,54.83,2.30
2026-04-21,5828.82,5850.47,5876.99,5780.45,1382440,3870884992.00,1.65,0.24,14.09,2.04
2026-04-22,5795.36,5837.49,5848.61,5752.38,1791167,4504029078.00,1.64,-0.22,-12.98,2.64
2026-04-23,5831.08,5618.03,5831.08,5585.80,1968631,5249090389.00,4.20,-3.76,-219.46,2.91
2026-04-24,5590.60,5576.99,5618.33,5506.59,1284414,3278390916.00,1.99,-0.73,-41.04,1.90
2026-04-27,5554.97,5621.14,5641.42,5551.17,1270670,3768958250.00,1.62,0.79,44.15,1.88
2026-04-28,5621.84,5501.11,5621.84,5473.12,1386314,3935063705.00,2.65,-2.14,-120.03,2.05
2026-04-29,5490.23,5696.02,5715.01,5490.23,2282464,5711089646.00,4.09,3.54,194.91,3.37
2026-04-30,5671.23,5735.36,5750.90,5661.04,1530717,5009396331.00,1.58,0.69,39.34,2.26
2026-05-06,5776.07,5900.73,5927.47,5754.58,2192684,6798598317.00,3.01,2.88,165.37,3.24
2026-05-07,5923.50,5980.13,5984.41,5898.22,1568121,4960681962.00,1.46,1.35,79.40,2.32
2026-05-08,5950.67,6036.71,6054.64,5930.88,1577074,4814449034.00,2.07,0.95,56.58,2.33
2026-05-11,6064.23,6262.38,6278.94,6064.23,3360235,12238255523.00,3.56,3.74,225.67,4.96
2026-05-12,6259.17,6123.08,6259.17,6066.40,2389947,9553974923.00,3.08,-2.22,-139.30,3.53
2026-05-13,6092.41,6199.17,6207.05,6086.04,1931999,7749262839.00,1.98,1.24,76.09,2.85
2026-05-14,6215.96,6057.99,6236.89,6056.98,1889441,7782271266.00,2.90,-2.28,-141.18,2.79
2026-05-15,6071.52,6043.61,6200.13,5975.72,2361005,8585371817.00,3.70,-0.24,-14.38,3.49
2026-05-18,5962.60,6095.33,6120.32,5903.86,1717773,7079686122.00,3.58,0.86,51.72,2.54
2026-05-19,6082.60,6018.92,6135.43,5941.38,1671324,7060119002.00,3.18,-1.25,-76.41,2.47
2026-05-20,5988.93,6072.41,6117.90,5920.41,1781834,6468548678.00,3.28,0.89,53.49,2.63
2026-05-21,6073.94,5900.32,6193.74,5893.33,2020359,7938076750.00,4.95,-2.83,-172.09,2.98
2026-05-22,5945.08,6231.31,6270.55,5929.91,1870947,7972385514.00,5.77,5.61,330.99,2.76
2026-05-25,6268.02,6455.05,6459.16,6268.02,1850919,9316270669.00,3.07,3.59,223.74,2.73
2026-05-26,6401.53,6298.73,6405.83,6192.00,1746928,8316684985.00,3.31,-2.42,-156.32,2.58
2026-05-27,6311.89,6127.68,6334.75,6070.29,1912641,7649134956.00,4.20,-2.72,-171.05,2.82
2026-05-28,6106.83,6375.47,6396.61,6096.05,2032451,7469007740.00,4.90,4.04,247.79,3.00
2026-05-29,6379.63,5975.67,6379.63,5935.70,2497003,8388994856.00,6.96,-6.27,-399.80,3.69
2026-06-01,5972.50,5878.50,6065.29,5871.49,1535799,6375619671.00,3.24,-1.63,-97.17,2.27
2026-06-02,5864.46,5998.34,6041.90,5684.76,1683138,6914019460.00,6.08,2.04,119.84,2.49
2026-06-03,5995.59,6030.89,6104.95,5957.11,1721649,6544006417.00,2.46,0.54,32.55,2.54
2026-06-04,5978.74,6022.51,6047.38,5850.24,1546022,5451040724.00,3.27,-0.14,-8.38,2.28
2026-06-05,5980.35,6241.45,6391.60,5923.87,2725272,10871650456.00,7.77,3.64,218.94,4.02
2026-06-08,6135.71,6048.40,6302.57,5985.75,2717121,9904386578.00,5.08,-3.09,-193.05,4.01
2026-06-09,6203.15,6326.48,6343.69,6077.12,4204918,11827297912.00,4.41,4.60,278.08,6.21
2026-06-10,6258.19,6340.96,6399.01,6247.39,4314840,10822119504.00,2.40,0.23,14.48,6.37
2026-06-11,6267.26,6170.23,6340.65,6100.81,3972299,9608156837.00,3.78,-2.69,-170.73,5.87
2026-06-12,6245.19,6309.03,6468.28,6229.56,3849774,10967718561.00,3.87,2.25,138.80,5.68