2026-01-05,42.42,43.43,43.43,42.13,172011,741169529.00,3.07,2.67,1.13,3.73
2026-01-06,43.57,44.70,44.70,42.93,199076,874673705.00,4.08,2.92,1.27,4.32
2026-01-07,44.47,46.39,46.50,43.88,234304,1065362435.00,5.86,3.78,1.69,5.08
2026-01-08,45.43,45.04,45.72,44.67,189414,855221721.00,2.26,-2.91,-1.35,4.11
2026-01-09,44.55,45.43,45.88,43.92,189577,854549295.00,4.35,0.87,0.39,4.11
2026-01-12,45.27,48.82,49.47,44.22,296657,1393936022.00,11.56,7.46,3.39,6.44
2026-01-13,48.33,45.22,48.50,44.81,248592,1154728810.00,7.56,-7.37,-3.60,5.39
2026-01-14,45.74,44.83,47.37,44.60,226786,1044383690.00,6.13,-0.86,-0.39,4.92
2026-01-15,44.14,44.41,44.58,43.16,154109,676810019.00,3.17,-0.94,-0.42,3.34
2026-01-16,44.32,45.10,45.58,44.23,151028,680562696.00,3.04,1.55,0.69,3.28
2026-01-19,45.03,44.21,45.26,43.95,120357,536092821.00,2.90,-1.97,-0.89,2.61
2026-01-20,44.04,42.31,44.57,41.85,137262,587123353.00,6.15,-4.30,-1.90,2.98
2026-01-21,41.80,42.84,43.13,41.66,95618,409375810.00,3.47,1.25,0.53,2.07
2026-01-22,43.13,42.84,43.51,42.54,70595,303000599.00,2.26,0.00,0.00,1.53
2026-01-23,42.77,42.91,43.07,42.43,103424,443297890.00,1.49,0.16,0.07,2.24
2026-01-26,43.27,41.48,43.90,40.92,126941,533430053.00,6.94,-3.33,-1.43,2.75
2026-01-27,41.49,42.06,42.07,40.12,94909,393112657.00,4.70,1.40,0.58,2.06
2026-01-28,42.02,41.52,42.40,41.22,82223,343427222.00,2.81,-1.28,-0.54,1.78
2026-01-29,41.14,40.30,42.07,40.18,106866,438796609.00,4.55,-2.94,-1.22,2.32
2026-01-30,40.25,40.47,40.80,38.90,86067,344807379.00,4.71,0.42,0.17,1.87
2026-02-02,40.37,40.92,41.73,40.37,87964,363459764.00,3.36,1.11,0.45,1.91
2026-02-03,41.87,43.46,43.56,41.57,161418,691592252.00,4.86,6.21,2.54,3.50
2026-02-04,43.42,44.32,45.02,42.60,186413,819693411.00,5.57,1.98,0.86,4.04
2026-02-05,43.42,42.38,43.81,42.17,99514,425837330.00,3.70,-4.38,-1.94,2.16
2026-02-06,41.80,42.08,43.25,41.43,93545,397705849.00,4.29,-0.71,-0.30,2.03
2026-02-09,42.76,44.20,45.10,42.38,156980,691085928.00,6.46,5.04,2.12,3.41
2026-02-10,44.02,44.30,45.26,43.80,127267,567002333.00,3.30,0.23,0.10,2.76
2026-02-11,43.98,43.22,44.47,43.17,92945,406457910.00,2.93,-2.44,-1.08,2.02
2026-02-12,43.55,45.50,45.56,43.55,168546,757788012.00,4.65,5.28,2.28,3.66
2026-02-13,45.21,44.77,45.85,44.60,131918,596800944.00,2.75,-1.60,-0.73,2.86
2026-02-24,46.42,45.65,47.20,44.50,207790,954339697.00,6.03,1.97,0.88,4.51
2026-02-25,44.52,46.01,46.52,44.50,167419,766854801.00,4.42,0.79,0.36,3.63
2026-02-26,45.72,46.39,46.57,44.77,138745,636157740.00,3.91,0.83,0.38,3.01
2026-02-27,45.92,46.44,47.12,45.32,128919,599810066.00,3.88,0.11,0.05,2.80
2026-03-02,45.03,45.10,46.35,44.93,131307,598191573.00,3.06,-2.89,-1.34,2.85
2026-03-03,45.68,42.98,45.92,42.98,160312,714953126.00,6.52,-4.70,-2.12,3.48
2026-03-04,42.22,42.82,43.79,42.02,97750,420313778.00,4.12,-0.37,-0.16,2.12
2026-03-05,43.80,42.59,44.51,42.32,122581,534435542.00,5.11,-0.54,-0.23,2.66
2026-03-06,42.34,43.43,44.50,41.69,112694,487646756.00,6.60,1.97,0.84,2.44
2026-03-09,42.43,42.28,42.80,40.58,117526,486921759.00,5.11,-2.65,-1.15,2.55
2026-03-10,43.34,44.18,44.30,43.23,115762,509427632.00,2.53,4.49,1.90,2.51
2026-03-11,44.10,43.43,45.02,43.23,98196,433349930.00,4.05,-1.70,-0.75,2.13
2026-03-12,42.94,42.30,44.05,41.85,89964,384320110.00,5.07,-2.60,-1.13,1.95
2026-03-13,41.92,43.11,45.42,41.92,161880,714417551.00,8.27,1.91,0.81,3.51
2026-03-16,42.92,46.29,46.80,41.69,218133,967348665.00,11.85,7.38,3.18,4.73
2026-03-17,45.68,43.52,45.84,43.38,156565,696810317.00,5.31,-5.98,-2.77,3.40
2026-03-18,43.74,44.35,44.62,42.92,95548,419494319.00,3.91,1.91,0.83,2.07
2026-03-19,43.22,43.09,44.34,42.80,93544,405948903.00,3.47,-2.84,-1.26,2.03
2026-03-20,43.67,43.97,46.15,43.28,237296,1069852870.00,6.66,2.04,0.88,5.15
2026-03-23,42.50,40.16,44.12,39.72,199078,834952796.00,10.01,-8.67,-3.81,4.32
2026-03-24,40.94,40.39,41.16,38.86,112705,450374553.00,5.73,0.57,0.23,2.44
2026-03-25,40.94,41.94,42.90,40.94,140274,595253604.00,4.85,3.84,1.55,3.04
2026-03-26,41.95,39.79,42.09,39.62,105676,431027774.00,5.89,-5.13,-2.15,2.29
2026-03-27,38.90,40.13,41.10,38.42,85712,341847998.00,6.74,0.85,0.34,1.86
2026-03-30,39.22,39.32,39.51,38.53,68383,268029785.00,2.44,-2.02,-0.81,1.48
2026-03-31,39.03,37.49,39.26,37.49,82811,318085952.00,4.50,-4.65,-1.83,1.80
2026-04-01,38.61,40.04,40.21,38.56,135342,536463502.00,4.40,6.80,2.55,2.94
2026-04-02,39.52,39.46,40.56,39.10,78905,315051667.00,3.65,-1.45,-0.58,1.71
2026-04-03,39.90,43.15,44.52,39.90,266624,1141711321.00,11.71,9.35,3.69,5.78
2026-04-07,43.24,42.27,43.82,42.13,133930,576113813.00,3.92,-2.04,-0.88,2.91
2026-04-08,43.67,45.12,45.12,43.29,154229,686077999.00,4.33,6.74,2.85,3.35
2026-04-09,44.52,45.96,46.87,44.52,175929,812126880.00,5.21,1.86,0.84,3.82
2026-04-10,46.92,47.62,49.47,46.48,297545,1427719214.00,6.51,3.61,1.66,6.45
2026-04-13,47.12,47.56,48.79,47.02,152792,729923135.00,3.72,-0.13,-0.06,3.31
2026-04-14,47.92,48.42,50.12,46.91,216463,1052011618.00,6.75,1.81,0.86,4.70
2026-04-15,48.42,47.15,48.74,46.65,139588,666845984.00,4.32,-2.62,-1.27,3.03
2026-04-16,47.46,48.15,48.24,46.63,112705,536284927.00,3.41,2.12,1.00,2.44
2026-04-17,47.77,48.86,50.48,47.73,153667,756700874.00,5.71,1.47,0.71,3.33
2026-04-20,49.32,47.84,49.36,47.68,125301,607692789.00,3.44,-2.09,-1.02,2.72
2026-04-21,47.37,49.08,49.46,46.67,149733,721190821.00,5.83,2.59,1.24,3.25
2026-04-22,48.72,50.46,51.52,48.72,177019,890300257.00,5.70,2.81,1.38,3.84
2026-04-23,50.21,47.02,50.23,46.37,211844,1013356575.00,7.65,-6.82,-3.44,4.60
2026-04-24,46.82,46.59,47.50,45.93,115024,536690417.00,3.34,-0.91,-0.43,2.50
2026-04-27,46.62,46.72,47.62,46.32,98306,461419736.00,2.79,0.28,0.13,2.13
2026-04-28,46.42,45.88,47.02,45.05,106351,488371240.00,4.22,-1.80,-0.84,2.31
2026-04-29,46.92,49.35,50.78,45.82,304579,1482388484.00,10.81,7.56,3.47,6.61
2026-04-30,50.83,59.24,59.24,50.32,401628,2198241658.00,18.07,20.04,9.89,8.71
2026-05-06,62.93,62.11,64.72,60.72,407654,2559982108.00,6.75,4.84,2.87,8.84
2026-05-07,62.11,66.61,67.92,60.11,334992,2150805329.00,12.57,7.25,4.50,7.27
2026-05-08,64.42,66.47,68.78,64.42,263686,1761661578.00,6.55,-0.21,-0.14,5.72
2026-05-11,66.72,66.37,67.74,62.42,307076,2008110142.00,8.00,-0.15,-0.10,6.66
2026-05-12,66.37,65.27,66.78,64.29,184206,1202120047.00,3.75,-1.66,-1.10,4.00
2026-05-13,65.32,66.50,67.40,64.02,224064,1480589911.00,5.18,1.88,1.23,4.86
2026-05-14,65.92,64.73,68.70,64.68,203363,1348285627.00,6.05,-2.66,-1.77,4.41
2026-05-15,64.73,63.10,66.22,62.18,200812,1283676042.00,6.24,-2.52,-1.63,4.36
2026-05-18,64.36,68.82,71.25,64.02,297527,2018820202.00,11.46,9.06,5.72,6.45
2026-05-19,68.72,67.62,69.60,64.70,254631,1710229738.00,7.12,-1.74,-1.20,5.52
2026-05-20,68.76,67.75,73.87,67.29,315064,2201145775.00,9.73,0.19,0.13,6.83
2026-05-21,67.73,63.69,68.82,62.92,309413,2052682861.00,8.71,-5.99,-4.06,6.71
2026-05-22,64.90,66.14,67.10,62.61,217536,1419513390.00,7.05,3.85,2.45,4.72
2026-05-25,66.92,68.31,69.19,64.92,243854,1657614978.00,6.46,3.28,2.17,5.29
2026-05-26,69.54,68.52,70.70,66.58,311813,2137926929.00,6.03,0.31,0.21,6.76
2026-05-27,68.22,64.88,69.10,63.93,236181,1557029305.00,7.55,-5.31,-3.64,5.12
2026-05-28,64.92,64.85,66.04,62.85,189257,1219802313.00,4.92,-0.05,-0.03,4.11
2026-05-29,64.83,61.35,67.80,60.76,249031,1568342158.00,10.86,-5.40,-3.50,5.40
2026-06-01,61.15,55.55,61.92,55.43,243896,1407710403.00,10.58,-9.45,-5.80,5.29
2026-06-02,56.46,54.72,57.37,54.63,168714,941450612.00,4.93,-1.49,-0.83,3.66
2026-06-03,55.63,55.31,57.62,54.42,218140,1230653027.00,5.85,1.08,0.59,4.73
2026-06-04,54.28,54.94,55.88,53.75,157287,862709193.00,3.85,-0.67,-0.37,3.41
2026-06-05,55.28,57.32,59.15,53.52,293715,1664682142.00,10.25,4.33,2.38,6.37
2026-06-08,54.94,60.66,61.91,54.60,381592,2259113978.00,12.75,5.83,3.34,8.28
2026-06-09,60.42,61.28,62.80,56.81,344363,2074613958.00,9.87,1.02,0.62,7.47
2026-06-10,59.81,57.65,61.62,56.91,257430,1514180688.00,7.69,-5.92,-3.63,5.58
2026-06-11,56.30,56.42,57.45,54.92,180633,1019794002.00,4.39,-2.13,-1.23,3.92
2026-06-12,57.49,56.62,60.85,56.50,231491,1353428718.00,7.71,0.35,0.20,5.02
2026-06-15,57.22,59.02,59.91,56.92,154410,911422513.00,5.28,4.24,2.40,3.35
2026-06-16,59.15,59.94,61.11,58.79,183806,1101878743.00,3.93,1.56,0.92,3.99
2026-06-17,58.91,60.47,60.92,58.02,180251,1081793707.00,4.84,0.88,0.53,3.91
2026-06-18,61.43,69.01,69.50,61.08,341200,2245481383.00,13.92,14.12,8.54,7.40
2026-06-22,69.01,68.13,69.80,65.03,304409,2059912380.00,6.91,-1.28,-0.88,6.60
2026-06-23,67.39,65.26,67.42,64.32,188513,1238870501.00,4.55,-4.21,-2.87,4.09
2026-06-24,65.10,66.20,66.80,63.15,187428,1225804577.00,5.59,1.44,0.94,4.07
2026-06-25,65.62,64.92,68.09,63.62,222030,1458168884.00,6.75,-1.93,-1.28,4.82
2026-06-26,63.92,65.80,68.04,62.49,239463,1576695819.00,8.55,1.36,0.88,5.19
2026-06-29,65.47,60.42,67.88,58.12,260191,1618105168.00,14.83,-8.18,-5.38,5.64
2026-06-30,61.18,66.12,66.47,59.92,238218,1530964122.00,10.84,9.43,5.70,5.17
2026-07-01,65.92,67.08,69.04,64.93,233152,1567761127.00,6.22,1.45,0.96,5.06
2026-07-02,65.08,65.42,69.04,62.50,212145,1406781453.00,9.75,-2.47,-1.66,4.60
2026-07-03,66.14,71.33,73.90,66.14,363029,2560797991.00,11.86,9.03,5.91,7.88
2026-07-06,70.92,61.62,70.92,61.53,347980,2281583030.00,13.16,-13.61,-9.71,7.55
2026-07-07,62.13,58.41,63.80,57.42,215039,1298794559.00,10.35,-5.21,-3.21,4.66
2026-07-08,58.62,54.22,59.42,53.72,185968,1030860083.00,9.76,-7.17,-4.19,4.03
2026-07-09,54.72,55.97,56.22,52.80,156042,854278211.00,6.31,3.23,1.75,3.39
2026-07-10,56.10,54.58,59.63,54.58,170475,977365526.00,9.02,-2.48,-1.39,3.70
2026-07-13,53.99,50.03,54.51,49.49,146295,758971254.00,9.20,-8.34,-4.55,3.17
2026-07-14,50.87,51.90,52.25,48.91,117393,595056186.00,6.68,3.74,1.87,2.55
2026-07-15,52.00,50.64,52.99,49.49,109020,555895442.00,6.74,-2.43,-1.26,2.36
2026-07-16,49.90,47.57,51.20,46.94,117935,577862506.00,8.41,-6.06,-3.07,2.56
2026-07-17,50.13,47.74,51.65,47.53,213233,1065802431.00,8.66,0.36,0.17,4.66
2026-07-20,48.38,43.54,49.40,42.60,191973,873896293.00,14.24,-8.80,-4.20,4.20
2026-07-21,44.64,47.02,47.29,40.56,187317,833502414.00,15.46,7.99,3.48,4.09
2026-07-22,46.08,44.64,47.18,44.64,157550,721989246.00,5.40,-5.06,-2.38,3.44
2026-07-23,44.60,43.73,45.48,43.25,100703,444420765.00,5.00,-2.04,-0.91,2.20
2026-07-24,42.76,41.91,43.56,41.70,89359,379913854.00,4.25,-4.16,-1.82,1.95
2026-07-27,41.99,43.70,43.85,41.22,83361,356973743.00,6.28,4.27,1.79,1.82
2026-07-28,42.90,41.77,43.91,41.38,79016,337083798.00,5.79,-4.42,-1.93,1.73
2026-07-29,42.20,40.89,42.26,39.61,117856,480053033.00,6.34,-2.11,-0.88,2.58