2026-01-05,5.54,5.55,5.60,5.53,91506,51148046.20,1.26,0.18,0.01,1.65
2026-01-06,5.56,5.61,5.68,5.54,111052,62615490.92,2.52,1.08,0.06,2.00
2026-01-07,5.61,5.54,5.61,5.52,94363,52631817.57,1.60,-1.25,-0.07,1.70
2026-01-08,5.54,5.59,5.62,5.52,82955,46507490.00,1.81,0.90,0.05,1.49
2026-01-09,5.59,5.61,5.62,5.56,92871,52118023.00,1.07,0.36,0.02,1.67
2026-01-12,5.61,5.65,5.67,5.59,105143,59343620.12,1.43,0.71,0.04,1.89
2026-01-13,5.65,5.61,5.68,5.58,136342,77128494.80,1.77,-0.71,-0.04,2.45
2026-01-14,5.60,5.56,5.65,5.51,143080,80405121.89,2.50,-0.89,-0.05,2.57
2026-01-15,5.56,5.57,5.60,5.53,72453,40448422.00,1.26,0.18,0.01,1.30
2026-01-16,5.59,5.59,5.60,5.54,79968,44759702.00,1.08,0.36,0.02,1.44
2026-01-19,5.58,5.70,5.70,5.56,130939,74293158.53,2.50,1.97,0.11,2.36
2026-01-20,5.70,5.68,5.72,5.64,78985,45013665.91,1.40,-0.35,-0.02,1.42
2026-01-21,5.65,5.78,5.78,5.64,110456,63634704.50,2.46,1.76,0.10,1.99
2026-01-22,5.77,5.86,5.87,5.71,107103,62685806.43,2.77,1.38,0.08,1.93
2026-01-23,5.87,5.85,5.88,5.82,77726,45556030.08,1.02,-0.17,-0.01,1.40
2026-01-26,5.85,5.85,5.89,5.77,104300,61035286.44,2.05,0.00,0.00,1.88
2026-01-27,5.82,5.78,5.85,5.66,114900,66396873.00,3.25,-1.20,-0.07,2.07
2026-01-28,5.78,5.73,5.82,5.71,95913,55377686.34,1.90,-0.87,-0.05,1.73
2026-01-29,5.73,5.79,5.86,5.72,126141,73610274.38,2.44,1.05,0.06,2.27
2026-01-30,5.79,5.91,5.94,5.76,175982,103782696.80,3.11,2.07,0.12,3.17
2026-02-02,5.88,5.80,5.96,5.78,134190,79346546.12,3.05,-1.86,-0.11,2.41
2026-02-03,5.85,5.95,5.96,5.81,126442,74807040.94,2.59,2.59,0.15,2.28
2026-02-04,5.98,5.99,6.03,5.93,125578,75383713.02,1.68,0.67,0.04,2.26
2026-02-05,5.98,5.92,6.02,5.92,108329,64874682.55,1.67,-1.17,-0.07,1.95
2026-02-06,5.91,5.92,6.04,5.90,114269,68510532.60,2.36,0.00,0.00,2.06
2026-02-09,5.97,6.07,6.12,5.97,162079,98472069.40,2.53,2.53,0.15,2.92
2026-02-10,6.07,6.08,6.13,6.05,124919,76411338.98,1.32,0.16,0.01,2.25
2026-02-11,6.08,6.07,6.11,6.03,78058,47515166.84,1.32,-0.16,-0.01,1.40
2026-02-12,6.08,5.97,6.08,5.94,105666,63488624.00,2.31,-1.65,-0.10,1.90
2026-02-13,5.95,5.90,5.99,5.89,104700,62380474.56,1.68,-1.17,-0.07,1.88
2026-02-24,5.95,6.01,6.04,5.93,97712,58791871.96,1.86,1.86,0.11,1.76
2026-02-25,6.02,5.99,6.10,5.96,108069,65407199.84,2.33,-0.33,-0.02,1.94
2026-02-26,5.99,6.00,6.01,5.94,85055,50991111.00,1.17,0.17,0.01,1.53
2026-02-27,5.98,6.09,6.09,5.93,112635,68191061.00,2.67,1.50,0.09,2.03
2026-03-02,6.04,5.89,6.06,5.79,193301,114552250.00,4.43,-3.28,-0.20,3.48
2026-03-03,5.89,5.80,5.94,5.79,134877,79533683.70,2.55,-1.53,-0.09,2.43
2026-03-04,5.73,5.71,5.79,5.62,142052,81370069.00,2.93,-1.55,-0.09,2.56
2026-03-05,5.84,5.84,5.93,5.81,120883,71200814.50,2.10,2.28,0.13,2.18
2026-03-06,5.83,6.30,6.43,5.82,802878,510174317.17,10.45,7.88,0.46,14.45
2026-03-09,6.37,6.24,6.41,6.15,721431,451874859.83,4.13,-0.95,-0.06,12.98
2026-03-10,6.24,6.28,6.33,6.20,346738,217595521.66,2.08,0.64,0.04,6.24
2026-03-11,6.31,6.28,6.32,6.23,260070,163564816.68,1.43,0.00,0.00,4.68
2026-03-12,6.28,6.18,6.28,6.15,231006,143670091.10,2.07,-1.59,-0.10,4.16
2026-03-13,6.20,6.08,6.24,6.05,204658,126420919.00,3.07,-1.62,-0.10,3.68
2026-03-16,6.06,6.03,6.13,5.98,163292,98807431.00,2.47,-0.82,-0.05,2.94
2026-03-17,6.04,5.90,6.07,5.88,136445,81945578.00,3.15,-2.16,-0.13,2.46
2026-03-18,5.92,5.94,5.94,5.80,146438,86113285.84,2.37,0.68,0.04,2.64
2026-03-19,5.86,5.74,5.90,5.70,135148,78536688.91,3.37,-3.37,-0.20,2.43
2026-03-20,5.77,5.55,5.80,5.54,159441,89855102.00,4.53,-3.31,-0.19,2.87
2026-03-23,5.49,5.18,5.49,5.13,220343,117582244.15,6.49,-6.67,-0.37,3.97
2026-03-24,5.29,5.42,5.44,5.19,169230,90354566.00,4.83,4.63,0.24,3.05
2026-03-25,5.48,5.58,5.59,5.41,146885,81454339.00,3.32,2.95,0.16,2.64
2026-03-26,5.56,5.50,5.64,5.43,102221,56581501.60,3.76,-1.43,-0.08,1.84
2026-03-27,5.42,5.58,5.60,5.38,103515,57522531.60,4.00,1.45,0.08,1.86
2026-03-30,5.48,5.69,5.70,5.46,112407,63437244.64,4.30,1.97,0.11,2.02
2026-03-31,5.73,5.69,5.91,5.67,179772,104654268.60,4.22,0.00,0.00,3.24
2026-04-01,5.75,5.68,5.81,5.64,112711,64440111.75,2.99,-0.18,-0.01,2.03
2026-04-02,5.66,5.55,5.71,5.49,109276,61247015.00,3.87,-2.29,-0.13,1.97
2026-04-03,5.58,5.26,5.60,5.25,142321,76362121.01,6.31,-5.23,-0.29,2.56
2026-04-07,5.26,5.47,5.49,5.25,117326,63821085.41,4.56,3.99,0.21,2.11
2026-04-08,5.55,5.65,5.66,5.53,115373,64929506.20,2.38,3.29,0.18,2.08
2026-04-09,5.61,5.60,5.66,5.57,96740,54524445.00,1.59,-0.88,-0.05,1.74
2026-04-10,5.64,5.69,5.78,5.62,94664,54354149.00,2.86,1.61,0.09,1.70
2026-04-13,5.68,5.72,5.73,5.63,76372,43533713.00,1.76,0.53,0.03,1.37
2026-04-14,5.80,5.77,5.89,5.70,140388,81094396.00,3.32,0.87,0.05,2.53
2026-04-15,6.25,6.11,6.35,6.05,805269,503127897.44,5.20,5.89,0.34,14.49
2026-04-16,6.17,6.72,6.72,6.08,599122,387829439.83,10.47,9.98,0.61,10.78
2026-04-17,6.74,6.59,6.86,6.33,1169933,767865068.93,7.89,-1.93,-0.13,21.05
2026-04-20,6.60,6.68,6.70,6.49,675183,446922839.80,3.19,1.37,0.09,12.15
2026-04-21,6.67,6.66,6.90,6.59,473393,318642056.78,4.64,-0.30,-0.02,8.52
2026-04-22,6.62,6.75,6.77,6.58,438544,294563607.20,2.85,1.35,0.09,7.89
2026-04-23,6.75,6.78,6.93,6.71,494404,337799219.64,3.26,0.44,0.03,8.90
2026-04-24,6.68,6.68,6.88,6.62,346909,233635302.24,3.83,-1.47,-0.10,6.24
2026-04-27,6.64,6.68,6.71,6.52,333365,221732952.30,2.84,0.00,0.00,6.00
2026-04-28,6.68,6.48,6.69,6.45,351407,228989043.48,3.59,-2.99,-0.20,6.32
2026-04-29,6.48,6.49,6.55,6.44,267391,174513741.26,1.70,0.15,0.01,4.81
2026-04-30,6.47,6.40,6.53,6.38,203505,131315564.00,2.31,-1.39,-0.09,3.66
2026-05-06,6.46,6.52,6.53,6.33,227244,146618652.51,3.13,1.88,0.12,4.09
2026-05-07,6.50,6.55,6.69,6.43,234023,153869970.70,3.99,0.46,0.03,4.21
2026-05-08,6.54,6.66,6.66,6.51,224309,148888649.00,2.29,1.68,0.11,4.04
2026-05-11,6.78,6.81,6.84,6.67,279722,189527740.81,2.55,2.25,0.15,5.03
2026-05-12,6.78,6.67,6.81,6.62,252314,169572398.68,2.79,-2.06,-0.14,4.54
2026-05-13,6.66,6.67,6.72,6.56,196700,131370058.36,2.40,0.00,0.00,3.54
2026-05-14,6.67,6.48,6.70,6.47,179299,117919445.84,3.45,-2.85,-0.19,3.23
2026-05-15,6.49,6.45,6.56,6.39,162354,105185148.00,2.62,-0.46,-0.03,2.92
2026-05-18,6.46,6.32,6.49,6.20,175269,110416441.00,4.50,-2.02,-0.13,3.15
2026-05-19,6.32,6.33,6.34,6.19,144810,91211796.00,2.37,0.16,0.01,2.61
2026-05-20,6.33,6.21,6.33,6.09,148969,91931292.30,3.79,-1.90,-0.12,2.68
2026-05-21,6.21,6.03,6.33,5.99,181070,112141389.47,5.48,-2.90,-0.18,3.26
2026-05-22,6.11,6.13,6.16,5.96,153548,93104925.80,3.32,1.66,0.10,2.76
2026-05-25,6.13,5.91,6.17,5.88,187108,111559312.78,4.73,-3.59,-0.22,3.37
2026-05-26,5.92,5.70,5.94,5.63,183727,105307550.46,5.25,-3.55,-0.21,3.31
2026-05-27,5.70,5.57,5.79,5.49,167748,93966877.00,5.26,-2.28,-0.13,3.02
2026-05-28,5.55,5.66,5.68,5.51,145249,81511088.08,3.05,1.62,0.09,2.61
2026-05-29,5.68,5.54,5.73,5.49,130767,73117812.70,4.24,-2.12,-0.12,2.35
2026-06-01,5.50,5.66,5.68,5.45,141238,79305307.90,4.15,2.17,0.12,2.54
2026-06-02,5.66,5.56,5.72,5.53,151018,84403712.00,3.36,-1.77,-0.10,2.72
2026-06-03,5.56,5.60,5.63,5.50,118528,65968185.20,2.34,0.72,0.04,2.13
2026-06-04,5.55,5.50,5.63,5.42,117226,64387450.00,3.75,-1.79,-0.10,2.11
2026-06-05,5.49,5.52,5.63,5.39,119203,65807022.43,4.36,0.36,0.02,2.15
2026-06-08,5.43,5.35,5.54,5.26,112109,60595895.00,5.07,-3.08,-0.17,2.02
2026-06-09,5.33,5.34,5.52,5.27,101579,54179960.00,4.67,-0.19,-0.01,1.83
2026-06-10,5.31,5.20,5.34,5.10,129900,67317547.52,4.49,-2.62,-0.14,2.34
2026-06-11,5.15,5.11,5.21,5.03,103848,52896403.70,3.46,-1.73,-0.09,1.87
2026-06-12,5.13,5.20,5.26,5.06,134738,69925390.50,3.91,1.76,0.09,2.42