2026-01-05,18.68,19.24,19.33,18.68,55158,106782307.00,3.49,3.44,0.64,2.07
2026-01-06,19.24,19.32,19.47,19.13,54924,107270793.00,1.77,0.42,0.08,2.06
2026-01-07,19.43,19.66,19.84,19.31,67968,135065348.00,2.74,1.76,0.34,2.55
2026-01-08,19.62,19.67,19.89,19.47,50278,100016677.00,2.14,0.05,0.01,1.89
2026-01-09,19.66,19.92,20.01,19.56,67673,135724159.00,2.29,1.27,0.25,2.54
2026-01-12,20.30,20.35,20.38,19.73,76040,154200071.00,3.26,2.16,0.43,2.86
2026-01-13,20.50,21.57,22.39,20.00,173518,369762204.00,11.74,6.00,1.22,6.52
2026-01-14,21.20,21.34,21.99,20.89,161650,350198696.00,5.10,-1.07,-0.23,6.07
2026-01-15,21.07,22.84,23.30,20.92,185807,415660078.00,11.15,7.03,1.50,6.98
2026-01-16,24.89,24.70,27.45,24.69,437598,1172476044.00,12.08,8.14,1.86,16.43
2026-01-19,22.98,25.80,26.36,22.98,333129,844852576.00,13.68,4.45,1.10,12.51
2026-01-20,24.80,23.97,25.41,23.97,249236,617154935.00,5.58,-7.09,-1.83,9.36
2026-01-21,23.94,23.05,23.97,22.80,173678,404916625.00,4.88,-3.84,-0.92,6.52
2026-01-22,23.04,23.31,23.62,22.58,144394,335526467.00,4.51,1.13,0.26,5.42
2026-01-23,23.06,23.60,23.96,23.00,124728,296520323.00,4.12,1.24,0.29,4.68
2026-01-26,23.53,23.04,24.14,22.95,124753,296643215.00,5.04,-2.37,-0.56,4.68
2026-01-27,23.02,22.87,23.08,21.98,113800,259234802.00,4.77,-0.74,-0.17,4.27
2026-01-28,22.85,22.68,23.33,22.55,78334,180891247.00,3.41,-0.83,-0.19,2.94
2026-01-29,22.49,22.22,22.74,21.98,65551,147698420.00,3.35,-2.03,-0.46,2.46
2026-01-30,22.02,22.13,22.28,21.32,77008,169552221.00,4.32,-0.41,-0.09,2.89
2026-02-02,22.30,22.32,22.98,22.30,123964,283342293.00,3.07,0.86,0.19,4.65
2026-02-03,22.49,22.45,22.66,22.14,96486,217729890.00,2.33,0.58,0.13,3.62
2026-02-04,22.37,22.37,22.89,22.10,65354,148281698.00,3.52,-0.36,-0.08,2.45
2026-02-05,22.14,21.69,22.26,21.50,66946,147044838.00,3.40,-3.04,-0.68,2.51
2026-02-06,21.49,21.85,22.33,21.42,51158,113611248.00,4.20,0.74,0.16,1.92
2026-02-09,22.08,22.17,22.29,21.91,33540,74686567.00,1.74,1.46,0.32,1.26
2026-02-10,22.15,21.91,22.35,21.87,38430,85563083.00,2.17,-1.17,-0.26,1.44
2026-02-11,21.80,21.91,22.15,21.78,30033,66542646.00,1.69,0.00,0.00,1.13
2026-02-12,21.90,22.47,22.80,21.84,74797,169613544.00,4.38,2.56,0.56,2.81
2026-02-13,22.33,22.13,22.60,21.96,46929,105546462.00,2.85,-1.51,-0.34,1.76
2026-02-24,22.38,22.88,22.93,22.10,70989,163244236.00,3.75,3.39,0.75,2.67
2026-02-25,22.79,22.86,22.93,22.57,66940,153371371.00,1.57,-0.09,-0.02,2.51
2026-02-26,22.80,23.28,23.30,22.54,96234,224506301.00,3.32,1.84,0.42,3.61
2026-02-27,23.05,23.24,23.24,22.86,65290,151735448.00,1.63,-0.17,-0.04,2.45
2026-03-02,22.77,23.00,23.60,22.69,72246,167941707.00,3.92,-1.03,-0.24,2.71
2026-03-03,22.93,22.21,23.37,22.17,91231,209777181.00,5.22,-3.43,-0.79,3.43
2026-03-04,21.80,24.01,24.28,21.65,197197,465457718.00,11.84,8.10,1.80,7.40
2026-03-05,24.00,24.54,25.79,24.00,262284,655252225.00,7.46,2.21,0.53,9.85
2026-03-06,24.55,24.64,25.23,24.15,180438,451685289.00,4.40,0.41,0.10,6.78
2026-03-09,24.11,25.75,26.01,24.00,215514,548568847.00,8.16,4.50,1.11,8.09
2026-03-10,25.28,25.92,25.95,24.75,167048,424028415.00,4.66,0.66,0.17,6.27
2026-03-11,25.65,24.76,25.65,24.63,134923,340689842.00,3.94,-4.48,-1.16,5.07
2026-03-12,24.90,24.26,24.97,24.04,98590,242532678.00,3.76,-2.02,-0.50,3.70
2026-03-13,24.23,23.40,24.23,23.21,80859,192506313.00,4.20,-3.54,-0.86,3.04
2026-03-16,23.58,23.10,23.79,22.60,69993,162686609.00,5.09,-1.28,-0.30,2.63
2026-03-17,23.06,22.30,23.24,22.27,62635,143517388.00,4.20,-3.46,-0.80,2.35
2026-03-18,22.41,22.63,22.89,22.07,54740,124146631.00,3.68,1.48,0.33,2.06
2026-03-19,22.25,21.97,22.54,21.88,47542,106536206.00,2.92,-2.92,-0.66,1.79
2026-03-20,22.02,21.50,22.45,21.41,55797,123152568.00,4.73,-2.14,-0.47,2.10
2026-03-23,21.03,20.30,21.60,20.18,63815,134405528.00,6.60,-5.58,-1.20,2.40
2026-03-24,20.89,21.10,21.13,20.32,68563,143785954.00,3.99,3.94,0.80,2.57
2026-03-25,21.12,21.11,21.50,20.96,55123,118230322.00,2.56,0.05,0.01,2.07
2026-03-26,21.00,20.78,21.56,20.68,52481,111792723.00,4.17,-1.56,-0.33,1.97
2026-03-27,20.50,21.06,21.16,20.31,38097,80582536.00,4.09,1.35,0.28,1.43
2026-03-30,20.80,20.83,21.02,20.37,40096,83655354.00,3.09,-1.09,-0.23,1.51
2026-03-31,20.86,20.88,21.48,20.65,52159,110862328.00,3.98,0.24,0.05,1.96
2026-04-01,21.28,21.55,21.68,21.08,51966,112334781.00,2.87,3.21,0.67,1.95
2026-04-02,21.55,21.45,21.89,21.02,53661,115734354.00,4.04,-0.46,-0.10,2.01
2026-04-03,21.44,22.33,22.55,21.11,84975,188693162.00,6.71,4.10,0.88,3.19
2026-04-07,22.38,22.51,23.15,22.04,94564,216291377.00,4.97,0.81,0.18,3.55
2026-04-08,22.90,23.24,23.33,22.51,95780,222539153.00,3.64,3.24,0.73,3.60
2026-04-09,22.95,22.98,23.28,22.80,59493,138048652.00,2.07,-1.12,-0.26,2.23
2026-04-10,23.07,23.20,23.41,23.01,53829,125860632.00,1.74,0.96,0.22,2.02
2026-04-13,23.20,23.02,23.25,22.84,40069,93012946.00,1.77,-0.78,-0.18,1.50
2026-04-14,23.20,22.76,23.20,22.50,59558,136818934.00,3.04,-1.13,-0.26,2.24
2026-04-15,22.92,22.71,23.15,22.68,44839,103654025.00,2.07,-0.22,-0.05,1.68
2026-04-16,22.78,22.92,22.92,22.35,37191,85149739.00,2.51,0.92,0.21,1.40
2026-04-17,22.81,22.19,22.89,22.12,59474,134176780.00,3.36,-3.18,-0.73,2.23
2026-04-20,22.22,22.57,22.65,22.12,44137,99996392.00,2.39,1.71,0.38,1.66
2026-04-21,22.52,22.10,22.53,22.03,33597,75055701.00,2.22,-2.08,-0.47,1.26
2026-04-22,21.94,22.16,22.25,21.88,28119,62668350.00,1.67,0.27,0.06,1.06
2026-04-23,22.15,21.84,22.36,21.56,34831,76823278.00,3.61,-1.44,-0.32,1.31
2026-04-24,21.70,21.62,21.80,21.25,31781,68945183.00,2.52,-1.01,-0.22,1.19
2026-04-27,21.60,21.19,21.83,21.15,38841,83759654.00,3.15,-1.99,-0.43,1.46
2026-04-28,20.44,18.51,20.44,18.35,122645,234432014.00,9.86,-12.65,-2.68,4.61
2026-04-29,18.30,18.31,18.55,18.21,64668,119733376.00,1.84,-1.08,-0.20,2.43
2026-04-30,18.31,18.04,18.31,17.91,52035,95006710.00,2.18,-1.47,-0.27,1.95
2026-05-06,18.28,18.35,18.52,18.16,53367,98988564.00,2.00,1.72,0.31,2.00
2026-05-07,18.46,18.83,18.90,18.32,62264,117308741.00,3.16,2.62,0.48,2.34
2026-05-08,18.81,18.69,18.83,18.40,46166,86649170.00,2.28,-0.74,-0.14,1.73
2026-05-11,18.90,18.59,18.92,18.55,46268,87472393.00,1.98,-0.54,-0.10,1.74
2026-05-12,18.63,18.67,18.84,18.40,46734,88122168.00,2.37,0.43,0.08,1.75
2026-05-13,18.65,19.16,19.49,18.57,68139,131829268.00,4.93,2.62,0.49,2.56
2026-05-14,19.59,18.35,19.65,18.33,59939,113462713.00,6.89,-4.23,-0.81,2.25
2026-05-15,18.35,18.17,18.55,17.96,40377,74254889.00,3.22,-0.98,-0.18,1.52
2026-05-18,18.15,18.58,18.59,17.91,29674,54804676.00,3.74,2.26,0.41,1.11
2026-05-19,18.41,18.83,18.86,18.40,40877,77143348.00,2.48,1.35,0.25,1.53
2026-05-20,18.93,18.55,19.29,18.30,45159,85202818.00,5.26,-1.49,-0.28,1.70
2026-05-21,18.54,17.75,18.86,17.72,46629,86659129.00,6.15,-4.31,-0.80,1.75
2026-05-22,17.98,18.09,18.25,17.68,32045,58323649.00,3.21,1.92,0.34,1.20
2026-05-25,18.12,18.12,18.50,17.92,27298,50095694.00,3.21,0.17,0.03,1.02
2026-05-26,18.09,17.41,18.14,17.17,44414,78578250.00,5.35,-3.92,-0.71,1.67
2026-05-27,17.28,17.11,17.59,16.98,35410,61629745.00,3.50,-1.72,-0.30,1.33
2026-05-28,17.02,17.34,17.46,16.93,34440,60045217.00,3.10,1.34,0.23,1.29
2026-05-29,17.34,16.70,17.49,16.64,41431,70960185.00,4.90,-3.69,-0.64,1.56
2026-06-01,16.79,16.98,17.28,16.69,30557,52760618.00,3.53,1.68,0.28,1.15
2026-06-02,16.96,16.32,17.09,16.17,37485,62173209.00,5.42,-3.89,-0.66,1.41
2026-06-03,16.39,15.96,16.40,15.79,36569,59590821.00,3.74,-2.21,-0.36,1.37
2026-06-04,15.83,15.76,15.98,15.57,30629,48838475.00,2.57,-1.25,-0.20,1.15
2026-06-05,15.80,15.86,16.13,15.25,38496,61244498.00,5.58,0.63,0.10,1.45
2026-06-08,15.70,15.16,16.27,14.95,46199,72255506.00,8.32,-4.41,-0.70,1.73
2026-06-09,15.47,15.25,15.47,15.07,27096,41782532.00,2.64,0.59,0.09,1.02
2026-06-10,15.09,14.94,15.28,14.73,33443,50631240.00,3.61,-2.03,-0.31,1.26
2026-06-11,14.79,14.89,14.93,14.53,25528,38117484.00,2.68,-0.33,-0.05,0.96
2026-06-12,15.04,15.16,15.37,15.02,25267,38400861.00,2.35,1.81,0.27,0.95
2026-06-15,15.28,15.56,15.64,15.28,27832,43196829.00,2.37,2.64,0.40,1.05
2026-06-16,15.50,15.64,15.82,15.23,28478,44248482.00,3.79,0.51,0.08,1.07
2026-06-17,15.53,15.24,15.58,15.11,29445,44930600.00,3.01,-2.56,-0.40,1.11
2026-06-18,15.33,15.03,15.34,14.98,24086,36401366.00,2.36,-1.38,-0.21,0.90
2026-06-22,14.99,18.04,18.04,14.88,179244,307607862.00,21.02,20.03,3.01,6.73
2026-06-23,17.74,17.41,18.53,17.23,161671,286148729.00,7.21,-3.49,-0.63,6.07
2026-06-24,17.25,17.01,17.50,16.60,98811,167448169.00,5.17,-2.30,-0.40,3.71
2026-06-25,17.02,16.95,17.73,16.83,85770,146911575.00,5.29,-0.35,-0.06,3.22
2026-06-26,16.81,15.88,17.22,15.74,79868,130973444.18,8.73,-6.31,-1.07,3.00