2026-01-05,12.69,12.92,13.60,11.50,1714839,2114597805.62,16.96,4.36,0.54,21.35
2026-01-06,12.51,12.92,13.50,12.51,1242584,1613528451.95,7.66,0.00,0.00,15.47
2026-01-07,13.45,13.18,13.83,13.02,1209266,1626374104.22,6.27,2.01,0.26,15.06
2026-01-08,12.85,13.29,13.67,12.85,911978,1217773652.53,6.22,0.83,0.11,11.36
2026-01-09,13.23,13.98,14.29,12.85,1207299,1627819250.66,10.84,5.19,0.69,15.03
2026-01-12,13.98,13.65,14.33,13.53,1013005,1400270936.48,5.72,-2.36,-0.33,12.61
2026-01-13,13.50,12.90,13.79,12.88,718718,949520678.76,6.67,-5.49,-0.75,8.95
2026-01-14,12.90,12.61,13.06,12.44,617553,789757892.38,4.81,-2.25,-0.29,7.69
2026-01-15,12.39,12.85,13.08,12.37,635393,812008976.58,5.63,1.90,0.24,7.91
2026-01-16,12.99,14.14,14.14,12.97,1087191,1498763683.04,9.11,10.04,1.29,13.54
2026-01-19,14.39,14.45,14.80,13.88,1148526,1658313285.86,6.51,2.19,0.31,14.30
2026-01-20,14.51,15.90,15.90,14.46,740876,1150982688.78,9.97,10.03,1.45,9.23
2026-01-21,15.10,15.85,16.72,14.92,1411977,2266173029.80,11.32,-0.31,-0.05,17.58
2026-01-22,16.10,15.47,16.55,15.26,944612,1481007639.74,8.14,-2.40,-0.38,11.76
2026-01-23,15.40,14.96,15.44,14.75,787556,1174334739.00,4.46,-3.30,-0.51,9.81
2026-01-26,15.04,14.73,15.30,14.61,537155,800429610.40,4.61,-1.54,-0.23,6.69
2026-01-27,14.57,14.48,14.76,14.07,498005,717930067.25,4.68,-1.70,-0.25,6.20
2026-01-28,14.70,14.72,15.37,14.64,773773,1156530512.14,5.04,1.66,0.24,9.64
2026-01-29,14.74,13.97,14.74,13.94,622943,885562956.68,5.43,-5.10,-0.75,7.76
2026-01-30,13.95,13.94,14.34,13.30,618478,855421842.80,7.44,-0.21,-0.03,7.70
2026-02-02,13.47,13.21,13.66,13.20,406210,543429234.45,3.30,-5.24,-0.73,5.06
2026-02-03,13.63,13.65,13.73,13.35,309917,419961101.91,2.88,3.33,0.44,3.86
2026-02-04,13.60,13.72,13.81,13.44,336628,459218358.02,2.71,0.51,0.07,4.19
2026-02-05,13.50,14.08,14.75,13.34,610025,858542278.84,10.28,2.62,0.36,7.60
2026-02-06,13.70,14.65,15.13,13.51,638128,920816532.82,11.51,4.05,0.57,7.95
2026-02-09,14.66,14.40,14.75,14.26,468133,676132867.95,3.34,-1.71,-0.25,5.83
2026-02-10,14.40,14.03,14.49,14.01,296833,420633502.63,3.33,-2.57,-0.37,3.70
2026-02-11,14.08,14.16,14.99,14.04,406054,586527787.38,6.77,0.93,0.13,5.06
2026-02-12,14.16,15.58,15.58,14.10,684042,1012990093.93,10.45,10.03,1.42,8.52
2026-02-13,15.43,15.56,15.94,15.16,651458,1014086665.51,5.01,-0.13,-0.02,8.11
2026-02-24,15.70,16.52,17.08,15.45,801195,1307494817.92,10.48,6.17,0.96,9.98
2026-02-25,16.03,15.64,16.17,15.45,709292,1118639037.30,4.36,-5.33,-0.88,8.83
2026-02-26,15.69,15.43,15.96,15.26,469310,727981946.40,4.48,-1.34,-0.21,5.84
2026-02-27,15.60,15.56,15.72,15.25,327623,507855282.76,3.05,0.84,0.13,4.08
2026-03-02,15.25,15.35,15.66,15.15,355055,544877302.86,3.28,-1.35,-0.21,4.42
2026-03-03,15.35,14.71,15.78,14.70,422886,639638994.01,7.04,-4.17,-0.64,5.27
2026-03-04,14.70,14.97,15.28,14.70,321539,482670927.42,3.94,1.77,0.26,4.00
2026-03-05,15.50,15.05,15.56,14.88,338231,513442778.50,4.54,0.53,0.08,4.21
2026-03-06,15.20,15.82,16.19,15.11,627587,991407759.90,7.18,5.12,0.77,7.81
2026-03-09,15.10,15.87,16.65,14.43,708936,1103458569.33,14.03,0.32,0.05,8.83
2026-03-10,16.10,15.97,16.44,15.86,479882,771673268.40,3.65,0.63,0.10,5.98
2026-03-11,16.01,16.18,16.34,15.86,468837,755767722.00,3.01,1.31,0.21,5.84
2026-03-12,16.40,15.88,16.40,15.66,389812,620324685.25,4.57,-1.85,-0.30,4.85
2026-03-13,15.80,15.54,16.35,15.52,491013,780566909.61,5.23,-2.14,-0.34,6.11
2026-03-16,15.30,15.80,16.10,15.14,499413,783815818.80,6.18,1.67,0.26,6.22
2026-03-17,15.72,15.60,16.58,15.55,574628,920844141.90,6.52,-1.27,-0.20,7.16
2026-03-18,15.85,16.08,16.19,15.29,589250,934637635.42,5.77,3.08,0.48,7.34
2026-03-19,15.70,15.46,15.95,15.15,500127,776224709.90,4.98,-3.86,-0.62,6.23
2026-03-20,15.60,13.91,15.70,13.91,670236,972656014.93,11.58,-10.03,-1.55,8.35
2026-03-23,13.00,12.52,13.30,12.52,455817,586021062.18,5.61,-9.99,-1.39,5.68
2026-03-24,12.65,12.90,12.95,12.25,400702,505305041.57,5.59,3.04,0.38,4.99
2026-03-25,12.92,13.02,13.28,12.83,384125,501689841.58,3.49,0.93,0.12,4.78
2026-03-26,12.86,12.47,12.87,12.41,304845,384627029.07,3.53,-4.22,-0.55,3.80
2026-03-27,12.13,12.59,12.69,12.05,255904,317960148.98,5.13,0.96,0.12,3.19
2026-03-30,12.29,12.35,12.40,12.09,236298,289891355.26,2.46,-1.91,-0.24,2.94
2026-03-31,12.30,12.12,12.94,11.62,564065,689833270.80,10.69,-1.86,-0.23,7.02
2026-04-01,12.35,11.90,12.45,11.79,387401,465214484.00,5.45,-1.82,-0.22,4.82
2026-04-02,12.01,11.50,12.03,11.46,274806,321299798.70,4.79,-3.36,-0.40,3.42
2026-04-03,11.55,11.38,11.59,11.11,257256,291719750.12,4.17,-1.04,-0.12,3.20
2026-04-07,11.35,11.19,11.45,11.15,176086,198341452.20,2.64,-1.67,-0.19,2.19
2026-04-08,11.48,11.91,11.96,11.32,335392,395832646.80,5.72,6.43,0.72,4.18
2026-04-09,11.87,11.90,12.07,11.60,243002,287466525.00,3.95,-0.08,-0.01,3.03
2026-04-10,12.15,11.98,12.27,11.98,217979,263875012.00,2.44,0.67,0.08,2.71
2026-04-13,11.90,12.07,12.10,11.83,174463,209232777.00,2.25,0.75,0.09,2.17
2026-04-14,12.30,12.54,13.07,12.13,454846,567410384.98,7.79,3.89,0.47,5.66
2026-04-15,12.40,12.27,12.68,12.22,273819,339593099.00,3.67,-2.15,-0.27,3.41
2026-04-16,12.20,12.36,12.48,12.10,232956,286728213.48,3.10,0.73,0.09,2.90
2026-04-17,12.48,12.71,12.92,12.28,435803,549200598.66,5.18,2.83,0.35,5.43
2026-04-20,12.50,12.38,12.64,12.34,310246,386686053.00,2.36,-2.60,-0.33,3.86
2026-04-21,12.50,12.70,12.78,12.20,325186,408414391.91,4.68,2.58,0.32,4.05
2026-04-22,12.68,12.93,12.98,12.56,246583,316367524.76,3.31,1.81,0.23,3.07
2026-04-23,12.95,12.51,12.99,12.46,228053,286915055.58,4.10,-3.25,-0.42,2.84
2026-04-24,12.50,12.57,12.74,12.39,197272,248261077.05,2.80,0.48,0.06,2.46
2026-04-27,12.54,12.61,12.74,12.31,158559,198945798.00,3.42,0.32,0.04,1.97
2026-04-28,12.72,12.79,13.08,12.65,266730,343200564.06,3.41,1.43,0.18,3.32
2026-04-29,12.66,12.98,13.04,12.60,232446,301051046.77,3.44,1.49,0.19,2.89
2026-04-30,13.03,13.74,14.26,12.85,622807,840105796.87,10.86,5.86,0.76,7.76
2026-05-06,13.74,13.92,14.20,13.50,550115,767687512.02,5.09,1.31,0.18,6.85
2026-05-07,13.93,14.64,14.97,13.89,544494,789939256.78,7.76,5.17,0.72,6.78
2026-05-08,14.38,14.13,14.47,14.08,346912,493242200.40,2.66,-3.48,-0.51,4.32
2026-05-11,14.42,14.87,15.54,14.42,752878,1135214711.36,7.93,5.24,0.74,9.37
2026-05-12,15.33,16.36,16.36,14.73,865697,1349020965.16,10.96,10.02,1.49,10.78
2026-05-13,16.36,18.00,18.00,16.36,989958,1729613700.04,10.02,10.02,1.64,12.33
2026-05-14,19.01,19.80,19.80,18.80,966667,1888266180.54,5.56,10.00,1.80,12.04
2026-05-15,19.61,20.76,21.75,18.71,1605125,3244473547.96,15.35,4.85,0.96,19.99
2026-05-18,22.84,22.84,22.84,22.84,62938,143750871.64,0.00,10.02,2.08,0.78
2026-05-19,23.50,25.12,25.12,23.20,1898122,4659489087.30,8.41,9.98,2.28,23.64
2026-05-20,24.03,25.88,26.36,23.59,1796060,4502729094.91,11.03,3.03,0.76,22.36
2026-05-21,25.50,23.29,25.90,23.29,1354468,3273717079.48,10.09,-10.01,-2.59,16.87
2026-05-22,22.44,21.67,23.65,21.03,1738085,3832062314.81,11.25,-6.96,-1.62,21.64
2026-05-25,21.35,20.20,21.43,19.68,1412530,2859518585.26,8.08,-6.78,-1.47,17.59
2026-05-26,19.47,18.90,19.65,18.56,1094209,2077627535.71,5.40,-6.44,-1.30,13.63
2026-05-27,19.01,18.40,19.57,18.16,930943,1750531112.38,7.46,-2.65,-0.50,11.59
2026-05-28,18.44,17.80,19.13,17.43,936132,1685593093.80,9.24,-3.26,-0.60,11.66
2026-05-29,17.41,17.06,17.98,16.93,766415,1332188351.98,5.90,-4.16,-0.74,9.54
2026-06-01,17.20,17.25,17.60,16.98,625996,1083950227.18,3.63,1.11,0.19,7.80
2026-06-02,17.26,16.70,17.48,16.43,576582,965794478.48,6.09,-3.19,-0.55,7.18
2026-06-03,16.64,16.87,17.05,16.36,535255,898746244.99,4.13,1.02,0.17,6.67
2026-06-04,16.89,17.04,17.58,16.80,703138,1204678358.02,4.62,1.01,0.17,8.76
2026-06-05,16.81,16.18,16.90,15.83,734938,1189242686.02,6.28,-5.05,-0.86,9.15
2026-06-08,15.61,15.25,16.00,15.15,456763,711032337.10,5.25,-5.75,-0.93,5.69
2026-06-09,15.51,15.22,15.71,15.07,348920,532575580.00,4.20,-0.20,-0.03,4.34
2026-06-10,15.05,16.74,16.74,14.82,448833,719278510.40,12.61,9.99,1.52,5.59
2026-06-11,16.50,15.60,16.50,15.20,801585,1250813764.60,7.77,-6.81,-1.14,9.98
2026-06-12,15.96,15.46,16.33,15.42,565459,891073467.75,5.83,-0.90,-0.14,7.04
2026-06-15,15.92,16.45,16.75,15.88,739939,1200641383.48,5.63,6.40,0.99,9.21
2026-06-16,16.69,16.66,17.28,16.19,753412,1249181639.73,6.63,1.28,0.21,9.38
2026-06-17,16.50,17.58,18.00,16.25,1142790,1959633774.42,10.50,5.52,0.92,14.23
2026-06-18,17.31,18.77,19.24,17.30,1202070,2198099334.63,11.04,6.77,1.19,14.97
2026-06-22,18.82,18.18,19.63,17.99,1092879,2038989577.77,8.74,-3.14,-0.59,13.61
2026-06-23,17.61,17.00,17.66,16.39,815088,1387007413.77,6.99,-6.49,-1.18,10.15
2026-06-24,16.64,16.47,16.85,15.86,737905,1198367932.10,5.82,-3.12,-0.53,9.19
2026-06-25,16.75,15.58,17.22,15.42,753526,1216272239.60,10.93,-5.40,-0.89,9.38
2026-06-26,15.73,16.71,17.14,15.36,1052786,1763590708.56,11.42,7.25,1.13,13.11
2026-06-29,17.01,18.38,18.38,17.01,1162867,2092085938.58,8.20,9.99,1.67,14.48