2026-01-05,50.31,49.75,50.31,48.95,22324,110474672.00,2.72,-0.62,-0.31,4.22
2026-01-06,49.26,49.52,49.70,49.06,15026,74307021.00,1.29,-0.46,-0.23,2.84
2026-01-07,49.40,48.63,49.40,48.37,15831,77378254.00,2.08,-1.80,-0.89,2.99
2026-01-08,48.50,51.40,52.10,48.50,41578,209859149.00,7.40,5.70,2.77,7.86
2026-01-09,52.11,53.01,55.18,51.40,73324,387676360.00,7.35,3.13,1.61,13.86
2026-01-12,54.19,54.70,55.40,52.16,62446,338275503.00,6.11,3.19,1.69,11.80
2026-01-13,54.37,52.65,54.37,51.50,40027,210423513.00,5.25,-3.75,-2.05,7.57
2026-01-14,52.66,53.60,55.25,52.12,41929,226050152.00,5.94,1.80,0.95,7.92
2026-01-15,53.07,52.44,54.00,52.05,18915,99871574.00,3.64,-2.16,-1.16,3.57
2026-01-16,52.40,52.40,53.20,51.99,15297,80405732.00,2.31,-0.08,-0.04,2.89
2026-01-19,51.98,54.55,55.29,51.47,44943,242342740.00,7.29,4.10,2.15,8.49
2026-01-20,54.10,52.74,54.10,52.22,24435,129729073.00,3.45,-3.32,-1.81,4.62
2026-01-21,52.22,52.45,53.34,51.90,13484,70770481.00,2.73,-0.55,-0.29,2.55
2026-01-22,52.24,53.40,54.30,52.11,20592,110020832.00,4.18,1.81,0.95,3.89
2026-01-23,53.37,52.70,53.37,52.53,23384,123784046.00,1.57,-1.31,-0.70,4.42
2026-01-26,52.45,51.55,53.86,50.98,20243,105657418.00,5.46,-2.18,-1.15,3.83
2026-01-27,51.30,51.55,51.86,49.61,16201,82448479.00,4.36,0.00,0.00,3.06
2026-01-28,51.55,50.20,51.55,50.00,13282,67416526.00,3.01,-2.62,-1.35,2.51
2026-01-29,50.57,49.69,51.03,49.56,10137,50999957.00,2.93,-1.02,-0.51,1.92
2026-01-30,49.69,49.86,50.15,48.62,11906,58860686.00,3.08,0.34,0.17,2.25
2026-02-02,49.87,49.02,50.39,48.90,8367,41594359.00,2.99,-1.68,-0.84,1.58
2026-02-03,49.21,50.30,50.35,49.08,10025,50131928.00,2.59,2.61,1.28,1.89
2026-02-04,50.30,49.87,51.38,49.70,10245,51651740.00,3.34,-0.85,-0.43,1.94
2026-02-05,49.80,50.02,51.45,49.69,11799,59814408.00,3.53,0.30,0.15,2.23
2026-02-06,49.70,49.86,50.81,49.50,10533,52976834.00,2.62,-0.32,-0.16,1.99
2026-02-09,50.56,50.52,50.87,49.90,8202,41488324.00,1.95,1.32,0.66,1.55
2026-02-10,50.51,50.89,51.45,50.12,10171,51957409.00,2.63,0.73,0.37,1.92
2026-02-11,51.00,50.45,51.28,50.26,7086,35913229.00,2.00,-0.86,-0.44,1.34
2026-02-12,50.44,50.30,51.15,50.00,8129,41229171.00,2.28,-0.30,-0.15,1.54
2026-02-13,50.33,50.51,51.28,50.21,11253,57383524.00,2.13,0.42,0.21,2.13
2026-02-24,50.81,51.08,51.31,49.78,11195,56977244.00,3.03,1.13,0.57,2.12
2026-02-25,50.98,51.24,52.07,50.57,11842,60963269.00,2.94,0.31,0.16,2.24
2026-02-26,51.24,51.89,52.20,51.11,14889,77224969.00,2.13,1.27,0.65,2.81
2026-02-27,51.46,51.98,52.63,51.46,12969,67492347.00,2.25,0.17,0.09,2.45
2026-03-02,52.10,53.68,53.70,51.68,44182,235119518.00,3.89,3.27,1.70,8.35
2026-03-03,54.29,51.51,56.45,51.49,68030,370667725.00,9.24,-4.04,-2.17,12.86
2026-03-04,50.30,49.25,51.00,47.77,51029,250500651.00,6.27,-4.39,-2.26,9.64
2026-03-05,50.26,48.78,50.60,48.21,31693,155995165.00,4.85,-0.95,-0.47,5.99
2026-03-06,48.30,49.23,50.16,48.00,22379,110679242.00,4.43,0.92,0.45,4.23
2026-03-09,48.60,47.71,48.78,46.88,22806,108636677.00,3.86,-3.09,-1.52,4.31
2026-03-10,47.61,49.04,49.05,47.61,16524,80416224.00,3.02,2.79,1.33,3.12
2026-03-11,49.37,48.02,49.37,47.90,17157,83044737.00,3.00,-2.08,-1.02,3.24
2026-03-12,48.22,46.93,48.22,46.81,17686,83764888.00,2.94,-2.27,-1.09,3.34
2026-03-13,46.68,46.32,47.05,46.05,9357,43621640.00,2.13,-1.30,-0.61,1.77
2026-03-16,46.32,46.78,46.83,45.92,7182,33417874.00,1.96,0.99,0.46,1.36
2026-03-17,46.77,45.75,46.93,45.65,8031,37183568.00,2.74,-2.20,-1.03,1.52
2026-03-18,45.99,46.27,46.35,45.41,8229,37854151.00,2.05,1.14,0.52,1.56
2026-03-19,46.07,45.05,46.07,44.93,8548,38885499.00,2.46,-2.64,-1.22,1.62
2026-03-20,45.28,44.00,45.50,43.95,7003,31290782.00,3.44,-2.33,-1.05,1.32
2026-03-23,43.74,41.00,43.74,40.43,11259,47426420.00,7.52,-6.82,-3.00,2.13
2026-03-24,41.89,42.90,42.99,41.02,10657,45075000.00,4.80,4.63,1.90,2.01
2026-03-25,42.90,43.75,43.76,42.71,7987,34721530.00,2.45,1.98,0.85,1.51
2026-03-26,43.75,42.89,43.86,42.31,7758,33386375.00,3.54,-1.97,-0.86,1.47
2026-03-27,41.90,43.15,43.40,41.90,8035,34543102.00,3.50,0.61,0.26,1.52
2026-03-30,42.85,43.15,43.48,42.48,5840,25187218.00,2.32,0.00,0.00,1.10
2026-03-31,43.14,42.17,43.66,42.00,6747,29002489.00,3.85,-2.27,-0.98,1.28
2026-04-01,42.95,42.70,43.05,42.38,6028,25739195.00,1.59,1.26,0.53,1.14
2026-04-02,42.70,41.75,42.82,41.41,5143,21640856.00,3.30,-2.22,-0.95,0.97
2026-04-03,41.76,40.65,41.95,40.50,6089,24970655.00,3.47,-2.63,-1.10,1.15
2026-04-07,40.76,41.68,42.79,40.43,7559,31560453.00,5.81,2.53,1.03,1.43
2026-04-08,42.46,43.13,43.13,42.24,6977,29933842.00,2.14,3.48,1.45,1.32
2026-04-09,42.75,42.30,42.91,42.14,5990,25512482.00,1.79,-1.92,-0.83,1.13
2026-04-10,42.54,42.67,43.21,42.54,6239,26837452.00,1.58,0.87,0.37,1.18
2026-04-13,42.66,42.96,43.05,42.17,5039,21622560.00,2.06,0.68,0.29,0.95
2026-04-14,43.33,43.40,43.45,42.73,7684,33168846.00,1.68,1.02,0.44,1.45
2026-04-15,43.59,43.85,45.20,43.47,14674,65024001.00,3.99,1.04,0.45,2.77
2026-04-16,44.00,43.94,44.12,43.29,8400,36803368.00,1.89,0.21,0.09,1.59
2026-04-17,43.91,43.91,44.11,43.27,7449,32628981.00,1.91,-0.07,-0.03,1.41
2026-04-20,44.20,44.40,44.48,43.70,9359,41457885.00,1.78,1.12,0.49,1.77
2026-04-21,44.30,43.60,44.30,43.42,8962,39246389.00,1.98,-1.80,-0.80,1.69
2026-04-22,43.40,43.47,43.57,42.92,6158,26734576.00,1.49,-0.30,-0.13,1.16
2026-04-23,43.44,42.44,43.78,42.32,8700,37371468.00,3.36,-2.37,-1.03,1.64
2026-04-24,42.22,41.99,42.66,41.59,7932,33353012.00,2.52,-1.06,-0.45,1.50
2026-04-27,41.98,43.41,43.78,41.55,12826,55395531.00,5.31,3.38,1.42,2.42
2026-04-28,42.86,42.64,43.81,42.06,11034,47333750.00,4.03,-1.77,-0.77,2.09
2026-04-29,41.45,41.22,41.72,39.60,20927,85093369.00,4.97,-3.33,-1.42,3.96
2026-04-30,41.23,41.90,42.13,40.93,11998,50234223.00,2.91,1.65,0.68,2.27
2026-05-06,41.98,42.32,43.53,41.91,15455,65870026.00,3.87,1.00,0.42,2.92
2026-05-07,42.35,42.90,42.97,42.23,8046,34362928.00,1.75,1.37,0.58,1.52
2026-05-08,42.84,43.90,44.00,42.57,12529,54622991.00,3.33,2.33,1.00,2.37
2026-05-11,43.90,44.62,44.76,43.76,13703,60992554.00,2.28,1.64,0.72,2.59
2026-05-12,44.72,44.77,45.70,43.94,17961,80326722.00,3.94,0.34,0.15,3.39
2026-05-13,44.69,45.20,46.37,44.18,17808,81010774.00,4.89,0.96,0.43,3.37
2026-05-14,45.20,44.06,45.50,43.97,13263,59021180.00,3.38,-2.52,-1.14,2.51
2026-05-15,43.90,43.40,44.50,43.30,9535,41906759.00,2.72,-1.50,-0.66,1.80
2026-05-18,43.23,42.99,43.71,42.70,8015,34587752.00,2.33,-0.94,-0.41,1.51
2026-05-19,43.37,43.15,43.63,42.36,9007,38686150.00,2.95,0.37,0.16,1.70
2026-05-20,43.15,42.09,43.24,41.97,10554,44825969.00,2.94,-2.46,-1.06,1.99
2026-05-21,42.36,40.50,42.77,40.27,11463,47817050.00,5.94,-3.78,-1.59,2.17
2026-05-22,40.74,42.21,42.67,40.13,11931,49455029.00,6.27,4.22,1.71,2.25
2026-05-25,42.20,41.45,42.54,40.96,7741,32145467.00,3.74,-1.80,-0.76,1.46
2026-05-26,41.45,39.70,41.46,39.11,14536,58180933.00,5.67,-4.22,-1.75,2.75
2026-05-27,40.04,38.35,40.04,38.11,10083,39138957.00,4.86,-3.40,-1.35,1.91
2026-05-28,38.31,38.83,39.23,37.87,5975,23063530.00,3.55,1.25,0.48,1.13
2026-05-29,38.83,36.95,39.37,36.95,9675,36601700.00,6.23,-4.84,-1.88,1.83
2026-06-01,36.97,37.86,38.23,36.80,8371,31676551.00,3.87,2.46,0.91,1.58
2026-06-02,37.86,37.20,37.92,36.45,7482,27707301.00,3.88,-1.74,-0.66,1.41
2026-06-03,37.35,36.97,37.68,36.71,8313,31028897.00,2.61,-0.62,-0.23,1.57
2026-06-04,37.03,35.73,37.03,35.38,9624,34614868.00,4.46,-3.35,-1.24,1.82
2026-06-05,35.78,36.50,36.95,35.18,10301,37326438.00,4.95,2.16,0.77,1.95
2026-06-08,35.93,34.95,36.37,34.60,9396,33380041.00,4.85,-4.25,-1.55,1.78
2026-06-09,35.00,35.42,36.29,35.00,7436,26514037.00,3.69,1.34,0.47,1.41
2026-06-10,34.98,34.88,35.87,34.20,7655,26747214.00,4.71,-1.52,-0.54,1.45
2026-06-11,34.26,34.46,34.94,33.91,6703,23058755.00,2.95,-1.20,-0.42,1.27
2026-06-12,34.69,35.41,36.64,34.69,12920,46439703.00,5.66,2.76,0.95,2.44
2026-06-15,35.46,36.22,36.50,35.00,8540,30853037.00,4.24,2.29,0.81,1.61
2026-06-16,36.32,36.24,36.75,35.98,7710,28136905.00,2.13,0.06,0.02,1.46
2026-06-17,35.88,35.92,36.46,35.47,6006,21552958.00,2.73,-0.88,-0.32,1.14
2026-06-18,35.41,36.75,37.30,35.41,10322,37987802.00,5.26,2.31,0.83,1.95
2026-06-22,36.56,36.00,36.75,34.73,12216,43521538.00,5.50,-2.04,-0.75,2.31
2026-06-23,35.72,35.84,36.57,35.51,7723,27952740.00,2.94,-0.44,-0.16,1.46
2026-06-24,35.69,34.65,36.05,34.25,8647,30195195.00,5.02,-3.32,-1.19,1.63
2026-06-25,34.79,33.45,34.87,33.10,11822,39865084.00,5.11,-3.46,-1.20,2.23
2026-06-26,33.31,32.73,33.34,32.32,10848,35726999.00,3.05,-2.15,-0.72,2.05
2026-06-29,32.64,32.84,33.42,31.20,15943,51690389.00,6.78,0.34,0.11,3.01
2026-06-30,32.69,33.56,33.64,32.19,9760,32387475.00,4.42,2.19,0.72,1.84
2026-07-01,33.39,33.60,33.95,33.03,9069,30493011.00,2.74,0.12,0.04,1.71
2026-07-02,33.10,33.21,34.47,33.08,9500,32012712.00,4.14,-1.16,-0.39,1.80
2026-07-03,33.40,34.17,34.47,33.18,12472,42579454.00,3.88,2.89,0.96,2.36
2026-07-06,34.56,33.03,35.01,32.95,10021,33665898.00,6.03,-3.34,-1.14,1.89
2026-07-07,32.95,31.75,33.15,31.64,10511,33918791.00,4.57,-3.88,-1.28,1.99
2026-07-08,31.76,31.09,31.80,30.97,7361,23044962.00,2.61,-2.08,-0.66,1.39
2026-07-09,30.65,30.78,31.32,30.10,9964,30622359.00,3.92,-1.00,-0.31,1.88
2026-07-10,30.53,31.77,33.18,30.20,14402,45953410.00,9.68,3.22,0.99,2.72
2026-07-13,31.77,29.92,31.77,29.92,11439,35037772.00,5.82,-5.82,-1.85,2.16
2026-07-14,30.26,30.29,30.34,29.32,8238,24678662.00,3.41,1.24,0.37,1.56
2026-07-15,30.28,30.48,30.85,30.05,6107,18655190.00,2.64,0.63,0.19,1.15
2026-07-16,30.00,30.83,31.40,30.00,8670,26948498.00,4.59,1.15,0.35,1.64
2026-07-17,30.70,30.19,31.33,29.94,8312,25553647.00,4.51,-2.08,-0.64,1.57
2026-07-20,29.89,29.15,30.92,28.58,11880,35186594.00,7.75,-3.44,-1.04,2.25
2026-07-21,29.15,28.62,29.39,27.71,13995,39822854.00,5.76,-1.82,-0.53,2.65
2026-07-22,28.60,28.27,28.77,27.81,9374,26488790.00,3.35,-1.22,-0.35,1.77
2026-07-23,28.41,29.08,29.18,27.98,7914,22736151.00,4.24,2.87,0.81,1.50
2026-07-24,28.82,28.70,29.64,28.60,7938,23132281.00,3.58,-1.31,-0.38,1.50
2026-07-27,28.26,29.39,29.55,28.03,8491,24737823.00,5.30,2.40,0.69,1.60
2026-07-28,29.01,29.19,29.69,28.95,5673,16601698.00,2.52,-0.68,-0.20,1.07
2026-07-29,29.33,29.71,29.87,29.22,7865,23332537.00,2.23,1.78,0.52,1.49
2026-07-30,29.44,29.50,30.22,29.26,9296,27746001.00,3.23,-0.71,-0.21,1.76
2026-07-31,29.50,30.09,30.27,29.50,8878,26656736.00,2.61,2.00,0.59,1.68
2026-08-03,30.07,31.42,31.45,29.91,12284,37964881.00,5.12,4.42,1.33,2.32
2026-08-04,31.43,31.50,31.95,31.13,9083,28635944.00,2.61,0.25,0.08,1.72
2026-08-05,31.50,31.48,31.98,31.17,7689,24294818.00,2.57,-0.06,-0.02,1.45