2026-01-05,7.80,7.91,7.94,7.72,627429,494255681.00,2.86,2.73,0.21,3.15
2026-01-06,8.01,8.18,8.28,7.95,848860,693739356.00,4.17,3.41,0.27,4.26
2026-01-07,8.24,8.16,8.42,8.09,792167,654421804.00,4.03,-0.24,-0.02,3.98
2026-01-08,8.06,8.10,8.26,8.02,641312,522796931.00,2.94,-0.74,-0.06,3.22
2026-01-09,8.07,8.20,8.26,8.04,632404,520052674.00,2.72,1.23,0.10,3.17
2026-01-12,8.38,8.23,8.46,8.13,779845,644594290.00,4.02,0.37,0.03,3.91
2026-01-13,8.21,8.36,8.61,8.18,1206091,1015129651.00,5.22,1.58,0.13,6.05
2026-01-14,8.42,8.24,8.55,8.18,1047138,876839061.00,4.43,-1.44,-0.12,5.26
2026-01-15,8.19,8.14,8.41,8.07,1005643,830674962.00,4.13,-1.21,-0.10,5.05
2026-01-16,8.12,7.85,8.26,7.80,943056,760096801.00,5.65,-3.56,-0.29,4.73
2026-01-19,7.96,8.06,8.15,7.79,883873,712033412.00,4.59,2.68,0.21,4.44
2026-01-20,8.07,8.14,8.27,7.54,1314594,1041026930.00,9.06,0.99,0.08,6.60
2026-01-21,8.30,8.69,8.76,8.30,1996661,1710452631.00,5.65,6.76,0.55,10.02
2026-01-22,8.53,8.94,9.30,8.43,1823844,1602825834.00,10.01,2.88,0.25,9.15
2026-01-23,9.28,9.52,9.71,9.17,1632693,1540468729.00,6.04,6.49,0.58,8.19
2026-01-26,9.97,10.26,10.44,9.78,2104146,2131772324.00,6.93,7.77,0.74,10.56
2026-01-27,10.04,10.13,10.47,9.94,1845520,1882176742.00,5.17,-1.27,-0.13,9.26
2026-01-28,10.39,11.15,11.15,10.19,2227700,2415828736.00,9.48,10.07,1.02,11.18
2026-01-29,11.67,11.12,12.04,10.80,2708956,3081498638.00,11.12,-0.27,-0.03,13.59
2026-01-30,10.40,10.01,10.85,10.01,2035327,2101122794.00,7.55,-9.98,-1.11,10.21
2026-02-02,9.01,9.01,9.01,9.01,204891,185221464.00,0.00,-9.99,-1.00,1.03
2026-02-03,8.61,8.72,8.94,8.30,2180672,1875999725.00,7.10,-3.22,-0.29,10.94
2026-02-04,9.01,8.86,9.14,8.71,1218351,1080352637.00,4.93,1.61,0.14,6.11
2026-02-05,8.61,8.50,8.81,8.37,935910,802005804.00,4.97,-4.06,-0.36,4.70
2026-02-06,8.04,8.58,8.75,8.04,749523,639315947.00,8.35,0.94,0.08,3.76
2026-02-09,8.85,8.90,9.00,8.69,712811,634305002.00,3.61,3.73,0.32,3.58
2026-02-10,8.87,8.75,9.07,8.74,552535,490808701.00,3.71,-1.69,-0.15,2.77
2026-02-11,8.79,8.93,9.08,8.74,659967,593130364.00,3.89,2.06,0.18,3.31
2026-02-12,9.03,9.83,9.83,8.98,1182057,1143146939.00,9.52,10.08,0.90,5.93
2026-02-13,9.58,9.45,9.96,9.43,1250331,1208796901.00,5.39,-3.87,-0.38,6.27
2026-02-24,9.95,9.66,10.05,9.64,1087366,1069833128.00,4.34,2.22,0.21,5.46
2026-02-25,9.66,10.00,10.13,9.57,1040932,1041402125.00,5.80,3.52,0.34,5.22
2026-02-26,10.01,9.78,10.07,9.72,859309,848962113.00,3.50,-2.20,-0.22,4.31
2026-02-27,9.75,10.27,10.29,9.68,1050964,1051450989.00,6.24,5.01,0.49,5.27
2026-03-02,10.44,10.71,10.79,9.92,1669989,1720873144.00,8.47,4.28,0.44,8.38
2026-03-03,10.37,9.81,10.45,9.77,1246042,1266135883.00,6.35,-8.40,-0.90,6.25
2026-03-04,9.51,9.63,10.00,9.40,797306,777504630.00,6.12,-1.83,-0.18,4.00
2026-03-05,9.77,9.36,9.80,9.27,828758,788125177.00,5.50,-2.80,-0.27,4.16
2026-03-06,9.18,9.22,9.43,9.02,620550,573969517.00,4.38,-1.50,-0.14,3.11
2026-03-09,8.95,9.16,9.26,8.72,731858,657626023.00,5.86,-0.65,-0.06,3.67
2026-03-10,9.27,9.18,9.34,9.14,514796,476867592.00,2.18,0.22,0.02,2.58
2026-03-11,9.26,8.95,9.29,8.94,519570,471683531.00,3.81,-2.51,-0.23,2.61
2026-03-12,8.87,8.86,9.01,8.73,445722,396427064.00,3.13,-1.01,-0.09,2.24
2026-03-13,8.77,8.64,9.07,8.61,550682,487562544.00,5.19,-2.48,-0.22,2.76
2026-03-16,8.47,8.33,8.58,8.15,751425,627657182.00,4.98,-3.59,-0.31,3.77
2026-03-17,8.35,8.26,8.48,8.25,410602,344392326.00,2.76,-0.84,-0.07,2.06
2026-03-18,8.34,8.24,8.34,8.13,351810,290480006.00,2.54,-0.24,-0.02,1.77
2026-03-19,7.95,7.67,8.05,7.61,773020,604390654.00,5.34,-6.92,-0.57,3.88
2026-03-20,7.69,7.50,7.83,7.49,521079,401268639.00,4.43,-2.22,-0.17,2.62
2026-03-23,7.28,6.75,7.37,6.75,1102430,777233984.00,8.27,-10.00,-0.75,5.53
2026-03-24,7.09,7.36,7.38,6.84,1042061,741364264.00,8.00,9.04,0.61,5.23
2026-03-25,7.59,7.47,7.68,7.40,808572,611304495.00,3.80,1.49,0.11,4.06
2026-03-26,7.40,7.24,7.47,7.18,453022,331910540.00,3.88,-3.08,-0.23,2.27
2026-03-27,7.13,7.51,7.60,7.10,514986,383983913.00,6.91,3.73,0.27,2.58
2026-03-30,7.45,7.67,7.70,7.42,505220,383838803.00,3.73,2.13,0.16,2.54
2026-03-31,7.72,7.60,7.89,7.58,573647,444385751.00,4.04,-0.91,-0.07,2.88
2026-04-01,7.81,7.87,8.05,7.71,534820,419597742.00,4.47,3.55,0.27,2.68
2026-04-02,7.80,7.80,7.86,7.59,519408,405125259.00,3.43,-0.89,-0.07,2.61
2026-04-03,7.88,7.55,7.89,7.54,332223,254484703.00,4.49,-3.21,-0.25,1.67
2026-04-07,7.54,7.77,7.85,7.48,420973,326188135.00,4.90,2.91,0.22,2.11
2026-04-08,8.09,8.25,8.32,7.98,729667,596222138.00,4.38,6.18,0.48,3.66
2026-04-09,8.02,8.10,8.19,8.01,391413,318648908.00,2.18,-1.82,-0.15,1.96
2026-04-10,8.17,8.05,8.24,8.05,414423,338019789.00,2.35,-0.62,-0.05,2.08
2026-04-13,7.98,8.05,8.11,7.97,302883,244227754.00,1.74,0.00,0.00,1.52
2026-04-14,8.21,8.11,8.24,8.03,332917,270835230.00,2.61,0.75,0.06,1.67
2026-04-15,8.23,7.99,8.31,7.98,447935,366287430.00,4.07,-1.48,-0.12,2.25
2026-04-16,7.99,8.50,8.62,7.99,772972,645077724.00,7.88,6.38,0.51,3.88
2026-04-17,8.44,8.45,8.55,8.38,421396,358082682.00,2.00,-0.59,-0.05,2.11
2026-04-20,8.45,8.85,9.04,8.43,767288,677520593.00,7.22,4.73,0.40,3.85
2026-04-21,8.92,8.82,8.96,8.72,409770,362479633.00,2.71,-0.34,-0.03,2.06
2026-04-22,8.75,8.99,9.12,8.71,597696,537838731.00,4.65,1.93,0.17,3.00
2026-04-23,9.02,8.66,9.02,8.51,653890,568790866.00,5.67,-3.67,-0.33,3.28
2026-04-24,8.62,8.85,8.92,8.57,513483,450834934.00,4.04,2.19,0.19,2.58
2026-04-27,8.56,8.48,8.58,8.25,662333,561021457.00,3.73,-4.18,-0.37,3.32
2026-04-28,8.46,8.12,8.46,8.08,494710,406414684.00,4.48,-4.25,-0.36,2.48
2026-04-29,8.06,8.28,8.33,8.00,423318,348369320.00,4.06,1.97,0.16,2.12
2026-04-30,8.25,8.16,8.37,8.08,380774,313984848.00,3.50,-1.45,-0.12,1.91
2026-05-06,8.19,8.30,8.41,8.14,543563,451662133.00,3.31,1.72,0.14,2.73
2026-05-07,8.42,8.78,8.83,8.35,724063,623683878.00,5.78,5.78,0.48,3.63
2026-05-08,8.73,8.85,8.92,8.67,532631,470698134.00,2.85,0.80,0.07,2.67
2026-05-11,8.81,9.12,9.25,8.77,906777,816572629.00,5.42,3.05,0.27,4.55
2026-05-12,9.17,9.09,9.43,9.01,769422,709652527.00,4.61,-0.33,-0.03,3.86
2026-05-13,9.08,8.80,9.24,8.76,758747,678590974.00,5.28,-3.19,-0.29,3.81
2026-05-14,8.77,8.62,8.89,8.53,603619,529283009.00,4.09,-2.05,-0.18,3.03
2026-05-15,8.55,8.07,8.55,7.98,691186,570105250.00,6.61,-6.38,-0.55,3.47
2026-05-18,7.72,7.89,7.96,7.70,494276,388129814.00,3.22,-2.23,-0.18,2.48
2026-05-19,8.08,7.83,8.10,7.76,413636,328021763.00,4.31,-0.76,-0.06,2.08
2026-05-20,7.76,7.65,7.76,7.51,459002,350864159.00,3.19,-2.30,-0.18,2.30
2026-05-21,7.74,7.48,7.92,7.42,498342,386279202.00,6.54,-2.22,-0.17,2.50
2026-05-22,7.56,8.10,8.16,7.45,778219,617785783.00,9.49,8.29,0.62,3.91
2026-05-25,8.13,7.88,8.26,7.81,444617,355728679.00,5.56,-2.72,-0.22,2.23
2026-05-26,7.87,8.05,8.07,7.72,487244,386277310.00,4.44,2.16,0.17,2.45
2026-05-27,7.98,7.68,8.05,7.59,442603,344656286.00,5.71,-4.60,-0.37,2.22
2026-05-28,7.52,7.55,7.60,7.33,364403,272771617.00,3.52,-1.69,-0.13,1.83
2026-05-29,7.65,7.32,7.78,7.27,386925,289916737.00,6.75,-3.05,-0.23,1.94
2026-06-01,7.32,7.38,7.47,7.30,268165,199075810.00,2.32,0.82,0.06,1.35
2026-06-02,7.37,7.46,7.52,7.16,330488,244622001.00,4.88,1.08,0.08,1.66
2026-06-03,7.34,7.37,7.48,7.29,335133,248811310.00,2.55,-1.21,-0.09,1.68
2026-06-04,7.35,7.17,7.35,7.10,317047,228522603.00,3.39,-2.71,-0.20,1.59
2026-06-05,7.17,7.02,7.20,6.98,351357,250042401.00,3.07,-2.09,-0.15,1.76
2026-06-08,6.71,6.51,6.79,6.40,563382,374866680.00,5.56,-7.26,-0.51,2.83
2026-06-09,6.59,6.74,6.76,6.52,429222,286769069.00,3.69,3.53,0.23,2.15
2026-06-10,6.57,6.53,6.64,6.42,380251,248917876.00,3.26,-3.12,-0.21,1.91
2026-06-11,6.44,6.61,6.80,6.42,400707,267371127.00,5.82,1.23,0.08,2.01
2026-06-12,6.78,7.07,7.14,6.74,688845,483397175.00,6.05,6.96,0.46,3.46
2026-06-15,7.27,7.52,7.59,7.22,623828,466080790.00,5.23,6.36,0.45,3.13
2026-06-16,7.52,7.53,7.63,7.37,451752,340673012.00,3.46,0.13,0.01,2.27
2026-06-17,7.51,7.36,7.65,7.30,350781,262400281.00,4.65,-2.26,-0.17,1.76
2026-06-18,7.32,7.18,7.47,7.10,424422,309716793.00,5.03,-2.45,-0.18,2.13
2026-06-22,7.12,7.37,7.37,6.97,519527,372739097.00,5.57,2.65,0.19,2.61
2026-06-23,7.27,6.70,7.30,6.64,600134,415012580.00,8.96,-9.09,-0.67,3.01
2026-06-24,6.67,6.66,6.75,6.48,319163,211929013.00,4.03,-0.60,-0.04,1.60
2026-06-25,6.45,6.23,6.48,6.16,547649,346538255.00,4.80,-6.46,-0.43,2.75
2026-06-26,6.30,5.97,6.35,5.94,449245,273689863.00,6.58,-4.17,-0.26,2.25
2026-06-29,5.97,5.98,6.10,5.91,423401,255529122.00,3.18,0.17,0.01,2.12
2026-06-30,5.91,5.79,5.94,5.69,551664,319642503.00,4.18,-3.18,-0.19,2.77
2026-07-01,5.72,5.82,5.94,5.61,455130,264342160.00,5.70,0.52,0.03,2.28
2026-07-02,5.94,6.41,6.41,5.88,818177,503820471.00,9.11,10.14,0.59,4.11
2026-07-03,6.63,6.28,6.83,6.26,935414,606431156.00,8.89,-2.03,-0.13,4.69
2026-07-06,6.35,6.13,6.66,6.11,716599,455996794.00,8.76,-2.39,-0.15,3.60
2026-07-07,6.03,6.11,6.22,5.95,438445,268336886.00,4.40,-0.33,-0.02,2.20
2026-07-08,6.05,5.99,6.20,5.95,358337,216837566.00,4.09,-1.96,-0.12,1.80
2026-07-09,5.86,5.86,5.99,5.63,472978,274245312.00,6.01,-2.17,-0.13,2.37
2026-07-10,5.86,5.91,6.09,5.80,428690,254992537.00,4.95,0.85,0.05,2.15
2026-07-13,5.85,5.64,5.86,5.63,343674,196040188.00,3.89,-4.57,-0.27,1.72
2026-07-14,5.54,5.93,5.97,5.51,453585,260072669.00,8.16,5.14,0.29,2.28
2026-07-15,6.05,5.88,6.15,5.81,429276,255784685.00,5.73,-0.84,-0.05,2.15
2026-07-16,5.83,6.20,6.38,5.80,622677,383582147.00,9.86,5.44,0.32,3.12
2026-07-17,6.10,5.78,6.11,5.71,581534,340681314.00,6.45,-6.77,-0.42,2.92
2026-07-20,5.83,5.84,5.96,5.70,436135,254780570.00,4.50,1.04,0.06,2.19
2026-07-21,5.89,6.11,6.14,5.82,532818,319717680.00,5.48,4.62,0.27,2.67
2026-07-22,6.13,6.32,6.54,6.13,676477,428354243.00,6.71,3.44,0.21,3.39
2026-07-23,6.30,6.49,6.70,6.25,597452,390239593.00,7.12,2.69,0.17,3.00
2026-07-24,6.20,6.06,6.27,6.03,484779,297973509.00,3.70,-6.63,-0.43,2.43
2026-07-27,6.28,6.43,6.45,6.21,486246,308919353.00,3.96,6.11,0.37,2.44