2026-01-05,14.97,14.81,14.97,14.76,14112,21212769.92,1.42,-0.07,-0.01,2.22
2026-01-06,14.83,15.08,15.18,14.83,15853,24072798.87,2.36,1.82,0.27,2.49
2026-01-07,15.08,15.21,15.46,15.02,24322,37400577.51,2.92,0.86,0.13,3.82
2026-01-08,15.10,15.17,15.24,14.92,14283,21879041.63,2.10,-0.26,-0.04,2.24
2026-01-09,15.25,15.31,15.39,15.10,20453,31619358.64,1.91,0.92,0.14,3.21
2026-01-12,15.26,15.81,15.92,15.19,30390,47938766.37,4.77,3.27,0.50,4.78
2026-01-13,16.07,15.94,16.66,15.66,45518,75038809.33,6.33,0.82,0.13,7.15
2026-01-14,15.84,16.19,16.50,15.65,39166,63908835.04,5.33,1.57,0.25,6.16
2026-01-15,16.00,15.77,16.18,15.74,23036,37145961.21,2.72,-2.59,-0.42,3.62
2026-01-16,15.92,15.57,15.92,15.56,17271,27441049.38,2.28,-1.27,-0.20,2.71
2026-01-19,15.69,15.59,15.79,15.51,10810,17102808.14,1.80,0.13,0.02,1.70
2026-01-20,15.64,15.71,15.90,15.51,18288,29106611.63,2.50,0.77,0.12,2.87
2026-01-21,15.80,15.57,15.80,15.45,15097,23917822.73,2.23,-0.89,-0.14,2.37
2026-01-22,15.63,15.65,15.72,15.49,9470,14951897.74,1.48,0.51,0.08,1.49
2026-01-23,15.65,15.88,15.95,15.65,13768,22091347.89,1.92,1.47,0.23,2.16
2026-01-26,15.98,15.52,15.98,15.43,15254,24045470.14,3.46,-2.27,-0.36,2.40
2026-01-27,15.53,15.13,15.53,14.98,14079,21613668.92,3.54,-2.51,-0.39,2.21
2026-01-28,15.13,15.11,15.28,15.07,9007,13826099.13,1.39,-0.13,-0.02,1.42
2026-01-29,15.17,15.11,15.27,14.95,12218,18730651.26,2.12,0.00,0.00,1.92
2026-01-30,15.11,15.04,15.24,14.85,10283,15686192.79,2.58,-0.46,-0.07,1.62
2026-02-02,15.04,14.77,15.19,14.71,13454,20349141.41,3.19,-1.80,-0.27,2.11
2026-02-03,14.89,14.99,14.99,14.77,9191,13855594.67,1.49,1.49,0.22,1.44
2026-02-04,14.99,14.80,15.07,14.75,10104,15226700.01,2.13,-1.27,-0.19,1.59
2026-02-05,14.90,15.78,16.45,14.84,70374,112650859.11,10.88,6.62,0.98,11.06
2026-02-06,15.31,15.54,15.86,15.31,46392,72875606.43,3.49,-1.52,-0.24,7.29
2026-02-09,15.57,15.54,15.73,15.34,28270,44373409.99,2.51,0.00,0.00,4.44
2026-02-10,15.45,15.13,15.46,15.01,20987,32226570.89,2.90,-2.64,-0.41,3.30
2026-02-11,15.13,15.05,15.25,15.00,12530,19200695.54,1.65,-0.53,-0.08,1.97
2026-02-12,15.00,14.79,15.11,14.79,17819,26817004.22,2.13,-1.73,-0.26,2.80
2026-02-13,14.84,14.75,14.93,14.72,9820,14753752.90,1.42,-0.27,-0.04,1.54
2026-02-24,14.89,14.92,14.95,14.79,7967,11996082.88,1.08,1.15,0.17,1.25
2026-02-25,15.04,14.90,15.08,14.85,7648,11594469.30,1.54,-0.13,-0.02,1.20
2026-02-26,14.90,14.76,14.90,14.70,8515,12761219.46,1.34,-0.94,-0.14,1.34
2026-02-27,14.76,14.80,14.82,14.71,5957,8908706.91,0.75,0.27,0.04,0.94
2026-03-02,14.60,14.10,14.62,13.92,18505,26665684.67,4.73,-4.73,-0.70,2.91
2026-03-03,14.20,13.80,14.39,13.80,15885,22751571.80,4.18,-2.13,-0.30,2.50
2026-03-04,13.70,13.68,13.98,13.56,10082,14029348.06,3.04,-0.87,-0.12,1.58
2026-03-05,13.83,13.80,14.07,13.68,10695,15057703.68,2.85,0.88,0.12,1.68
2026-03-06,13.80,13.82,13.95,13.68,6601,9278615.15,1.96,0.14,0.02,1.04
2026-03-09,13.68,13.64,14.07,13.56,8505,11802211.89,3.69,-1.30,-0.18,1.34
2026-03-10,13.65,13.82,13.95,13.61,8611,12073937.31,2.49,1.32,0.18,1.35
2026-03-11,13.78,13.68,13.91,13.62,9494,13248843.49,2.10,-1.01,-0.14,1.49
2026-03-12,13.64,13.49,13.71,13.43,8117,11163337.22,2.05,-1.39,-0.19,1.28
2026-03-13,13.40,13.49,13.85,13.40,10153,14098348.14,3.34,0.00,0.00,1.60
2026-03-16,13.51,13.48,13.61,13.40,6688,9144327.44,1.56,-0.07,-0.01,1.05
2026-03-17,13.54,13.38,13.69,13.35,7284,9996411.29,2.52,-0.74,-0.10,1.14
2026-03-18,13.48,13.17,13.48,13.00,10297,13720518.29,3.59,-1.57,-0.21,1.62
2026-03-19,13.17,12.68,13.17,12.68,11671,15180741.31,3.72,-3.72,-0.49,1.83
2026-03-20,12.67,12.44,13.03,12.33,8619,11110723.60,5.52,-1.89,-0.24,1.35
2026-03-23,12.30,11.49,12.30,11.41,14137,17064432.67,7.15,-7.64,-0.95,2.22
2026-03-24,11.68,11.95,12.03,11.64,12944,15565172.62,3.39,4.00,0.46,2.03
2026-03-25,12.00,12.06,12.22,11.88,9354,11492247.71,2.85,0.92,0.11,1.47
2026-03-26,12.07,11.93,12.39,11.93,8887,10998721.65,3.81,-1.08,-0.13,1.40
2026-03-27,11.81,12.01,12.12,11.81,5527,6755217.36,2.60,0.67,0.08,0.87
2026-03-30,11.82,11.95,12.12,11.82,6865,8368367.16,2.50,-0.50,-0.06,1.08
2026-03-31,12.09,11.99,12.15,11.93,5168,6340081.88,1.84,0.33,0.04,0.81
2026-04-01,12.11,12.23,12.34,12.03,7392,9142355.17,2.59,2.00,0.24,1.16
2026-04-02,12.22,12.58,13.14,12.10,28368,36502304.68,8.50,2.86,0.35,4.46
2026-04-03,12.48,12.07,12.58,12.01,15449,19256773.89,4.53,-4.05,-0.51,2.43
2026-04-07,12.15,12.20,12.37,11.94,10719,13330367.82,3.56,1.08,0.13,1.68
2026-04-08,12.54,12.73,12.88,12.28,11175,14266763.48,4.92,4.34,0.53,1.76
2026-04-09,12.61,12.59,12.86,12.54,10627,13701689.99,2.51,-1.10,-0.14,1.67
2026-04-10,12.58,12.56,12.76,12.55,7782,10000472.00,1.67,-0.24,-0.03,1.22
2026-04-13,12.73,12.52,12.73,12.41,7855,10028252.81,2.55,-0.32,-0.04,1.23
2026-04-14,12.52,12.49,12.64,12.37,5875,7446010.97,2.16,-0.24,-0.03,0.92
2026-04-15,12.54,12.50,12.68,12.49,5474,6986112.82,1.52,0.08,0.01,0.86
2026-04-16,12.47,12.48,12.53,12.38,7443,9429244.94,1.20,-0.16,-0.02,1.17
2026-04-17,12.58,13.03,13.09,12.41,17259,22482541.32,5.45,4.41,0.55,2.71
2026-04-20,13.18,13.15,13.45,13.04,13416,18102190.64,3.15,0.92,0.12,2.11
2026-04-21,13.10,13.18,13.25,12.94,10024,13350436.44,2.36,0.23,0.03,1.58
2026-04-22,13.23,13.47,13.53,13.14,13363,18194534.21,2.96,2.20,0.29,2.10
2026-04-23,13.47,13.61,13.65,13.20,21653,29643856.88,3.34,1.04,0.14,3.40
2026-04-24,13.49,13.44,13.65,13.26,18657,25444817.97,2.87,-1.25,-0.17,2.93
2026-04-27,13.31,13.40,13.57,13.22,10502,14289697.43,2.60,-0.30,-0.04,1.65
2026-04-28,13.84,12.99,13.84,12.86,13339,17938419.44,7.31,-3.06,-0.41,2.10
2026-04-29,12.89,13.02,13.27,12.86,11122,14827283.70,3.16,0.23,0.03,1.75
2026-04-30,13.02,13.28,13.48,13.02,10672,14430613.49,3.53,2.00,0.26,1.68
2026-05-06,13.28,13.21,13.50,13.10,10798,14510142.18,3.01,-0.53,-0.07,1.70
2026-05-07,13.27,13.33,13.59,13.27,10317,14040985.36,2.42,0.91,0.12,1.62
2026-05-08,13.28,13.41,13.56,13.22,11018,15022056.44,2.55,0.60,0.08,1.73
2026-05-11,13.33,13.19,13.50,13.10,12245,16419708.13,2.98,-1.64,-0.22,1.92
2026-05-12,13.32,13.04,13.32,12.91,8067,10727543.17,3.11,-1.14,-0.15,1.27
2026-05-13,13.04,12.77,13.04,12.74,14226,18550808.44,2.30,-2.07,-0.27,2.24
2026-05-14,12.90,12.64,12.94,12.62,10606,13775253.21,2.51,-1.02,-0.13,1.67
2026-05-15,12.62,12.39,12.77,12.34,12756,16292427.29,3.40,-1.98,-0.25,2.00
2026-05-18,12.35,12.01,12.39,11.95,8356,10316995.59,3.55,-3.07,-0.38,1.31
2026-05-19,12.13,12.45,12.48,12.01,11620,14568685.85,3.91,3.66,0.44,1.83
2026-05-20,12.46,11.98,12.46,11.95,7459,9191149.50,4.10,-3.78,-0.47,1.17
2026-05-21,11.98,11.80,12.19,11.69,8244,9988760.91,4.17,-1.50,-0.18,1.30
2026-05-22,11.91,11.53,11.91,11.48,8735,10270649.96,3.64,-2.29,-0.27,1.37
2026-05-25,11.53,11.34,11.61,11.27,7451,8641262.09,2.95,-1.65,-0.19,1.17
2026-05-26,11.36,11.01,11.41,10.91,8184,9230605.52,4.41,-2.91,-0.33,1.29
2026-05-27,11.06,10.97,11.06,10.55,10939,12061274.91,4.63,-0.36,-0.04,1.72
2026-05-28,10.97,10.96,11.09,10.61,8869,9802621.83,4.38,-0.09,-0.01,1.39
2026-05-29,10.99,11.26,11.44,10.99,13464,15188235.55,4.11,2.74,0.30,2.12
2026-06-01,11.15,11.43,11.43,10.99,10929,12349119.16,3.91,1.51,0.17,1.72
2026-06-02,11.45,11.23,11.45,11.17,9353,10525563.54,2.45,-1.75,-0.20,1.47
2026-06-03,11.13,11.13,11.31,11.03,6007,6698651.60,2.49,-0.89,-0.10,0.94
2026-06-04,11.02,10.68,11.11,10.52,10311,11067098.89,5.30,-4.04,-0.45,1.62
2026-06-05,10.68,11.08,11.35,10.62,13447,14863964.03,6.84,3.75,0.40,2.11
2026-06-08,11.04,11.20,11.60,11.00,13454,15306054.25,5.42,1.08,0.12,2.11
2026-06-09,11.30,11.08,11.45,11.04,8732,9733391.96,3.66,-1.07,-0.12,1.37
2026-06-10,11.10,11.00,11.26,10.92,7709,8524079.32,3.07,-0.72,-0.08,1.21
2026-06-11,10.91,10.52,10.95,10.39,9152,9705365.89,5.09,-4.36,-0.48,1.44
2026-06-12,10.70,10.66,10.93,10.46,7106,7628778.50,4.47,1.33,0.14,1.12
2026-06-15,10.77,10.61,10.92,10.52,7773,8294783.30,3.75,-0.47,-0.05,1.22
2026-06-16,10.67,10.56,10.73,10.41,8653,9125937.27,3.02,-0.47,-0.05,1.36
2026-06-17,10.58,10.45,10.61,10.30,8338,8706297.95,2.94,-1.04,-0.11,1.31
2026-06-18,10.37,10.12,10.49,10.10,10763,11033655.29,3.73,-3.16,-0.33,1.69
2026-06-22,10.09,10.34,10.42,9.60,15116,15104911.47,8.10,2.17,0.22,2.38
2026-06-23,10.43,10.52,11.29,10.26,18752,20238865.34,9.96,1.74,0.18,2.95
2026-06-24,10.67,10.33,11.06,10.28,14644,15694602.91,7.41,-1.81,-0.19,2.30
2026-06-25,10.25,10.02,10.44,9.92,10912,11007182.80,5.03,-3.00,-0.31,1.71
2026-06-26,9.94,9.73,10.27,9.72,7531,7417665.26,5.49,-2.89,-0.29,1.18