2026-01-05,10.50,10.58,10.60,10.47,30963,32641353.88,1.24,1.05,0.11,0.61
2026-01-06,10.66,10.60,10.66,10.55,30746,32567093.04,1.04,0.19,0.02,0.61
2026-01-07,10.61,10.58,10.77,10.55,37772,40159585.14,2.08,-0.19,-0.02,0.75
2026-01-08,10.56,10.63,10.65,10.49,27954,29597960.30,1.51,0.47,0.05,0.55
2026-01-09,10.63,11.35,11.57,10.61,134130,149088531.04,9.03,6.77,0.72,2.65
2026-01-12,11.67,12.49,12.49,11.60,265038,326479321.10,7.84,10.04,1.14,5.24
2026-01-13,12.70,11.67,12.86,11.66,230132,275488708.85,9.61,-6.57,-0.82,4.55
2026-01-14,11.86,12.46,12.76,11.75,224342,276008209.95,8.65,6.77,0.79,4.44
2026-01-15,12.11,11.74,12.20,11.62,125503,148666217.32,4.65,-5.78,-0.72,2.48
2026-01-16,11.69,11.47,11.82,11.43,81145,93871637.48,3.32,-2.30,-0.27,1.60
2026-01-19,11.45,11.53,11.69,11.41,54660,63141959.06,2.44,0.52,0.06,1.08
2026-01-20,11.59,11.48,11.68,11.43,76190,87936575.11,2.17,-0.43,-0.05,1.51
2026-01-21,11.47,11.56,11.69,11.39,78121,90180177.36,2.61,0.70,0.08,1.54
2026-01-22,11.58,11.70,11.87,11.57,79972,93802411.45,2.60,1.21,0.14,1.58
2026-01-23,11.68,12.87,12.87,11.65,197975,247271678.83,10.43,10.00,1.17,3.91
2026-01-26,13.39,13.25,13.93,13.15,308719,416881727.61,6.06,2.95,0.38,6.10
2026-01-27,13.28,13.15,13.44,12.86,155846,204628907.20,4.38,-0.75,-0.10,3.08
2026-01-28,13.03,13.25,13.44,12.87,144851,191621885.94,4.33,0.76,0.10,2.86
2026-01-29,13.14,13.09,13.43,13.00,91750,120970229.65,3.25,-1.21,-0.16,1.81
2026-01-30,13.12,13.28,13.45,12.88,122831,162128934.08,4.35,1.45,0.19,2.43
2026-02-02,13.06,12.25,13.06,12.25,119597,150386195.83,6.10,-7.76,-1.03,2.36
2026-02-03,12.47,12.66,12.81,12.25,75559,94944462.87,4.57,3.35,0.41,1.49
2026-02-04,12.75,12.68,12.80,12.50,55766,70382357.59,2.37,0.16,0.02,1.10
2026-02-05,12.63,12.50,12.73,12.39,34550,43266985.60,2.68,-1.42,-0.18,0.68
2026-02-06,12.40,12.44,12.59,12.34,38274,47838587.59,2.00,-0.48,-0.06,0.76
2026-02-09,12.60,12.54,12.78,12.49,33254,41791990.60,2.33,0.80,0.10,0.66
2026-02-10,12.55,12.45,12.83,12.43,64459,81251374.00,3.19,-0.72,-0.09,1.27
2026-02-11,12.51,12.66,12.80,12.48,65377,82606280.77,2.57,1.69,0.21,1.29
2026-02-12,12.60,12.25,12.60,12.13,70255,86172983.36,3.71,-3.24,-0.41,1.39
2026-02-13,12.26,11.89,12.26,11.88,44708,53793915.26,3.10,-2.94,-0.36,0.88
2026-02-24,12.14,11.95,12.17,11.91,45573,54878990.84,2.19,0.50,0.06,0.90
2026-02-25,12.00,12.13,12.19,11.95,57452,69380413.35,2.01,1.51,0.18,1.14
2026-02-26,12.10,11.98,12.11,11.91,37639,45114410.00,1.65,-1.24,-0.15,0.74
2026-02-27,11.98,11.97,12.04,11.89,34126,40835406.57,1.25,-0.08,-0.01,0.67
2026-03-02,11.79,11.61,11.89,11.49,72361,84092380.20,3.34,-3.01,-0.36,1.43
2026-03-03,11.61,11.21,11.65,11.19,62009,70475889.12,3.96,-3.45,-0.40,1.23
2026-03-04,11.18,11.07,11.25,10.94,47951,53108722.46,2.77,-1.25,-0.14,0.95
2026-03-05,11.28,11.09,11.39,11.00,28800,31956503.00,3.52,0.18,0.02,0.57
2026-03-06,11.07,11.21,11.28,11.01,35421,39663187.60,2.43,1.08,0.12,0.70
2026-03-09,11.12,10.93,11.15,10.84,51458,56344586.84,2.77,-2.50,-0.28,1.02
2026-03-10,10.98,11.07,11.08,10.93,35163,38764732.62,1.37,1.28,0.14,0.70
2026-03-11,11.08,11.12,11.13,10.98,32813,36257379.17,1.36,0.45,0.05,0.65
2026-03-12,11.10,11.27,11.38,11.07,54320,60998478.40,2.79,1.35,0.15,1.07
2026-03-13,11.27,11.20,11.52,11.17,53213,60217367.00,3.11,-0.62,-0.07,1.05
2026-03-16,11.21,11.19,11.34,11.10,38919,43564457.40,2.14,-0.09,-0.01,0.77
2026-03-17,11.22,10.97,11.34,10.96,32666,36371270.07,3.40,-1.97,-0.22,0.65
2026-03-18,11.00,10.92,11.03,10.83,32561,35469612.00,1.82,-0.46,-0.05,0.64
2026-03-19,10.87,10.69,10.92,10.64,27825,29903168.70,2.56,-2.11,-0.23,0.55
2026-03-20,10.69,10.42,10.75,10.39,42021,44381487.50,3.37,-2.53,-0.27,0.83
2026-03-23,10.37,9.62,10.37,9.49,75832,74605167.85,8.45,-7.68,-0.80,1.50
2026-03-24,9.82,9.74,9.88,9.61,41149,39870415.04,2.81,1.25,0.12,0.81
2026-03-25,9.78,10.03,10.06,9.74,44497,44280517.51,3.29,2.98,0.29,0.88
2026-03-26,10.02,9.95,10.16,9.87,28416,28390172.98,2.89,-0.80,-0.08,0.56
2026-03-27,9.77,10.03,10.04,9.70,21380,21306853.60,3.42,0.80,0.08,0.42
2026-03-30,9.98,10.08,10.13,9.92,22387,22483489.24,2.09,0.50,0.05,0.44
2026-03-31,10.08,9.99,10.31,9.98,28802,29199041.80,3.27,-0.89,-0.09,0.57
2026-04-01,10.16,10.14,10.19,10.04,24680,24958320.24,1.50,1.50,0.15,0.49
2026-04-02,10.10,9.99,10.12,9.92,20011,20024979.80,1.97,-1.48,-0.15,0.40
2026-04-03,10.00,9.70,10.02,9.69,34494,33852320.55,3.30,-2.90,-0.29,0.68
2026-04-07,9.70,9.91,9.91,9.67,22055,21666174.04,2.47,2.16,0.21,0.44
2026-04-08,10.10,10.22,10.22,10.01,27631,28043911.59,2.12,3.13,0.31,0.55
2026-04-09,10.20,10.07,10.20,10.02,24095,24297145.29,1.76,-1.47,-0.15,0.48
2026-04-10,10.14,10.12,10.25,10.07,20859,21182926.02,1.79,0.50,0.05,0.41
2026-04-13,10.21,10.21,10.39,10.06,42239,43105260.83,3.26,0.89,0.09,0.84
2026-04-14,10.25,10.15,10.37,10.09,45895,46636450.88,2.74,-0.59,-0.06,0.91
2026-04-15,10.12,10.02,10.18,9.97,28078,28158010.40,2.07,-1.28,-0.13,0.56
2026-04-16,10.02,10.17,10.17,9.99,26431,26689003.60,1.80,1.50,0.15,0.52
2026-04-17,10.13,10.15,10.23,10.03,29892,30284444.53,1.97,-0.20,-0.02,0.59
2026-04-20,10.36,10.66,10.80,10.26,86950,91534160.96,5.32,5.02,0.51,1.72
2026-04-21,10.57,10.46,10.77,10.41,59644,62597874.10,3.38,-1.88,-0.20,1.18
2026-04-22,10.37,10.37,10.49,10.32,37967,39412671.03,1.63,-0.86,-0.09,0.75
2026-04-23,10.38,10.30,10.42,10.23,29189,30114318.25,1.83,-0.68,-0.07,0.58
2026-04-24,10.31,10.19,10.36,10.15,29949,30621042.16,2.04,-1.07,-0.11,0.59
2026-04-27,10.15,10.43,10.68,9.99,61632,64050198.81,6.77,2.36,0.24,1.22
2026-04-28,10.39,10.41,10.65,10.26,43705,45678846.00,3.74,-0.19,-0.02,0.86
2026-04-29,10.10,10.16,10.32,9.97,53244,54217017.99,3.36,-2.40,-0.25,1.05
2026-04-30,10.08,9.87,10.13,9.86,54058,53921671.83,2.66,-2.85,-0.29,1.07
2026-05-06,9.95,10.06,10.16,9.87,45809,45997355.50,2.94,1.93,0.19,0.91
2026-05-07,10.10,9.93,10.11,9.91,34829,34677821.68,1.99,-1.29,-0.13,0.69
2026-05-08,9.95,10.07,10.10,9.93,27728,27841936.82,1.71,1.41,0.14,0.55
2026-05-11,10.08,10.00,10.13,9.92,34965,34918208.78,2.09,-0.70,-0.07,0.69
2026-05-12,10.08,9.80,10.09,9.79,34587,34236112.26,3.00,-2.00,-0.20,0.68
2026-05-13,9.81,9.74,9.85,9.72,25190,24578886.07,1.33,-0.61,-0.06,0.50
2026-05-14,9.75,9.64,9.95,9.53,52084,50587869.92,4.31,-1.03,-0.10,1.03
2026-05-15,9.63,9.45,9.65,9.40,31223,29703971.34,2.59,-1.97,-0.19,0.62
2026-05-18,9.39,9.14,9.39,9.04,43479,39799291.94,3.70,-3.28,-0.31,0.86
2026-05-19,9.14,9.25,9.33,9.10,25398,23418991.60,2.52,1.20,0.11,0.50
2026-05-20,9.16,9.07,9.23,9.00,20322,18420453.27,2.49,-1.95,-0.18,0.40
2026-05-21,9.09,8.77,9.20,8.76,35956,32368028.54,4.85,-3.31,-0.30,0.71
2026-05-22,8.82,9.02,9.10,8.75,26119,23354827.61,3.99,2.85,0.25,0.52
2026-05-25,9.16,9.02,9.23,8.93,19995,18153196.60,3.33,0.00,0.00,0.40
2026-05-26,9.00,9.02,9.12,8.75,33923,30211191.40,4.10,0.00,0.00,0.67
2026-05-27,9.01,8.72,9.01,8.66,27107,23787718.14,3.88,-3.33,-0.30,0.54
2026-05-28,8.72,8.84,9.07,8.60,33113,29460533.64,5.39,1.38,0.12,0.65
2026-05-29,8.84,8.85,9.04,8.82,26648,23784016.42,2.49,0.11,0.01,0.53
2026-06-01,8.81,9.01,9.05,8.77,24385,21828853.64,3.16,1.81,0.16,0.48
2026-06-02,9.00,8.89,9.04,8.79,24088,21386237.52,2.77,-1.33,-0.12,0.48
2026-06-03,8.86,8.76,8.88,8.72,17285,15176523.60,1.80,-1.46,-0.13,0.34
2026-06-04,8.71,8.68,8.81,8.65,15724,13689171.01,1.83,-0.91,-0.08,0.31
2026-06-05,8.69,8.65,8.75,8.43,31237,26846137.66,3.69,-0.35,-0.03,0.62
2026-06-08,8.50,8.31,8.62,8.18,32669,27398267.57,5.09,-3.93,-0.34,0.65
2026-06-09,8.46,8.22,8.46,8.15,25722,21193212.00,3.73,-1.08,-0.09,0.51
2026-06-10,8.18,8.15,8.29,8.00,28367,22975788.01,3.53,-0.85,-0.07,0.56
2026-06-11,8.08,8.14,8.19,7.90,28120,22583583.20,3.56,-0.12,-0.01,0.56
2026-06-12,8.28,8.95,8.95,8.19,56495,49431168.64,9.34,9.95,0.81,1.12
2026-06-15,9.01,9.19,9.39,9.00,123307,113236672.47,4.36,2.68,0.24,2.44
2026-06-16,9.14,8.91,9.24,8.90,71327,64529548.00,3.70,-3.05,-0.28,1.41
2026-06-17,9.00,8.79,9.13,8.78,52063,46328690.58,3.93,-1.35,-0.12,1.03
2026-06-18,9.06,8.80,9.19,8.66,63360,56071823.81,6.03,0.11,0.01,1.25
2026-06-22,8.72,8.78,8.88,8.37,70415,60393686.83,5.80,-0.23,-0.02,1.39
2026-06-23,8.76,8.43,8.87,8.40,55732,47995584.31,5.35,-3.99,-0.35,1.10
2026-06-24,8.45,8.12,8.48,8.08,49898,41136129.94,4.74,-3.68,-0.31,0.99
2026-06-25,8.13,7.99,8.82,7.92,48733,39874684.70,11.08,-1.60,-0.13,0.96
2026-06-26,8.02,7.96,8.25,7.90,38531,30910194.58,4.38,-0.38,-0.03,0.76
2026-06-29,7.94,8.19,8.44,7.74,55981,45309713.00,8.79,2.89,0.23,1.11