2026-01-05,23.39,23.60,23.95,23.39,8552,20357806.83,2.39,0.77,0.18,1.63
2026-01-06,23.88,24.71,24.93,23.76,22233,54381078.99,4.96,4.70,1.11,4.25
2026-01-07,26.23,25.09,26.75,24.91,30966,80193402.69,7.45,1.54,0.38,5.91
2026-01-08,24.83,25.02,25.49,24.72,17276,43422292.73,3.07,-0.28,-0.07,3.30
2026-01-09,24.90,24.93,25.39,24.80,12265,30860849.97,2.36,-0.36,-0.09,2.34
2026-01-12,24.93,25.41,25.67,24.30,23496,59049733.14,5.50,1.93,0.48,4.49
2026-01-13,25.54,24.96,26.15,24.90,17382,44522940.49,4.92,-1.77,-0.45,3.32
2026-01-14,24.91,25.65,25.77,24.90,16906,43157727.05,3.49,2.76,0.69,3.23
2026-01-15,25.55,25.62,26.05,25.08,17642,45276303.65,3.78,-0.12,-0.03,3.37
2026-01-16,25.80,26.57,27.28,25.28,41986,110674378.34,7.81,3.71,0.95,8.02
2026-01-19,27.37,26.62,29.78,26.59,52491,148263864.57,12.01,0.19,0.05,10.02
2026-01-20,26.63,28.72,28.98,26.23,57388,160967215.82,10.33,7.89,2.10,10.96
2026-01-21,27.84,27.48,28.66,27.31,38112,106137497.08,4.70,-4.32,-1.24,7.28
2026-01-22,27.91,27.74,28.90,26.92,32010,89261800.09,7.21,0.95,0.26,6.11
2026-01-23,27.35,27.04,27.60,26.93,28364,77197652.22,2.42,-2.52,-0.70,5.42
2026-01-26,26.85,25.81,27.15,25.67,19724,51980752.23,5.47,-4.55,-1.23,3.77
2026-01-27,25.95,26.00,26.14,25.13,18393,47266001.38,3.91,0.74,0.19,3.51
2026-01-28,26.10,25.70,27.00,25.45,16839,44212527.31,5.96,-1.15,-0.30,3.22
2026-01-29,25.45,24.84,25.89,24.83,16882,42762908.23,4.12,-3.35,-0.86,3.22
2026-01-30,24.73,24.52,25.27,24.48,11695,29147990.76,3.18,-1.29,-0.32,2.23
2026-02-02,24.45,23.68,24.61,23.68,9383,22675225.16,3.79,-3.43,-0.84,1.79
2026-02-03,23.86,24.30,24.34,23.86,8719,21132402.52,2.03,2.62,0.62,1.66
2026-02-04,24.32,23.75,24.40,23.60,8489,20443479.74,3.29,-2.26,-0.55,1.62
2026-02-05,23.93,23.25,23.93,23.19,8042,18954448.57,3.12,-2.11,-0.50,1.54
2026-02-06,23.35,23.35,23.69,23.21,6491,15286106.74,2.06,0.43,0.10,1.24
2026-02-09,23.76,23.82,23.94,23.53,5429,12968753.10,1.76,2.01,0.47,1.04
2026-02-10,23.74,23.49,24.00,23.41,4490,10656853.58,2.48,-1.39,-0.33,0.86
2026-02-11,23.55,23.30,23.82,23.25,4871,11500375.84,2.43,-0.81,-0.19,0.93
2026-02-12,23.40,23.38,23.73,23.13,8004,18878692.98,2.58,0.34,0.08,1.53
2026-02-13,23.37,22.99,23.52,22.99,6452,15078029.67,2.27,-1.67,-0.39,1.23
2026-02-24,23.23,23.23,23.38,22.97,4534,10570153.59,1.78,1.04,0.24,0.87
2026-02-25,23.31,23.68,23.71,23.31,8357,19794461.98,1.72,1.94,0.45,1.60
2026-02-26,23.68,23.70,23.77,23.28,7446,17601244.61,2.07,0.08,0.02,1.42
2026-02-27,23.69,23.36,23.70,23.21,6436,15095463.94,2.07,-1.43,-0.34,1.23
2026-03-02,22.96,22.06,23.18,21.93,13514,30356582.88,5.35,-5.57,-1.30,2.58
2026-03-03,22.26,21.87,22.48,21.76,8716,19341821.03,3.26,-0.86,-0.19,1.66
2026-03-04,21.77,21.50,22.15,21.34,6280,13702428.35,3.70,-1.69,-0.37,1.20
2026-03-05,21.70,21.84,22.05,21.70,7340,16165215.09,1.63,1.58,0.34,1.40
2026-03-06,21.92,22.06,22.13,21.84,5177,11440659.80,1.33,1.01,0.22,0.99
2026-03-09,21.80,21.50,22.20,20.90,8432,18236614.23,5.89,-2.54,-0.56,1.61
2026-03-10,21.50,22.32,22.78,21.50,11912,26588536.88,5.95,3.81,0.82,2.27
2026-03-11,22.30,22.25,22.58,22.14,8270,18511965.27,1.97,-0.31,-0.07,1.58
2026-03-12,22.13,21.96,22.30,21.75,6207,13706185.73,2.47,-1.30,-0.29,1.19
2026-03-13,22.01,21.75,22.10,21.31,5877,12788626.78,3.60,-0.96,-0.21,1.12
2026-03-16,21.62,21.83,22.10,20.92,9670,20881129.61,5.43,0.37,0.08,1.85
2026-03-17,21.96,21.84,21.99,21.36,8413,18330232.89,2.89,0.05,0.01,1.61
2026-03-18,21.82,21.99,22.10,21.25,10338,22634771.97,3.89,0.69,0.15,1.97
2026-03-19,21.69,22.00,22.50,21.51,15782,34846807.62,4.50,0.05,0.01,3.01
2026-03-20,21.90,20.75,22.20,20.75,12707,27613830.31,6.59,-5.68,-1.25,2.43
2026-03-23,20.37,18.90,20.58,18.57,10871,21319290.85,9.69,-8.92,-1.85,2.08
2026-03-24,19.07,19.16,19.63,18.80,5901,11318955.92,4.39,1.38,0.26,1.13
2026-03-25,19.17,19.34,19.59,19.12,6107,11899025.94,2.45,0.94,0.18,1.17
2026-03-26,19.32,19.10,19.54,18.63,7739,14791501.06,4.71,-1.24,-0.24,1.48
2026-03-27,18.92,19.48,19.78,18.51,13449,26036286.51,6.65,1.99,0.38,2.57
2026-03-30,18.99,19.38,19.67,18.91,9146,17745091.62,3.90,-0.51,-0.10,1.75
2026-03-31,19.29,18.70,19.60,18.70,9077,17532257.55,4.64,-3.51,-0.68,1.73
2026-04-01,18.91,18.96,19.08,18.78,5522,10495827.06,1.60,1.39,0.26,1.05
2026-04-02,18.96,18.50,19.18,18.28,9776,18425039.89,4.75,-2.43,-0.46,1.87
2026-04-03,18.59,17.18,18.59,17.05,13527,24000468.32,8.32,-7.14,-1.32,2.58
2026-04-07,17.19,17.52,17.62,17.18,9154,16054204.18,2.56,1.98,0.34,1.75
2026-04-08,17.85,19.04,19.05,17.85,16031,29816583.06,6.85,8.68,1.52,3.06
2026-04-09,18.84,18.66,19.03,18.40,9365,17593742.52,3.31,-2.00,-0.38,1.79
2026-04-10,18.66,19.01,19.28,18.66,7828,14983712.84,3.32,1.88,0.35,1.49
2026-04-13,18.96,18.70,19.18,18.50,5324,10004883.65,3.58,-1.63,-0.31,1.02
2026-04-14,18.70,18.84,19.25,18.57,5204,9811501.61,3.64,0.75,0.14,0.99
2026-04-15,19.01,18.64,19.01,18.40,6594,12406189.81,3.24,-1.06,-0.20,1.26
2026-04-16,18.76,18.93,19.00,18.54,6017,11358637.64,2.47,1.56,0.29,1.15
2026-04-17,18.91,24.63,24.63,18.76,40272,91888120.26,31.01,30.11,5.70,7.69
2026-04-20,27.57,28.17,31.90,27.18,114025,334304098.67,19.16,14.37,3.54,21.77
2026-04-21,28.10,26.50,28.17,25.70,85235,225880215.45,8.77,-5.93,-1.67,16.28
2026-04-22,25.44,25.90,27.85,25.14,79934,211170099.83,10.23,-2.26,-0.60,15.26
2026-04-23,25.20,23.48,25.50,23.31,66231,161788168.59,8.46,-9.34,-2.42,12.65
2026-04-24,23.34,23.26,24.59,22.97,41913,100456683.56,6.90,-0.94,-0.22,8.00
2026-04-27,23.80,23.11,24.50,23.00,41299,98726699.67,6.45,-0.64,-0.15,7.89
2026-04-28,23.11,21.79,23.35,21.64,38799,86645769.72,7.40,-5.71,-1.32,7.41
2026-04-29,22.03,22.37,22.89,22.00,27672,62238547.66,4.08,2.66,0.58,5.28
2026-04-30,22.43,23.41,23.80,22.22,38854,90577438.06,7.06,4.65,1.04,7.42
2026-05-06,24.10,24.17,25.28,23.50,53599,131427636.24,7.60,3.25,0.76,10.24
2026-05-07,24.70,24.93,26.28,24.25,53394,135101353.08,8.40,3.14,0.76,10.20
2026-05-08,24.82,24.90,25.38,23.68,44472,110896407.63,6.82,-0.12,-0.03,8.49
2026-05-11,25.02,26.53,26.85,24.71,67104,173819733.31,8.59,6.55,1.63,12.81
2026-05-12,25.91,25.58,26.68,25.17,48064,124654394.11,5.69,-3.58,-0.95,9.18
2026-05-13,25.26,24.89,25.27,24.48,33284,82978980.17,3.09,-2.70,-0.69,6.36
2026-05-14,25.07,23.71,25.39,23.71,29946,73625179.36,6.75,-4.74,-1.18,5.72
2026-05-15,24.70,25.14,26.58,24.44,57419,146673425.08,9.03,6.03,1.43,10.96
2026-05-18,24.40,23.69,24.50,23.24,38746,93015149.36,5.01,-5.77,-1.45,7.40
2026-05-19,23.54,23.67,23.79,22.61,31744,73928094.62,4.98,-0.08,-0.02,6.06
2026-05-20,23.50,25.59,25.71,23.25,58942,146060542.77,10.39,8.11,1.92,11.26
2026-05-21,25.49,24.79,27.80,24.70,65650,172412877.97,12.11,-3.13,-0.80,12.54
2026-05-22,24.13,26.54,26.75,24.13,56455,145447322.85,10.57,7.06,1.75,10.78
2026-05-25,26.43,26.83,27.54,25.40,58680,154863043.67,8.06,1.09,0.29,11.21
2026-05-26,29.20,27.91,31.92,26.92,95509,283306563.01,18.64,4.03,1.08,18.24
2026-05-27,26.70,25.46,27.76,25.35,66720,175878723.17,8.63,-8.78,-2.45,12.74
2026-05-28,24.90,28.21,28.90,23.50,72580,188809414.19,21.21,10.80,2.75,13.86
2026-05-29,27.94,26.40,28.58,25.93,51113,138935513.53,9.39,-6.42,-1.81,9.76
2026-06-01,26.28,24.90,27.01,24.54,38451,99595829.59,9.36,-5.68,-1.50,7.34
2026-06-02,24.95,27.20,27.85,24.30,53931,143996076.15,14.26,9.24,2.30,10.30
2026-06-03,26.81,28.67,29.93,26.63,62370,178397829.44,12.13,5.40,1.47,11.91
2026-06-04,27.36,28.43,29.88,27.32,53798,153798232.61,8.93,-0.84,-0.24,10.27
2026-06-05,27.80,29.48,31.89,27.07,76766,227818175.42,16.95,3.69,1.05,14.66
2026-06-08,27.94,26.38,30.14,26.23,60997,170936000.78,13.26,-10.52,-3.10,11.65
2026-06-09,27.17,30.30,30.65,27.13,67312,192918613.44,13.34,14.86,3.92,12.85
2026-06-10,29.00,31.96,34.88,28.88,86712,274314153.75,19.80,5.48,1.66,16.56
2026-06-11,31.70,31.23,34.86,30.68,90950,299025065.79,13.08,-2.28,-0.73,17.37
2026-06-12,31.19,27.91,32.19,27.91,76405,227039987.56,13.70,-10.63,-3.32,14.59
2026-06-15,28.72,30.10,30.11,27.28,53495,154597288.59,10.14,7.85,2.19,10.22
2026-06-16,30.53,29.77,32.49,29.72,58660,181033603.16,9.20,-1.10,-0.33,11.20
2026-06-17,29.51,30.90,31.67,29.40,54314,167233337.84,7.63,3.80,1.13,10.37
2026-06-18,30.70,29.57,30.98,29.50,50608,151961576.21,4.79,-4.30,-1.33,9.66
2026-06-22,29.00,30.33,30.48,28.99,45426,135640227.31,5.04,2.57,0.76,8.67
2026-06-23,30.00,29.55,30.98,29.24,38108,114498169.23,5.74,-2.57,-0.78,7.28
2026-06-24,29.33,28.41,29.36,28.19,34631,99403787.11,3.96,-3.86,-1.14,6.61
2026-06-25,29.10,26.52,29.47,26.37,48916,135049402.05,10.91,-6.65,-1.89,9.34
2026-06-26,25.96,26.86,28.12,25.96,41052,110724429.76,8.14,1.28,0.34,7.84
2026-06-29,27.21,25.89,28.66,25.01,42065,112798517.60,13.59,-3.61,-0.97,8.03
2026-06-30,25.80,25.95,26.44,24.60,33081,85491660.05,7.11,0.23,0.06,6.32
2026-07-01,25.94,26.70,27.77,25.80,35413,94839826.36,7.59,2.89,0.75,6.76
2026-07-02,26.00,24.90,26.22,24.66,35598,90542422.26,5.84,-6.74,-1.80,6.80
2026-07-03,24.90,26.07,26.59,24.30,37593,95171791.07,9.20,4.70,1.17,7.18
2026-07-06,27.35,28.65,30.06,26.60,62865,178622194.07,13.27,9.90,2.58,12.00
2026-07-07,28.01,29.75,29.90,27.35,57553,166939821.41,8.90,3.84,1.10,10.99
2026-07-08,29.75,26.32,30.53,26.26,50655,140969627.50,14.35,-11.53,-3.43,9.67
2026-07-09,25.56,27.30,27.50,25.43,36709,97743081.22,7.86,3.72,0.98,7.01
2026-07-10,27.40,23.91,27.78,23.78,49028,126132097.68,14.65,-12.42,-3.39,9.36
2026-07-13,23.39,22.67,24.38,22.61,24569,57489137.99,7.40,-5.19,-1.24,4.69
2026-07-14,22.68,23.18,23.46,21.89,25032,56925905.25,6.93,2.25,0.51,4.78
2026-07-15,23.48,21.20,23.49,20.82,26256,57336911.80,11.52,-8.54,-1.98,5.01
2026-07-16,21.00,20.50,21.40,20.12,19051,39388410.79,6.04,-3.30,-0.70,3.64
2026-07-17,20.50,20.27,21.25,19.80,19740,40816854.40,7.07,-1.12,-0.23,3.77
2026-07-20,20.46,19.29,20.67,19.00,15852,31410764.42,8.24,-4.83,-0.98,3.03
2026-07-21,19.12,20.47,20.50,18.50,28115,55293654.09,10.37,6.12,1.18,5.37
2026-07-22,20.47,19.79,20.76,19.66,18487,37477856.73,5.37,-3.32,-0.68,3.53