2026-01-05,13.41,13.56,13.80,13.41,31272,42620524.00,2.91,1.04,0.14,2.05
2026-01-06,13.55,13.53,13.68,13.44,32449,44082954.00,1.77,-0.22,-0.03,2.13
2026-01-07,13.58,13.44,13.58,13.33,32203,43390019.00,1.85,-0.67,-0.09,2.12
2026-01-08,13.53,13.65,13.66,13.33,35081,47591399.00,2.46,1.56,0.21,2.30
2026-01-09,13.79,13.68,13.83,13.54,29191,39883905.00,2.12,0.22,0.03,1.92
2026-01-12,13.74,13.90,14.02,13.69,46564,64584851.00,2.41,1.61,0.22,3.06
2026-01-13,13.96,13.82,14.02,13.71,35039,48598636.00,2.23,-0.58,-0.08,2.30
2026-01-14,13.78,13.67,13.86,13.48,43775,60068260.00,2.75,-1.09,-0.15,2.88
2026-01-15,13.59,13.78,13.88,13.54,34825,47758463.00,2.49,0.80,0.11,2.29
2026-01-16,13.78,13.80,13.83,13.63,26060,35859919.00,1.45,0.15,0.02,1.71
2026-01-19,13.88,13.78,13.91,13.72,26311,36353149.00,1.38,-0.14,-0.02,1.73
2026-01-20,13.77,13.87,13.89,13.70,27527,38132515.00,1.38,0.65,0.09,1.81
2026-01-21,13.80,14.02,14.03,13.74,24382,34017988.00,2.09,1.08,0.15,1.60
2026-01-22,14.08,14.03,14.10,13.96,24458,34375247.00,1.00,0.07,0.01,1.61
2026-01-23,14.03,13.97,14.11,13.87,33692,47094228.00,1.71,-0.43,-0.06,2.21
2026-01-26,13.97,14.04,14.10,13.83,44485,62281809.00,1.93,0.50,0.07,2.92
2026-01-27,14.08,14.31,14.64,14.00,66839,95562178.00,4.56,1.92,0.27,4.39
2026-01-28,14.25,13.75,14.29,13.68,55456,77224169.00,4.26,-3.91,-0.56,3.64
2026-01-29,13.76,13.24,13.78,13.24,43190,58225981.00,3.93,-3.71,-0.51,2.84
2026-01-30,13.31,13.62,13.67,13.21,42100,56850504.00,3.47,2.87,0.38,2.77
2026-02-02,13.58,13.52,13.80,13.43,38568,52659577.00,2.72,-0.73,-0.10,2.53
2026-02-03,13.60,13.50,13.68,13.43,23369,31598967.00,1.85,-0.15,-0.02,1.54
2026-02-04,13.50,13.69,13.76,13.46,27975,38305124.00,2.22,1.41,0.19,1.84
2026-02-05,13.68,13.86,14.01,13.67,23922,33286309.00,2.48,1.24,0.17,1.57
2026-02-06,13.86,13.90,14.03,13.71,26516,37002363.00,2.31,0.29,0.04,1.74
2026-02-09,14.01,14.16,14.23,13.99,34326,48596641.00,1.73,1.87,0.26,2.26
2026-02-10,14.28,14.27,14.48,14.13,30256,43266337.00,2.47,0.78,0.11,1.99
2026-02-11,14.27,14.17,14.34,14.05,24982,35438415.00,2.03,-0.70,-0.10,1.64
2026-02-12,14.17,14.01,14.20,13.96,22295,31404646.00,1.69,-1.13,-0.16,1.46
2026-02-13,14.01,14.00,14.19,13.93,23755,33523599.00,1.86,-0.07,-0.01,1.56
2026-02-24,14.13,15.11,15.40,14.10,157312,236188111.00,9.29,7.93,1.11,10.34
2026-02-25,15.04,15.07,15.21,14.88,85729,128816496.00,2.18,-0.26,-0.04,5.63
2026-02-26,14.98,14.84,15.31,14.64,61951,91946142.00,4.45,-1.53,-0.23,4.07
2026-02-27,14.84,14.80,14.97,14.70,36124,53537718.00,1.82,-0.27,-0.04,2.37
2026-03-02,14.50,14.14,14.60,13.82,70570,100126092.00,5.27,-4.46,-0.66,4.64
2026-03-03,14.29,13.67,14.29,13.64,65848,92272478.00,4.60,-3.32,-0.47,4.33
2026-03-04,13.53,13.50,13.73,13.36,41876,56832055.00,2.71,-1.24,-0.17,2.75
2026-03-05,13.73,13.51,13.81,13.42,33543,45826093.00,2.89,0.07,0.01,2.20
2026-03-06,13.47,13.96,13.97,13.47,39486,54653880.00,3.70,3.33,0.45,2.59
2026-03-09,13.77,13.78,13.92,13.55,32808,45073022.00,2.65,-1.29,-0.18,2.16
2026-03-10,13.83,13.98,14.06,13.83,33555,46942251.00,1.67,1.45,0.20,2.20
2026-03-11,14.10,13.64,14.10,13.61,42060,57833410.00,3.51,-2.43,-0.34,2.76
2026-03-12,13.68,13.36,13.82,13.33,47545,64209685.00,3.59,-2.05,-0.28,3.12
2026-03-13,13.30,13.45,13.81,13.24,41731,56840948.00,4.27,0.67,0.09,2.74
2026-03-16,13.45,13.53,13.64,13.34,25786,34774149.00,2.23,0.59,0.08,1.69
2026-03-17,13.51,13.20,13.59,13.18,27199,36460562.00,3.03,-2.44,-0.33,1.79
2026-03-18,13.19,13.35,13.37,13.14,18909,25108738.00,1.74,1.14,0.15,1.24
2026-03-19,13.28,13.10,13.34,13.03,24039,31685590.00,2.32,-1.87,-0.25,1.58
2026-03-20,13.11,12.68,13.19,12.68,29597,38151981.00,3.89,-3.21,-0.42,1.94
2026-03-23,12.16,11.73,12.43,11.57,74837,89451633.00,6.78,-7.49,-0.95,4.92
2026-03-24,11.92,12.31,12.47,11.69,46629,56527220.00,6.65,4.94,0.58,3.06
2026-03-25,12.56,12.79,12.91,12.31,35884,45877009.00,4.87,3.90,0.48,2.36
2026-03-26,12.83,12.71,13.01,12.59,22484,28783364.00,3.28,-0.63,-0.08,1.48
2026-03-27,12.54,13.00,13.05,12.54,20997,27102646.00,4.01,2.28,0.29,1.38
2026-03-30,13.00,13.27,13.29,12.84,23517,30883380.00,3.46,2.08,0.27,1.55
2026-03-31,13.26,13.09,13.46,13.05,20463,27152984.00,3.09,-1.36,-0.18,1.34
2026-04-01,13.33,13.15,13.38,13.06,19193,25319940.00,2.44,0.46,0.06,1.26
2026-04-02,13.15,12.98,13.21,12.88,24802,32276213.00,2.51,-1.29,-0.17,1.63
2026-04-03,12.97,12.77,13.01,12.67,27766,35606391.00,2.62,-1.62,-0.21,1.82
2026-04-07,12.77,13.13,13.24,12.68,40713,53142091.00,4.39,2.82,0.36,2.67
2026-04-08,13.31,13.29,13.38,13.19,31464,41834333.00,1.45,1.22,0.16,2.07
2026-04-09,13.30,13.09,13.34,13.04,24326,32129380.00,2.26,-1.50,-0.20,1.60
2026-04-10,13.11,13.19,13.32,13.09,18846,24955847.00,1.76,0.76,0.10,1.24
2026-04-13,13.31,13.24,13.51,13.11,20905,27745963.00,3.03,0.38,0.05,1.37
2026-04-14,13.36,13.18,13.37,13.00,26127,34368701.00,2.79,-0.45,-0.06,1.72
2026-04-15,13.28,13.38,13.93,13.23,59324,80328311.00,5.31,1.52,0.20,3.90
2026-04-16,13.38,13.95,13.98,13.33,64921,89492367.00,4.86,4.26,0.57,4.27
2026-04-17,13.93,13.73,14.24,13.62,37746,52084298.00,4.44,-1.58,-0.22,2.48
2026-04-20,13.83,13.66,13.83,13.49,41122,56026106.00,2.48,-0.51,-0.07,2.70
2026-04-21,13.67,13.48,13.76,13.41,25200,34168413.00,2.56,-1.32,-0.18,1.66
2026-04-22,13.49,13.41,13.50,13.31,22980,30810972.00,1.41,-0.52,-0.07,1.51
2026-04-23,13.35,13.23,13.41,13.12,22537,29868727.00,2.16,-1.34,-0.18,1.48
2026-04-24,13.23,13.31,13.39,13.09,16198,21493867.00,2.27,0.60,0.08,1.06
2026-04-27,13.36,13.52,13.57,13.19,32623,43814774.00,2.85,1.58,0.21,2.14
2026-04-28,13.47,13.36,13.62,13.29,22995,30879977.00,2.44,-1.18,-0.16,1.51
2026-04-29,13.28,13.46,13.58,13.28,36567,49373338.00,2.25,0.75,0.10,2.40
2026-04-30,13.52,13.52,13.76,13.36,46202,62770365.00,2.97,0.45,0.06,3.04
2026-05-06,13.68,13.39,13.68,13.29,41973,56456344.00,2.88,-0.96,-0.13,2.76
2026-05-07,13.37,13.42,13.58,13.33,38323,51667254.00,1.87,0.22,0.03,2.52
2026-05-08,13.42,13.33,13.44,13.31,25670,34353956.00,0.97,-0.67,-0.09,1.69
2026-05-11,13.43,13.11,13.44,13.03,44788,59101241.00,3.08,-1.65,-0.22,2.94
2026-05-12,13.10,12.91,13.18,12.80,36770,47814951.00,2.90,-1.53,-0.20,2.42
2026-05-13,12.91,12.99,13.08,12.75,30235,39242792.00,2.56,0.62,0.08,1.99
2026-05-14,13.00,12.90,13.05,12.78,28794,37252146.00,2.08,-0.69,-0.09,1.89
2026-05-15,12.91,12.73,12.96,12.60,29603,37860345.00,2.79,-1.32,-0.17,1.94
2026-05-18,12.68,12.81,12.84,12.53,29552,37498646.00,2.44,0.63,0.08,1.94
2026-05-19,12.88,12.99,13.17,12.78,28591,37144453.00,3.04,1.41,0.18,1.88
2026-05-20,12.93,12.78,12.93,12.69,23388,29967275.00,1.85,-1.62,-0.21,1.54
2026-05-21,12.78,12.53,13.04,12.49,39224,50329908.00,4.30,-1.96,-0.25,2.58
2026-05-22,12.51,12.87,13.12,12.45,38589,49305884.00,5.35,2.71,0.34,2.54
2026-05-25,12.87,12.65,13.01,12.55,30332,38446371.00,3.57,-1.71,-0.22,1.99
2026-05-26,12.59,12.35,12.64,12.24,28697,35561862.00,3.16,-2.37,-0.30,1.89
2026-05-27,12.32,12.02,12.41,11.94,24684,29848895.00,3.81,-2.67,-0.33,1.62
2026-05-28,11.97,12.02,12.14,11.73,26488,31755857.00,3.41,0.00,0.00,1.74
2026-05-29,12.07,11.59,12.07,11.58,33737,39796592.00,4.08,-3.58,-0.43,2.22
2026-06-01,11.66,11.96,12.06,11.46,35688,42628813.00,5.18,3.19,0.37,2.34
2026-06-02,11.96,11.65,12.02,11.47,32088,37319258.00,4.60,-2.59,-0.31,2.11
2026-06-03,11.64,11.42,11.64,11.34,25120,28756099.00,2.58,-1.97,-0.23,1.65
2026-06-04,11.47,11.17,11.47,11.06,26403,29618392.00,3.59,-2.19,-0.25,1.73
2026-06-05,11.18,11.28,11.39,10.98,31663,35622603.00,3.67,0.98,0.11,2.08
2026-06-08,11.09,10.98,11.38,10.79,36877,41034522.00,5.23,-2.66,-0.30,2.42
2026-06-09,11.03,10.97,11.12,10.82,20835,22906895.00,2.73,-0.09,-0.01,1.37
2026-06-10,10.95,10.97,11.03,10.68,25930,28168282.00,3.19,0.00,0.00,1.70
2026-06-11,11.04,11.37,11.44,10.67,58419,65095230.00,7.02,3.65,0.40,3.84
2026-06-12,11.46,11.07,11.49,11.02,38760,43508440.00,4.13,-2.64,-0.30,2.55
2026-06-15,11.18,11.02,11.42,10.97,29087,32453013.00,4.07,-0.45,-0.05,1.91
2026-06-16,11.01,10.95,11.13,10.83,21162,23209757.00,2.72,-0.64,-0.07,1.39
2026-06-17,11.01,10.85,11.01,10.73,23062,25047813.00,2.56,-0.91,-0.10,1.52
2026-06-18,10.72,10.69,10.83,10.60,25158,26973650.00,2.12,-1.47,-0.16,1.65
2026-06-22,10.69,10.64,10.69,10.19,36103,37776006.00,4.68,-0.47,-0.05,2.37
2026-06-23,10.65,10.87,11.10,10.52,35831,39206374.00,5.45,2.16,0.23,2.35
2026-06-24,10.87,10.53,11.03,10.39,32331,34306384.00,5.89,-3.13,-0.34,2.12
2026-06-25,10.52,10.16,10.61,10.10,35513,36693197.00,4.84,-3.51,-0.37,2.33
2026-06-26,10.18,9.97,10.18,9.82,27896,27946611.00,3.54,-1.87,-0.19,1.83
2026-06-29,10.03,9.93,10.07,9.57,25596,25199129.00,5.02,-0.40,-0.04,1.68
2026-06-30,10.00,9.70,10.05,9.59,23697,23096508.00,4.63,-2.32,-0.23,1.56
2026-07-01,9.69,9.92,10.03,9.69,32111,31800993.00,3.51,2.27,0.22,2.11
2026-07-02,9.96,10.15,10.40,9.91,30070,30725593.00,4.94,2.32,0.23,1.98
2026-07-03,10.29,10.33,10.46,10.15,29037,29946028.00,3.05,1.77,0.18,1.91
2026-07-06,10.33,10.30,10.56,10.29,21029,21829934.00,2.61,-0.29,-0.03,1.38
2026-07-07,10.30,9.92,10.30,9.86,23086,23067585.00,4.27,-3.69,-0.38,1.52
2026-07-08,9.89,9.78,9.98,9.71,17856,17562611.00,2.72,-1.41,-0.14,1.17
2026-07-09,9.78,9.67,9.87,9.47,18149,17451195.00,4.09,-1.12,-0.11,1.19
2026-07-10,9.70,9.95,10.08,9.50,33124,32766000.00,6.00,2.90,0.28,2.18
2026-07-13,9.95,9.62,9.96,9.58,23903,23236597.00,3.82,-3.32,-0.33,1.57
2026-07-14,9.62,9.80,9.84,9.39,22698,21927720.00,4.68,1.87,0.18,1.49
2026-07-15,9.80,9.82,9.98,9.71,20747,20415366.00,2.76,0.20,0.02,1.36
2026-07-16,9.72,9.94,10.08,9.67,18966,18837133.00,4.18,1.22,0.12,1.25
2026-07-17,9.98,9.53,10.08,9.41,24683,23958585.00,6.74,-4.12,-0.41,1.62
2026-07-20,9.54,9.26,9.80,9.10,41602,39317172.00,7.35,-2.83,-0.27,2.73
2026-07-21,9.26,9.10,9.35,8.68,43167,38836499.00,7.24,-1.73,-0.16,2.84
2026-07-22,9.18,8.99,9.24,8.93,29186,26345753.00,3.41,-1.21,-0.11,1.92
2026-07-23,9.00,9.28,9.32,8.91,33798,30819637.00,4.56,3.23,0.29,2.22
2026-07-24,9.28,9.12,9.31,9.03,22363,20521122.00,3.02,-1.72,-0.16,1.47
2026-07-27,9.21,9.39,9.48,9.12,25295,23698256.00,3.95,2.96,0.27,1.66
2026-07-28,9.46,9.47,9.63,9.38,20139,19151181.00,2.66,0.85,0.08,1.32
2026-07-29,9.52,9.70,9.78,9.50,25945,25088432.00,2.96,2.43,0.23,1.70
2026-07-30,9.70,9.73,9.90,9.51,31674,30839632.00,4.02,0.31,0.03,2.08
2026-07-31,9.79,9.86,10.06,9.72,26689,26337449.00,3.49,1.34,0.13,1.75
2026-08-03,9.95,10.19,10.20,9.88,25474,25627542.00,3.25,3.35,0.33,1.67
2026-08-04,10.24,10.13,10.35,10.09,22169,22592598.00,2.55,-0.59,-0.06,1.46
2026-08-05,10.13,10.15,10.27,10.06,24871,25248687.00,2.07,0.20,0.02,1.63