2026-01-05,8.66,8.72,8.75,8.61,33985,29674490.00,1.61,0.58,0.05,0.94
2026-01-06,8.75,8.81,8.85,8.74,40882,36130133.00,1.26,1.03,0.09,1.13
2026-01-07,8.81,8.71,8.83,8.69,52543,46023492.00,1.59,-1.14,-0.10,1.45
2026-01-08,8.68,8.79,8.82,8.63,41378,36314017.00,2.18,0.92,0.08,1.15
2026-01-09,8.76,8.76,8.81,8.63,63873,55870422.00,2.05,-0.34,-0.03,1.77
2026-01-12,8.79,8.89,8.96,8.75,75834,67442248.00,2.40,1.48,0.13,2.10
2026-01-13,8.86,8.91,8.96,8.78,79171,70628984.00,2.02,0.22,0.02,2.19
2026-01-14,8.93,8.80,8.93,8.70,92571,82094606.00,2.58,-1.23,-0.11,2.56
2026-01-15,8.73,8.84,8.87,8.73,49336,43597104.00,1.59,0.45,0.04,1.37
2026-01-16,8.96,9.11,9.23,8.87,124688,113163142.00,4.07,3.05,0.27,3.45
2026-01-19,9.07,9.34,9.37,8.98,112986,104757005.00,4.28,2.52,0.23,3.13
2026-01-20,9.38,9.34,9.40,9.25,72047,67115732.00,1.61,0.00,0.00,1.99
2026-01-21,9.29,9.48,9.50,9.26,87076,82141324.00,2.57,1.50,0.14,2.41
2026-01-22,9.45,9.51,9.63,9.38,80622,76796454.00,2.64,0.32,0.03,2.23
2026-01-23,9.50,9.64,9.69,9.45,83444,80096729.00,2.52,1.37,0.13,2.31
2026-01-26,9.67,9.61,9.73,9.54,78282,75395131.00,1.97,-0.31,-0.03,2.17
2026-01-27,9.58,9.56,9.65,9.33,76404,72683491.00,3.33,-0.52,-0.05,2.12
2026-01-28,9.58,9.64,9.71,9.52,70435,67913061.00,1.99,0.84,0.08,1.95
2026-01-29,9.64,9.44,9.65,9.41,70288,67155714.00,2.49,-2.07,-0.20,1.95
2026-01-30,9.44,9.60,9.62,9.38,83627,79924643.00,2.54,1.69,0.16,2.32
2026-02-02,9.59,9.29,9.59,9.28,65969,62315163.00,3.23,-3.23,-0.31,1.83
2026-02-03,9.33,9.47,9.48,9.28,51072,48146235.00,2.15,1.94,0.18,1.41
2026-02-04,9.47,9.48,9.61,9.41,41169,39217996.00,2.11,0.11,0.01,1.14
2026-02-05,9.47,9.39,9.57,9.38,47035,44683152.00,2.00,-0.95,-0.09,1.30
2026-02-06,9.39,9.49,9.57,9.34,45627,43436600.00,2.45,1.06,0.10,1.26
2026-02-09,9.61,10.00,10.18,9.51,202654,200220318.00,7.06,5.37,0.51,5.61
2026-02-10,9.99,9.79,10.03,9.78,147260,145496849.00,2.50,-2.10,-0.21,4.08
2026-02-11,9.76,9.86,10.04,9.75,95178,94573154.00,2.96,0.72,0.07,2.64
2026-02-12,9.87,9.73,9.90,9.73,65252,64096362.00,1.72,-1.32,-0.13,1.81
2026-02-13,9.75,9.57,9.78,9.56,50749,49111978.00,2.26,-1.64,-0.16,1.41
2026-02-24,9.69,9.86,9.89,9.66,80709,79262853.00,2.40,3.03,0.29,2.23
2026-02-25,9.93,10.35,10.63,9.86,280549,290281867.00,7.81,4.97,0.49,7.77
2026-02-26,10.69,10.34,11.08,10.31,341918,364784760.00,7.44,-0.10,-0.01,9.47
2026-02-27,10.29,10.34,10.47,10.12,215549,222047096.00,3.38,0.00,0.00,5.97
2026-03-02,10.18,10.12,10.44,9.83,210530,212910023.00,5.90,-2.13,-0.22,5.83
2026-03-03,10.11,9.50,10.17,9.48,179632,175836936.00,6.82,-6.13,-0.62,4.97
2026-03-04,9.39,9.53,9.67,9.32,99217,94650295.00,3.68,0.32,0.03,2.75
2026-03-05,9.66,9.52,9.71,9.43,75568,72311542.00,2.94,-0.10,-0.01,2.09
2026-03-06,9.48,9.99,10.01,9.48,130598,128858104.00,5.57,4.94,0.47,3.62
2026-03-09,9.89,9.85,10.08,9.77,92599,91617339.00,3.10,-1.40,-0.14,2.56
2026-03-10,9.90,9.85,9.97,9.78,71099,70182440.00,1.93,0.00,0.00,1.97
2026-03-11,9.85,9.76,9.92,9.68,81119,79425015.00,2.44,-0.91,-0.09,2.25
2026-03-12,9.82,9.81,9.95,9.73,85202,84091214.00,2.25,0.51,0.05,2.36
2026-03-13,9.78,9.98,10.08,9.78,133017,133141496.00,3.06,1.73,0.17,3.68
2026-03-16,9.91,9.65,10.07,9.59,114738,112240686.00,4.81,-3.31,-0.33,3.18
2026-03-17,9.64,9.50,9.83,9.36,79425,76722555.00,4.87,-1.55,-0.15,2.20
2026-03-18,9.63,9.53,9.63,9.34,67584,64019778.00,3.05,0.32,0.03,1.87
2026-03-19,9.53,9.26,9.55,9.25,63139,59175915.00,3.15,-2.83,-0.27,1.75
2026-03-20,9.26,8.98,9.33,8.96,67186,61280983.00,4.00,-3.02,-0.28,1.86
2026-03-23,8.82,8.54,8.98,8.47,82708,71931223.00,5.68,-4.90,-0.44,2.29
2026-03-24,8.67,8.84,8.88,8.46,80903,70328181.00,4.92,3.51,0.30,2.24
2026-03-25,8.81,8.96,9.00,8.78,44105,39452228.00,2.49,1.36,0.12,1.22
2026-03-26,8.93,8.89,9.12,8.85,42228,37969082.00,3.01,-0.78,-0.07,1.17
2026-03-27,8.79,9.31,9.40,8.69,90229,83285215.00,7.99,4.72,0.42,2.50
2026-03-30,9.21,9.34,9.44,9.20,53584,50162006.00,2.58,0.32,0.03,1.48
2026-03-31,9.36,9.08,9.42,9.05,49075,45217490.00,3.96,-2.78,-0.26,1.36
2026-04-01,9.22,9.20,9.27,9.14,37628,34710159.00,1.43,1.32,0.12,1.04
2026-04-02,9.19,9.06,9.27,8.97,64230,58702237.00,3.26,-1.52,-0.14,1.78
2026-04-03,9.08,8.77,9.10,8.73,53938,47694635.00,4.08,-3.20,-0.29,1.49
2026-04-07,8.86,9.23,9.24,8.76,80134,73314926.00,5.47,5.25,0.46,2.22
2026-04-08,9.23,9.24,9.27,9.13,55637,51413300.00,1.52,0.11,0.01,1.54
2026-04-09,9.18,9.09,9.30,9.03,50911,46681354.00,2.92,-1.62,-0.15,1.41
2026-04-10,9.08,9.10,9.21,9.06,38000,34743908.00,1.65,0.11,0.01,1.05
2026-04-13,9.07,8.95,9.07,8.88,43250,38877393.00,2.09,-1.65,-0.15,1.20
2026-04-14,8.98,8.92,9.01,8.83,41086,36625861.00,2.01,-0.34,-0.03,1.14
2026-04-15,8.95,9.01,9.12,8.85,68818,61875653.00,3.03,1.01,0.09,1.91
2026-04-16,9.00,9.13,9.16,8.94,49480,44973230.00,2.44,1.33,0.12,1.37
2026-04-17,9.14,9.06,9.36,8.95,72560,66371055.00,4.49,-0.77,-0.07,2.01
2026-04-20,9.09,9.10,9.16,8.91,53148,48100508.00,2.76,0.44,0.04,1.47
2026-04-21,9.08,9.03,9.12,8.95,37145,33562889.00,1.87,-0.77,-0.07,1.03
2026-04-22,8.80,8.49,8.87,8.41,148351,126573081.00,5.09,-5.98,-0.54,4.11
2026-04-23,8.42,8.45,8.52,8.29,66439,55940730.00,2.71,-0.47,-0.04,1.84
2026-04-24,8.45,8.33,8.45,8.17,85521,70974402.00,3.31,-1.42,-0.12,2.37
2026-04-27,8.32,8.67,8.72,8.14,118110,100468926.00,6.96,4.08,0.34,3.27
2026-04-28,8.64,8.65,8.97,8.58,74996,65505169.00,4.50,-0.23,-0.02,2.08
2026-04-29,8.66,8.77,8.98,8.53,74129,65418020.00,5.20,1.39,0.12,2.05
2026-04-30,8.86,8.98,9.21,8.82,88818,80303349.00,4.45,2.39,0.21,2.46
2026-05-06,8.98,8.92,9.03,8.71,76840,67894795.00,3.56,-0.67,-0.06,2.13
2026-05-07,8.88,8.88,8.99,8.81,49797,44408020.00,2.02,-0.45,-0.04,1.38
2026-05-08,8.94,8.84,8.95,8.84,32799,29205373.00,1.24,-0.45,-0.04,0.91
2026-05-11,8.84,8.88,8.98,8.80,51175,45554116.00,2.04,0.45,0.04,1.42
2026-05-12,8.89,8.60,8.89,8.57,55678,48406073.00,3.60,-3.15,-0.28,1.54
2026-05-13,8.67,8.62,8.67,8.54,35323,30407020.00,1.51,0.23,0.02,0.98
2026-05-14,8.66,8.59,8.77,8.53,44340,38503737.00,2.78,-0.35,-0.03,1.23
2026-05-15,8.62,8.43,8.67,8.39,54987,47011060.00,3.26,-1.86,-0.16,1.52
2026-05-18,8.43,8.35,8.44,8.14,64293,53274525.00,3.56,-0.95,-0.08,1.78
2026-05-19,8.31,8.25,8.41,8.18,48608,40294154.00,2.75,-1.20,-0.10,1.35
2026-05-20,8.27,8.11,8.27,8.08,51320,41783096.00,2.30,-1.70,-0.14,1.42
2026-05-21,8.13,7.74,8.21,7.73,84911,67657015.00,5.92,-4.56,-0.37,2.35
2026-05-22,7.79,7.89,8.00,7.59,70351,54931597.00,5.30,1.94,0.15,1.95
2026-05-25,7.92,7.80,7.96,7.73,48781,38240095.00,2.92,-1.14,-0.09,1.35
2026-05-26,7.79,7.61,7.83,7.54,62181,47743484.00,3.72,-2.44,-0.19,1.72
2026-05-27,7.56,7.50,7.73,7.46,55474,41876927.00,3.55,-1.45,-0.11,1.54
2026-05-28,7.48,7.49,7.67,7.37,48131,36211139.00,4.00,-0.13,-0.01,1.33
2026-05-29,7.48,7.31,7.58,7.29,65075,48424778.00,3.87,-2.40,-0.18,1.80
2026-06-01,7.36,7.84,8.13,7.25,122805,96218479.00,12.04,7.25,0.53,3.40
2026-06-02,7.87,7.74,8.14,7.63,81277,63424099.00,6.51,-1.28,-0.10,2.25
2026-06-03,7.74,7.52,7.77,7.44,57498,43713451.00,4.26,-2.84,-0.22,1.59
2026-06-04,7.46,7.42,7.55,7.33,35567,26351922.00,2.93,-1.33,-0.10,0.98
2026-06-05,7.43,7.39,7.52,7.23,67843,50140704.00,3.91,-0.40,-0.03,1.88
2026-06-08,7.29,7.16,7.57,7.07,66710,48761558.00,6.77,-3.11,-0.23,1.85
2026-06-09,7.23,7.27,7.46,7.05,58473,42723398.00,5.73,1.54,0.11,1.62
2026-06-10,7.28,7.12,7.31,7.04,52791,37756355.00,3.71,-2.06,-0.15,1.46
2026-06-11,7.08,7.10,7.19,6.93,39419,27864611.00,3.65,-0.28,-0.02,1.09
2026-06-12,7.10,7.21,7.31,7.03,60507,43772442.00,3.94,1.55,0.11,1.68
2026-06-15,7.20,6.97,7.31,6.92,90968,64588913.00,5.41,-3.33,-0.24,2.52
2026-06-16,6.98,6.98,7.01,6.83,44213,30629533.00,2.58,0.14,0.01,1.22
2026-06-17,6.97,6.88,6.97,6.76,53031,36324678.00,3.01,-1.43,-0.10,1.47
2026-06-18,6.84,6.76,7.04,6.74,45914,31458369.00,4.36,-1.74,-0.12,1.27
2026-06-22,6.81,6.85,6.90,6.51,54250,36532703.00,5.77,1.33,0.09,1.50
2026-06-23,6.77,6.83,6.99,6.76,52579,36233061.00,3.36,-0.29,-0.02,1.46
2026-06-24,6.85,6.64,6.86,6.60,43116,28788945.00,3.81,-2.78,-0.19,1.19
2026-06-25,6.64,6.54,6.66,6.41,55464,36137717.00,3.77,-1.51,-0.10,1.54
2026-06-26,6.49,6.38,6.50,6.32,43988,28125839.00,2.75,-2.45,-0.16,1.22
2026-06-29,6.35,6.34,6.44,6.15,51847,32618488.82,4.55,-0.63,-0.04,1.44