2026-01-05,1.66,1.68,1.69,1.66,901044,150854017.00,1.81,1.20,0.02,0.64
2026-01-06,1.67,1.70,1.71,1.67,991080,168023480.00,2.38,1.19,0.02,0.71
2026-01-07,1.70,1.69,1.72,1.68,793285,134729807.00,2.35,-0.59,-0.01,0.56
2026-01-08,1.68,1.70,1.73,1.67,1154936,196334197.00,3.55,0.59,0.01,0.82
2026-01-09,1.70,1.71,1.72,1.68,962347,163636674.00,2.35,0.59,0.01,0.68
2026-01-12,1.68,1.70,1.70,1.68,1066273,180035413.00,1.17,-0.58,-0.01,0.76
2026-01-13,1.70,1.68,1.71,1.67,1266054,213871135.00,2.35,-1.18,-0.02,0.90
2026-01-14,1.68,1.66,1.70,1.65,1359070,227711536.00,2.98,-1.19,-0.02,0.97
2026-01-15,1.65,1.65,1.67,1.63,1315323,217079958.00,2.41,-0.60,-0.01,0.94
2026-01-16,1.66,1.62,1.66,1.62,890705,145611509.00,2.42,-1.82,-0.03,0.63
2026-01-19,1.61,1.63,1.64,1.60,632585,102644585.00,2.47,0.62,0.01,0.45
2026-01-20,1.62,1.65,1.66,1.62,1185762,195032516.00,2.45,1.23,0.02,0.84
2026-01-21,1.65,1.66,1.67,1.63,1163592,192410637.00,2.42,0.61,0.01,0.83
2026-01-22,1.66,1.67,1.68,1.64,1030093,171487394.00,2.41,0.60,0.01,0.73
2026-01-23,1.67,1.70,1.70,1.66,1176203,198106487.00,2.40,1.80,0.03,0.84
2026-01-26,1.70,1.66,1.70,1.65,1086646,181213913.00,2.94,-2.35,-0.04,0.77
2026-01-27,1.66,1.63,1.67,1.62,980036,160325412.00,3.01,-1.81,-0.03,0.70
2026-01-28,1.64,1.65,1.66,1.63,1068234,175937776.00,1.84,1.23,0.02,0.76
2026-01-29,1.65,1.72,1.74,1.64,2627752,446742856.00,6.06,4.24,0.07,1.87
2026-01-30,1.71,1.64,1.72,1.64,1571807,260940180.00,4.65,-4.65,-0.08,1.12
2026-02-02,1.63,1.60,1.65,1.59,1524483,246760506.00,3.66,-2.44,-0.04,1.08
2026-02-03,1.62,1.62,1.64,1.60,906170,146867103.00,2.50,1.25,0.02,0.64
2026-02-04,1.61,1.68,1.69,1.61,1925465,318737726.00,4.94,3.70,0.06,1.37
2026-02-05,1.66,1.69,1.70,1.66,1368331,230147126.00,2.38,0.60,0.01,0.97
2026-02-06,1.68,1.66,1.69,1.65,981309,163995055.00,2.37,-1.78,-0.03,0.70
2026-02-09,1.68,1.71,1.74,1.67,1606761,274775920.00,4.22,3.01,0.05,1.14
2026-02-10,1.71,1.69,1.71,1.68,917848,155313472.00,1.75,-1.17,-0.02,0.65
2026-02-11,1.69,1.69,1.70,1.67,848540,143132180.00,1.78,0.00,0.00,0.60
2026-02-12,1.69,1.67,1.70,1.66,1000393,167715609.00,2.37,-1.18,-0.02,0.71
2026-02-13,1.66,1.64,1.68,1.63,894115,147559660.00,2.99,-1.80,-0.03,0.64
2026-02-24,1.65,1.66,1.67,1.64,788686,130629142.00,1.83,1.22,0.02,0.56
2026-02-25,1.66,1.72,1.75,1.65,2205379,378572562.00,6.02,3.61,0.06,1.57
2026-02-26,1.73,1.68,1.74,1.67,1269859,215207044.00,4.07,-2.33,-0.04,0.90
2026-02-27,1.68,1.70,1.70,1.66,872499,147083125.00,2.38,1.19,0.02,0.62
2026-03-02,1.68,1.67,1.70,1.65,1154641,192972032.00,2.94,-1.76,-0.03,0.82
2026-03-03,1.67,1.62,1.68,1.61,1270170,208429474.00,4.19,-2.99,-0.05,0.90
2026-03-04,1.61,1.61,1.63,1.59,933554,150107177.00,2.47,-0.62,-0.01,0.66
2026-03-05,1.62,1.62,1.63,1.61,680927,110256195.00,1.24,0.62,0.01,0.48
2026-03-06,1.62,1.64,1.65,1.61,786860,128250035.00,2.47,1.23,0.02,0.56
2026-03-09,1.62,1.63,1.64,1.60,810840,131206285.00,2.44,-0.61,-0.01,0.58
2026-03-10,1.64,1.63,1.65,1.62,650678,106300189.00,1.84,0.00,0.00,0.46
2026-03-11,1.63,1.65,1.65,1.62,752065,122896897.00,1.84,1.23,0.02,0.54
2026-03-12,1.64,1.65,1.67,1.63,1036433,170979187.00,2.42,0.00,0.00,0.74
2026-03-13,1.65,1.64,1.68,1.64,1208270,200514108.00,2.42,-0.61,-0.01,0.86
2026-03-16,1.65,1.65,1.67,1.63,979373,161494373.00,2.44,0.61,0.01,0.70
2026-03-17,1.65,1.66,1.70,1.64,1352525,226834203.00,3.64,0.61,0.01,0.96
2026-03-18,1.66,1.63,1.67,1.62,1245162,203966067.00,3.01,-1.81,-0.03,0.89
2026-03-19,1.62,1.60,1.63,1.59,962831,154697999.00,2.45,-1.84,-0.03,0.69
2026-03-20,1.60,1.60,1.62,1.56,1435143,228596152.00,3.75,0.00,0.00,1.02
2026-03-23,1.58,1.51,1.59,1.48,1348029,207525511.00,6.88,-5.63,-0.09,0.96
2026-03-24,1.53,1.54,1.54,1.50,660918,100527602.00,2.65,1.99,0.03,0.47
2026-03-25,1.54,1.55,1.57,1.53,543176,84279143.00,2.60,0.65,0.01,0.39
2026-03-26,1.55,1.51,1.56,1.51,684872,105020326.00,3.23,-2.58,-0.04,0.49
2026-03-27,1.50,1.52,1.53,1.50,531674,80772472.00,1.99,0.66,0.01,0.38
2026-03-30,1.51,1.52,1.53,1.49,707825,106999953.00,2.63,0.00,0.00,0.50
2026-03-31,1.53,1.52,1.56,1.51,693470,106479542.00,3.29,0.00,0.00,0.49
2026-04-01,1.54,1.52,1.54,1.51,562076,85764545.00,1.97,0.00,0.00,0.40
2026-04-02,1.52,1.50,1.53,1.48,699635,104778089.00,3.29,-1.32,-0.02,0.50
2026-04-03,1.50,1.47,1.50,1.46,563324,83006570.00,2.67,-2.00,-0.03,0.40
2026-04-07,1.46,1.46,1.47,1.44,569016,82995450.00,2.04,-0.68,-0.01,0.40
2026-04-08,1.48,1.50,1.50,1.47,840030,125099474.00,2.05,2.74,0.04,0.60
2026-04-09,1.49,1.46,1.49,1.45,757246,111175011.00,2.67,-2.67,-0.04,0.54
2026-04-10,1.46,1.48,1.49,1.46,719454,106355851.00,2.05,1.37,0.02,0.51
2026-04-13,1.47,1.48,1.50,1.46,690455,102406300.00,2.70,0.00,0.00,0.49
2026-04-14,1.49,1.54,1.55,1.48,1697853,257022556.00,4.73,4.05,0.06,1.21
2026-04-15,1.53,1.50,1.56,1.49,1152709,175191093.00,4.55,-2.60,-0.04,0.82
2026-04-16,1.50,1.49,1.51,1.47,937897,139467579.00,2.67,-0.67,-0.01,0.67
2026-04-17,1.48,1.48,1.50,1.47,772634,114594809.00,2.01,-0.67,-0.01,0.55
2026-04-20,1.48,1.47,1.49,1.46,646523,94974692.00,2.03,-0.68,-0.01,0.46
2026-04-21,1.46,1.46,1.48,1.45,647683,94761453.00,2.04,-0.68,-0.01,0.46
2026-04-22,1.42,1.39,1.42,1.38,1363797,190820267.00,2.74,-4.79,-0.07,0.97
2026-04-23,1.38,1.35,1.39,1.34,1069074,145085442.00,3.60,-2.88,-0.04,0.76
2026-04-24,1.34,1.34,1.36,1.33,747257,100301425.00,2.22,-0.74,-0.01,0.53
2026-04-27,1.34,1.32,1.34,1.27,1685247,218474537.00,5.22,-1.49,-0.02,1.20
2026-04-28,1.30,1.34,1.34,1.30,1035326,137302402.00,3.03,1.52,0.02,0.74
2026-04-29,1.42,1.47,1.47,1.42,1175483,171874155.00,3.73,9.70,0.13,0.84
2026-04-30,1.47,1.57,1.62,1.44,3985497,617310180.00,12.24,6.80,0.10,2.84
2026-05-06,1.54,1.59,1.61,1.54,2643558,417591505.00,4.46,1.27,0.02,1.88
2026-05-07,1.59,1.52,1.59,1.51,1895748,291382221.00,5.03,-4.40,-0.07,1.35
2026-05-08,1.52,1.57,1.62,1.51,2001761,315029978.00,7.24,3.29,0.05,1.42
2026-05-11,1.55,1.64,1.71,1.55,2694695,441997243.00,10.19,4.46,0.07,1.92
2026-05-12,1.64,1.62,1.70,1.59,1822408,296459856.00,6.71,-1.22,-0.02,1.30
2026-05-13,1.61,1.60,1.63,1.57,1553803,247081066.00,3.70,-1.23,-0.02,1.11
2026-05-14,1.59,1.54,1.61,1.53,1462985,228687042.00,5.00,-3.75,-0.06,1.04
2026-05-15,1.53,1.50,1.54,1.48,1333526,201016255.00,3.90,-2.60,-0.04,0.95
2026-05-18,1.49,1.47,1.50,1.45,975270,143259074.00,3.33,-2.00,-0.03,0.69
2026-05-19,1.46,1.50,1.50,1.46,930275,137998420.00,2.72,2.04,0.03,0.66
2026-05-20,1.49,1.46,1.50,1.44,846931,123397183.00,4.00,-2.67,-0.04,0.60
2026-05-21,1.46,1.40,1.47,1.39,1213074,173623606.00,5.48,-4.11,-0.06,0.86
2026-05-22,1.40,1.41,1.42,1.38,840371,117542062.00,2.86,0.71,0.01,0.60
2026-05-25,1.40,1.45,1.45,1.39,1033459,146950957.00,4.26,2.84,0.04,0.74
2026-05-26,1.45,1.41,1.45,1.39,947828,133902366.00,4.14,-2.76,-0.04,0.67
2026-05-27,1.41,1.39,1.42,1.36,877783,121882466.00,4.26,-1.42,-0.02,0.62
2026-05-28,1.39,1.40,1.42,1.37,925227,129402530.00,3.60,0.72,0.01,0.66
2026-05-29,1.41,1.47,1.54,1.40,3104051,468126473.00,10.00,5.00,0.07,2.21
2026-06-01,1.45,1.50,1.52,1.44,2384677,355307568.00,5.44,2.04,0.03,1.70
2026-06-02,1.50,1.48,1.54,1.46,1449876,215777380.00,5.33,-1.33,-0.02,1.03
2026-06-03,1.46,1.42,1.47,1.40,1627918,231508476.00,4.73,-4.05,-0.06,1.16
2026-06-04,1.41,1.40,1.48,1.39,1769867,253272147.00,6.34,-1.41,-0.02,1.26
2026-06-05,1.39,1.41,1.45,1.39,1580240,224719179.00,4.29,0.71,0.01,1.12
2026-06-08,1.38,1.39,1.43,1.36,1486100,207373757.00,4.96,-1.42,-0.02,1.06
2026-06-09,1.38,1.38,1.39,1.33,1399051,190163192.00,4.32,-0.72,-0.01,1.00
2026-06-10,1.37,1.37,1.37,1.34,958638,129909171.00,2.17,-0.72,-0.01,0.68
2026-06-11,1.36,1.36,1.38,1.34,1028512,139986760.00,2.92,-0.73,-0.01,0.73
2026-06-12,1.37,1.38,1.40,1.35,1077452,148326366.00,3.68,1.47,0.02,0.77
2026-06-15,1.39,1.37,1.41,1.36,1003958,138967016.00,3.62,-0.72,-0.01,0.71
2026-06-16,1.37,1.36,1.38,1.33,1165392,156753007.00,3.65,-0.73,-0.01,0.83
2026-06-17,1.35,1.33,1.36,1.30,1264701,167549173.00,4.41,-2.21,-0.03,0.90
2026-06-18,1.32,1.32,1.35,1.29,1032672,136149243.00,4.51,-0.75,-0.01,0.73
2026-06-22,1.32,1.33,1.33,1.28,1129817,147200427.00,3.79,0.76,0.01,0.80
2026-06-23,1.32,1.33,1.36,1.32,1134015,152113818.00,3.01,0.00,0.00,0.81
2026-06-24,1.32,1.28,1.33,1.27,1053366,136147883.00,4.51,-3.76,-0.05,0.75
2026-06-25,1.28,1.25,1.29,1.24,1181102,148513063.00,3.91,-2.34,-0.03,0.84
2026-06-26,1.24,1.24,1.28,1.23,1137221,142230088.00,4.00,-0.80,-0.01,0.81
2026-06-29,1.24,1.23,1.26,1.20,1074937,132087159.00,4.84,-0.81,-0.01,0.76
2026-06-30,1.23,1.21,1.25,1.20,859480,104877094.00,4.07,-1.63,-0.02,0.61
2026-07-01,1.22,1.26,1.29,1.21,1443303,181562659.00,6.61,4.13,0.05,1.03
2026-07-02,1.27,1.25,1.31,1.24,1336090,169604806.00,5.56,-0.79,-0.01,0.95
2026-07-03,1.27,1.27,1.28,1.24,1099638,138730772.00,3.20,1.60,0.02,0.78
2026-07-06,1.26,1.28,1.30,1.25,1333432,169101970.00,3.94,0.79,0.01,0.95
2026-07-07,1.28,1.24,1.29,1.23,909996,113660665.00,4.69,-3.13,-0.04,0.65
2026-07-08,1.23,1.25,1.25,1.21,837379,103319177.00,3.23,0.81,0.01,0.60
2026-07-09,1.24,1.23,1.26,1.22,1042346,128497730.00,3.20,-1.60,-0.02,0.74
2026-07-10,1.23,1.27,1.28,1.21,1591969,199939352.00,5.69,3.25,0.04,1.13
2026-07-13,1.27,1.23,1.27,1.22,1253986,154970841.00,3.94,-3.15,-0.04,0.89
2026-07-14,1.23,1.24,1.25,1.22,847457,104673262.00,2.44,0.81,0.01,0.60
2026-07-15,1.23,1.28,1.29,1.23,1361447,172593664.00,4.84,3.23,0.04,0.97
2026-07-16,1.27,1.30,1.31,1.26,1407864,181125690.00,3.91,1.56,0.02,1.00
2026-07-17,1.29,1.24,1.32,1.24,1598050,204031853.00,6.15,-4.62,-0.06,1.14
2026-07-20,1.24,1.25,1.28,1.24,1166693,146674789.00,3.23,0.81,0.01,0.83
2026-07-21,1.25,1.25,1.26,1.23,1014017,126595912.00,2.40,0.00,0.00,0.72
2026-07-22,1.24,1.27,1.28,1.24,969374,121971111.00,3.20,1.60,0.02,0.69
2026-07-23,1.26,1.28,1.28,1.25,1081548,136489802.00,2.36,0.79,0.01,0.77
2026-07-24,1.27,1.23,1.27,1.23,949363,118543771.00,3.13,-3.91,-0.05,0.68
2026-07-27,1.23,1.25,1.26,1.22,790678,98670219.00,3.25,1.63,0.02,0.56
2026-07-28,1.25,1.26,1.28,1.24,1081069,136062021.00,3.20,0.80,0.01,0.77
2026-07-29,1.26,1.29,1.30,1.25,1085574,139085466.00,3.97,2.38,0.03,0.77