2026-01-05,47.82,48.10,49.27,47.32,1172382,5674836022.00,3.99,-1.68,-0.82,7.53
2026-01-06,47.87,47.86,49.08,47.85,1117739,5415473615.00,2.56,-0.50,-0.24,7.18
2026-01-07,47.32,47.26,48.53,46.63,1080186,5152657155.00,3.97,-1.25,-0.60,6.93
2026-01-08,47.12,46.97,47.80,46.65,851890,4038521101.00,2.43,-0.61,-0.29,5.47
2026-01-09,46.83,48.04,48.77,46.75,1160042,5594620863.00,4.30,2.28,1.07,7.45
2026-01-12,48.32,48.45,49.06,47.16,1286137,6207518643.00,3.96,0.85,0.41,8.26
2026-01-13,48.41,46.72,49.42,46.53,1195939,5736872213.00,5.96,-3.57,-1.73,7.68
2026-01-14,46.53,45.95,47.37,45.36,1074638,5012370841.00,4.30,-1.65,-0.77,6.90
2026-01-15,45.89,45.71,46.12,45.21,557736,2556392739.00,1.98,-0.52,-0.24,3.58
2026-01-16,46.12,47.17,47.80,45.98,1146343,5412504957.00,3.98,3.19,1.46,7.36
2026-01-19,47.82,48.24,48.80,47.12,1109973,5362891869.00,3.56,2.27,1.07,7.13
2026-01-20,48.50,47.08,49.00,46.65,860739,4113311143.00,4.87,-2.40,-1.16,5.53
2026-01-21,46.66,47.36,47.90,46.33,634354,3013152659.00,3.33,0.59,0.28,4.07
2026-01-22,47.77,46.72,48.27,46.65,653384,3100175915.00,3.42,-1.35,-0.64,4.19
2026-01-23,46.71,46.82,47.78,46.17,755410,3540039659.00,3.45,0.21,0.10,4.85
2026-01-26,46.88,44.50,47.41,44.43,837759,3826363281.00,6.36,-4.96,-2.32,5.38
2026-01-27,44.84,44.79,45.04,43.26,567793,2520239954.00,4.00,0.65,0.29,3.65
2026-01-28,44.54,44.08,44.62,43.77,445252,1969915281.00,1.90,-1.59,-0.71,2.86
2026-01-29,43.82,43.19,44.26,43.15,462277,2023443305.00,2.52,-2.02,-0.89,2.97
2026-01-30,42.88,43.76,44.32,42.70,538792,2354443431.00,3.75,1.32,0.57,3.46
2026-02-02,43.76,43.22,44.59,43.07,505850,2229258298.00,3.47,-1.23,-0.54,3.25
2026-02-03,43.70,44.12,44.12,42.99,419757,1838343863.00,2.61,2.08,0.90,2.69
2026-02-04,43.83,43.67,43.88,43.07,349758,1525469707.00,1.84,-1.02,-0.45,2.25
2026-02-05,43.02,42.30,43.30,42.12,331893,1419968626.00,2.70,-3.14,-1.37,2.13
2026-02-06,41.87,42.93,43.62,41.54,421084,1818457558.00,4.92,1.49,0.63,2.70
2026-02-09,43.58,43.41,43.75,43.08,274477,1195278036.00,1.56,1.12,0.48,1.76
2026-02-10,43.41,44.11,44.58,43.17,503737,2221465103.00,3.25,1.61,0.70,3.23
2026-02-11,43.63,43.39,43.82,43.32,281376,1228864742.00,1.13,-1.63,-0.72,1.81
2026-02-12,43.33,43.95,44.17,43.33,321381,1413768338.00,1.94,1.29,0.56,2.06
2026-02-13,43.88,44.48,44.75,43.50,481070,2146592923.00,2.84,1.21,0.53,3.09
2026-02-24,46.82,44.89,46.82,44.63,668111,3033419459.00,4.92,0.92,0.41,4.29
2026-02-25,44.67,45.11,45.50,43.83,504075,2256483617.00,3.72,0.49,0.22,3.24
2026-02-26,45.12,44.57,45.20,44.42,348792,1563963430.00,1.73,-1.20,-0.54,2.24
2026-02-27,44.42,44.70,44.77,44.22,292320,1305393438.00,1.23,0.29,0.13,1.88
2026-03-02,43.39,43.00,44.02,42.85,476837,2068934723.00,2.62,-3.80,-1.70,3.06
2026-03-03,42.86,40.40,43.40,40.32,529287,2212234560.00,7.16,-6.05,-2.60,3.40
2026-03-04,39.69,40.83,41.42,39.63,349402,1434670283.00,4.43,1.06,0.43,2.24
2026-03-05,41.68,41.02,41.80,40.82,261963,1087103860.00,2.40,0.47,0.19,1.68
2026-03-06,40.82,41.39,41.78,40.72,256943,1069715903.00,2.58,0.90,0.37,1.65
2026-03-09,40.56,41.02,41.22,39.74,322063,1305330279.00,3.58,-0.89,-0.37,2.07
2026-03-10,41.40,42.12,42.36,41.40,362567,1526695484.00,2.34,2.68,1.10,2.33
2026-03-11,42.22,41.77,42.39,41.72,265017,1118493489.00,1.59,-0.83,-0.35,1.70
2026-03-12,41.90,41.06,41.92,40.88,236241,980042751.00,2.49,-1.70,-0.71,1.52
2026-03-13,40.72,40.29,41.06,40.20,219432,894715627.00,2.09,-1.88,-0.77,1.41
2026-03-16,40.20,39.97,40.21,39.42,232535,928353145.00,1.96,-0.79,-0.32,1.49
2026-03-17,40.13,39.10,40.32,39.08,243074,967958174.00,3.10,-2.18,-0.87,1.56
2026-03-18,39.22,39.47,39.53,38.45,259394,1016195124.00,2.76,0.95,0.37,1.67
2026-03-19,38.69,37.84,38.92,37.70,333545,1278057167.00,3.09,-4.13,-1.63,2.14
2026-03-20,38.27,37.52,38.31,37.52,264194,1006702723.00,2.09,-0.85,-0.32,1.70
2026-03-23,38.68,40.60,41.29,38.61,1414798,5765017736.00,7.14,8.21,3.08,9.08
2026-03-24,40.57,38.22,40.67,36.82,1112103,4242167577.00,9.48,-5.86,-2.38,7.14
2026-03-25,37.74,38.39,39.17,37.42,623727,2402219914.00,4.58,0.44,0.17,4.00
2026-03-26,38.40,38.05,39.50,38.05,479389,1863933354.00,3.78,-0.89,-0.34,3.08
2026-03-27,37.27,37.80,38.12,37.06,326910,1235185428.00,2.79,-0.66,-0.25,2.10
2026-03-30,36.82,37.32,37.39,36.58,345731,1285899223.00,2.14,-1.27,-0.48,2.22
2026-03-31,37.52,36.94,37.91,36.93,309245,1163235079.00,2.63,-1.02,-0.38,1.99
2026-04-01,37.58,37.49,37.87,37.12,289524,1089819987.00,2.03,1.49,0.55,1.86
2026-04-02,37.42,36.24,37.42,36.14,306753,1130754266.00,3.41,-3.33,-1.25,1.97
2026-04-03,36.42,35.10,36.52,35.09,274410,978545965.00,3.95,-3.15,-1.14,1.76
2026-04-07,35.17,35.14,35.50,34.72,198193,701036185.00,2.22,0.11,0.04,1.27
2026-04-08,36.07,37.31,37.31,36.07,433406,1601546249.00,3.53,6.18,2.17,2.78
2026-04-09,37.10,36.78,37.12,36.37,257263,951341490.00,2.01,-1.42,-0.53,1.65
2026-04-10,37.20,37.73,38.31,37.19,385896,1467207282.00,3.05,2.58,0.95,2.48
2026-04-13,37.30,37.81,38.10,37.19,256578,974042642.00,2.41,0.21,0.08,1.65
2026-04-14,38.27,38.48,38.67,37.93,320541,1233811312.00,1.96,1.77,0.67,2.06
2026-04-15,38.82,37.87,38.92,37.76,322927,1245469277.00,3.01,-1.59,-0.61,2.07
2026-04-16,38.32,38.17,38.70,37.87,271199,1039702528.00,2.19,0.79,0.30,1.74
2026-04-17,37.92,38.63,38.80,37.72,334642,1291461866.00,2.83,1.21,0.46,2.15
2026-04-20,38.67,38.52,38.81,38.19,353082,1368220538.00,1.60,-0.28,-0.11,2.27
2026-04-21,38.52,38.16,38.70,37.80,298729,1143919028.00,2.34,-0.93,-0.36,1.92
2026-04-22,38.18,38.54,38.55,37.95,271686,1046435364.00,1.57,1.00,0.38,1.74
2026-04-23,38.54,37.70,38.54,37.37,336429,1280026285.00,3.04,-2.18,-0.84,2.16
2026-04-24,37.62,37.52,37.92,37.07,225830,850868661.00,2.25,-0.48,-0.18,1.45
2026-04-27,37.52,37.74,38.19,37.25,231599,879895800.00,2.51,0.59,0.22,1.49
2026-04-28,37.74,36.59,37.74,36.35,284416,1051435476.00,3.68,-3.05,-1.15,1.83
2026-04-29,36.33,37.29,37.42,36.30,232853,868791368.00,3.06,1.91,0.70,1.49
2026-04-30,37.40,37.85,38.23,37.10,298227,1127965539.00,3.03,1.50,0.56,1.91
2026-05-06,38.02,38.51,38.85,38.02,354429,1366714094.00,2.19,1.74,0.66,2.28
2026-05-07,38.80,39.53,39.76,38.42,479719,1888561933.00,3.48,2.65,1.02,3.08
2026-05-08,39.54,41.06,42.42,39.14,1006370,4140230491.00,8.30,3.87,1.53,6.46
2026-05-11,41.07,40.64,41.23,40.11,662684,2697819160.00,2.73,-1.02,-0.42,4.25
2026-05-12,40.64,40.48,41.36,40.20,448233,1823533246.00,2.85,-0.39,-0.16,2.88
2026-05-13,40.02,40.58,40.70,39.75,410788,1655148439.00,2.35,0.25,0.10,2.64
2026-05-14,40.80,38.95,40.91,38.93,471909,1877572582.00,4.88,-4.02,-1.63,3.03
2026-05-15,38.90,40.48,41.49,38.80,880348,3568002084.00,6.91,3.93,1.53,5.65
2026-05-18,40.61,40.96,41.58,40.25,674764,2755374012.00,3.29,1.19,0.48,4.33
2026-05-19,41.50,41.09,41.71,40.73,536749,2208768672.00,2.39,0.32,0.13,3.45
2026-05-20,40.70,39.62,40.77,39.50,475372,1892826860.00,3.09,-3.58,-1.47,3.05
2026-05-21,39.90,40.66,41.95,39.73,978617,4011317843.00,5.60,2.62,1.04,6.28
2026-05-22,40.80,41.09,41.27,40.11,589651,2408563411.00,2.85,1.06,0.43,3.79
2026-05-25,41.17,42.49,42.78,40.88,883517,3719841932.00,4.62,3.41,1.40,5.67
2026-05-26,43.50,44.07,46.49,43.01,1490733,6654366401.00,8.19,3.72,1.58,9.57
2026-05-27,43.00,44.42,45.18,42.80,1119256,4953032638.00,5.40,0.79,0.35,7.19
2026-05-28,44.42,41.68,44.42,40.60,1016738,4260403847.00,8.60,-6.17,-2.74,6.53
2026-05-29,41.69,39.46,42.15,38.31,805067,3220255872.00,9.21,-5.33,-2.22,5.17
2026-06-01,39.46,40.19,40.93,37.47,613734,2425173133.00,8.77,1.85,0.73,3.94
2026-06-02,40.85,39.90,41.90,39.68,673193,2750753856.00,5.52,-0.72,-0.29,4.32
2026-06-03,39.10,38.81,40.30,38.70,617596,2436111075.00,4.01,-2.73,-1.09,3.96
2026-06-04,38.15,38.84,39.82,37.77,504510,1970781623.00,5.28,0.08,0.03,3.24
2026-06-05,38.82,40.00,40.98,37.20,871278,3402376506.00,9.73,2.99,1.16,5.59
2026-06-08,38.68,39.03,40.25,38.38,594672,2351229621.00,4.68,-2.43,-0.97,3.82
2026-06-09,39.06,38.37,39.20,37.75,487139,1860484470.00,3.72,-1.69,-0.66,3.13
2026-06-10,37.78,36.01,38.25,36.00,543789,2002018599.00,5.86,-6.15,-2.36,3.49
2026-06-11,35.53,34.83,35.84,34.53,425729,1489231777.00,3.64,-3.28,-1.18,2.73
2026-06-12,35.30,34.09,35.88,34.09,457953,1610115011.00,5.14,-2.12,-0.74,2.94
2026-06-15,34.69,35.57,35.66,34.11,403589,1414633921.00,4.55,4.34,1.48,2.59
2026-06-16,35.58,35.35,35.90,35.11,356412,1265369591.00,2.22,-0.62,-0.22,2.29
2026-06-17,35.11,34.90,35.50,34.70,317828,1111233005.00,2.26,-1.27,-0.45,2.04
2026-06-18,34.90,36.20,36.36,34.66,545446,1949534987.00,4.87,3.72,1.30,3.50
2026-06-22,35.99,35.84,36.10,34.66,488619,1724147219.00,3.98,-0.99,-0.36,3.14
2026-06-23,35.50,34.81,36.35,34.80,431836,1530194329.00,4.32,-2.87,-1.03,2.77
2026-06-24,34.57,34.74,35.19,34.30,309548,1074579446.00,2.56,-0.20,-0.07,1.99
2026-06-25,34.60,33.56,35.06,33.31,533940,1809882940.00,5.04,-3.40,-1.18,3.43
2026-06-26,33.49,31.89,33.49,31.86,445490,1444669317.00,4.86,-4.98,-1.67,2.86
2026-06-29,31.80,31.80,32.18,31.06,368050,1162996495.00,3.51,-0.28,-0.09,2.36