2026-01-05,84.88,84.34,85.85,81.80,23128,191800688.00,4.77,-0.60,-0.51,2.49
2026-01-06,83.00,84.30,86.30,82.68,20549,172406337.00,4.29,-0.05,-0.04,2.21
2026-01-07,83.35,85.78,85.95,82.57,17078,144527194.00,4.01,1.76,1.48,1.84
2026-01-08,85.93,82.00,86.41,81.70,22479,186754415.00,5.49,-4.41,-3.78,2.42
2026-01-09,81.50,82.14,82.68,80.83,12327,100745310.00,2.26,0.17,0.14,1.33
2026-01-12,81.39,81.83,83.00,80.22,24914,202192654.00,3.38,-0.38,-0.31,2.68
2026-01-13,81.86,82.00,84.00,80.19,25806,211353201.00,4.66,0.21,0.17,2.78
2026-01-14,81.47,82.56,83.95,81.39,19206,158809259.00,3.12,0.68,0.56,2.07
2026-01-15,82.56,82.26,83.00,79.78,15564,126669875.00,3.90,-0.36,-0.30,1.68
2026-01-16,83.07,81.37,83.07,80.13,13302,108386547.00,3.57,-1.08,-0.89,1.43
2026-01-19,80.84,81.38,83.88,80.35,18856,154202446.00,4.34,0.01,0.01,2.03
2026-01-20,83.14,77.87,83.14,76.96,20383,160985828.00,7.59,-4.31,-3.51,2.20
2026-01-21,77.88,78.77,80.64,77.00,15387,120928283.00,4.67,1.16,0.90,1.66
2026-01-22,78.42,75.23,80.49,75.00,36413,283376590.00,6.97,-4.49,-3.54,3.92
2026-01-23,75.22,77.62,77.98,73.68,20105,153347221.00,5.72,3.18,2.39,2.17
2026-01-26,77.48,76.04,77.80,75.01,14675,111761885.00,3.59,-2.04,-1.58,1.58
2026-01-27,75.63,76.59,77.48,74.62,14209,108366629.00,3.76,0.72,0.55,1.53
2026-01-28,76.08,75.56,77.50,75.27,9651,73301667.00,2.91,-1.34,-1.03,1.04
2026-01-29,75.16,73.01,76.27,72.55,12444,92332222.00,4.92,-3.37,-2.55,1.34
2026-01-30,73.00,73.38,73.95,71.70,8926,65096615.00,3.08,0.51,0.37,0.96
2026-02-02,73.39,70.87,73.59,70.66,13075,93721778.00,3.99,-3.42,-2.51,1.41
2026-02-03,70.91,73.68,73.91,70.91,8885,64587772.00,4.23,3.97,2.81,0.96
2026-02-04,73.02,73.06,75.32,72.67,11273,83169022.00,3.60,-0.84,-0.62,1.21
2026-02-05,72.68,71.65,72.70,71.20,5261,37838838.00,2.05,-1.93,-1.41,0.57
2026-02-06,72.00,71.45,72.55,70.70,7040,50591759.00,2.58,-0.28,-0.20,0.76
2026-02-09,72.15,72.37,73.50,71.41,6534,47317079.00,2.93,1.29,0.92,0.70
2026-02-10,72.37,74.01,75.19,72.14,10291,76141726.00,4.21,2.27,1.64,1.11
2026-02-11,74.19,75.62,76.00,73.13,12597,94805310.00,3.88,2.18,1.61,1.36
2026-02-12,76.00,75.94,76.44,73.15,15859,118780826.00,4.35,0.42,0.32,1.71
2026-02-13,75.61,73.99,75.81,73.80,9731,72701718.00,2.65,-2.57,-1.95,1.05
2026-02-24,74.36,71.71,74.74,71.55,9663,70122904.00,4.31,-3.08,-2.28,1.04
2026-02-25,71.71,74.11,75.80,71.51,13824,102906702.00,5.98,3.35,2.40,1.49
2026-02-26,74.85,74.50,75.00,73.13,8007,59229399.00,2.52,0.53,0.39,0.86
2026-02-27,74.28,77.89,79.66,72.85,18100,138834936.00,9.14,4.55,3.39,1.95
2026-03-02,77.00,82.41,84.50,76.66,35588,294038024.00,10.07,5.80,4.52,3.83
2026-03-03,83.62,80.40,85.86,80.00,21453,176933947.00,7.11,-2.44,-2.01,2.31
2026-03-04,79.20,76.94,80.82,76.68,16723,129712741.00,5.15,-4.30,-3.46,1.80
2026-03-05,79.10,78.49,80.49,77.50,14764,116651894.00,3.89,2.01,1.55,1.59
2026-03-06,77.71,81.21,81.21,77.50,14384,114419374.00,4.73,3.47,2.72,1.55
2026-03-09,80.53,81.68,85.50,78.66,20387,165974225.00,8.42,0.58,0.47,2.20
2026-03-10,82.58,88.49,91.80,82.58,35816,313924659.00,11.29,8.34,6.81,3.86
2026-03-11,88.70,88.47,90.95,87.79,26437,236098791.00,3.57,-0.02,-0.02,2.85
2026-03-12,89.89,84.68,89.91,83.00,21582,183261279.00,7.81,-4.28,-3.79,2.32
2026-03-13,85.42,76.89,85.50,76.66,34160,271449487.00,10.44,-9.20,-7.79,3.68
2026-03-16,77.20,76.09,77.99,75.03,20777,158415180.00,3.85,-1.04,-0.80,2.24
2026-03-17,76.10,69.52,76.66,69.50,23914,170983700.00,9.41,-8.63,-6.57,2.58
2026-03-18,69.80,69.20,70.00,66.66,14512,99099853.00,4.80,-0.46,-0.32,1.56
2026-03-19,68.10,67.24,68.21,65.66,14246,95625619.00,3.68,-2.83,-1.96,1.53
2026-03-20,67.90,67.13,69.82,67.13,14333,98024609.00,4.00,-0.16,-0.11,1.54
2026-03-23,65.92,63.15,67.62,62.82,14692,95572769.00,7.15,-5.93,-3.98,1.58
2026-03-24,65.00,66.29,66.38,62.60,11770,75768500.00,5.99,4.97,3.14,1.27
2026-03-25,66.34,71.84,72.80,65.00,23693,163821798.00,11.77,8.37,5.55,2.55
2026-03-26,72.00,68.76,72.82,68.31,16191,113811005.00,6.28,-4.29,-3.08,1.74
2026-03-27,67.24,68.41,69.44,66.50,9343,63795694.00,4.28,-0.51,-0.35,1.01
2026-03-30,67.01,66.69,67.77,65.95,9919,66021280.00,2.66,-2.51,-1.72,1.07
2026-03-31,66.53,65.60,68.37,65.60,7597,50836656.00,4.15,-1.63,-1.09,0.82
2026-04-01,66.99,67.85,68.78,66.80,11222,75989901.00,3.02,3.43,2.25,1.21
2026-04-02,67.32,64.66,67.99,64.03,8432,55248304.00,5.84,-4.70,-3.19,0.91
2026-04-03,65.00,64.50,65.64,64.20,6992,45366423.00,2.23,-0.25,-0.16,0.75
2026-04-07,65.38,67.50,67.52,64.00,9797,65140251.00,5.46,4.65,3.00,1.06
2026-04-08,68.50,70.21,71.50,68.50,15770,110484876.00,4.44,4.01,2.71,1.70
2026-04-09,69.65,70.50,72.15,69.00,14466,102249509.00,4.49,0.41,0.29,1.56
2026-04-10,71.00,77.00,77.95,70.99,34037,257443554.00,9.87,9.22,6.50,3.67
2026-04-13,76.48,79.32,79.87,75.01,21173,165754372.00,6.31,3.01,2.32,2.28
2026-04-14,79.80,79.31,82.33,76.68,26164,205618717.00,7.12,-0.01,-0.01,2.82
2026-04-15,79.68,82.35,86.50,79.17,31053,261584157.00,9.24,3.83,3.04,3.34
2026-04-16,82.43,80.73,83.40,80.17,19664,160396738.00,3.92,-1.97,-1.62,2.12
2026-04-17,80.65,80.20,81.70,79.01,19389,155611600.00,3.33,-0.66,-0.53,2.09
2026-04-20,80.23,79.26,80.99,78.80,16161,128498994.00,2.73,-1.17,-0.94,1.74
2026-04-21,79.14,77.54,79.15,77.20,13939,108716815.00,2.46,-2.17,-1.72,1.50
2026-04-22,77.54,76.21,78.61,75.22,24283,185989376.00,4.37,-1.72,-1.33,2.62
2026-04-23,76.92,72.10,76.92,70.40,27160,196445023.00,8.56,-5.39,-4.11,2.93
2026-04-24,71.81,77.30,77.93,70.28,32544,243648021.00,10.61,7.21,5.20,3.51
2026-04-27,77.00,88.70,88.80,75.26,65607,548566163.00,17.52,14.75,11.40,7.07
2026-04-28,87.39,79.70,88.79,79.15,50291,413421483.00,10.87,-10.15,-9.00,5.42
2026-04-29,79.13,80.50,83.50,77.03,45962,368125077.00,8.12,1.00,0.80,4.95
2026-04-30,81.43,83.24,85.45,80.50,35894,300130666.00,6.15,3.40,2.74,3.87
2026-05-06,87.01,82.80,88.00,81.20,32415,271350074.00,8.17,-0.53,-0.44,3.49
2026-05-07,82.85,84.00,84.90,81.32,28419,235532976.00,4.32,1.45,1.20,3.06
2026-05-08,82.97,85.02,86.77,82.14,24331,206481477.00,5.51,1.21,1.02,2.62
2026-05-11,86.50,85.09,87.40,84.12,22517,192644615.00,3.86,0.08,0.07,2.43
2026-05-12,84.98,80.60,84.98,80.10,26547,216726028.00,5.74,-5.28,-4.49,2.86
2026-05-13,80.61,80.32,83.77,79.29,26237,212391926.00,5.56,-0.35,-0.28,2.83
2026-05-14,81.32,78.92,81.78,78.20,20979,167448513.00,4.46,-1.74,-1.40,2.26
2026-05-15,79.39,77.33,79.92,76.40,17751,138555279.00,4.46,-2.01,-1.59,1.91
2026-05-18,77.93,77.31,80.80,76.50,26017,203913361.00,5.56,-0.03,-0.02,2.80
2026-05-19,77.30,77.83,78.98,74.00,26658,204332649.00,6.44,0.67,0.52,2.87
2026-05-20,77.91,76.60,78.00,76.00,16261,124819325.00,2.57,-1.58,-1.23,1.75
2026-05-21,77.06,71.75,77.50,71.21,20880,155715306.00,8.21,-6.33,-4.85,2.25
2026-05-22,71.97,71.30,72.86,70.60,16291,116268540.00,3.15,-0.63,-0.45,1.75
2026-05-25,71.30,70.80,71.57,69.90,15478,109144374.00,2.34,-0.70,-0.50,1.67
2026-05-26,70.80,70.66,71.36,68.51,21509,150001703.00,4.03,-0.20,-0.14,2.32
2026-05-27,71.34,69.46,73.75,68.86,26152,186776422.00,6.92,-1.70,-1.20,2.82
2026-05-28,69.50,68.50,70.24,67.00,18867,128697283.00,4.66,-1.38,-0.96,2.03
2026-05-29,69.01,64.88,69.40,64.30,16707,110152472.00,7.45,-5.28,-3.62,1.80
2026-06-01,64.88,63.05,65.50,62.56,14022,89567931.00,4.53,-2.82,-1.83,1.51
2026-06-02,62.65,62.39,63.51,60.67,15293,95279836.00,4.50,-1.05,-0.66,1.65
2026-06-03,62.38,63.64,65.66,61.80,16383,104707734.00,6.19,2.00,1.25,1.76
2026-06-04,63.58,65.10,66.80,62.57,20795,135342378.00,6.65,2.29,1.46,2.24
2026-06-05,63.93,63.92,66.06,63.60,11847,76307528.00,3.78,-1.81,-1.18,1.28
2026-06-08,61.63,59.28,62.89,58.30,19269,116526700.00,7.18,-7.26,-4.64,2.08
2026-06-09,60.66,62.43,62.95,60.00,17098,105123037.00,4.98,5.31,3.15,1.84
2026-06-10,61.99,62.00,64.38,60.82,16121,100565206.00,5.70,-0.69,-0.43,1.74
2026-06-11,62.08,63.24,65.13,61.59,17133,109143172.00,5.71,2.00,1.24,1.85
2026-06-12,63.95,63.00,66.26,62.70,18232,116571885.00,5.63,-0.38,-0.24,1.96
2026-06-15,64.15,63.82,65.24,61.80,17492,110617642.00,5.46,1.30,0.82,1.88
2026-06-16,63.39,66.33,66.66,62.88,16119,105187809.00,5.92,3.93,2.51,1.74
2026-06-17,65.43,66.12,67.25,65.07,12417,82292968.00,3.29,-0.32,-0.21,1.34
2026-06-18,65.69,65.85,68.80,65.01,14449,96722398.00,5.73,-0.41,-0.27,1.56
2026-06-22,66.50,64.66,67.20,62.98,17697,114677583.00,6.41,-1.81,-1.19,1.91
2026-06-23,64.16,63.58,65.20,63.10,13763,87991776.00,3.25,-1.67,-1.08,1.48
2026-06-24,63.51,63.23,64.00,61.55,11447,71959677.00,3.85,-0.55,-0.35,1.23
2026-06-25,63.03,62.50,63.80,61.68,11179,69781345.00,3.35,-1.15,-0.73,1.20
2026-06-26,61.00,56.55,61.31,56.00,20317,118477336.00,8.50,-9.52,-5.95,2.19
2026-06-29,56.51,55.29,57.37,54.16,19725,109658180.00,5.68,-2.23,-1.26,2.12
2026-06-30,56.30,57.10,59.79,54.32,23342,133196120.00,9.89,3.27,1.81,2.51
2026-07-01,57.06,57.72,59.19,56.50,19203,111486258.00,4.71,1.09,0.62,2.07
2026-07-02,57.45,57.11,59.70,56.62,18617,107979917.00,5.34,-1.06,-0.61,2.01
2026-07-03,57.73,57.14,58.82,56.91,12886,74470310.00,3.34,0.05,0.03,1.39
2026-07-06,56.85,55.98,58.23,55.14,11708,66332964.00,5.41,-2.03,-1.16,1.26
2026-07-07,56.11,53.68,56.11,53.01,10410,56387574.00,5.54,-4.11,-2.30,1.12
2026-07-08,53.69,52.56,54.13,52.48,8761,46521796.00,3.07,-2.09,-1.12,0.94
2026-07-09,53.00,52.89,53.23,50.70,14832,77680345.00,4.81,0.63,0.33,1.60
2026-07-10,52.93,53.03,55.13,52.20,15125,81515515.00,5.54,0.26,0.14,1.63
2026-07-13,53.50,49.56,53.60,49.02,14877,75847550.00,8.64,-6.54,-3.47,1.60
2026-07-14,48.94,50.09,50.59,47.90,14343,70724321.00,5.43,1.07,0.53,1.54
2026-07-15,50.10,49.25,50.60,48.61,12964,64093138.00,3.97,-1.68,-0.84,1.40
2026-07-16,48.02,49.18,51.13,48.01,14186,70664672.00,6.34,-0.14,-0.07,1.53
2026-07-17,49.18,45.29,49.18,45.00,16743,78711285.00,8.50,-7.91,-3.89,1.80
2026-07-20,44.98,43.86,47.35,42.72,19958,89973746.00,10.22,-3.16,-1.43,2.15
2026-07-21,44.08,45.28,45.48,40.88,19685,85684915.00,10.49,3.24,1.42,2.12
2026-07-22,44.74,45.18,49.03,44.50,21081,97389978.00,10.00,-0.22,-0.10,2.27
2026-07-23,45.54,44.50,45.76,44.00,16860,75380433.00,3.90,-1.51,-0.68,1.82
2026-07-24,43.83,44.18,45.06,42.87,13137,58288516.00,4.92,-0.72,-0.32,1.42
2026-07-27,43.58,45.25,45.89,43.58,13888,62403437.00,5.23,2.42,1.07,1.50
2026-07-28,44.97,44.00,45.68,43.82,13314,59519854.00,4.11,-2.76,-1.25,1.43
2026-07-29,43.69,44.59,45.10,42.85,15422,67883042.95,5.11,1.34,0.59,1.66