2026-01-05,29.22,28.61,29.43,28.41,25502,73343847.00,3.48,-2.52,-0.74,2.55
2026-01-06,28.75,28.30,28.81,26.95,42274,118756649.00,6.50,-1.08,-0.31,4.23
2026-01-07,28.32,27.94,28.38,27.54,24803,69337342.00,2.97,-1.27,-0.36,2.48
2026-01-08,27.67,27.81,28.08,27.55,16267,45250427.00,1.90,-0.47,-0.13,1.63
2026-01-09,27.56,27.40,27.80,27.16,23562,64845392.00,2.30,-1.47,-0.41,2.36
2026-01-12,27.94,27.80,28.10,27.36,25110,69787800.00,2.70,1.46,0.40,2.51
2026-01-13,27.78,27.32,28.08,27.13,25453,70229697.00,3.42,-1.73,-0.48,2.55
2026-01-14,27.07,27.38,27.78,26.95,21783,59853005.00,3.04,0.22,0.06,2.18
2026-01-15,27.38,26.95,27.48,26.89,12741,34588309.00,2.15,-1.57,-0.43,1.28
2026-01-16,26.95,27.11,27.38,26.92,17371,47215692.00,1.71,0.59,0.16,1.74
2026-01-19,27.21,26.77,27.23,26.69,20240,54506310.00,1.99,-1.25,-0.34,2.03
2026-01-20,26.71,26.21,26.93,25.76,19394,51132811.00,4.37,-2.09,-0.56,1.94
2026-01-21,26.19,26.83,27.03,25.96,19546,52176951.00,4.08,2.37,0.62,1.96
2026-01-22,26.65,27.00,27.03,26.57,12552,33803247.00,1.71,0.63,0.17,1.26
2026-01-23,27.09,27.25,27.33,26.85,18255,49548505.00,1.78,0.93,0.25,1.83
2026-01-26,27.42,26.73,27.42,26.31,16466,44046615.00,4.07,-1.91,-0.52,1.65
2026-01-27,26.71,27.21,27.53,26.35,24323,66079208.00,4.41,1.80,0.48,2.43
2026-01-28,27.20,27.71,27.75,26.35,30986,84517540.00,5.15,1.84,0.50,3.10
2026-01-29,27.39,26.89,29.01,26.56,44456,125008089.00,8.84,-2.96,-0.82,4.45
2026-01-30,26.88,26.83,27.11,26.06,17630,47024381.00,3.90,-0.22,-0.06,1.76
2026-02-02,26.82,26.85,27.36,26.22,19199,51667839.00,4.25,0.07,0.02,1.92
2026-02-03,26.82,26.50,26.95,26.11,18275,48398861.00,3.13,-1.30,-0.35,1.83
2026-02-04,26.49,26.09,26.92,26.03,17589,46384727.00,3.36,-1.55,-0.41,1.76
2026-02-05,26.11,26.00,26.29,25.87,13064,34099458.00,1.61,-0.34,-0.09,1.31
2026-02-06,26.09,26.78,27.27,25.66,20774,55307287.00,6.19,3.00,0.78,2.08
2026-02-09,26.92,26.71,27.45,26.70,15869,42935177.00,2.80,-0.26,-0.07,1.59
2026-02-10,26.90,28.33,28.85,26.68,50127,140899881.00,8.12,6.07,1.62,5.02
2026-02-11,28.05,27.32,28.34,27.02,28418,78344594.00,4.66,-3.57,-1.01,2.84
2026-02-12,27.42,27.57,28.11,26.98,26434,73404095.00,4.14,0.92,0.25,2.65
2026-02-13,27.50,28.13,28.47,27.37,20851,58679032.00,3.99,2.03,0.56,2.09
2026-02-24,28.20,27.90,28.45,27.76,17345,48742271.00,2.45,-0.82,-0.23,1.74
2026-02-25,27.98,28.10,28.29,27.79,12868,36214201.00,1.79,0.72,0.20,1.29
2026-02-26,28.27,28.68,29.19,28.00,30345,87353896.00,4.23,2.06,0.58,3.04
2026-02-27,28.68,29.24,29.42,28.37,23060,67112449.00,3.66,1.95,0.56,2.31
2026-03-02,28.96,29.65,30.55,28.73,52704,156896487.00,6.22,1.40,0.41,5.28
2026-03-03,30.14,30.04,30.51,29.45,47718,143495524.00,3.58,1.32,0.39,4.78
2026-03-04,29.75,30.72,31.25,29.55,36161,111145942.00,5.66,2.26,0.68,3.62
2026-03-05,31.25,31.12,33.90,30.80,70831,228240318.00,10.09,1.30,0.40,7.09
2026-03-06,31.12,32.04,32.71,30.39,43090,137081546.00,7.46,2.96,0.92,4.31
2026-03-09,31.44,33.32,33.51,31.05,46228,151782767.00,7.68,4.00,1.28,4.63
2026-03-10,33.43,33.46,33.64,32.66,32006,106179230.00,2.94,0.42,0.14,3.20
2026-03-11,33.30,32.78,34.02,32.64,40566,135037092.00,4.12,-2.03,-0.68,4.06
2026-03-12,32.66,34.16,34.28,32.61,39737,132352407.00,5.09,4.21,1.38,3.98
2026-03-13,33.71,33.47,35.11,32.98,35386,121677215.00,6.24,-2.02,-0.69,3.54
2026-03-16,33.44,35.27,35.44,32.95,36595,125128956.00,7.44,5.38,1.80,3.66
2026-03-17,35.45,34.90,36.10,34.15,48452,170416780.00,5.53,-1.05,-0.37,4.85
2026-03-18,35.15,36.95,36.95,35.13,37027,134415831.00,5.21,5.87,2.05,3.71
2026-03-19,36.58,37.06,37.70,36.05,34739,128799603.00,4.47,0.30,0.11,3.48
2026-03-20,37.26,34.55,37.70,34.55,43108,154400138.00,8.50,-6.77,-2.51,4.31
2026-03-23,34.55,34.95,36.83,34.16,45188,160562303.00,7.73,1.16,0.40,4.52
2026-03-24,35.97,36.35,36.35,34.09,32412,114592020.00,6.47,4.01,1.40,3.24
2026-03-25,36.42,36.52,37.12,35.95,34707,126925106.00,3.22,0.47,0.17,3.47
2026-03-26,36.17,35.00,36.81,34.77,28400,100597133.00,5.59,-4.16,-1.52,2.84
2026-03-27,34.95,36.35,37.33,34.76,39927,144678824.00,7.34,3.86,1.35,4.00
2026-03-30,35.75,38.11,38.13,35.23,42417,158762252.00,7.98,4.84,1.76,4.25
2026-03-31,38.45,36.66,38.73,36.52,37120,138783112.00,5.80,-3.80,-1.45,3.72
2026-04-01,36.95,36.15,37.20,35.51,25512,92531328.00,4.61,-1.39,-0.51,2.55
2026-04-02,35.90,35.48,36.33,34.03,36448,127948841.00,6.36,-1.85,-0.67,3.65
2026-04-03,35.48,35.03,35.95,34.00,28410,99110734.00,5.50,-1.27,-0.45,2.84
2026-04-07,34.50,34.98,35.65,34.50,19164,67484441.00,3.28,-0.14,-0.05,1.92
2026-04-08,35.30,35.95,37.44,35.30,33683,122736460.00,6.12,2.77,0.97,3.37
2026-04-09,36.06,35.35,36.29,34.39,34741,122506752.00,5.29,-1.67,-0.60,3.48
2026-04-10,35.49,36.17,36.60,34.91,28674,103313009.00,4.78,2.32,0.82,2.87
2026-04-13,36.10,35.35,36.10,34.37,32799,114982949.00,4.78,-2.27,-0.82,3.28
2026-04-14,35.40,34.97,35.57,34.59,20588,71969955.00,2.77,-1.07,-0.38,2.06
2026-04-15,34.76,36.61,37.25,34.65,48848,177649856.00,7.43,4.69,1.64,4.89
2026-04-16,36.61,35.95,36.65,35.10,38843,138928389.00,4.23,-1.80,-0.66,3.89
2026-04-17,36.00,35.55,36.00,34.85,20882,74031724.00,3.20,-1.11,-0.40,2.09
2026-04-20,35.60,35.12,36.10,35.12,28898,103012969.00,2.76,-1.21,-0.43,2.89
2026-04-21,35.15,33.87,35.15,32.95,41654,141143239.00,6.26,-3.56,-1.25,4.17
2026-04-22,33.45,33.13,33.77,32.87,25571,85309363.00,2.66,-2.18,-0.74,2.56
2026-04-23,33.13,32.46,33.18,31.53,35885,115996372.00,4.98,-2.02,-0.67,3.59
2026-04-24,32.15,32.69,33.25,31.76,24356,79326007.00,4.59,0.71,0.23,2.44
2026-04-27,32.72,34.45,35.25,32.72,64959,224088732.00,7.74,5.38,1.76,6.50
2026-04-28,33.75,32.65,33.75,31.03,52961,172569522.00,7.90,-5.22,-1.80,5.30
2026-04-29,32.14,30.56,32.30,29.95,44597,139040004.00,7.20,-6.40,-2.09,4.46
2026-04-30,30.56,31.42,31.83,30.05,35341,109114977.00,5.82,2.81,0.86,3.54
2026-05-06,31.38,31.22,31.74,30.95,33357,104447285.00,2.51,-0.64,-0.20,3.34
2026-05-07,30.96,30.80,32.54,30.46,27025,84379113.00,6.66,-1.35,-0.42,2.71
2026-05-08,30.55,31.28,32.94,30.50,44411,141189640.00,7.92,1.56,0.48,4.45
2026-05-11,31.35,31.00,32.21,30.95,27784,87277263.00,4.03,-0.90,-0.28,2.78
2026-05-12,31.15,30.43,31.15,29.83,36634,111373618.00,4.26,-1.84,-0.57,3.67
2026-05-13,29.95,29.80,30.60,29.64,29352,88140359.00,3.15,-2.07,-0.63,2.94
2026-05-14,29.97,29.43,30.28,29.27,28148,84007844.00,3.39,-1.24,-0.37,2.82
2026-05-15,29.64,29.22,30.74,29.16,32180,96085143.00,5.37,-0.71,-0.21,3.22
2026-05-18,29.25,29.55,29.79,28.65,19453,56910368.00,3.90,1.13,0.33,1.95
2026-05-19,29.89,29.58,29.91,28.94,28400,83725427.00,3.28,0.10,0.03,2.84
2026-05-20,29.55,29.18,29.65,28.76,21429,62610107.00,3.01,-1.35,-0.40,2.15
2026-05-21,28.96,28.38,29.85,28.34,34004,99792066.00,5.17,-2.74,-0.80,3.40
2026-05-22,28.47,29.05,29.40,27.86,24746,71412191.00,5.43,2.36,0.67,2.48
2026-05-25,29.74,28.00,29.74,27.45,36054,102387183.00,7.88,-3.61,-1.05,3.61
2026-05-26,27.96,27.25,28.35,26.85,29408,80713550.00,5.36,-2.68,-0.75,2.94
2026-05-27,27.18,26.30,27.47,26.00,27468,73683358.00,5.39,-3.49,-0.95,2.75
2026-05-28,26.38,26.55,26.91,25.75,31914,83959410.00,4.41,0.95,0.25,3.19
2026-05-29,26.65,25.35,26.80,25.15,27713,71386532.00,6.21,-4.52,-1.20,2.77
2026-06-01,25.46,25.64,26.34,25.12,27118,69959619.00,4.81,1.14,0.29,2.71
2026-06-02,25.57,25.26,25.91,24.90,20938,53093956.00,3.94,-1.48,-0.38,2.10
2026-06-03,25.25,25.00,25.33,24.61,20640,51766928.00,2.85,-1.03,-0.26,2.07
2026-06-04,25.00,24.51,25.11,24.24,18511,45727556.00,3.48,-1.96,-0.49,1.85
2026-06-05,24.80,24.80,25.28,23.84,23362,57561828.00,5.88,1.18,0.29,2.34
2026-06-08,23.95,23.86,24.59,23.26,25537,61194277.00,5.36,-3.79,-0.94,2.56
2026-06-09,23.75,24.05,24.45,23.60,20870,50135801.00,3.56,0.80,0.19,2.09
2026-06-10,23.95,23.36,24.39,23.08,24976,59324001.00,5.45,-2.87,-0.69,2.50
2026-06-11,23.22,23.53,23.84,22.55,30642,71588592.00,5.52,0.73,0.17,3.07
2026-06-12,23.54,23.65,24.11,23.47,18363,43613326.00,2.72,0.51,0.12,1.84
2026-06-15,24.34,23.68,24.34,23.28,21749,51738522.00,4.48,0.13,0.03,2.18
2026-06-16,23.88,25.57,26.55,23.20,38372,96601703.00,14.15,7.98,1.89,3.84
2026-06-17,25.64,25.00,26.22,24.95,27797,71042744.00,4.97,-2.23,-0.57,2.78
2026-06-18,25.00,25.25,25.85,24.58,33587,84981978.00,5.08,1.00,0.25,3.36
2026-06-22,24.95,26.45,26.47,24.95,37208,96636590.00,6.02,4.75,1.20,3.72
2026-06-23,26.43,28.24,28.70,25.96,52240,144810396.00,10.36,6.77,1.79,5.23
2026-06-24,28.23,28.25,29.14,27.29,45641,129862816.00,6.55,0.04,0.01,4.57
2026-06-25,28.46,27.56,29.25,27.50,37154,104508155.00,6.19,-2.44,-0.69,3.72
2026-06-26,27.16,25.64,27.51,25.63,36330,95670482.00,6.82,-6.97,-1.92,3.64
2026-06-29,25.64,25.15,25.90,24.39,24182,60497549.00,5.89,-1.91,-0.49,2.42
2026-06-30,24.92,25.58,26.28,24.92,19461,50054853.00,5.41,1.71,0.43,1.95
2026-07-01,25.98,24.86,25.98,24.75,27529,69462233.00,4.81,-2.81,-0.72,2.76
2026-07-02,25.30,25.26,26.24,24.68,24090,61497260.00,6.28,1.61,0.40,2.41
2026-07-03,25.33,24.57,26.04,24.53,34613,88304226.00,5.98,-2.73,-0.69,3.46
2026-07-06,24.55,24.36,25.40,24.16,27700,68637853.00,5.05,-0.85,-0.21,2.77
2026-07-07,24.30,23.12,24.56,23.03,16885,39619471.00,6.28,-5.09,-1.24,1.69
2026-07-08,23.14,22.73,23.24,22.41,14036,31990371.00,3.59,-1.69,-0.39,1.40
2026-07-09,22.45,22.95,22.95,22.05,13084,29419921.00,3.96,0.97,0.22,1.31
2026-07-10,22.78,22.65,23.18,22.50,13033,29795996.00,2.96,-1.31,-0.30,1.30
2026-07-13,22.69,21.20,22.69,21.01,17581,37631415.00,7.42,-6.40,-1.45,1.76
2026-07-14,21.65,21.44,21.65,20.62,18734,39519385.00,4.86,1.13,0.24,1.88
2026-07-15,21.58,21.18,21.64,20.89,14338,30442391.00,3.50,-1.21,-0.26,1.44
2026-07-16,21.00,21.25,21.72,20.88,13013,27770039.00,3.97,0.33,0.07,1.30
2026-07-17,21.18,19.60,21.64,19.40,24415,49329028.00,10.54,-7.76,-1.65,2.44
2026-07-20,19.70,18.49,20.36,18.13,30874,59268508.00,11.38,-5.66,-1.11,3.09
2026-07-21,18.36,18.61,18.99,16.94,27359,49205089.00,11.09,0.65,0.12,2.74
2026-07-22,18.54,18.15,18.96,18.04,18089,33342559.00,4.94,-2.47,-0.46,1.81
2026-07-23,18.05,18.43,18.48,17.83,19438,35359074.00,3.58,1.54,0.28,1.95
2026-07-24,18.17,18.21,18.58,17.91,19779,36153872.00,3.64,-1.19,-0.22,1.98
2026-07-27,18.21,18.94,19.16,18.01,19524,36513700.00,6.32,4.01,0.73,1.95
2026-07-28,18.94,19.02,19.59,18.63,22335,42832357.00,5.07,0.42,0.08,2.24
2026-07-29,18.99,19.06,19.39,18.22,19599,37034817.00,6.15,0.21,0.04,1.96