2026-01-05,1.85,1.86,1.87,1.84,417934,77596953.00,1.61,0.00,0.00,1.29
2026-01-06,1.87,1.90,1.90,1.86,524749,99080684.00,2.15,2.15,0.04,1.62
2026-01-07,1.90,1.88,1.90,1.88,333634,62933254.00,1.05,-1.05,-0.02,1.03
2026-01-08,1.88,1.89,1.90,1.88,332765,62827039.00,1.06,0.53,0.01,1.03
2026-01-09,1.89,1.89,1.90,1.87,509009,95905401.00,1.59,0.00,0.00,1.57
2026-01-12,1.88,1.90,1.91,1.87,879354,166373443.00,2.12,0.53,0.01,2.72
2026-01-13,1.91,1.91,1.95,1.90,926761,178272969.00,2.63,0.53,0.01,2.87
2026-01-14,1.91,1.88,1.92,1.87,786137,149253918.00,2.62,-1.57,-0.03,2.43
2026-01-15,1.88,1.86,1.89,1.85,523441,97554205.00,2.13,-1.06,-0.02,1.62
2026-01-16,1.87,1.86,1.88,1.86,320006,59707998.00,1.08,0.00,0.00,0.99
2026-01-19,1.86,1.87,1.87,1.85,292495,54434506.00,1.08,0.54,0.01,0.90
2026-01-20,1.86,1.85,1.86,1.84,412870,76311541.00,1.07,-1.07,-0.02,1.28
2026-01-21,1.84,1.83,1.85,1.83,412906,75813354.00,1.08,-1.08,-0.02,1.28
2026-01-22,1.83,1.85,1.86,1.83,446695,82563900.00,1.64,1.09,0.02,1.38
2026-01-23,1.86,1.87,1.88,1.85,503638,93903526.00,1.62,1.08,0.02,1.56
2026-01-26,1.88,1.89,1.92,1.86,637804,120163247.00,3.21,1.07,0.02,1.97
2026-01-27,1.89,1.85,1.90,1.83,532012,98457842.00,3.70,-2.12,-0.04,1.65
2026-01-28,1.85,1.84,1.86,1.83,291232,53671754.00,1.62,-0.54,-0.01,0.90
2026-01-29,1.84,1.84,1.85,1.83,423185,77811236.00,1.09,0.00,0.00,1.31
2026-01-30,1.84,1.83,1.85,1.82,333945,61210185.00,1.63,-0.54,-0.01,1.03
2026-02-02,1.83,1.78,1.83,1.77,449338,80422052.00,3.28,-2.73,-0.05,1.39
2026-02-03,1.78,1.78,1.80,1.77,228057,40754160.00,1.69,0.00,0.00,0.71
2026-02-04,1.78,1.81,1.82,1.78,312284,56250887.00,2.25,1.69,0.03,0.97
2026-02-05,1.81,1.79,1.82,1.79,254961,46014621.00,1.66,-1.10,-0.02,0.79
2026-02-06,1.79,1.79,1.81,1.79,237053,42631482.00,1.12,0.00,0.00,0.73
2026-02-09,1.80,1.82,1.82,1.79,261039,47245385.00,1.68,1.68,0.03,0.81
2026-02-10,1.82,1.83,1.85,1.81,409636,75080862.00,2.20,0.55,0.01,1.27
2026-02-11,1.83,1.82,1.84,1.81,267602,48789000.00,1.64,-0.55,-0.01,0.83
2026-02-12,1.82,1.79,1.83,1.78,408609,73406625.00,2.75,-1.65,-0.03,1.26
2026-02-13,1.79,1.79,1.80,1.78,202315,36137313.00,1.12,0.00,0.00,0.63
2026-02-24,1.79,1.80,1.81,1.79,248212,44719667.00,1.12,0.56,0.01,0.77
2026-02-25,1.80,1.83,1.86,1.80,634458,116583245.00,3.33,1.67,0.03,1.96
2026-02-26,1.84,1.82,1.85,1.80,465435,84924463.00,2.73,-0.55,-0.01,1.44
2026-02-27,1.82,1.83,1.84,1.81,383047,69887806.00,1.65,0.55,0.01,1.19
2026-03-02,1.81,1.79,1.82,1.76,569368,101691218.00,3.28,-2.19,-0.04,1.76
2026-03-03,1.79,1.74,1.79,1.73,481334,84637558.00,3.35,-2.79,-0.05,1.49
2026-03-04,1.73,1.70,1.73,1.68,425686,72372708.00,2.87,-2.30,-0.04,1.32
2026-03-05,1.71,1.72,1.74,1.70,284374,48966834.00,2.35,1.18,0.02,0.88
2026-03-06,1.72,1.76,1.77,1.71,454975,79423870.00,3.49,2.33,0.04,1.41
2026-03-09,1.75,1.73,1.76,1.72,350189,60756790.00,2.27,-1.70,-0.03,1.08
2026-03-10,1.74,1.73,1.75,1.73,205178,35628897.00,1.16,0.00,0.00,0.63
2026-03-11,1.73,1.73,1.74,1.71,339416,58539063.00,1.73,0.00,0.00,1.05
2026-03-12,1.73,1.73,1.76,1.72,487985,84957514.00,2.31,0.00,0.00,1.51
2026-03-13,1.73,1.72,1.76,1.71,467531,81124986.00,2.89,-0.58,-0.01,1.45
2026-03-16,1.71,1.73,1.74,1.71,423613,73022443.00,1.74,0.58,0.01,1.31
2026-03-17,1.73,1.76,1.82,1.73,793776,140981219.00,5.20,1.73,0.03,2.46
2026-03-18,1.75,1.73,1.76,1.72,425399,73740309.00,2.27,-1.70,-0.03,1.32
2026-03-19,1.72,1.70,1.74,1.69,463335,79423959.00,2.89,-1.73,-0.03,1.43
2026-03-20,1.70,1.66,1.71,1.66,400494,67097898.00,2.94,-2.35,-0.04,1.24
2026-03-23,1.65,1.56,1.66,1.54,510175,81053996.00,7.23,-6.02,-0.10,1.58
2026-03-24,1.60,1.62,1.62,1.56,422995,67348185.00,3.85,3.85,0.06,1.31
2026-03-25,1.62,1.68,1.69,1.62,446905,74377782.00,4.32,3.70,0.06,1.38
2026-03-26,1.68,1.64,1.71,1.64,405230,67668247.00,4.17,-2.38,-0.04,1.25
2026-03-27,1.64,1.67,1.68,1.62,349091,57961867.00,3.66,1.83,0.03,1.08
2026-03-30,1.66,1.67,1.68,1.62,389101,64306145.00,3.59,0.00,0.00,1.20
2026-03-31,1.68,1.65,1.70,1.64,370193,61821956.00,3.59,-1.20,-0.02,1.15
2026-04-01,1.67,1.66,1.68,1.63,343785,56830251.00,3.03,0.61,0.01,1.06
2026-04-02,1.66,1.63,1.67,1.61,324244,52876347.00,3.61,-1.81,-0.03,1.00
2026-04-03,1.63,1.57,1.64,1.57,284258,45179518.00,4.29,-3.68,-0.06,0.88
2026-04-07,1.58,1.61,1.61,1.57,306492,48907125.00,2.55,2.55,0.04,0.95
2026-04-08,1.63,1.65,1.65,1.62,369393,60514740.00,1.86,2.48,0.04,1.14
2026-04-09,1.64,1.60,1.64,1.59,344682,55424477.00,3.03,-3.03,-0.05,1.07
2026-04-10,1.61,1.59,1.63,1.59,296184,47652004.00,2.50,-0.63,-0.01,0.92
2026-04-13,1.58,1.61,1.62,1.57,290426,46517494.00,3.14,1.26,0.02,0.90
2026-04-14,1.62,1.61,1.63,1.59,351523,56431072.00,2.48,0.00,0.00,1.09
2026-04-15,1.62,1.59,1.62,1.58,289105,46094050.00,2.48,-1.24,-0.02,0.89
2026-04-16,1.58,1.59,1.60,1.58,225523,35788083.00,1.26,0.00,0.00,0.70
2026-04-17,1.59,1.57,1.60,1.57,220953,34833194.00,1.89,-1.26,-0.02,0.68
2026-04-20,1.57,1.57,1.58,1.55,300261,47022516.00,1.91,0.00,0.00,0.93
2026-04-21,1.57,1.56,1.58,1.55,229886,35949793.00,1.91,-0.64,-0.01,0.71
2026-04-22,1.55,1.48,1.55,1.42,929782,138146142.00,8.33,-5.13,-0.08,2.88
2026-04-23,1.46,1.44,1.48,1.43,430857,62199795.00,3.38,-2.70,-0.04,1.33
2026-04-24,1.44,1.44,1.46,1.42,315516,45652602.00,2.78,0.00,0.00,0.98
2026-04-27,1.44,1.48,1.49,1.30,1226922,167706678.00,13.19,2.78,0.04,3.80
2026-04-28,1.45,1.44,1.48,1.41,555147,79761629.00,4.73,-2.70,-0.04,1.72
2026-04-29,1.51,1.58,1.58,1.51,858043,134639521.00,4.86,9.72,0.14,2.65
2026-04-30,1.61,1.56,1.64,1.56,1223171,195741880.00,5.06,-1.27,-0.02,3.78
2026-05-06,1.58,1.61,1.63,1.58,678493,109184369.00,3.21,3.21,0.05,2.10
2026-05-07,1.62,1.61,1.73,1.60,1121759,184807925.00,8.07,0.00,0.00,3.47
2026-05-08,1.61,1.60,1.61,1.56,493720,78502211.00,3.11,-0.62,-0.01,1.53
2026-05-11,1.60,1.62,1.63,1.57,602750,96753757.00,3.75,1.25,0.02,1.86
2026-05-12,1.62,1.60,1.64,1.59,460965,74179460.00,3.09,-1.23,-0.02,1.43
2026-05-13,1.60,1.60,1.62,1.58,503665,80734359.00,2.50,0.00,0.00,1.56
2026-05-14,1.60,1.54,1.61,1.54,483274,75410815.00,4.38,-3.75,-0.06,1.50
2026-05-15,1.55,1.53,1.55,1.52,298278,45713207.00,1.95,-0.65,-0.01,0.92
2026-05-18,1.52,1.51,1.53,1.48,377684,56661447.00,3.27,-1.31,-0.02,1.17
2026-05-19,1.51,1.52,1.53,1.49,197974,29964845.00,2.65,0.66,0.01,0.61
2026-05-20,1.52,1.46,1.52,1.45,342697,50609073.00,4.61,-3.95,-0.06,1.06
2026-05-21,1.47,1.44,1.51,1.43,401162,59002924.00,5.48,-1.37,-0.02,1.24
2026-05-22,1.45,1.49,1.50,1.43,370155,54011860.00,4.86,3.47,0.05,1.15
2026-05-25,1.49,1.53,1.54,1.46,459974,69335039.00,5.37,2.68,0.04,1.42
2026-05-26,1.53,1.49,1.53,1.48,352676,53009364.00,3.27,-2.61,-0.04,1.09
2026-05-27,1.49,1.46,1.49,1.44,328428,47914769.00,3.36,-2.01,-0.03,1.02
2026-05-28,1.45,1.48,1.48,1.44,254594,37277773.00,2.74,1.37,0.02,0.79
2026-05-29,1.48,1.50,1.56,1.47,683494,104189647.00,6.08,1.35,0.02,2.11
2026-06-01,1.50,1.54,1.55,1.48,555705,84824946.00,4.67,2.67,0.04,1.72
2026-06-02,1.54,1.55,1.55,1.50,435093,66565160.00,3.25,0.65,0.01,1.35
2026-06-03,1.54,1.54,1.56,1.51,549839,84259381.00,3.23,-0.65,-0.01,1.70
2026-06-04,1.53,1.50,1.55,1.49,434003,65512340.00,3.90,-2.60,-0.04,1.34
2026-06-05,1.50,1.65,1.65,1.50,1614867,257858371.00,10.00,10.00,0.15,5.00
2026-06-08,1.68,1.66,1.76,1.64,1927042,327612174.00,7.27,0.61,0.01,5.96
2026-06-09,1.65,1.61,1.67,1.56,1152641,184501468.00,6.63,-3.01,-0.05,3.57
2026-06-10,1.59,1.77,1.77,1.56,1807106,303345228.00,13.04,9.94,0.16,5.59
2026-06-11,1.80,1.68,1.85,1.66,1959006,342220813.00,10.73,-5.08,-0.09,6.06
2026-06-12,1.66,1.77,1.85,1.62,1990279,344956401.00,13.69,5.36,0.09,6.16
2026-06-15,1.71,1.69,1.76,1.69,1373134,234883837.00,3.95,-4.52,-0.08,4.25
2026-06-16,1.68,1.68,1.72,1.64,915209,152436253.00,4.73,-0.59,-0.01,2.83
2026-06-17,1.65,1.59,1.66,1.59,752236,120918335.00,4.17,-5.36,-0.09,2.33
2026-06-18,1.58,1.52,1.59,1.51,663056,102448447.00,5.03,-4.40,-0.07,2.05
2026-06-22,1.51,1.51,1.54,1.45,722560,107095565.00,5.92,-0.66,-0.01,2.24
2026-06-23,1.50,1.66,1.66,1.48,947534,153819450.00,11.92,9.93,0.15,2.93
2026-06-24,1.66,1.61,1.75,1.59,1387762,229698399.00,9.64,-3.01,-0.05,4.29
2026-06-25,1.60,1.59,1.63,1.53,843369,132882777.00,6.21,-1.24,-0.02,2.61
2026-06-26,1.60,1.53,1.61,1.53,552898,86194914.00,5.03,-3.77,-0.06,1.71
2026-06-29,1.52,1.54,1.59,1.51,526481,81515450.00,5.23,0.65,0.01,1.63
2026-06-30,1.55,1.51,1.55,1.48,532699,80446804.00,4.55,-1.95,-0.03,1.65
2026-07-01,1.50,1.56,1.58,1.48,577615,89342600.00,6.62,3.31,0.05,1.79
2026-07-02,1.56,1.55,1.63,1.54,565773,89037730.00,5.77,-0.64,-0.01,1.75
2026-07-03,1.56,1.55,1.57,1.52,389039,60081488.00,3.23,0.00,0.00,1.20
2026-07-06,1.55,1.51,1.56,1.51,380718,58122349.00,3.23,-2.58,-0.04,1.18
2026-07-07,1.52,1.48,1.52,1.47,326314,48531679.00,3.31,-1.99,-0.03,1.01
2026-07-08,1.48,1.46,1.49,1.45,269971,39648079.00,2.70,-1.35,-0.02,0.84
2026-07-09,1.45,1.46,1.48,1.44,355666,51861013.00,2.74,0.00,0.00,1.10
2026-07-10,1.46,1.50,1.51,1.45,406285,60502014.00,4.11,2.74,0.04,1.26
2026-07-13,1.51,1.65,1.65,1.51,1044182,170447280.00,9.33,10.00,0.15,3.23
2026-07-14,1.75,1.67,1.81,1.64,2084619,356141015.00,10.30,1.21,0.02,6.45
2026-07-15,1.58,1.68,1.71,1.58,1352489,224309519.00,7.78,0.60,0.01,4.18
2026-07-16,1.68,1.69,1.80,1.67,1315019,225192218.00,7.74,0.60,0.01,4.07
2026-07-17,1.73,1.86,1.86,1.69,3044229,551282057.00,10.06,10.06,0.17,9.42
2026-07-20,1.98,1.89,2.05,1.81,4267522,834741647.00,12.90,1.61,0.03,13.20
2026-07-21,1.75,1.70,1.79,1.70,704245,121662530.00,4.76,-10.05,-0.19,2.18
2026-07-22,1.56,1.68,1.77,1.56,2124578,352325307.00,12.35,-1.18,-0.02,6.57
2026-07-23,1.66,1.71,1.76,1.66,1463811,250513432.00,5.95,1.79,0.03,4.53
2026-07-24,1.69,1.64,1.72,1.63,960164,160400354.00,5.26,-4.09,-0.07,2.97
2026-07-27,1.63,1.72,1.74,1.62,934492,158448347.00,7.32,4.88,0.08,2.89
2026-07-28,1.74,1.81,1.89,1.72,3078780,566792016.00,9.88,5.23,0.09,9.53
2026-07-29,1.76,1.89,1.93,1.76,2791070,516949741.00,9.39,4.42,0.08,8.64
2026-07-30,1.88,1.72,1.89,1.71,2047468,364373031.00,9.52,-8.99,-0.17,6.33
2026-07-31,1.74,1.76,1.80,1.71,1453788,253788685.00,5.23,2.33,0.04,4.50
2026-08-03,1.75,1.76,1.79,1.74,795415,140434682.00,2.84,0.00,0.00,2.46
2026-08-04,1.77,1.77,1.79,1.75,776406,137192186.00,2.27,0.57,0.01,2.40
2026-08-05,1.77,1.75,1.77,1.73,832938,145320940.00,2.26,-1.13,-0.02,2.58
2026-08-06,1.75,1.72,1.76,1.70,626031,107644498.00,3.43,-1.71,-0.03,1.94