2026-01-05,27.85,28.17,28.27,27.85,16128,46055736.00,1.51,1.19,0.33,4.22
2026-01-06,28.24,28.42,28.52,28.20,22413,64517645.00,1.14,0.89,0.25,5.86
2026-01-07,28.43,28.50,28.53,28.22,20360,58659500.00,1.09,0.28,0.08,5.32
2026-01-08,28.44,28.56,28.87,28.35,23426,68008879.00,1.82,0.21,0.06,6.12
2026-01-09,28.49,28.71,28.81,28.35,22256,64379409.00,1.61,0.53,0.15,5.82
2026-01-12,28.75,28.75,28.79,28.45,24948,72506558.00,1.18,0.14,0.04,6.52
2026-01-13,28.76,28.69,29.09,28.63,28693,83921620.00,1.60,-0.21,-0.06,7.50
2026-01-14,28.66,28.59,28.99,28.22,30891,89869261.00,2.68,-0.35,-0.10,8.08
2026-01-15,28.55,29.28,29.37,28.50,38204,112646670.00,3.04,2.41,0.69,9.99
2026-01-16,29.29,29.45,29.50,28.90,36293,107451508.00,2.05,0.58,0.17,9.49
2026-01-19,29.49,30.05,30.12,29.30,35161,106094418.00,2.78,2.04,0.60,9.19
2026-01-20,30.06,30.17,30.41,29.78,35752,108953168.00,2.10,0.40,0.12,9.35
2026-01-21,30.00,30.68,30.75,29.82,40094,123403756.00,3.08,1.69,0.51,10.48
2026-01-22,30.68,30.50,30.81,30.31,33665,104187953.00,1.63,-0.59,-0.18,8.80
2026-01-23,30.58,30.84,30.84,30.35,32959,102335645.00,1.61,1.11,0.34,8.62
2026-01-26,30.91,32.40,33.46,30.84,99667,327987764.00,8.50,5.06,1.56,26.06
2026-01-27,32.40,32.49,32.70,31.40,55400,179431527.00,4.01,0.28,0.09,14.48
2026-01-28,32.49,32.72,33.05,32.04,44410,146481446.00,3.11,0.71,0.23,11.61
2026-01-29,30.98,30.40,32.19,30.25,64717,204803932.00,5.93,-7.09,-2.32,16.92
2026-01-30,30.53,30.24,31.07,29.74,38091,116960519.00,4.38,-0.53,-0.16,9.96
2026-02-02,29.87,28.07,30.19,28.00,52117,152128754.00,7.24,-7.18,-2.17,13.63
2026-02-03,28.42,28.98,29.01,28.27,29860,86819645.00,2.64,3.24,0.91,7.81
2026-02-04,29.09,28.93,29.27,28.60,19279,56482487.00,2.31,-0.17,-0.05,5.04
2026-02-05,28.95,28.52,29.53,28.47,21560,62979011.00,3.66,-1.42,-0.41,5.64
2026-02-06,28.52,29.06,29.62,28.28,30922,91323055.00,4.70,1.89,0.54,8.08
2026-02-09,29.23,29.43,29.50,28.82,33925,100087710.00,2.34,1.27,0.37,8.87
2026-02-10,29.33,29.13,29.40,29.03,18801,55582850.00,1.26,-1.02,-0.30,4.92
2026-02-11,29.11,29.47,29.89,29.05,23565,70511798.00,2.88,1.17,0.34,6.16
2026-02-12,29.40,29.47,29.68,29.26,19407,58066349.00,1.43,0.00,0.00,5.07
2026-02-13,29.65,29.01,29.65,29.00,15022,44536370.00,2.21,-1.56,-0.46,3.93
2026-02-24,29.91,31.67,32.25,29.91,73640,233912172.00,8.07,9.17,2.66,19.25
2026-02-25,31.22,32.17,33.26,31.22,86797,285803235.00,6.44,1.58,0.50,22.69
2026-02-26,32.16,31.74,32.77,31.45,53579,173414993.00,4.10,-1.34,-0.43,14.01
2026-02-27,31.50,31.72,32.12,31.36,32644,104571003.00,2.39,-0.06,-0.02,8.53
2026-03-02,31.29,30.69,31.71,30.37,34485,107623255.00,4.22,-3.25,-1.03,9.02
2026-03-03,30.70,29.19,30.73,29.01,43387,130386109.00,5.60,-4.89,-1.50,11.34
2026-03-04,28.82,29.16,29.64,28.45,38110,112654408.00,4.08,-0.10,-0.03,9.96
2026-03-05,29.60,29.10,29.80,28.96,25681,76399709.00,2.88,-0.21,-0.06,6.71
2026-03-06,29.39,30.61,30.78,28.96,57991,177091191.00,6.25,5.19,1.51,15.16
2026-03-09,31.25,30.34,31.67,30.20,57832,180224491.00,4.80,-0.88,-0.27,15.12
2026-03-10,30.34,29.88,30.70,29.45,41757,126315198.00,4.12,-1.52,-0.46,10.92
2026-03-11,29.82,30.18,30.26,29.50,59224,179717730.00,2.54,1.00,0.30,15.48
2026-03-12,30.28,30.21,30.56,29.64,56901,173593440.00,3.05,0.10,0.03,14.88
2026-03-13,30.04,30.22,30.98,30.04,67528,208915183.00,3.11,0.03,0.01,17.65
2026-03-16,30.27,29.87,30.94,29.53,49051,149713778.00,4.67,-1.16,-0.35,12.82
2026-03-17,29.66,30.05,30.89,29.44,60536,184298226.00,4.85,0.60,0.18,15.83
2026-03-18,29.65,29.44,30.00,28.64,60463,177852928.00,4.53,-2.03,-0.61,15.81
2026-03-19,29.09,27.83,29.26,27.62,48630,139272152.00,5.57,-5.47,-1.61,12.71
2026-03-20,27.81,26.95,27.93,26.93,42120,117026628.00,3.59,-3.16,-0.88,11.01
2026-03-23,26.58,25.40,26.58,25.10,43067,113393990.00,5.49,-5.75,-1.55,11.26
2026-03-24,25.78,25.73,25.95,25.01,29276,75669857.00,3.70,1.30,0.33,7.65
2026-03-25,25.80,26.16,26.20,25.59,30512,80373586.00,2.37,1.67,0.43,7.98
2026-03-26,26.10,25.49,26.22,25.36,24547,64083077.00,3.29,-2.56,-0.67,6.42
2026-03-27,25.10,26.18,26.36,25.01,31509,83208542.00,5.30,2.71,0.69,8.24
2026-03-30,25.91,26.98,27.43,25.71,49618,134146944.00,6.57,3.06,0.80,12.97
2026-03-31,26.99,25.67,27.13,25.64,42418,112453263.00,5.52,-4.86,-1.31,11.09
2026-04-01,26.05,26.13,26.29,25.60,25372,67094952.00,2.69,1.79,0.46,6.63
2026-04-02,26.00,25.78,26.15,25.55,18027,47342960.00,2.30,-1.34,-0.35,4.71
2026-04-03,25.66,25.25,25.83,25.04,17700,45417227.00,3.06,-2.06,-0.53,4.63
2026-04-07,25.31,26.52,26.52,25.11,33574,89037853.00,5.58,5.03,1.27,8.78
2026-04-08,26.28,26.80,26.80,26.01,35184,94593663.00,2.98,1.06,0.28,9.20
2026-04-09,26.50,26.48,26.99,26.41,28139,76262055.00,2.16,-1.19,-0.32,7.36
2026-04-10,26.49,26.50,26.75,26.28,27953,75131278.00,1.77,0.08,0.02,7.31
2026-04-13,26.34,26.66,26.76,26.26,21856,59001575.00,1.89,0.60,0.16,2.10
2026-04-14,27.00,26.88,27.04,26.48,27029,73275733.00,2.10,0.83,0.22,2.59
2026-04-15,26.88,26.49,26.98,26.36,22051,59651047.00,2.31,-1.45,-0.39,2.12
2026-04-16,26.48,26.51,26.63,26.39,23451,63096575.00,0.91,0.08,0.02,2.25
2026-04-17,26.49,26.52,26.55,25.98,20874,55723905.00,2.15,0.04,0.01,2.00
2026-04-20,26.52,26.56,26.56,26.16,21020,56390188.00,1.51,0.15,0.04,2.02
2026-04-21,26.55,26.42,26.55,26.20,14432,38628597.00,1.32,-0.53,-0.14,1.39
2026-04-22,26.40,26.30,26.60,26.22,19880,53195882.00,1.44,-0.45,-0.12,1.91
2026-04-23,26.36,25.91,26.36,25.86,22797,60183481.00,1.90,-1.48,-0.39,2.19
2026-04-24,25.91,26.61,26.67,25.46,31810,84309213.00,4.67,2.70,0.70,3.05
2026-04-27,27.51,27.29,28.40,27.04,75981,211955237.00,5.11,2.56,0.68,7.29
2026-04-28,27.17,26.84,27.47,26.73,34808,95170478.00,2.71,-1.65,-0.45,3.34
2026-04-29,26.81,27.10,27.42,26.80,40785,112137214.00,2.31,0.97,0.26,3.92
2026-04-30,27.02,27.05,27.30,26.77,27554,75600407.00,1.96,-0.18,-0.05,2.65
2026-05-06,27.40,27.18,27.44,26.92,40951,112685988.00,1.92,0.48,0.13,3.93
2026-05-07,27.19,27.03,27.27,26.91,27796,76372827.00,1.32,-0.55,-0.15,2.67
2026-05-08,27.21,27.12,27.38,26.79,44158,121409523.00,2.18,0.33,0.09,4.24
2026-05-11,27.13,26.99,27.30,26.96,39312,108125078.00,1.25,-0.48,-0.13,3.77
2026-05-12,27.10,26.25,27.15,26.02,45891,123120152.00,4.19,-2.74,-0.74,4.41
2026-05-13,26.21,26.20,26.41,26.12,24019,63953904.00,1.10,-0.19,-0.05,2.31
2026-05-14,26.22,25.60,26.36,25.50,29190,76246608.00,3.28,-2.29,-0.60,2.80
2026-05-15,25.71,25.70,26.02,25.54,25809,67425959.00,1.88,0.39,0.10,2.48
2026-05-18,25.61,25.45,25.70,25.17,22744,58572995.00,2.06,-0.97,-0.25,2.18
2026-05-19,25.45,25.60,25.81,25.30,19656,50957151.00,2.00,0.59,0.15,1.89
2026-05-20,25.52,24.93,25.52,24.89,24005,61194905.00,2.46,-2.62,-0.67,2.30
2026-05-21,25.08,24.02,25.30,24.02,33852,84756566.00,5.13,-3.65,-0.91,3.25
2026-05-22,24.20,24.29,24.50,23.95,21615,53267270.00,2.29,1.12,0.27,2.07
2026-05-25,24.42,24.40,24.60,24.05,22877,56580977.00,2.26,0.45,0.11,2.20
2026-05-26,24.40,24.23,24.54,23.96,15937,39195348.00,2.38,-0.70,-0.17,1.53
2026-05-27,24.23,23.42,24.42,23.31,25791,61944035.00,4.58,-3.34,-0.81,2.48
2026-05-28,23.42,23.08,23.60,22.59,24003,56165748.00,4.31,-1.45,-0.34,2.30
2026-05-29,23.08,22.94,23.31,22.78,20212,47286044.00,2.30,-0.61,-0.14,1.94
2026-06-01,22.93,23.26,23.36,22.62,21702,51008132.00,3.23,1.39,0.32,2.08
2026-06-02,23.15,22.79,23.44,22.62,19629,45707183.00,3.53,-2.02,-0.47,1.88
2026-06-03,22.76,22.13,22.76,21.98,28330,64294272.00,3.42,-2.90,-0.66,2.72
2026-06-04,22.02,21.94,22.18,21.75,19080,42605789.00,1.94,-0.86,-0.19,1.83
2026-06-05,21.94,22.24,22.40,21.86,17279,38981225.00,2.46,1.37,0.30,1.66
2026-06-08,21.84,21.73,22.19,21.47,22133,49137490.00,3.24,-2.29,-0.51,2.12
2026-06-09,21.80,21.96,22.08,21.58,15886,34758637.00,2.30,1.06,0.23,1.53
2026-06-10,21.81,22.12,22.17,21.71,15859,34887077.00,2.09,0.73,0.16,1.52
2026-06-11,22.07,21.82,22.33,21.58,18629,40704626.00,3.39,-1.36,-0.30,1.79
2026-06-12,21.99,22.40,22.41,21.78,25120,55720929.00,2.89,2.66,0.58,2.41
2026-06-15,22.44,22.63,22.77,22.33,22909,51683377.00,1.96,1.03,0.23,2.20
2026-06-16,22.61,22.40,22.62,22.23,15962,35712568.00,1.72,-1.02,-0.23,1.53
2026-06-17,22.32,21.94,22.38,21.80,15635,34388489.00,2.59,-2.05,-0.46,1.50
2026-06-18,21.82,21.69,21.93,21.54,13115,28444419.00,1.78,-1.14,-0.25,1.26
2026-06-22,21.53,22.00,22.06,20.95,24044,51667743.00,5.12,1.43,0.31,2.31
2026-06-23,22.11,21.93,22.66,21.88,21443,47687827.00,3.55,-0.32,-0.07,2.06
2026-06-24,21.90,22.17,22.17,21.58,17315,37963111.00,2.69,1.09,0.24,1.66
2026-06-25,22.26,22.40,22.77,22.05,31135,69892613.00,3.25,1.04,0.23,2.99
2026-06-26,22.12,21.39,22.49,21.30,22384,48472937.00,5.31,-4.51,-1.01,2.15
2026-06-29,21.24,21.34,21.60,20.74,18863,39984412.68,4.02,-0.23,-0.05,1.81