2026-01-05,8.84,8.57,8.85,8.50,301213,263159187.75,3.91,-4.35,-0.39,2.43
2026-01-06,8.57,8.77,8.79,8.56,235651,208161509.34,2.68,2.33,0.20,1.90
2026-01-07,8.78,8.57,8.79,8.55,161867,141553297.00,2.74,-2.28,-0.20,1.31
2026-01-08,8.54,8.80,8.86,8.54,188122,166703278.49,3.73,2.68,0.23,1.52
2026-01-09,8.79,8.72,8.86,8.68,152074,134541309.24,2.05,-0.91,-0.08,1.23
2026-01-12,8.73,8.70,8.76,8.61,228361,200211741.52,1.72,-0.23,-0.02,1.85
2026-01-13,8.69,8.57,8.72,8.54,218827,190533103.92,2.07,-1.49,-0.13,1.77
2026-01-14,8.57,8.47,8.63,8.42,280845,242735533.60,2.45,-1.17,-0.10,2.27
2026-01-15,8.47,8.43,8.48,8.40,128914,110124453.14,0.94,-0.47,-0.04,1.04
2026-01-16,8.47,8.44,8.58,8.41,189389,162697744.59,2.02,0.12,0.01,1.53
2026-01-19,8.43,8.53,8.57,8.40,136459,117614612.82,2.01,1.07,0.09,1.10
2026-01-20,8.50,8.55,8.59,8.49,148877,128921944.47,1.17,0.23,0.02,1.20
2026-01-21,8.53,8.58,8.67,8.51,204677,178216378.74,1.87,0.35,0.03,1.65
2026-01-22,8.60,8.73,8.76,8.57,217760,191803079.35,2.21,1.75,0.15,1.76
2026-01-23,8.78,8.82,8.97,8.76,250739,224945652.06,2.41,1.03,0.09,2.03
2026-01-26,8.79,8.77,8.82,8.69,162057,143684604.64,1.47,-0.57,-0.05,1.31
2026-01-27,8.77,8.59,8.77,8.54,155946,135971357.02,2.62,-2.05,-0.18,1.26
2026-01-28,8.60,8.68,8.87,8.51,259252,227888445.76,4.19,1.05,0.09,2.10
2026-01-29,8.67,8.69,8.78,8.60,165493,145616091.47,2.07,0.12,0.01,1.34
2026-01-30,8.71,8.68,8.79,8.54,145336,127520751.36,2.88,-0.12,-0.01,1.17
2026-02-02,8.64,8.42,8.66,8.41,162889,140815477.12,2.88,-3.00,-0.26,1.32
2026-02-03,8.50,8.59,8.60,8.40,137610,118605031.38,2.38,2.02,0.17,1.11
2026-02-04,8.56,8.78,8.83,8.54,215477,190176234.09,3.38,2.21,0.19,1.74
2026-02-05,8.75,8.66,8.78,8.62,115510,101596858.07,1.82,-1.37,-0.12,0.93
2026-02-06,8.56,8.44,8.58,8.43,198179,170462392.32,1.73,-2.54,-0.22,1.60
2026-02-09,8.50,8.53,8.61,8.47,140157,121235810.88,1.66,1.07,0.09,1.13
2026-02-10,8.52,8.40,8.53,8.38,199532,170272582.29,1.76,-1.52,-0.13,1.61
2026-02-11,8.36,8.41,8.47,8.36,94909,80998503.12,1.31,0.12,0.01,0.77
2026-02-12,8.40,8.39,8.43,8.32,99723,84729208.40,1.31,-0.24,-0.02,0.81
2026-02-13,8.40,8.32,8.45,8.32,105945,89956883.11,1.55,-0.83,-0.07,0.86
2026-02-24,8.32,8.50,8.52,8.31,155280,132863049.14,2.52,2.16,0.18,1.25
2026-02-25,8.47,8.61,8.77,8.45,281110,246854326.76,3.76,1.29,0.11,2.27
2026-02-26,8.65,8.59,8.72,8.57,116770,102096847.12,1.74,-0.23,-0.02,0.94
2026-02-27,8.57,8.77,8.78,8.55,156917,138312104.84,2.68,2.10,0.18,1.27
2026-03-02,8.59,8.74,8.77,8.59,169909,149833029.82,2.05,-0.34,-0.03,1.37
2026-03-03,8.70,8.77,8.91,8.66,256325,228554507.60,2.86,0.34,0.03,2.07
2026-03-04,8.69,8.85,8.97,8.65,239117,214139719.37,3.65,0.91,0.08,1.93
2026-03-05,8.89,8.89,9.01,8.83,213159,192314985.84,2.03,0.45,0.04,1.72
2026-03-06,8.89,8.98,9.02,8.80,187546,169896194.71,2.47,1.01,0.09,1.52
2026-03-09,8.96,9.09,9.09,8.86,309561,282353780.66,2.56,1.22,0.11,2.50
2026-03-10,9.24,8.97,9.34,8.92,358293,328841915.46,4.62,-1.32,-0.12,2.90
2026-03-11,8.99,8.99,9.03,8.74,245615,221874760.84,3.23,0.22,0.02,1.99
2026-03-12,8.98,9.03,9.07,8.87,193601,176162424.58,2.22,0.44,0.04,1.56
2026-03-13,8.99,9.09,9.28,8.97,267451,247454595.97,3.43,0.66,0.06,2.16
2026-03-16,9.09,8.90,9.14,8.86,225111,204206809.45,3.08,-2.09,-0.19,1.82
2026-03-17,9.02,8.77,9.06,8.76,153330,137621729.56,3.37,-1.46,-0.13,1.24
2026-03-18,8.79,8.55,8.82,8.48,211983,184550881.48,3.88,-2.51,-0.22,1.71
2026-03-19,8.47,8.26,8.56,8.22,232250,196760366.00,3.98,-3.39,-0.29,1.88
2026-03-20,8.26,8.23,8.36,8.12,200484,167431263.82,2.91,-0.36,-0.03,1.62
2026-03-23,8.14,7.96,8.40,7.90,292509,241032261.36,6.08,-3.28,-0.27,2.36
2026-03-24,8.07,8.57,8.68,8.05,461743,393692199.31,7.91,7.66,0.61,3.73
2026-03-25,8.59,8.78,8.89,8.45,387107,341561836.72,5.13,2.45,0.21,3.13
2026-03-26,8.76,8.60,8.87,8.58,231416,203838323.69,3.30,-2.05,-0.18,1.87
2026-03-27,8.56,8.53,8.61,8.44,197081,169881306.19,1.98,-0.81,-0.07,1.59
2026-03-30,8.40,8.65,8.75,8.24,242002,208839139.64,5.98,1.41,0.12,1.96
2026-03-31,8.61,8.85,9.03,8.50,322352,289489367.46,6.13,2.31,0.20,2.61
2026-04-01,9.75,8.90,9.75,8.86,954114,902589653.05,10.06,0.56,0.05,7.71
2026-04-02,8.89,9.80,9.80,8.86,904582,864614895.42,10.56,10.11,0.90,7.31
2026-04-03,9.77,9.42,9.96,9.21,1254405,1210385062.14,7.65,-3.88,-0.38,10.14
2026-04-07,9.78,10.37,10.37,9.76,1479594,1535094859.39,6.48,10.08,0.95,11.96
2026-04-08,11.42,11.42,11.42,11.22,427483,492824211.00,1.93,10.13,1.05,3.45
2026-04-09,12.39,11.39,12.57,11.39,2311623,2797509407.82,10.33,-0.26,-0.03,18.68
2026-04-10,11.39,10.62,11.51,10.52,1665139,1826748214.58,8.69,-6.76,-0.77,13.46
2026-04-13,10.09,9.73,10.19,9.58,1216386,1202057842.20,5.74,-8.38,-0.89,9.83
2026-04-14,10.00,10.71,10.71,9.85,1653422,1746939204.74,8.84,10.07,0.98,13.36
2026-04-15,11.28,11.79,11.79,11.28,1212659,1430293341.45,4.76,10.08,1.08,9.80
2026-04-16,11.43,11.48,11.82,11.29,1607616,1867863894.64,4.50,-2.63,-0.31,12.99
2026-04-17,11.47,11.41,12.03,11.06,1471630,1706708347.08,8.45,-0.61,-0.07,11.89
2026-04-20,11.45,11.86,12.08,11.12,1473448,1731730827.80,8.41,3.94,0.45,11.91
2026-04-21,11.64,11.77,12.16,11.34,1055852,1246918989.38,6.91,-0.76,-0.09,8.53
2026-04-22,11.77,11.43,11.77,11.19,922174,1064056144.19,4.93,-2.89,-0.34,7.45
2026-04-23,11.13,10.70,11.13,10.63,947719,1034129891.88,4.37,-6.39,-0.73,7.66
2026-04-24,10.54,10.54,10.85,10.36,613330,654194373.50,4.58,-1.50,-0.16,4.96
2026-04-27,10.26,10.11,10.32,10.04,593014,607784502.55,2.66,-4.08,-0.43,4.79
2026-04-28,10.05,9.84,10.13,9.79,478286,479552055.20,3.36,-2.67,-0.27,3.87
2026-04-29,9.91,10.00,10.07,9.77,424787,427572552.99,3.05,1.63,0.16,3.43
2026-04-30,9.94,10.01,10.02,9.79,419575,419429070.86,2.30,0.10,0.01,3.39
2026-05-06,10.26,10.51,10.93,10.14,810628,860891392.98,7.89,5.00,0.50,6.55
2026-05-07,11.21,11.57,11.57,11.20,769114,894936408.80,3.52,10.09,1.06,6.22
2026-05-08,11.35,11.76,11.89,11.27,1381041,1621990310.71,5.36,1.64,0.19,11.16
2026-05-11,11.51,11.62,11.85,11.51,740806,871141575.09,2.89,-1.19,-0.14,5.99
2026-05-12,11.53,11.14,11.58,11.05,562609,635196007.51,4.56,-4.13,-0.48,4.55
2026-05-13,11.04,10.93,11.04,10.77,454899,500892042.58,2.42,-1.89,-0.21,3.68
2026-05-14,10.90,10.74,11.26,10.60,698611,767834390.40,6.04,-1.74,-0.19,5.70
2026-05-15,10.62,10.46,10.88,10.33,453747,483487398.17,5.12,-2.61,-0.28,3.70
2026-05-18,10.38,10.36,10.47,10.19,322346,335840304.26,2.68,-0.96,-0.10,2.63
2026-05-19,10.59,10.47,10.67,10.29,396089,418841962.70,3.67,1.06,0.11,3.23
2026-05-20,10.36,11.20,11.39,10.25,837757,925293794.80,10.89,6.97,0.73,6.83
2026-05-21,11.06,10.62,11.22,10.60,631859,698261913.37,5.54,-5.18,-0.58,5.15
2026-05-22,10.69,10.54,10.79,10.39,411418,436900578.23,3.77,-0.75,-0.08,3.35
2026-05-25,11.12,11.61,11.61,10.95,624643,711845706.63,6.26,10.15,1.07,5.09
2026-05-26,11.42,11.32,11.68,11.08,698926,797388518.83,5.17,-2.50,-0.29,5.70
2026-05-27,11.18,10.98,11.49,10.90,672016,751889648.82,5.21,-3.00,-0.34,5.48
2026-05-28,11.03,10.22,11.03,9.87,825767,861777397.75,10.56,-6.92,-0.76,6.73
2026-05-29,10.33,10.90,11.25,10.19,1172293,1287976508.54,10.37,6.65,0.68,9.56
2026-06-01,10.66,10.96,11.23,10.56,780115,857710544.32,6.15,0.55,0.06,6.36
2026-06-02,10.85,10.74,11.01,10.62,439159,477084595.44,3.56,-2.01,-0.22,3.58
2026-06-03,10.53,10.82,11.14,10.41,550230,603101765.45,6.80,0.74,0.08,4.49
2026-06-04,11.05,11.91,11.91,10.99,842537,984724423.86,8.50,10.07,1.09,6.87
2026-06-05,11.97,11.66,12.36,11.60,1145978,1376576163.89,6.38,-2.10,-0.25,9.34
2026-06-08,11.44,11.01,11.49,10.78,674989,751862579.55,6.09,-5.57,-0.65,5.50
2026-06-09,11.35,12.12,12.12,11.35,540450,642729952.98,6.99,10.08,1.11,4.41
2026-06-10,12.13,11.92,12.21,11.69,834397,998882613.55,4.29,-1.65,-0.20,6.80
2026-06-11,11.48,11.59,11.94,11.46,577301,680135881.58,4.03,-2.77,-0.33,4.71
2026-06-12,12.51,10.45,12.51,10.42,1361397,1510172890.17,18.03,-9.84,-1.14,11.10
2026-06-15,11.19,11.51,11.51,11.19,707959,819138455.55,3.06,10.14,1.06,5.77
2026-06-16,11.77,12.66,12.67,11.77,1318963,1657313567.96,7.82,9.99,1.15,10.75
2026-06-17,13.11,12.39,13.89,12.01,1582776,2022089159.46,14.85,-2.13,-0.27,12.91
2026-06-18,12.33,12.14,12.56,11.80,981485,1196167378.41,6.13,-2.02,-0.25,8.00
2026-06-22,12.40,13.12,13.36,12.24,1199546,1547352691.34,9.23,8.07,0.98,9.78
2026-06-23,13.09,12.28,13.16,12.22,805443,1018597567.16,7.16,-6.40,-0.84,6.57
2026-06-24,12.47,13.52,13.52,12.30,843088,1125052397.48,9.93,10.10,1.24,6.87
2026-06-25,13.37,13.44,13.89,12.96,1340411,1802113399.03,6.88,-0.59,-0.08,10.93
2026-06-26,13.13,12.81,13.55,12.44,918874,1186936532.40,8.26,-4.69,-0.63,7.49
2026-06-29,12.41,11.99,12.45,11.56,806229,953770479.68,6.95,-6.40,-0.82,6.57
2026-06-30,11.59,11.32,11.60,10.84,657068,735204966.43,6.34,-5.59,-0.67,5.36
2026-07-01,11.02,11.60,11.64,10.67,728483,810174836.93,8.57,2.47,0.28,5.94
2026-07-02,11.15,11.13,11.44,11.02,474568,532545588.29,3.62,-4.05,-0.47,3.87
2026-07-03,11.19,10.52,11.28,10.50,543503,588934611.19,7.01,-5.48,-0.61,4.43
2026-07-06,10.30,9.70,10.38,9.70,542585,540145256.26,6.46,-7.79,-0.82,4.42
2026-07-07,9.75,9.95,9.99,9.45,443915,432853261.21,5.57,2.58,0.25,3.62
2026-07-08,9.70,9.00,9.71,8.96,481294,446526918.78,7.54,-9.55,-0.95,3.92
2026-07-09,8.96,8.93,9.03,8.60,445293,393332920.01,4.78,-0.78,-0.07,3.63
2026-07-10,8.91,8.95,9.25,8.62,433749,386571331.32,7.05,0.22,0.02,3.54
2026-07-13,8.69,8.33,8.69,8.25,421021,354287143.16,4.92,-6.93,-0.62,3.43
2026-07-14,8.28,8.43,8.44,8.19,283927,235909304.91,3.00,1.20,0.10,2.32
2026-07-15,8.33,8.49,8.51,8.31,251336,211970123.40,2.37,0.71,0.06,2.05
2026-07-16,8.35,8.46,8.52,8.26,234909,197369444.26,3.06,-0.35,-0.03,1.92
2026-07-17,8.55,8.38,8.78,8.34,367000,314327600.64,5.20,-0.95,-0.08,2.99
2026-07-20,8.58,8.44,8.58,8.31,287024,242467457.32,3.22,0.72,0.06,2.34