2026-01-05,15.16,14.97,15.18,14.93,41803,63866000.00,1.66,-0.53,-0.08,3.02
2026-01-06,14.98,14.97,15.13,14.95,34346,52537982.00,1.20,0.00,0.00,2.48
2026-01-07,15.02,15.00,15.19,14.93,39177,60024258.00,1.74,0.20,0.03,2.83
2026-01-08,14.98,14.96,15.02,14.84,35249,53646711.00,1.20,-0.27,-0.04,2.55
2026-01-09,14.96,15.05,15.06,14.90,42769,65261409.00,1.07,0.60,0.09,3.09
2026-01-12,15.05,15.12,15.20,15.02,36058,55493281.00,1.20,0.47,0.07,2.60
2026-01-13,15.15,15.04,15.30,15.02,46080,71170254.00,1.85,-0.53,-0.08,3.33
2026-01-14,14.98,15.22,15.26,14.96,49565,76414384.30,1.99,1.20,0.18,3.58
2026-01-15,15.25,15.34,15.43,15.16,53968,84131757.52,1.77,0.79,0.12,3.90
2026-01-16,15.32,15.14,15.37,15.07,40203,62240098.70,1.96,-1.30,-0.20,2.90
2026-01-19,15.12,15.57,15.59,15.03,62222,97970099.70,3.70,2.84,0.43,4.49
2026-01-20,15.56,15.62,15.72,15.42,53919,85680328.14,1.93,0.32,0.05,3.89
2026-01-21,15.58,15.50,15.58,15.32,43317,67995101.72,1.66,-0.77,-0.12,3.13
2026-01-22,15.72,15.68,15.76,15.46,32702,51974632.00,1.94,1.16,0.18,2.36
2026-01-23,15.68,15.73,15.73,15.59,33858,54015692.98,0.89,0.32,0.05,2.45
2026-01-26,15.72,15.65,15.74,15.45,33305,52849466.00,1.84,-0.51,-0.08,2.41
2026-01-27,15.60,15.51,15.71,15.22,35542,55821854.00,3.13,-0.89,-0.14,2.57
2026-01-28,15.50,15.39,15.58,15.35,29187,45859225.00,1.48,-0.77,-0.12,2.11
2026-01-29,15.39,15.78,15.98,15.23,56014,89272381.00,4.87,2.53,0.39,4.05
2026-01-30,15.77,16.04,16.19,15.72,84292,137510230.79,2.98,1.65,0.26,6.09
2026-02-02,16.03,15.87,16.22,15.80,50035,81651003.74,2.62,-1.06,-0.17,3.61
2026-02-03,15.92,15.77,16.04,15.65,48118,77405169.97,2.46,-0.63,-0.10,3.47
2026-02-04,15.77,16.08,16.22,15.73,45272,74024212.88,3.11,1.97,0.31,3.27
2026-02-05,16.08,16.48,16.78,15.98,91268,153179135.50,4.98,2.49,0.40,6.59
2026-02-06,16.39,16.31,17.01,16.26,74463,124692860.00,4.55,-1.03,-0.17,5.38
2026-02-09,16.47,16.42,16.50,16.23,42945,71569120.00,1.66,0.67,0.11,3.10
2026-02-10,16.60,18.09,18.09,16.41,225451,405018781.80,10.23,10.17,1.67,16.28
2026-02-11,17.75,18.02,18.60,17.14,243818,447596744.40,8.07,-0.39,-0.07,17.61
2026-02-12,18.11,18.43,19.21,17.82,158288,300071091.00,7.71,2.28,0.41,11.43
2026-02-13,18.57,17.71,18.72,17.66,86606,158487405.18,5.75,-3.91,-0.72,6.25
2026-02-24,17.73,17.57,17.88,17.34,84391,150355299.40,3.05,-0.79,-0.14,6.09
2026-02-25,17.85,17.82,18.61,17.68,87783,160949555.16,5.29,1.42,0.25,6.34
2026-02-26,18.00,18.62,18.87,17.82,104358,195859174.50,5.89,4.49,0.80,7.54
2026-02-27,19.36,19.50,20.31,19.13,117189,234418040.78,6.34,4.73,0.88,8.46
2026-03-02,18.78,18.79,19.61,18.34,88239,169571736.33,6.51,-3.64,-0.71,6.37
2026-03-03,19.08,19.24,20.01,18.60,116603,230151497.00,7.50,2.39,0.45,8.42
2026-03-04,19.02,19.25,19.37,18.35,84919,163261197.00,5.30,0.05,0.01,6.13
2026-03-05,19.29,18.43,19.70,18.24,80899,153661214.00,7.58,-4.26,-0.82,5.84
2026-03-06,18.42,18.68,18.87,17.99,62819,118558487.00,4.77,1.36,0.25,4.54
2026-03-09,18.42,18.77,18.81,18.18,54662,102868278.76,3.37,0.48,0.09,3.95
2026-03-10,18.77,19.55,19.91,18.58,89963,176649105.00,7.09,4.16,0.78,6.50
2026-03-11,19.55,19.33,19.94,19.11,67219,132940329.00,4.25,-1.13,-0.22,4.85
2026-03-12,19.37,19.46,19.97,19.15,57491,114061473.00,4.24,0.67,0.13,4.15
2026-03-13,19.28,20.03,21.34,19.28,93151,191119945.00,10.59,2.93,0.57,6.73
2026-03-16,20.09,20.34,20.61,19.84,91836,189035228.04,3.84,1.55,0.31,6.63
2026-03-17,20.45,20.05,21.15,19.93,83597,172967919.00,6.00,-1.43,-0.29,6.04
2026-03-18,20.05,19.74,20.12,19.32,62011,123343104.00,3.99,-1.55,-0.31,4.48
2026-03-19,19.47,19.08,19.54,19.02,45210,88208247.00,2.63,-3.34,-0.66,3.26
2026-03-20,19.31,19.31,19.92,19.07,50297,99369407.00,4.45,1.21,0.23,3.63
2026-03-23,18.95,17.66,19.10,17.53,67169,124241366.53,8.13,-8.54,-1.65,4.85
2026-03-24,18.11,18.80,18.83,17.93,51471,96021376.63,5.10,6.46,1.14,3.72
2026-03-25,18.89,19.05,19.44,18.73,36270,70381951.00,3.78,1.33,0.25,2.62
2026-03-26,19.14,18.87,19.35,18.80,29655,57156670.00,2.89,-0.94,-0.18,2.14
2026-03-27,18.72,18.90,18.97,18.40,41643,79035011.00,3.02,0.16,0.03,3.01
2026-03-30,18.52,18.91,19.00,18.02,47090,89111610.00,5.19,0.05,0.01,3.40
2026-03-31,18.97,18.69,19.55,18.42,42259,81102026.36,5.98,-1.16,-0.22,3.05
2026-04-01,18.80,19.26,19.37,18.46,48819,94288086.94,4.87,3.05,0.57,3.53
2026-04-02,19.19,19.31,19.57,18.91,48008,93878741.00,3.43,0.26,0.05,3.47
2026-04-03,19.32,18.25,19.35,18.05,45618,85306905.00,6.73,-5.49,-1.06,3.29
2026-04-07,18.20,18.10,18.51,17.72,37771,68948107.00,4.33,-0.82,-0.15,2.73
2026-04-08,18.42,18.80,18.87,18.35,38947,74000332.00,2.87,3.87,0.70,2.81
2026-04-09,18.63,17.64,18.63,17.20,99961,178830118.00,7.61,-6.17,-1.16,7.22
2026-04-10,17.62,17.79,18.06,17.33,52898,95201600.66,4.14,0.85,0.15,3.82
2026-04-13,17.61,17.48,17.71,16.98,60188,105571740.00,4.10,-1.74,-0.31,4.35
2026-04-14,17.59,17.14,17.97,16.94,42989,75174936.00,5.89,-1.95,-0.34,3.10
2026-04-15,17.22,17.25,17.51,17.10,43740,76900091.00,2.39,0.64,0.11,3.16
2026-04-16,17.31,17.44,17.65,17.22,43278,76829983.00,2.49,1.10,0.19,3.13
2026-04-17,17.53,16.86,17.64,16.73,53389,92205819.24,5.22,-3.33,-0.58,3.86
2026-04-20,16.80,17.22,17.25,16.65,43691,75404233.00,3.56,2.14,0.36,3.16
2026-04-21,17.13,16.98,17.31,16.80,27761,47865925.00,2.96,-1.39,-0.24,2.00
2026-04-22,16.95,16.96,17.07,16.82,22453,38632241.00,1.47,-0.12,-0.02,1.62
2026-04-23,17.01,17.36,17.49,16.80,52074,91055783.00,4.07,2.36,0.40,3.76
2026-04-24,17.19,17.06,17.29,16.83,31744,54918849.00,2.65,-1.73,-0.30,2.29
2026-04-27,17.06,16.94,17.09,16.56,40039,68430732.00,3.11,-0.70,-0.12,2.89
2026-04-28,16.80,16.41,16.88,16.32,38082,63886328.71,3.31,-3.13,-0.53,2.75
2026-04-29,16.40,16.63,16.89,16.40,30865,52352515.80,2.99,1.34,0.22,2.23
2026-04-30,16.61,16.06,16.63,15.91,56482,92560388.43,4.33,-3.43,-0.57,4.08
2026-05-06,16.00,15.75,16.00,15.60,64612,103718071.00,2.49,-1.93,-0.31,4.67
2026-05-07,15.77,15.72,16.06,15.65,49262,79221164.00,2.60,-0.19,-0.03,3.56
2026-05-08,15.77,15.87,15.96,15.70,34567,55709099.00,1.65,0.95,0.15,2.50
2026-05-11,15.88,15.36,15.95,15.26,75588,118829773.00,4.35,-3.21,-0.51,5.46
2026-05-12,15.40,15.26,15.51,15.21,34392,53725800.65,1.95,-0.65,-0.10,2.48
2026-05-13,15.52,15.35,15.52,15.19,53683,83934417.00,2.16,0.59,0.09,3.88
2026-05-14,15.32,15.02,15.37,14.96,49448,76017566.50,2.67,-2.15,-0.33,3.57
2026-05-15,15.04,15.69,15.93,14.95,83729,131836181.00,6.52,4.46,0.67,6.05
2026-05-18,15.67,16.08,16.50,15.52,113316,184084800.80,6.25,2.49,0.39,8.18
2026-05-19,15.85,15.60,15.98,15.27,75213,119176385.00,4.42,-2.99,-0.48,5.43
2026-05-20,16.24,15.99,16.50,15.62,89367,145459292.25,5.64,2.50,0.39,6.45
2026-05-21,16.01,15.67,16.41,15.64,75273,123153455.00,4.82,-2.00,-0.32,5.44
2026-05-22,16.08,15.61,16.08,15.40,45384,72304348.00,4.34,-0.38,-0.06,3.28
2026-05-25,15.66,15.39,15.77,15.28,47899,75318855.00,3.14,-1.41,-0.22,3.46
2026-05-26,15.22,15.08,15.44,14.96,31502,48667107.00,3.12,-2.01,-0.31,2.27
2026-05-27,15.10,14.90,15.39,14.78,33716,51386222.50,4.05,-1.19,-0.18,2.43
2026-05-28,14.87,14.72,14.99,14.41,38235,57175919.69,3.89,-1.21,-0.18,2.76
2026-05-29,14.71,14.65,14.89,14.49,35689,53508842.00,2.72,-0.48,-0.07,2.58
2026-06-01,14.66,14.95,14.99,14.47,35315,53430856.00,3.55,2.05,0.30,2.55
2026-06-02,14.93,14.54,14.93,14.41,33514,49706648.00,3.48,-2.74,-0.41,2.42
2026-06-03,14.49,14.21,14.49,14.03,30680,44501490.00,3.16,-2.27,-0.33,2.22
2026-06-04,14.18,13.92,14.27,13.82,27158,38722537.25,3.17,-2.04,-0.29,1.96
2026-06-05,13.96,14.18,14.36,13.95,31479,45393626.00,2.95,1.87,0.26,2.27
2026-06-08,14.07,13.67,14.20,13.46,38485,54084188.00,5.22,-3.60,-0.51,2.78
2026-06-09,13.64,13.56,13.80,13.44,20392,28287704.00,2.63,-0.80,-0.11,1.47
2026-06-10,13.66,13.79,13.92,13.61,32810,45138009.50,2.29,1.70,0.23,2.37
2026-06-11,13.71,13.49,13.80,13.30,30071,40475317.70,3.63,-2.18,-0.30,2.17
2026-06-12,13.55,13.81,13.84,13.46,29113,39884655.50,2.82,2.37,0.32,2.10