2026-01-05,55.77,56.53,56.61,55.77,59615,337643584.00,1.51,1.36,0.76,1.79
2026-01-06,56.56,57.24,57.25,56.36,71869,411072005.00,1.57,1.26,0.71,2.16
2026-01-07,57.25,56.92,57.77,56.73,68612,394219816.00,1.82,-0.56,-0.32,2.06
2026-01-08,56.65,57.12,57.43,56.46,54665,313089448.00,1.70,0.35,0.20,1.64
2026-01-09,57.41,57.25,58.29,56.81,76309,440565734.00,2.59,0.23,0.13,2.29
2026-01-12,56.84,58.07,58.08,56.84,102880,597624916.00,2.17,1.43,0.82,3.09
2026-01-13,58.14,56.71,58.79,56.64,112311,651650417.00,3.70,-2.34,-1.36,3.38
2026-01-14,56.74,57.19,58.05,56.44,115034,663688650.00,2.84,0.85,0.48,3.46
2026-01-15,56.98,56.20,57.44,55.90,77292,439063894.00,2.69,-1.73,-0.99,2.32
2026-01-16,56.37,56.03,57.08,55.59,64524,363667599.00,2.65,-0.30,-0.17,1.94
2026-01-19,55.99,56.17,56.41,55.69,44359,250155621.00,1.29,0.25,0.14,1.33
2026-01-20,55.99,56.00,56.73,55.80,67197,380097646.00,1.66,-0.30,-0.17,2.02
2026-01-21,55.96,54.31,56.00,54.29,96568,529224080.00,3.05,-3.02,-1.69,2.90
2026-01-22,54.29,54.13,54.46,53.75,46532,253365105.00,1.31,-0.33,-0.18,1.40
2026-01-23,54.16,54.59,54.59,54.05,49506,270522932.00,1.00,0.85,0.46,1.49
2026-01-26,54.19,53.91,54.29,53.06,89413,482253200.00,2.25,-1.25,-0.68,2.69
2026-01-27,53.89,52.50,53.89,52.38,67868,360083067.00,2.80,-2.62,-1.41,2.04
2026-01-28,52.25,53.77,54.16,52.25,80423,430978872.00,3.64,2.42,1.27,2.42
2026-01-29,53.52,59.18,59.18,53.20,338927,1956945339.00,11.12,10.06,5.41,10.19
2026-01-30,59.69,55.99,59.69,55.99,286158,1660060623.00,6.25,-5.39,-3.19,8.60
2026-02-02,55.56,57.14,59.27,55.55,222425,1290529226.00,6.64,2.05,1.15,6.69
2026-02-03,56.68,57.14,59.01,56.35,150243,860743253.00,4.66,0.00,0.00,4.52
2026-02-04,56.59,58.04,58.87,56.09,173795,1010717965.00,4.87,1.58,0.90,5.23
2026-02-05,57.57,59.10,60.76,57.39,233060,1389588373.00,5.81,1.83,1.06,7.01
2026-02-06,57.82,56.94,58.69,56.49,155449,892299407.00,3.72,-3.65,-2.16,4.67
2026-02-09,56.25,56.95,56.97,56.23,100877,574437455.00,1.30,0.02,0.01,3.03
2026-02-10,56.62,55.39,56.62,55.24,107863,602846472.00,2.42,-2.74,-1.56,3.24
2026-02-11,55.37,55.01,55.89,54.89,66411,368723145.00,1.81,-0.69,-0.38,2.00
2026-02-12,55.00,53.91,55.01,53.91,77713,423704727.00,2.00,-2.00,-1.10,2.34
2026-02-13,54.47,53.20,54.48,53.20,63875,346087648.00,2.37,-1.32,-0.71,1.92
2026-02-24,53.69,52.84,53.83,52.47,55939,297063740.00,2.56,-0.68,-0.36,1.68
2026-02-25,52.86,53.41,53.57,52.86,47290,253332713.00,1.34,1.08,0.57,1.42
2026-02-26,53.38,52.60,53.38,52.55,52101,276381463.00,1.55,-1.52,-0.81,1.57
2026-02-27,52.88,52.79,53.01,52.43,36730,194703343.00,1.10,0.36,0.19,1.10
2026-03-02,51.88,50.72,52.07,50.69,84959,436809134.00,2.61,-3.92,-2.07,2.55
2026-03-03,50.49,51.10,52.31,49.64,91999,471879038.00,5.26,0.75,0.38,2.77
2026-03-04,50.51,49.18,50.51,49.18,60906,303368953.00,2.60,-3.76,-1.92,1.83
2026-03-05,49.42,49.15,49.82,49.06,39267,195224204.00,1.55,-0.06,-0.03,1.18
2026-03-06,49.13,49.84,49.95,49.00,38044,189999044.00,1.93,1.40,0.69,1.14
2026-03-09,49.09,49.19,49.48,48.82,39572,195411277.00,1.32,-1.30,-0.65,1.19
2026-03-10,49.49,49.57,49.63,49.24,29413,146338180.00,0.79,0.77,0.38,0.88
2026-03-11,49.60,49.84,50.08,49.32,38149,190864932.00,1.53,0.54,0.27,1.15
2026-03-12,49.67,49.69,50.20,49.15,48547,242145006.00,2.11,-0.30,-0.15,1.46
2026-03-13,49.49,49.94,50.45,49.30,52610,264869068.00,2.31,0.50,0.25,1.58
2026-03-16,49.70,51.01,51.75,49.66,84075,431812690.00,4.19,2.14,1.07,2.53
2026-03-17,50.52,50.18,51.16,50.16,52695,268409076.00,1.96,-1.63,-0.83,1.58
2026-03-18,50.18,49.47,50.47,49.20,40545,201590556.00,2.53,-1.41,-0.71,1.22
2026-03-19,48.99,48.11,49.34,47.97,48431,236808812.00,2.77,-2.75,-1.36,1.46
2026-03-20,48.29,46.84,48.58,46.79,40197,192473440.00,3.72,-2.64,-1.27,1.21
2026-03-23,45.75,43.93,45.75,43.93,60167,272557119.00,3.89,-6.21,-2.91,1.81
2026-03-24,44.69,44.60,44.79,43.69,37882,168848267.00,2.50,1.53,0.67,1.14
2026-03-25,44.60,44.93,45.12,44.40,34075,154003618.00,1.61,0.74,0.33,1.02
2026-03-26,44.79,43.75,45.40,43.69,41083,183628626.00,3.81,-2.63,-1.18,1.24
2026-03-27,43.49,44.97,46.00,43.32,53880,243006189.00,6.13,2.79,1.22,1.62
2026-03-30,44.27,44.86,45.34,44.24,33548,151449324.00,2.45,-0.24,-0.11,1.01
2026-03-31,46.36,44.91,46.79,44.89,64267,296872863.00,4.24,0.11,0.05,1.93
2026-04-01,45.44,45.37,46.09,44.64,42680,194305300.00,3.23,1.02,0.46,1.28
2026-04-02,45.19,45.19,45.88,44.99,36680,167447914.00,1.96,-0.40,-0.18,1.10
2026-04-03,44.99,43.85,45.13,43.73,37863,168387553.00,3.10,-2.97,-1.34,1.14
2026-04-07,43.86,43.68,44.07,43.37,28830,126859703.00,1.60,-0.39,-0.17,0.87
2026-04-08,44.17,45.24,45.26,43.99,50039,225267087.00,2.91,3.57,1.56,1.50
2026-04-09,44.89,44.23,45.09,44.14,40413,181026254.00,2.10,-2.23,-1.01,1.21
2026-04-10,44.51,44.76,45.03,44.39,34527,155776000.00,1.45,1.20,0.53,1.04
2026-04-13,44.43,44.47,44.64,43.71,51780,230582600.00,2.08,-0.65,-0.29,1.56
2026-04-14,44.54,45.59,45.91,44.40,72811,331579506.00,3.40,2.52,1.12,2.19
2026-04-15,45.32,45.93,46.56,45.21,56716,262036620.00,2.96,0.75,0.34,1.71
2026-04-16,45.69,46.66,47.84,45.69,91326,429812758.00,4.68,1.59,0.73,2.75
2026-04-17,46.16,45.65,46.19,45.37,53983,248285138.00,1.76,-2.16,-1.01,1.62
2026-04-20,45.46,45.72,45.89,45.22,37529,172300605.00,1.47,0.15,0.07,1.13
2026-04-21,45.59,45.28,46.25,45.16,38270,175357711.00,2.38,-0.96,-0.44,1.15
2026-04-22,45.19,45.39,45.49,45.00,32150,146220689.00,1.08,0.24,0.11,0.97
2026-04-23,45.49,46.14,47.36,45.49,103534,484910442.00,4.12,1.65,0.75,3.11
2026-04-24,45.67,45.23,46.07,45.06,70383,322002233.00,2.19,-1.97,-0.91,2.12
2026-04-27,44.99,44.51,44.99,43.99,43831,195887761.00,2.21,-1.59,-0.72,1.32
2026-04-28,44.51,44.11,44.86,43.74,36927,164337773.00,2.52,-0.90,-0.40,1.11
2026-04-29,44.28,44.45,44.93,44.19,43603,195712148.00,1.68,0.77,0.34,1.31
2026-04-30,44.31,43.94,44.66,43.94,40275,179153876.00,1.62,-1.15,-0.51,1.21
2026-05-06,43.24,43.54,43.57,42.79,52624,228998072.00,1.78,-0.91,-0.40,1.58
2026-05-07,43.58,43.78,44.18,43.54,40892,180552162.00,1.47,0.55,0.24,1.23
2026-05-08,43.65,44.00,44.37,43.49,40691,180135674.00,2.01,0.50,0.22,1.22
2026-05-11,44.00,44.40,44.56,43.47,52233,232381233.00,2.48,0.91,0.40,1.57
2026-05-12,44.42,43.27,44.44,43.27,54197,238485935.00,2.64,-2.55,-1.13,1.63
2026-05-13,43.35,42.83,43.59,42.49,55470,239190811.00,2.54,-1.02,-0.44,1.67
2026-05-14,42.75,43.43,45.19,42.01,106596,467329455.00,7.42,1.40,0.60,3.20
2026-05-15,43.00,41.77,43.05,41.77,67718,288084622.00,2.95,-3.82,-1.66,2.04
2026-05-18,41.77,41.19,42.13,40.95,43834,182720378.00,2.82,-1.39,-0.58,1.32
2026-05-19,41.19,41.38,42.24,41.18,41296,173334281.00,2.57,0.46,0.19,1.24
2026-05-20,41.51,41.42,42.08,40.97,47748,199932992.00,2.68,0.10,0.04,1.44
2026-05-21,41.20,41.47,42.09,41.19,51858,217769765.00,2.17,0.12,0.05,1.56
2026-05-22,41.47,40.10,41.49,40.00,52374,212483946.00,3.59,-3.30,-1.37,1.57
2026-05-25,39.70,40.87,41.77,39.69,70729,291749115.00,5.19,1.92,0.77,2.13
2026-05-26,40.59,40.27,41.54,39.85,51004,208748471.00,4.14,-1.47,-0.60,1.53
2026-05-27,40.10,44.13,44.30,39.66,227715,980426921.00,11.52,9.59,3.86,6.85
2026-05-28,43.13,42.20,43.65,42.20,131679,563535310.00,3.29,-4.37,-1.93,3.96
2026-05-29,42.13,44.06,45.40,41.92,207152,909548878.00,8.25,4.41,1.86,6.23
2026-06-01,43.41,44.32,44.68,43.41,120617,530285634.00,2.88,0.59,0.26,3.63
2026-06-02,43.50,42.60,44.32,42.31,124454,536105779.00,4.54,-3.88,-1.72,3.74
2026-06-03,42.01,42.31,43.10,40.81,112801,469132095.00,5.38,-0.68,-0.29,3.39
2026-06-04,41.99,40.28,42.72,40.24,87580,360265579.00,5.86,-4.80,-2.03,2.63
2026-06-05,40.60,40.83,42.86,40.60,84419,350531378.00,5.61,1.37,0.55,2.54
2026-06-08,41.17,40.07,41.97,40.00,74325,302417746.00,4.82,-1.86,-0.76,2.23
2026-06-09,39.60,39.12,39.71,38.68,62981,245893553.00,2.57,-2.37,-0.95,1.89
2026-06-10,39.40,39.02,39.73,38.92,48424,189996809.00,2.07,-0.26,-0.10,1.46
2026-06-11,38.60,37.88,38.61,37.50,59288,224883549.00,2.84,-2.92,-1.14,1.78
2026-06-12,37.88,38.07,38.74,37.55,49658,189870013.00,3.14,0.50,0.19,1.49