2026-01-05,34.68,35.10,35.55,34.40,59410,207412327.00,3.33,1.50,0.52,5.46
2026-01-06,34.88,34.28,35.18,34.05,60288,208245456.00,3.22,-2.34,-0.82,5.54
2026-01-07,34.35,34.59,35.28,33.97,61757,213603922.00,3.82,0.90,0.31,5.68
2026-01-08,34.54,34.65,35.53,34.29,59435,208108279.00,3.58,0.17,0.06,5.46
2026-01-09,34.65,35.18,35.50,34.46,61452,215074622.00,3.00,1.53,0.53,5.65
2026-01-12,35.20,34.55,35.44,34.11,83425,287716727.00,3.78,-1.79,-0.63,7.67
2026-01-13,34.54,33.89,35.17,33.82,71335,245062864.00,3.91,-1.91,-0.66,6.56
2026-01-14,33.80,33.88,34.72,33.45,84497,287950147.00,3.75,-0.03,-0.01,7.77
2026-01-15,33.78,34.16,34.43,32.88,77905,260843396.00,4.57,0.83,0.28,7.16
2026-01-16,34.00,37.49,38.40,34.00,175184,629729336.00,12.88,9.75,3.33,16.10
2026-01-19,37.89,36.13,37.89,36.02,117792,433273733.00,4.99,-3.63,-1.36,10.83
2026-01-20,36.00,36.28,36.89,35.61,76772,278214899.00,3.54,0.42,0.15,7.06
2026-01-21,36.07,37.26,37.49,35.66,97119,359740370.00,5.04,2.70,0.98,8.93
2026-01-22,39.08,36.02,39.58,35.73,142221,523689033.00,10.33,-3.33,-1.24,13.07
2026-01-23,36.05,36.22,36.94,35.38,99657,359273305.00,4.33,0.56,0.20,9.16
2026-01-26,35.78,34.69,36.20,34.38,77268,269804738.00,5.02,-4.22,-1.53,7.10
2026-01-27,34.35,34.58,34.75,33.16,60943,207484670.00,4.58,-0.32,-0.11,5.60
2026-01-28,34.81,35.00,35.87,34.14,63830,222885530.00,5.00,1.21,0.42,5.87
2026-01-29,34.77,33.88,35.20,33.79,56231,193553841.00,4.03,-3.20,-1.12,5.17
2026-01-30,33.83,33.11,33.96,32.60,48089,159540899.00,4.01,-2.27,-0.77,4.42
2026-02-02,32.30,33.16,34.95,32.00,86642,295174481.00,8.91,0.15,0.05,7.96
2026-02-03,33.34,34.94,34.98,33.34,77712,269003052.00,4.95,5.37,1.78,7.14
2026-02-04,34.63,34.60,35.40,34.06,40654,140531773.00,3.84,-0.97,-0.34,3.74
2026-02-05,34.33,34.27,35.17,34.02,47940,165695704.00,3.32,-0.95,-0.33,4.41
2026-02-06,34.02,34.40,34.87,33.86,33195,114766819.00,2.95,0.38,0.13,3.05
2026-02-09,35.00,35.75,36.16,34.66,60455,215947135.00,4.36,3.92,1.35,5.56
2026-02-10,35.77,35.39,35.77,35.00,33818,119705655.00,2.15,-1.01,-0.36,3.11
2026-02-11,35.35,35.40,35.80,35.10,31185,110848974.00,1.98,0.03,0.01,2.87
2026-02-12,35.40,35.76,36.20,35.29,43919,157337101.00,2.57,1.02,0.36,4.04
2026-02-13,35.50,35.59,36.28,35.45,39380,141486078.00,2.32,-0.48,-0.17,3.62
2026-02-24,35.89,36.77,37.37,35.89,70497,259527315.00,4.16,3.32,1.18,6.48
2026-02-25,36.77,37.26,37.58,36.50,69648,258385075.00,2.94,1.33,0.49,6.40
2026-02-26,37.11,36.82,37.26,36.30,45799,168195223.00,2.58,-1.18,-0.44,4.21
2026-02-27,36.82,36.90,37.33,36.24,45711,168226645.00,2.96,0.22,0.08,4.20
2026-03-02,36.20,35.05,36.82,35.00,68537,243830149.00,4.93,-5.01,-1.85,6.30
2026-03-03,35.42,33.37,35.58,33.31,53970,185169214.00,6.48,-4.79,-1.68,4.96
2026-03-04,33.37,33.21,33.94,32.54,48439,160972685.00,4.20,-0.48,-0.16,4.45
2026-03-05,35.00,37.54,37.92,33.99,166467,608914385.00,11.83,13.04,4.33,15.30
2026-03-06,37.14,38.32,40.21,37.14,158626,615794392.00,8.18,2.08,0.78,14.58
2026-03-09,38.23,39.80,40.48,38.23,130113,515953841.00,5.87,3.86,1.48,11.96
2026-03-10,39.81,39.93,40.56,39.10,93533,374281966.00,3.67,0.33,0.13,8.60
2026-03-11,40.28,40.29,42.17,40.00,127297,523558686.00,5.43,0.90,0.36,11.70
2026-03-12,40.01,39.01,40.46,38.92,78638,310089632.00,3.82,-3.18,-1.28,7.23
2026-03-13,39.08,41.66,42.38,38.74,129774,533899998.00,9.33,6.79,2.65,11.93
2026-03-16,41.62,42.39,42.42,39.88,102123,420585799.00,6.10,1.75,0.73,9.39
2026-03-17,42.20,40.52,42.59,40.26,66032,271746910.00,5.50,-4.41,-1.87,6.07
2026-03-18,40.87,43.12,43.92,40.87,136666,584900936.00,7.53,6.42,2.60,12.56
2026-03-19,42.50,41.23,42.78,41.00,95057,396147338.00,4.13,-4.38,-1.89,8.74
2026-03-20,42.01,38.96,43.70,38.63,141664,568428510.00,12.30,-5.51,-2.27,13.02
2026-03-23,37.40,37.32,38.78,35.99,122211,455534319.00,7.16,-4.21,-1.64,11.23
2026-03-24,37.80,38.20,38.66,36.22,69047,256748423.00,6.54,2.36,0.88,6.35
2026-03-25,38.26,41.60,41.99,38.10,153580,616127000.00,10.18,8.90,3.40,14.12
2026-03-26,40.76,39.65,41.16,39.07,94312,375177983.00,5.02,-4.69,-1.95,8.67
2026-03-27,39.34,39.16,41.33,38.10,78150,307709395.00,8.15,-1.24,-0.49,7.18
2026-03-30,38.60,39.73,40.55,37.50,99076,388478214.00,7.79,1.46,0.57,9.11
2026-03-31,39.56,38.54,40.88,38.52,63525,250353938.00,5.94,-3.00,-1.19,5.84
2026-04-01,39.38,39.01,39.89,38.56,57740,225891659.00,3.45,1.22,0.47,5.31
2026-04-02,38.78,37.37,39.01,36.96,53165,200861252.00,5.26,-4.20,-1.64,4.89
2026-04-03,37.37,38.24,39.39,36.88,65582,251240898.00,6.72,2.33,0.87,6.03
2026-04-07,38.72,39.70,39.88,38.27,72230,283724033.00,4.21,3.82,1.46,6.64
2026-04-08,40.67,40.60,41.97,40.05,109646,448882922.00,4.84,2.27,0.90,10.08
2026-04-09,39.76,42.53,43.55,39.76,142350,599395303.00,9.33,4.75,1.93,13.09
2026-04-10,42.23,40.31,42.33,39.78,156595,639355184.00,6.00,-5.22,-2.22,14.40
2026-04-13,39.90,40.27,41.05,39.61,70002,280879073.00,3.57,-0.10,-0.04,6.44
2026-04-14,40.33,41.22,41.80,39.90,98087,401189621.00,4.72,2.36,0.95,9.02
2026-04-15,41.31,41.53,43.43,41.08,104690,441774071.00,5.70,0.75,0.31,9.62
2026-04-16,42.51,42.00,43.32,41.30,72808,304849055.00,4.86,1.13,0.47,6.69
2026-04-17,41.55,45.40,45.87,41.31,177120,781196720.00,10.86,8.10,3.40,16.28
2026-04-20,45.39,44.04,45.71,43.82,110701,491215909.00,4.16,-3.00,-1.36,10.18
2026-04-21,44.20,43.37,44.60,43.01,60551,263152469.00,3.61,-1.52,-0.67,5.57
2026-04-22,43.18,42.94,43.55,42.25,74793,320851360.00,3.00,-0.99,-0.43,6.88
2026-04-23,43.05,41.77,43.15,41.20,72931,305121085.00,4.54,-2.72,-1.17,6.70
2026-04-24,42.21,46.33,47.09,41.92,215948,977718670.00,12.38,10.92,4.56,19.85
2026-04-27,47.02,46.61,47.67,45.46,142627,660970011.00,4.77,0.60,0.28,13.11
2026-04-28,46.32,46.33,47.50,44.90,107142,494507361.00,5.58,-0.60,-0.28,9.85
2026-04-29,45.80,46.91,47.97,45.40,112201,523261420.00,5.55,1.25,0.58,10.31
2026-04-30,47.32,46.95,47.90,45.78,90748,426178933.00,4.52,0.09,0.04,8.34
2026-05-06,47.20,49.25,50.49,46.95,166898,817315177.00,7.54,4.90,2.30,15.34
2026-05-07,49.01,54.01,54.45,48.81,148347,784892913.00,11.45,9.66,4.76,13.64
2026-05-08,53.61,52.28,53.87,52.16,102617,540676850.00,3.17,-3.20,-1.73,9.43
2026-05-11,54.45,57.18,57.57,53.06,141435,786862006.00,8.63,9.37,4.90,13.00
2026-05-12,56.50,58.00,58.65,55.01,111492,634266500.00,6.37,1.43,0.82,10.25
2026-05-13,56.90,57.64,60.60,55.90,138693,800414660.00,8.10,-0.62,-0.36,12.75
2026-05-14,58.47,59.60,61.03,58.02,126385,755269680.00,5.22,3.40,1.96,11.62
2026-05-15,59.01,58.99,61.99,56.50,123635,726023960.00,9.21,-1.02,-0.61,11.37
2026-05-18,58.12,57.77,60.00,56.83,74818,435701717.00,5.37,-2.07,-1.22,6.88
2026-05-19,59.67,60.73,62.80,58.40,108437,655733202.00,7.62,5.12,2.96,9.97
2026-05-20,60.48,65.32,65.80,59.40,107799,678645687.00,10.54,7.56,4.59,9.91
2026-05-21,67.68,61.00,70.44,60.62,183650,1197766971.00,15.03,-6.61,-4.32,16.88
2026-05-22,61.01,59.93,62.70,58.90,143380,865501399.00,6.23,-1.75,-1.07,13.18
2026-05-25,60.01,64.22,66.66,58.34,148441,929225409.00,13.88,7.16,4.29,13.65
2026-05-26,68.00,57.89,68.26,56.45,182375,1090098555.00,18.39,-9.86,-6.33,16.77
2026-05-27,58.68,55.58,61.00,54.49,140340,799347040.00,11.25,-3.99,-2.31,12.90
2026-05-28,55.37,60.33,61.50,54.82,145522,861174302.00,12.02,8.55,4.75,13.38
2026-05-29,60.33,58.28,62.10,57.59,98646,587189058.00,7.48,-3.40,-2.05,9.07
2026-06-01,58.02,58.28,61.00,57.44,72333,427921140.00,6.11,0.00,0.00,6.65
2026-06-02,58.50,58.24,60.59,57.60,82424,484687709.00,5.13,-0.07,-0.04,7.58
2026-06-03,58.25,56.40,59.20,55.78,83941,483893527.00,5.87,-3.16,-1.84,7.72
2026-06-04,56.00,60.02,62.38,55.07,102001,611472825.00,12.96,6.42,3.62,9.38
2026-06-05,59.01,59.53,62.33,58.15,72550,438608352.00,6.96,-0.82,-0.49,6.67
2026-06-08,56.67,58.03,60.21,55.10,66543,387018715.00,8.58,-2.52,-1.50,6.12
2026-06-09,58.57,61.34,61.45,57.40,99402,594819213.00,6.98,5.70,3.31,9.14
2026-06-10,60.85,60.77,61.50,58.10,74769,448283753.00,5.54,-0.93,-0.57,6.87
2026-06-11,60.39,60.23,62.66,59.13,79255,482664555.00,5.81,-0.89,-0.54,7.29
2026-06-12,61.00,58.71,62.56,57.52,78981,469808525.00,8.37,-2.52,-1.52,7.26
2026-06-15,59.09,63.13,64.31,58.73,103840,649442176.00,9.50,7.53,4.42,9.55
2026-06-16,63.10,65.75,67.66,62.23,80374,520328257.00,8.60,4.15,2.62,7.39
2026-06-17,64.01,68.85,69.02,63.50,95755,641024589.00,8.40,4.71,3.10,8.80
2026-06-18,68.00,65.88,68.49,63.11,114171,756249933.00,7.81,-4.31,-2.97,10.50
2026-06-22,66.00,59.90,66.52,57.40,163661,989315958.00,13.84,-9.08,-5.98,15.04
2026-06-23,58.70,58.17,60.33,57.30,75703,442480172.00,5.06,-2.89,-1.73,6.96
2026-06-24,58.20,59.40,60.18,55.83,66661,387341730.00,7.48,2.11,1.23,6.13
2026-06-25,59.41,58.07,59.93,56.50,83159,480351176.00,5.77,-2.24,-1.33,7.64
2026-06-26,57.22,57.90,59.09,54.52,87442,496935119.00,7.87,-0.29,-0.17,8.04
2026-06-29,59.02,69.48,69.48,59.02,210968,1416644137.00,18.07,20.00,11.58,19.39
2026-06-30,74.00,75.29,79.18,72.38,223330,1705049611.00,9.79,8.36,5.81,20.53
2026-07-01,77.00,76.95,78.00,72.70,136532,1029375133.00,7.04,2.20,1.66,12.55
2026-07-02,77.97,79.28,85.39,74.40,184625,1482322540.00,14.28,3.03,2.33,16.97
2026-07-03,79.28,81.19,87.00,78.50,161926,1338588741.00,10.72,2.41,1.91,14.89
2026-07-06,83.44,86.66,89.66,82.66,142524,1233878513.00,8.62,6.74,5.47,13.10
2026-07-07,87.08,89.17,92.68,84.00,159082,1421572117.00,10.02,2.90,2.51,14.62
2026-07-08,89.00,82.01,89.18,80.75,162418,1363679614.00,9.45,-8.03,-7.16,14.93
2026-07-09,89.88,92.84,98.00,87.66,278617,2601904500.00,12.61,13.21,10.83,25.61
2026-07-10,88.66,94.04,101.50,88.66,220121,2139820842.00,13.83,1.29,1.20,20.24
2026-07-13,91.66,75.23,93.00,75.23,174350,1430403246.00,18.90,-20.00,-18.81,16.03
2026-07-14,76.20,78.04,78.58,72.00,153679,1156991547.00,8.75,3.74,2.81,14.13
2026-07-15,80.38,74.51,81.70,73.99,100255,770319503.00,9.88,-4.52,-3.53,9.22
2026-07-16,72.38,70.84,74.00,69.60,81663,585096409.00,5.91,-4.93,-3.67,7.51
2026-07-17,70.80,61.16,70.83,61.00,108102,702677874.00,13.88,-13.66,-9.68,9.94
2026-07-20,64.86,55.23,65.43,53.30,148216,870727680.00,19.83,-9.70,-5.93,13.63
2026-07-21,56.33,61.85,61.92,49.14,146495,825674331.00,23.14,11.99,6.62,13.47
2026-07-22,60.40,60.16,62.98,59.15,107172,651781369.00,6.19,-2.73,-1.69,9.85
2026-07-23,60.30,58.29,61.93,57.00,67542,397390957.00,8.19,-3.11,-1.87,6.21
2026-07-24,57.38,59.17,60.69,56.00,74650,440055987.00,8.05,1.51,0.88,6.86
2026-07-27,58.54,59.01,59.79,56.28,70598,409057177.00,5.93,-0.27,-0.16,6.49
2026-07-28,61.10,53.90,62.30,52.53,167156,936328891.00,16.56,-8.66,-5.11,15.37
2026-07-29,52.00,49.71,52.88,46.66,138276,685856330.00,11.54,-7.77,-4.19,12.71
2026-07-30,49.33,43.40,49.66,43.40,118574,539798010.00,12.59,-12.69,-6.31,10.90
2026-07-31,48.50,46.00,49.45,45.67,115904,554173134.00,8.71,5.99,2.60,10.65
2026-08-03,45.31,42.38,46.80,42.00,96724,422607435.00,10.43,-7.87,-3.62,8.89
2026-08-04,42.68,44.83,45.10,41.80,86618,379672179.00,7.79,5.78,2.45,7.96
2026-08-05,44.48,49.23,50.09,44.11,93692,448219197.62,13.34,9.81,4.40,8.61