2026-01-05,15.68,16.50,16.61,15.67,17810,41393875.00,5.94,4.23,0.67,1.58
2026-01-06,16.50,16.89,16.94,16.17,12824,29977018.00,4.67,2.36,0.39,1.13
2026-01-07,16.76,16.29,17.10,16.28,14558,34236565.00,4.85,-3.55,-0.60,1.29
2026-01-08,16.25,16.25,16.53,16.06,9801,22628076.00,2.89,-0.25,-0.04,0.87
2026-01-09,16.34,16.43,16.69,16.25,6342,14752797.00,2.71,1.11,0.18,0.56
2026-01-12,16.49,16.59,16.72,16.27,11599,27003048.00,2.74,0.97,0.16,1.03
2026-01-13,16.59,16.74,16.87,16.32,8667,20434706.00,3.32,0.90,0.15,0.77
2026-01-14,16.74,16.51,16.81,16.23,10759,25119362.00,3.46,-1.37,-0.23,0.95
2026-01-15,16.38,16.64,16.78,16.38,7202,16951476.00,2.42,0.79,0.13,0.64
2026-01-16,16.56,16.79,16.89,16.53,6124,14504246.00,2.16,0.90,0.15,0.54
2026-01-19,16.88,16.82,17.15,16.67,10831,25882181.00,2.86,0.18,0.03,0.96
2026-01-20,16.82,16.91,17.02,16.76,10431,24909734.00,1.55,0.54,0.09,0.92
2026-01-21,16.75,17.11,17.12,16.75,8122,19524391.00,2.19,1.18,0.20,0.72
2026-01-22,17.07,17.25,17.26,17.02,7107,17255234.00,1.40,0.82,0.14,0.63
2026-01-23,17.07,17.20,17.26,16.84,6759,16388082.00,2.43,-0.29,-0.05,0.60
2026-01-26,17.51,16.94,17.51,16.75,16971,40973031.00,4.42,-1.51,-0.26,1.50
2026-01-27,16.89,17.29,17.38,16.74,14903,36037983.00,3.78,2.07,0.35,1.32
2026-01-28,17.29,17.10,17.36,16.85,10330,24992439.00,2.95,-1.10,-0.19,0.91
2026-01-29,16.97,16.53,17.10,16.30,8276,19564925.00,4.68,-3.33,-0.57,0.73
2026-01-30,16.51,16.91,16.95,16.32,17693,41584188.00,3.81,2.30,0.38,1.57
2026-02-02,16.91,17.14,18.25,16.40,39768,97252471.00,10.94,1.36,0.23,3.52
2026-02-03,17.48,16.95,17.80,16.74,20755,50375962.00,6.18,-1.11,-0.19,1.84
2026-02-04,16.97,17.20,17.44,16.86,13354,32460054.00,3.42,1.47,0.25,1.18
2026-02-05,17.07,17.26,17.36,16.97,8654,21008232.00,2.27,0.35,0.06,0.77
2026-02-06,17.24,17.62,17.98,17.00,14468,35983491.00,5.68,2.09,0.36,1.28
2026-02-09,17.75,18.05,18.08,17.46,10865,27314125.00,3.52,2.44,0.43,0.96
2026-02-10,18.11,18.63,18.75,17.91,14175,36820592.00,4.65,3.21,0.58,1.25
2026-02-11,18.63,18.56,18.76,18.39,11167,29244882.00,1.99,-0.38,-0.07,0.99
2026-02-12,18.61,18.48,18.81,18.38,9481,24847200.00,2.32,-0.43,-0.08,0.84
2026-02-13,18.39,18.37,18.69,18.23,9080,23593521.00,2.49,-0.60,-0.11,0.80
2026-02-24,18.47,18.72,18.73,18.12,12751,33366385.00,3.32,1.91,0.35,1.13
2026-02-25,18.72,18.41,19.04,18.13,12317,32139681.00,4.86,-1.66,-0.31,1.09
2026-02-26,18.49,18.43,19.26,18.42,23763,63280786.00,4.56,0.11,0.02,2.10
2026-02-27,18.63,18.64,18.96,18.39,15449,40676589.00,3.09,1.14,0.21,1.37
2026-03-02,18.82,18.01,18.82,17.95,20583,53148870.00,4.67,-3.38,-0.63,1.82
2026-03-03,18.18,17.74,18.25,17.70,17297,43855361.00,3.05,-1.50,-0.27,1.53
2026-03-04,17.74,17.68,17.83,17.23,15366,38248811.00,3.38,-0.34,-0.06,1.36
2026-03-05,18.11,19.31,19.65,18.11,34106,91386957.00,8.71,9.22,1.63,3.02
2026-03-06,19.30,20.03,20.41,19.14,32328,90423012.00,6.58,3.73,0.72,2.86
2026-03-09,19.64,19.08,19.82,19.06,26676,72913431.00,3.79,-4.74,-0.95,2.36
2026-03-10,19.16,19.06,19.33,18.47,20926,55817248.00,4.51,-0.10,-0.02,1.85
2026-03-11,19.23,18.65,19.30,18.56,24776,65865781.00,3.88,-2.15,-0.41,2.19
2026-03-12,18.56,18.55,18.78,18.27,14466,37877619.00,2.73,-0.54,-0.10,1.28
2026-03-13,18.62,18.32,18.71,18.19,11075,28823122.00,2.80,-1.24,-0.23,0.98
2026-03-16,18.28,18.37,18.70,18.16,14219,37109512.00,2.95,0.27,0.05,1.26
2026-03-17,18.51,17.82,18.51,17.70,10677,27180442.00,4.41,-2.99,-0.55,0.94
2026-03-18,17.72,18.45,18.54,17.72,10240,26291506.00,4.60,3.54,0.63,0.91
2026-03-19,18.23,17.94,18.48,17.94,9644,24722525.00,2.93,-2.76,-0.51,0.85
2026-03-20,17.97,17.76,18.28,17.67,10810,27397875.00,3.40,-1.00,-0.18,0.96
2026-03-23,17.48,17.05,17.69,16.90,26841,65494766.00,4.45,-4.00,-0.71,2.38
2026-03-24,17.33,18.02,18.08,17.18,13860,34470266.00,5.28,5.69,0.97,1.23
2026-03-25,18.13,19.12,19.26,17.88,22118,58878173.00,7.66,6.10,1.10,1.96
2026-03-26,19.24,19.58,19.76,18.92,17049,46620740.00,4.39,2.41,0.46,1.51
2026-03-27,19.26,20.30,20.47,19.20,26127,73765789.00,6.49,3.68,0.72,2.31
2026-03-30,20.10,22.05,22.21,19.98,49057,145940103.00,10.99,8.62,1.75,4.34
2026-03-31,22.15,21.82,23.14,21.73,35414,110855448.00,6.39,-1.04,-0.23,3.13
2026-04-01,21.51,20.62,22.00,20.52,34538,102689731.00,6.78,-5.50,-1.20,3.06
2026-04-02,20.36,20.62,20.75,20.02,24303,69821303.00,3.54,0.00,0.00,2.15
2026-04-03,20.20,21.91,22.15,20.20,33034,99991230.00,9.46,6.26,1.29,2.92
2026-04-07,21.91,21.87,21.91,21.10,23643,71812507.00,3.70,-0.18,-0.04,2.09
2026-04-08,22.26,22.64,23.42,22.05,27853,88226381.00,6.26,3.52,0.77,2.46
2026-04-09,22.59,23.02,23.39,22.20,21140,68300208.00,5.26,1.68,0.38,1.87
2026-04-10,23.08,24.11,24.46,23.08,25586,85816470.00,5.99,4.74,1.09,2.26
2026-04-13,24.18,25.19,25.33,23.70,29495,102051331.00,6.76,4.48,1.08,2.61
2026-04-14,25.60,24.74,25.60,24.40,22911,79904131.00,4.76,-1.79,-0.45,2.03
2026-04-15,25.00,24.69,25.41,24.54,16011,55863657.00,3.52,-0.20,-0.05,1.42
2026-04-16,24.76,24.94,25.17,24.61,15863,55493734.00,2.27,1.01,0.25,1.40
2026-04-17,25.44,24.97,25.44,24.54,19162,67059960.00,3.61,0.12,0.03,1.70
2026-04-20,24.90,25.91,25.98,24.79,23738,85247549.00,4.77,3.76,0.94,2.10
2026-04-21,25.68,24.97,26.24,24.87,18524,66141688.00,5.29,-3.63,-0.94,1.64
2026-04-22,24.90,27.89,29.16,24.90,61889,238702471.00,17.06,11.69,2.92,5.48
2026-04-23,27.93,25.84,28.32,25.67,46791,175438891.00,9.50,-7.35,-2.05,4.14
2026-04-24,25.83,25.60,27.64,25.41,28550,103987153.00,8.63,-0.93,-0.24,2.53
2026-04-27,25.41,27.03,27.56,25.41,25413,95403029.00,8.40,5.59,1.43,2.25
2026-04-28,26.80,26.18,26.95,26.00,17300,64191602.00,3.51,-3.14,-0.85,1.53
2026-04-29,25.23,25.80,26.40,24.95,26081,94506594.00,5.54,-1.45,-0.38,2.31
2026-04-30,24.90,27.79,28.08,24.90,36381,138457430.00,12.33,7.71,1.99,3.22
2026-05-06,33.42,33.42,33.42,33.42,14566,68170190.00,0.00,20.26,5.63,1.29
2026-05-07,40.17,40.17,40.17,35.44,172956,936238617.00,14.15,20.20,6.75,15.31
2026-05-08,37.96,39.11,40.77,37.17,112217,610126498.00,8.96,-2.64,-1.06,9.93
2026-05-11,38.68,39.30,40.09,36.36,85989,464154817.00,9.54,0.49,0.19,7.61
2026-05-12,39.09,39.71,41.55,38.03,92740,514592444.00,8.96,1.04,0.41,8.21
2026-05-13,39.26,39.68,40.95,37.90,70470,393250812.00,7.68,-0.08,-0.03,6.24
2026-05-14,39.91,41.22,42.64,38.15,76308,430282308.00,11.32,3.88,1.54,6.75
2026-05-15,40.97,40.95,41.14,38.25,84481,468581058.00,7.01,-0.66,-0.27,7.48
2026-05-18,40.49,45.46,46.19,40.12,87950,535461783.00,14.82,11.01,4.51,7.78
2026-05-19,44.53,46.40,46.41,42.29,72172,445439409.00,9.06,2.07,0.94,6.39
2026-05-20,46.40,48.56,49.42,45.74,55957,375193143.00,7.93,4.66,2.16,4.95
2026-05-21,49.99,45.46,49.99,44.38,76431,505569051.00,11.55,-6.38,-3.10,6.76
2026-05-22,45.46,44.04,47.84,42.84,74475,468586430.00,11.00,-3.12,-1.42,6.59
2026-05-25,43.24,42.83,44.29,40.20,69385,410514309.00,9.29,-2.75,-1.21,6.14
2026-05-26,42.22,42.58,44.06,41.50,36479,216939217.00,5.98,-0.58,-0.25,3.23
2026-05-27,42.94,42.50,43.57,41.54,35261,211000145.00,4.77,-0.19,-0.08,3.12
2026-05-28,42.50,43.24,43.88,40.29,37588,222411991.00,8.45,1.74,0.74,3.33
2026-05-29,44.11,42.23,44.96,41.93,39324,238158262.00,7.01,-2.34,-1.01,3.48
2026-06-01,42.10,43.21,45.36,41.35,40825,250260302.00,9.50,2.32,0.98,3.61
2026-06-02,43.13,38.93,43.44,37.89,74074,415483750.00,12.84,-9.91,-4.28,6.56
2026-06-03,38.03,37.24,40.07,37.04,57076,306880726.00,7.78,-4.34,-1.69,5.05
2026-06-04,37.41,36.42,37.61,35.61,38635,197040444.00,5.37,-2.20,-0.82,3.42
2026-06-05,35.72,36.14,37.72,35.00,38769,195834925.00,7.47,-0.77,-0.28,3.43
2026-06-08,34.74,37.57,38.52,34.29,41248,213690512.00,11.70,3.96,1.43,3.65
2026-06-09,39.47,37.36,39.47,36.45,26277,136813717.00,8.04,-0.56,-0.21,2.33
2026-06-10,36.73,37.70,38.10,36.73,21840,114864578.00,3.67,0.91,0.34,1.93
2026-06-11,37.37,37.15,37.87,36.45,17684,91828288.00,3.77,-1.46,-0.55,1.56
2026-06-12,37.90,36.57,37.96,36.45,17237,89462679.00,4.06,-1.56,-0.58,1.53
2026-06-15,37.17,40.56,41.01,37.17,45472,253039181.00,10.50,10.91,3.99,4.02
2026-06-16,42.61,41.00,42.61,39.66,40873,166577687.00,7.27,1.08,0.44,2.61
2026-06-17,40.17,40.65,43.95,39.00,77778,319708295.00,12.07,-0.85,-0.35,4.97
2026-06-18,40.24,41.32,43.09,40.01,55012,230979039.00,7.58,1.65,0.67,3.51
2026-06-22,41.32,40.90,42.09,39.45,59932,243284307.00,6.39,-1.02,-0.42,3.83
2026-06-23,40.93,41.15,41.98,40.20,30211,124056961.00,4.35,0.61,0.25,1.93
2026-06-24,41.08,41.59,42.11,40.12,39204,162167374.00,4.84,1.07,0.44,2.50
2026-06-25,41.59,38.06,42.00,36.85,74039,288104642.00,12.38,-8.49,-3.53,4.73
2026-06-26,37.73,36.75,38.32,36.27,38071,141098118.00,5.39,-3.44,-1.31,2.43
2026-06-29,37.51,36.01,37.97,35.20,44284,159985971.00,7.54,-2.01,-0.74,2.83
2026-06-30,35.30,37.36,37.50,35.30,31672,115882100.00,6.11,3.75,1.35,2.02
2026-07-01,37.36,36.68,37.37,36.10,31944,116910460.00,3.40,-1.82,-0.68,2.04
2026-07-02,36.86,37.19,39.00,36.48,30424,114730931.00,6.87,1.39,0.51,1.94
2026-07-03,37.19,38.85,39.68,36.51,32442,125251805.00,8.52,4.46,1.66,2.07
2026-07-06,39.10,36.30,39.79,34.80,50797,184787180.00,12.84,-6.56,-2.55,3.24
2026-07-07,36.30,36.91,36.98,35.21,34964,126370467.00,4.88,1.68,0.61,2.23
2026-07-08,36.81,35.91,36.99,35.50,26992,97319300.00,4.04,-2.71,-1.00,1.72
2026-07-09,36.61,35.85,36.61,34.00,25166,89075720.00,7.27,-0.17,-0.06,1.61
2026-07-10,35.50,35.20,36.97,35.10,44925,161369502.00,5.22,-1.81,-0.65,2.87
2026-07-13,34.48,32.68,34.82,32.25,34522,114672702.00,7.30,-7.16,-2.52,2.20
2026-07-14,33.27,37.25,37.59,32.68,48360,171605156.00,15.02,13.98,4.57,3.09
2026-07-15,38.06,36.30,38.06,36.00,33593,124022450.00,5.53,-2.55,-0.95,2.14
2026-07-16,36.12,34.88,36.50,34.50,26733,94345471.00,5.51,-3.91,-1.42,1.71
2026-07-17,34.65,31.72,35.00,31.70,40238,133625818.00,9.46,-9.06,-3.16,2.57
2026-07-20,31.08,31.76,33.78,31.08,38942,125809788.00,8.51,0.13,0.04,2.49