2026-01-05,20.70,20.66,21.15,20.58,49287,102524525.00,2.75,-0.19,-0.04,3.37
2026-01-06,20.64,20.63,20.90,20.43,48846,100906531.00,2.27,-0.15,-0.03,3.34
2026-01-07,20.71,20.65,20.90,20.43,41363,85408634.00,2.28,0.10,0.02,2.83
2026-01-08,20.67,20.88,21.21,20.53,66829,139841934.00,3.29,1.11,0.23,4.57
2026-01-09,20.88,21.03,21.21,20.73,44380,93135213.00,2.30,0.72,0.15,3.03
2026-01-12,21.01,21.45,21.59,21.01,58877,125586782.00,2.76,2.00,0.42,4.02
2026-01-13,21.54,21.18,22.00,21.06,66677,142976091.00,4.38,-1.26,-0.27,4.56
2026-01-14,21.50,21.58,22.15,21.14,94736,205495427.00,4.77,1.89,0.40,6.47
2026-01-15,21.59,22.35,23.41,21.50,151874,343016989.00,8.85,3.57,0.77,10.38
2026-01-16,22.78,21.37,22.81,21.20,137152,296219369.00,7.20,-4.38,-0.98,9.37
2026-01-19,21.30,21.57,21.61,20.68,77711,164833150.00,4.35,0.94,0.20,5.31
2026-01-20,21.59,21.74,22.65,21.44,88633,194015630.00,5.61,0.79,0.17,6.06
2026-01-21,21.60,22.04,22.68,21.25,93518,206504793.00,6.58,1.38,0.30,6.39
2026-01-22,22.04,21.93,22.30,21.66,70848,155189538.00,2.90,-0.50,-0.11,4.84
2026-01-23,21.83,22.30,22.70,21.75,94831,211046107.00,4.33,1.69,0.37,6.48
2026-01-26,22.39,23.01,23.19,22.01,129307,292911868.00,5.29,3.18,0.71,8.83
2026-01-27,23.21,24.20,24.42,22.27,181234,423317964.00,9.34,5.17,1.19,12.38
2026-01-28,23.97,24.19,24.80,23.80,120172,292026968.00,4.13,-0.04,-0.01,8.21
2026-01-29,24.16,23.24,24.16,23.18,97674,231063317.00,4.05,-3.93,-0.95,6.67
2026-01-30,23.58,23.27,23.58,22.76,61337,141721172.00,3.53,0.13,0.03,4.19
2026-02-02,23.02,22.73,23.66,22.68,54207,125161008.00,4.21,-2.32,-0.54,3.70
2026-02-03,23.00,23.11,23.15,22.50,48307,110212617.00,2.86,1.67,0.38,3.30
2026-02-04,23.10,23.38,23.60,22.63,58671,134885218.00,4.20,1.17,0.27,4.01
2026-02-05,23.11,23.70,23.89,23.09,67922,159619604.00,3.42,1.37,0.32,4.64
2026-02-06,23.67,23.79,24.15,23.33,49770,118103237.00,3.46,0.38,0.09,3.40
2026-02-09,23.98,24.08,24.20,23.68,54664,131164944.00,2.19,1.22,0.29,3.73
2026-02-10,24.18,24.25,24.44,23.92,57408,138855079.00,2.16,0.71,0.17,3.92
2026-02-11,24.26,24.97,25.45,24.05,117016,290654791.00,5.77,2.97,0.72,7.99
2026-02-12,25.01,25.12,25.25,24.65,67771,168920765.00,2.40,0.60,0.15,4.63
2026-02-13,25.12,25.73,25.95,24.91,68828,175753688.00,4.14,2.43,0.61,4.70
2026-02-24,25.77,27.16,27.18,25.77,120793,323589250.00,5.48,5.56,1.43,8.25
2026-02-25,27.17,27.49,27.60,26.31,128070,344543781.00,4.75,1.22,0.33,8.75
2026-02-26,27.22,28.18,28.30,27.22,126354,351401289.00,3.93,2.51,0.69,8.63
2026-02-27,27.97,27.50,28.10,27.36,86709,239765113.00,2.63,-2.41,-0.68,5.92
2026-03-02,26.88,26.46,27.77,26.28,113357,305079664.00,5.42,-3.78,-1.04,7.74
2026-03-03,26.81,26.59,27.58,26.32,103697,279175673.00,4.76,0.49,0.13,7.08
2026-03-04,26.05,26.92,27.18,25.82,88868,235880897.00,5.11,1.24,0.33,6.07
2026-03-05,27.46,27.38,27.69,26.50,84074,228708201.00,4.42,1.71,0.46,5.74
2026-03-06,27.61,27.32,27.61,26.91,59076,161030872.00,2.56,-0.22,-0.06,4.04
2026-03-09,26.90,28.03,28.18,26.58,109018,299193130.00,5.86,2.60,0.71,7.45
2026-03-10,28.09,28.80,29.17,28.00,80169,229737224.00,4.17,2.75,0.77,5.48
2026-03-11,28.79,28.46,29.57,28.35,91094,263182288.00,4.24,-1.18,-0.34,6.22
2026-03-12,28.46,27.54,28.46,27.18,82516,227872525.00,4.50,-3.23,-0.92,5.64
2026-03-13,27.35,27.27,27.83,27.10,42570,116918818.00,2.65,-0.98,-0.27,2.91
2026-03-16,27.15,27.04,27.45,26.40,51285,137499642.00,3.85,-0.84,-0.23,3.50
2026-03-17,27.22,26.46,27.24,26.42,35518,95302541.00,3.03,-2.14,-0.58,2.43
2026-03-18,26.63,28.09,28.22,26.45,60066,164351182.00,6.69,6.16,1.63,4.10
2026-03-19,27.81,26.91,28.07,26.85,56442,155504997.00,4.34,-4.20,-1.18,3.86
2026-03-20,27.14,25.09,27.25,24.92,86772,224884180.00,8.66,-6.76,-1.82,5.93
2026-03-23,24.85,23.78,24.89,23.45,80682,194759988.00,5.74,-5.22,-1.31,5.51
2026-03-24,24.51,26.35,26.42,23.82,89012,222310803.00,10.93,10.81,2.57,6.08
2026-03-25,26.53,27.35,28.00,26.35,86401,236852248.00,6.26,3.80,1.00,5.90
2026-03-26,27.33,27.30,27.71,26.92,57083,155818463.00,2.89,-0.18,-0.05,3.90
2026-03-27,27.09,27.26,27.54,26.72,53063,144416345.00,3.00,-0.15,-0.04,3.63
2026-03-30,27.32,25.12,27.32,24.60,102967,261931109.00,9.98,-7.85,-2.14,7.03
2026-03-31,25.87,24.98,25.98,24.88,40924,102985415.00,4.38,-0.56,-0.14,2.80
2026-04-01,25.45,25.49,25.55,24.97,35972,90810419.00,2.32,2.04,0.51,2.46
2026-04-02,25.32,24.93,25.87,24.80,32387,81465244.00,4.20,-2.20,-0.56,2.21
2026-04-03,25.02,24.50,25.55,24.30,50200,124878836.00,5.01,-1.72,-0.43,3.43
2026-04-07,24.78,24.02,24.78,23.93,46712,113741134.00,3.47,-1.96,-0.48,3.19
2026-04-08,24.51,25.23,25.40,24.50,55738,139856082.00,3.75,5.04,1.21,3.81
2026-04-09,25.11,25.03,25.42,24.87,40613,101781114.00,2.18,-0.79,-0.20,2.77
2026-04-10,25.20,26.39,26.99,25.20,86396,228932058.00,7.15,5.43,1.36,5.90
2026-04-13,26.28,26.05,26.34,25.71,47197,122594599.00,2.39,-1.29,-0.34,3.22
2026-04-14,26.21,25.95,26.44,25.70,43860,113773266.00,2.84,-0.38,-0.10,3.00
2026-04-15,25.85,25.88,26.26,25.75,42268,109849500.00,1.97,-0.27,-0.07,2.89
2026-04-16,25.90,25.84,26.19,25.73,33513,86786433.00,1.78,-0.15,-0.04,2.29
2026-04-17,25.83,26.31,26.84,25.73,59470,155792147.00,4.30,1.82,0.47,4.06
2026-04-20,26.33,25.99,26.50,25.83,47122,123003209.00,2.55,-1.22,-0.32,3.22
2026-04-21,25.93,25.83,26.18,25.62,34792,89932041.00,2.15,-0.62,-0.16,2.38
2026-04-22,25.83,25.58,26.00,25.48,39886,102391660.00,2.01,-0.97,-0.25,2.73
2026-04-23,25.42,24.92,25.63,24.76,39063,97876320.00,3.40,-2.58,-0.66,2.67
2026-04-24,24.97,24.82,25.10,24.32,37695,93095943.00,3.13,-0.40,-0.10,2.58
2026-04-27,25.10,23.97,25.10,23.80,60087,144551953.00,5.24,-3.42,-0.85,4.11
2026-04-28,23.80,24.18,24.39,23.80,35986,87071525.00,2.46,0.88,0.21,2.46
2026-04-29,24.55,24.15,24.55,23.84,35441,85888939.00,2.94,-0.12,-0.03,2.42
2026-04-30,24.20,23.99,24.30,23.70,37805,90388542.00,2.48,-0.66,-0.16,2.58
2026-05-06,24.01,24.11,24.45,23.91,45408,109468612.00,2.25,0.50,0.12,3.10
2026-05-07,24.35,24.11,24.40,23.91,34504,83093153.00,2.03,0.00,0.00,2.36
2026-05-08,23.99,24.19,24.40,23.83,43200,104587254.00,2.36,0.33,0.08,2.95
2026-05-11,24.17,23.10,24.23,22.37,96101,221814542.00,7.69,-4.51,-1.09,6.57
2026-05-12,22.89,23.14,23.43,22.57,61185,140644403.00,3.72,0.17,0.04,4.18
2026-05-13,23.14,23.05,23.43,22.80,57106,131753146.00,2.72,-0.39,-0.09,3.90
2026-05-14,23.15,22.66,23.28,22.65,54489,124814674.00,2.73,-1.69,-0.39,3.72
2026-05-15,22.89,22.00,22.90,21.85,46759,103866553.00,4.63,-2.91,-0.66,3.19
2026-05-18,21.89,25.45,26.40,21.71,288303,731957648.00,21.32,15.68,3.45,19.70
2026-05-19,25.37,25.51,26.33,24.71,190588,486127170.00,6.37,0.24,0.06,13.02
2026-05-20,25.67,24.70,25.80,24.63,85952,214175008.00,4.59,-3.18,-0.81,5.87
2026-05-21,24.70,23.00,24.95,22.96,100682,240913130.00,8.06,-6.88,-1.70,6.88
2026-05-22,23.60,23.72,24.30,23.09,79139,187318216.00,5.26,3.13,0.72,5.41
2026-05-25,24.00,24.11,24.49,23.30,107353,258683120.00,5.02,1.64,0.39,7.33
2026-05-26,24.32,23.81,24.36,23.63,74649,178576428.00,3.03,-1.24,-0.30,5.10
2026-05-27,23.86,23.25,23.93,22.90,71796,166946182.00,4.33,-2.35,-0.56,4.91
2026-05-28,23.24,23.39,23.70,23.06,43647,101945259.00,2.75,0.60,0.14,2.98
2026-05-29,23.46,22.90,23.57,22.77,60719,140169332.00,3.42,-2.09,-0.49,4.15
2026-06-01,23.07,23.05,23.56,22.81,50703,117733001.00,3.28,0.66,0.15,3.46
2026-06-02,23.05,22.77,23.15,22.35,36947,83880011.00,3.47,-1.21,-0.28,2.52
2026-06-03,22.80,23.80,24.18,22.80,83935,196873866.00,6.06,4.52,1.03,5.73
2026-06-04,23.74,24.11,24.34,23.54,58563,140100868.00,3.36,1.30,0.31,4.00
2026-06-05,24.07,24.52,25.09,23.75,73068,179093131.00,5.56,1.70,0.41,4.99
2026-06-08,24.01,23.80,24.66,23.30,61977,148021551.00,5.55,-2.94,-0.72,4.23
2026-06-09,24.04,24.28,24.35,23.71,40421,97420981.00,2.69,2.02,0.48,2.76
2026-06-10,24.05,24.82,24.84,23.83,57704,141466296.00,4.16,2.22,0.54,3.94
2026-06-11,24.86,24.11,25.70,24.09,69354,171250243.00,6.49,-2.86,-0.71,4.74
2026-06-12,24.13,24.59,24.60,23.80,49112,118667145.00,3.32,1.99,0.48,3.36
2026-06-15,24.60,25.60,26.00,24.33,85972,216632821.00,6.79,4.11,1.01,5.87
2026-06-16,25.35,25.11,25.85,25.02,60631,152790900.00,3.24,-1.91,-0.49,4.14
2026-06-17,25.00,24.21,25.40,24.11,63035,154948812.00,5.14,-3.58,-0.90,4.31
2026-06-18,24.10,23.93,24.23,23.60,58568,139928960.00,2.60,-1.16,-0.28,4.00
2026-06-22,23.95,23.41,24.19,23.10,50471,118342241.00,4.55,-2.17,-0.52,3.45
2026-06-23,23.26,24.67,26.05,23.17,148613,373052611.00,12.30,5.38,1.26,10.15
2026-06-24,24.01,23.51,24.61,23.30,96895,229275331.00,5.31,-4.70,-1.16,6.62
2026-06-25,23.35,23.10,23.72,23.03,61766,143880993.00,2.93,-1.74,-0.41,4.22
2026-06-26,23.04,23.12,23.50,22.66,51146,118122675.00,3.64,0.09,0.02,3.49
2026-06-29,23.18,22.37,23.20,22.20,53574,120588434.00,4.33,-3.24,-0.75,3.66
2026-06-30,22.37,22.33,22.60,22.00,36820,82321760.00,2.68,-0.18,-0.04,2.52
2026-07-01,22.54,22.22,22.65,22.11,47494,106070415.00,2.42,-0.49,-0.11,3.24
2026-07-02,22.00,22.25,22.75,21.85,48986,109104202.00,4.05,0.14,0.03,3.35
2026-07-03,22.26,22.23,22.43,22.08,32154,71513373.00,1.57,-0.09,-0.02,2.20
2026-07-06,22.35,23.36,24.13,22.35,86853,203721378.00,8.01,5.08,1.13,5.93
2026-07-07,23.11,22.87,23.46,22.63,50926,116951407.00,3.55,-2.10,-0.49,3.48
2026-07-08,23.00,22.31,23.20,22.23,34181,76778092.00,4.24,-2.45,-0.56,2.34
2026-07-09,22.37,22.76,22.90,22.19,24763,55716929.00,3.18,2.02,0.45,1.69
2026-07-10,22.65,22.40,22.80,22.00,31902,71506248.00,3.51,-1.58,-0.36,2.18
2026-07-13,22.20,21.81,22.29,21.80,27297,59922083.00,2.19,-2.63,-0.59,1.86
2026-07-14,22.00,21.62,22.10,21.21,20858,44795812.00,4.08,-0.87,-0.19,1.43
2026-07-15,21.88,22.45,22.90,21.58,36175,81263730.00,6.11,3.84,0.83,2.47
2026-07-16,22.21,21.80,22.45,21.61,26708,58312027.00,3.74,-2.90,-0.65,1.82
2026-07-17,21.80,21.03,21.99,20.76,29200,62259883.00,5.64,-3.53,-0.77,2.00
2026-07-20,21.05,17.91,21.50,17.76,81401,156555301.00,17.78,-14.84,-3.12,5.56
2026-07-21,18.27,19.26,19.43,15.50,108786,188188988.00,21.94,7.54,1.35,7.43
2026-07-22,19.26,17.56,19.40,17.30,63477,115286380.00,10.90,-8.83,-1.70,4.34
2026-07-23,17.56,17.85,18.18,17.23,53114,93581657.00,5.41,1.65,0.29,3.63
2026-07-24,17.47,16.79,17.60,16.72,43227,73569031.00,4.93,-5.94,-1.06,2.95
2026-07-27,16.79,17.76,17.79,16.70,39975,69891743.00,6.49,5.78,0.97,2.73
2026-07-28,17.40,17.35,17.88,17.25,45223,79123418.00,3.55,-2.31,-0.41,3.09
2026-07-29,17.33,17.02,17.50,16.80,40783,69423578.78,4.03,-1.90,-0.33,2.79