2026-01-05,27.97,29.70,29.80,27.84,152013,443444168.00,6.96,5.43,1.53,7.15
2026-01-06,29.47,29.45,29.81,29.21,79101,233803958.00,2.02,-0.84,-0.25,3.72
2026-01-07,29.99,29.63,30.63,29.41,71506,214418080.00,4.14,0.61,0.18,3.36
2026-01-08,29.52,32.86,34.06,29.35,231097,739227033.00,15.90,10.90,3.23,10.87
2026-01-09,32.67,35.01,35.58,32.56,237323,814062727.00,9.19,6.54,2.15,11.17
2026-01-12,37.10,42.04,42.04,36.86,362964,1449657169.00,14.80,20.08,7.03,17.08
2026-01-13,44.87,40.94,49.38,40.77,518757,2309584380.00,20.48,-2.62,-1.10,24.41
2026-01-14,40.27,49.16,49.16,40.27,528166,2416407311.00,21.71,20.08,8.22,24.85
2026-01-15,45.22,43.83,46.35,42.22,354905,1569110291.00,8.40,-10.84,-5.33,16.70
2026-01-16,43.74,45.38,46.27,41.26,397834,1747138717.00,11.43,3.54,1.55,18.72
2026-01-19,44.40,42.11,45.18,41.39,238880,1021091668.00,8.35,-7.21,-3.27,11.24
2026-01-20,42.11,40.99,42.81,39.89,204511,846485585.00,6.93,-2.66,-1.12,9.62
2026-01-21,40.20,40.30,41.76,39.97,150005,611616350.00,4.37,-1.68,-0.69,7.06
2026-01-22,39.76,40.93,41.34,39.74,125185,510554465.00,3.97,1.56,0.63,5.89
2026-01-23,41.42,40.99,42.07,40.56,175695,729639535.00,3.69,0.15,0.06,8.27
2026-01-26,41.59,40.49,42.24,39.77,133451,544415352.00,6.03,-1.22,-0.50,6.28
2026-01-27,40.62,40.76,41.52,39.46,147717,600103300.00,5.09,0.67,0.27,6.95
2026-01-28,39.87,40.17,41.44,39.87,126566,516136089.00,3.85,-1.45,-0.59,5.96
2026-01-29,39.76,42.54,46.29,39.36,310285,1349299554.00,17.25,5.90,2.37,14.60
2026-01-30,42.83,42.55,43.23,41.32,190845,808631243.00,4.49,0.02,0.01,8.98
2026-02-02,42.34,44.27,44.79,41.78,217426,952988246.00,7.07,4.04,1.72,10.23
2026-02-03,43.83,45.86,45.91,43.16,233432,1053704292.00,6.21,3.59,1.59,10.98
2026-02-04,44.87,41.92,44.88,40.51,197956,846444653.00,9.53,-8.59,-3.94,9.31
2026-02-05,40.69,42.45,43.48,40.67,114604,486548137.00,6.70,1.26,0.53,5.39
2026-02-06,41.11,42.12,43.84,39.84,114931,482716704.00,9.42,-0.78,-0.33,5.41
2026-02-09,43.86,48.23,49.76,41.86,288107,1322276835.00,18.76,14.51,6.11,13.56
2026-02-10,46.88,49.31,51.46,45.88,265742,1291497718.00,11.57,2.24,1.08,12.50
2026-02-11,48.27,46.61,48.86,45.57,203819,956450236.00,6.67,-5.48,-2.70,9.59
2026-02-12,45.96,48.85,49.25,45.43,184043,874220614.00,8.20,4.81,2.24,8.66
2026-02-13,47.86,46.24,49.16,45.96,118612,562764049.00,6.55,-5.34,-2.61,5.58
2026-02-24,45.89,42.26,45.89,41.55,119985,516946107.00,9.39,-8.61,-3.98,5.65
2026-02-25,42.54,42.01,42.83,41.58,92074,387771572.00,2.96,-0.59,-0.25,4.33
2026-02-26,42.00,40.67,42.24,40.54,122039,503922003.00,4.05,-3.19,-1.34,5.74
2026-02-27,40.86,42.10,42.11,40.56,97268,405563865.00,3.81,3.52,1.43,4.58
2026-03-02,41.66,41.73,42.83,40.89,95259,398834356.00,4.61,-0.88,-0.37,4.48
2026-03-03,41.56,37.91,41.73,37.69,130922,513963571.00,9.68,-9.15,-3.82,6.16
2026-03-04,37.30,38.02,38.56,37.30,60225,230061688.00,3.32,0.29,0.11,2.83
2026-03-05,38.81,38.13,38.97,37.75,56393,216301917.00,3.21,0.29,0.11,2.65
2026-03-06,38.13,38.09,38.36,37.71,53369,203891698.00,1.70,-0.10,-0.04,2.51
2026-03-09,37.41,39.19,39.54,37.36,83083,321034965.00,5.72,2.89,1.10,3.91
2026-03-10,39.22,39.38,40.36,39.06,75884,301252201.00,3.32,0.48,0.19,3.57
2026-03-11,39.54,38.72,39.62,38.31,68956,268940232.00,3.33,-1.68,-0.66,3.24
2026-03-12,38.54,37.88,38.70,37.60,49234,187890811.00,2.84,-2.17,-0.84,2.32
2026-03-13,37.79,37.01,38.00,36.82,48914,183540755.00,3.12,-2.30,-0.87,2.30
2026-03-16,36.80,38.24,38.34,36.76,64278,243372531.00,4.27,3.32,1.23,3.02
2026-03-17,38.26,37.17,38.42,37.03,39050,147942503.00,3.63,-2.80,-1.07,1.84
2026-03-18,37.17,37.95,38.02,36.96,36489,137856516.00,2.85,2.10,0.78,1.72
2026-03-19,37.61,37.30,37.72,36.74,47120,176025184.00,2.58,-1.71,-0.65,2.22
2026-03-20,37.37,35.47,37.51,35.33,76033,275466988.00,5.84,-4.91,-1.83,3.58
2026-03-23,34.83,32.92,34.94,32.78,82686,281523857.00,6.09,-7.19,-2.55,3.89
2026-03-24,33.64,33.74,33.94,32.95,49326,165365639.00,3.01,2.49,0.82,2.32
2026-03-25,33.76,34.44,34.54,33.68,46991,161903191.00,2.55,2.07,0.70,2.21
2026-03-26,34.43,33.78,34.73,33.50,39590,135372241.00,3.57,-1.92,-0.66,1.86
2026-03-27,33.11,33.86,34.14,33.06,46678,158695559.00,3.20,0.24,0.08,2.20
2026-03-30,33.41,33.81,34.16,33.08,41831,142119602.00,3.19,-0.15,-0.05,1.97
2026-03-31,33.76,33.54,34.51,33.48,45150,153898943.00,3.05,-0.80,-0.27,2.12
2026-04-01,34.21,34.14,34.41,33.63,45093,154153172.00,2.33,1.79,0.60,2.12
2026-04-02,33.86,33.33,34.55,33.15,49360,167315701.00,4.10,-2.37,-0.81,2.32
2026-04-03,33.33,31.92,33.72,31.92,47292,154134352.00,5.40,-4.23,-1.41,2.23
2026-04-07,32.59,34.51,34.97,32.59,122510,420343412.00,7.46,8.11,2.59,5.76
2026-04-08,35.19,36.13,36.35,34.51,154285,552613230.00,5.33,4.69,1.62,7.26
2026-04-09,35.46,34.92,35.59,34.59,84899,297953142.00,2.77,-3.35,-1.21,3.99
2026-04-10,35.07,35.11,35.72,34.91,58768,208018685.00,2.32,0.54,0.19,2.77
2026-04-13,34.81,34.81,34.96,34.39,55931,194798131.00,1.62,-0.85,-0.30,2.63
2026-04-14,35.17,35.27,35.72,34.80,53601,189320384.00,2.64,1.32,0.46,2.52
2026-04-15,35.54,34.65,35.54,34.43,50592,176733507.00,3.15,-1.76,-0.62,2.38
2026-04-16,34.65,35.66,35.86,34.65,72820,259509654.00,3.49,2.91,1.01,3.43
2026-04-17,35.63,35.56,35.81,35.12,53262,189595720.00,1.93,-0.28,-0.10,2.51
2026-04-20,35.39,36.90,37.21,35.16,91178,335640159.00,5.76,3.77,1.34,4.29
2026-04-21,36.39,36.04,36.87,35.73,59933,217254303.00,3.09,-2.33,-0.86,2.82
2026-04-22,35.74,35.93,35.94,35.19,44887,160684318.00,2.08,-0.31,-0.11,2.11
2026-04-23,35.69,35.51,36.34,35.07,53412,191010810.00,3.53,-1.17,-0.42,2.51
2026-04-24,35.23,34.93,35.45,34.31,47243,165287670.00,3.21,-1.63,-0.58,2.22
2026-04-27,35.06,34.96,35.19,34.00,42001,146454504.00,3.41,0.09,0.03,1.98
2026-04-28,34.77,33.43,34.86,33.20,58403,197599009.00,4.75,-4.38,-1.53,2.75
2026-04-29,33.66,34.25,34.74,33.24,45991,157958326.00,4.49,2.45,0.82,2.16
2026-04-30,34.31,34.63,34.76,34.16,37789,130741688.00,1.75,1.11,0.38,1.78
2026-05-06,34.87,35.35,35.94,34.83,60775,216769587.00,3.21,2.08,0.72,2.86
2026-05-07,35.50,36.57,36.88,35.40,83720,302653370.00,4.19,3.45,1.22,3.94
2026-05-08,36.69,36.40,37.85,36.20,112117,413464723.00,4.51,-0.46,-0.17,5.28
2026-05-11,36.26,37.18,37.40,36.00,102291,376918776.00,3.85,2.14,0.78,4.81
2026-05-12,37.38,36.34,37.80,36.25,69955,257798371.00,4.17,-2.26,-0.84,3.29
2026-05-13,36.28,36.87,36.99,35.80,67167,245288969.00,3.27,1.46,0.53,3.16
2026-05-14,37.12,35.11,37.55,35.08,71772,257921795.00,6.70,-4.77,-1.76,3.38
2026-05-15,35.19,35.28,36.79,35.00,82950,298847135.00,5.10,0.48,0.17,3.90
2026-05-18,34.88,37.03,37.80,34.55,108713,397144974.00,9.21,4.96,1.75,5.12
2026-05-19,37.03,38.34,38.72,36.60,141115,537373244.00,5.73,3.54,1.31,6.64
2026-05-20,37.78,37.32,38.28,37.13,80010,300047238.00,3.00,-2.66,-1.02,3.76
2026-05-21,37.50,35.93,38.99,35.84,122044,461004259.00,8.44,-3.72,-1.39,5.74
2026-05-22,36.00,35.38,36.43,34.63,84026,297065101.00,5.01,-1.53,-0.55,3.95
2026-05-25,35.61,34.39,36.36,33.74,81619,282188540.00,7.41,-2.80,-0.99,3.84
2026-05-26,34.04,32.72,34.20,32.20,73733,242310893.00,5.82,-4.86,-1.67,3.47
2026-05-27,33.00,31.61,33.07,31.40,63125,202142608.00,5.10,-3.39,-1.11,2.97
2026-05-28,31.69,31.40,31.88,30.41,51884,161540968.00,4.65,-0.66,-0.21,2.44
2026-05-29,31.70,30.67,32.18,30.60,58579,184421307.00,5.03,-2.32,-0.73,2.76
2026-06-01,31.19,35.66,36.80,30.71,202189,706651268.00,19.86,16.27,4.99,9.51
2026-06-02,36.08,34.54,36.08,34.03,138547,480064551.00,5.75,-3.14,-1.12,6.52
2026-06-03,34.10,33.59,35.04,33.26,91462,311304793.00,5.15,-2.75,-0.95,4.30
2026-06-04,33.33,32.90,34.25,32.50,66407,220109581.00,5.21,-2.05,-0.69,3.12
2026-06-05,33.36,32.52,33.56,31.80,66937,217411082.00,5.35,-1.16,-0.38,3.15
2026-06-08,31.06,31.36,32.43,30.88,60308,191303473.00,4.77,-3.57,-1.16,2.84
2026-06-09,31.63,31.37,31.79,30.50,56142,174511344.00,4.11,0.03,0.01,2.64
2026-06-10,31.00,29.90,31.30,29.31,61993,186679427.00,6.34,-4.69,-1.47,2.92
2026-06-11,29.52,28.83,29.64,28.40,51618,148922618.00,4.15,-3.58,-1.07,2.43
2026-06-12,29.37,29.16,29.74,28.90,40797,119417405.00,2.91,1.14,0.33,1.92
2026-06-15,29.50,29.96,30.25,29.40,41280,123378770.00,2.91,2.74,0.80,1.94
2026-06-16,30.69,29.77,31.08,29.72,50937,153147830.00,4.54,-0.63,-0.19,2.40
2026-06-17,29.62,29.33,29.68,29.13,38105,111639443.00,1.85,-1.48,-0.44,1.79
2026-06-18,29.65,29.88,30.10,28.78,46414,137704249.00,4.50,1.88,0.55,2.18
2026-06-22,29.80,30.45,30.47,28.89,55065,163375524.00,5.29,1.91,0.57,2.59
2026-06-23,30.10,28.89,30.33,28.79,58143,172055483.00,5.06,-5.12,-1.56,2.74
2026-06-24,28.69,28.31,29.07,28.05,51291,145752186.00,3.53,-2.01,-0.58,2.41
2026-06-25,27.99,27.13,28.50,26.91,68572,187324687.00,5.62,-4.17,-1.18,3.23
2026-06-26,26.73,25.38,27.10,25.20,95295,246713873.68,7.00,-6.45,-1.75,4.48