2026-01-05,12.50,12.55,12.65,12.22,155903,194360146.00,3.47,1.29,0.16,1.64
2026-01-06,12.69,13.16,13.28,12.68,267886,350018370.00,4.78,4.86,0.61,2.82
2026-01-07,13.21,13.79,14.48,13.18,434689,611047701.00,9.88,4.79,0.63,4.57
2026-01-08,13.80,13.48,13.86,13.40,247388,336873061.00,3.34,-2.25,-0.31,2.60
2026-01-09,13.40,13.38,13.56,13.22,166791,223089050.00,2.52,-0.74,-0.10,1.75
2026-01-12,13.69,14.07,14.20,13.62,287789,401968738.00,4.33,5.16,0.69,3.02
2026-01-13,14.19,14.38,14.96,13.82,420729,606742592.00,8.10,2.20,0.31,4.42
2026-01-14,14.50,13.99,14.70,13.78,316756,450283896.00,6.40,-2.71,-0.39,3.33
2026-01-15,13.95,14.45,15.19,13.89,349605,512429355.00,9.29,3.29,0.46,3.67
2026-01-16,14.63,14.05,14.90,14.00,243986,350855367.00,6.23,-2.77,-0.40,2.56
2026-01-19,13.95,13.70,14.12,13.65,204520,282882464.00,3.35,-2.49,-0.35,2.15
2026-01-20,13.35,13.84,14.05,13.26,254274,347446445.00,5.77,1.02,0.14,2.67
2026-01-21,13.84,14.60,14.91,13.72,332251,480146943.00,8.60,5.49,0.76,3.49
2026-01-22,14.61,15.18,15.50,14.37,329612,493685522.00,7.74,3.97,0.58,3.46
2026-01-23,15.28,15.62,15.94,15.17,284174,443137344.00,5.07,2.90,0.44,2.99
2026-01-26,15.79,15.00,15.80,14.84,279034,421452244.00,6.15,-3.97,-0.62,2.93
2026-01-27,15.00,14.53,15.25,14.25,240127,349908045.00,6.67,-3.13,-0.47,2.52
2026-01-28,14.55,14.48,14.79,14.10,217412,313331903.00,4.75,-0.34,-0.05,2.28
2026-01-29,14.37,14.29,14.74,14.11,206055,297896114.00,4.35,-1.31,-0.19,2.17
2026-01-30,14.15,13.49,14.23,13.21,255642,347316668.00,7.14,-5.60,-0.80,2.69
2026-02-02,13.00,13.20,14.09,13.00,242426,327879818.00,8.08,-2.15,-0.29,2.55
2026-02-03,13.48,13.68,13.84,13.30,165399,224786387.00,4.09,3.64,0.48,1.74
2026-02-04,13.70,13.76,13.82,13.43,104148,141969631.00,2.85,0.58,0.08,1.09
2026-02-05,13.64,13.24,13.74,13.09,130214,173651938.00,4.72,-3.78,-0.52,1.37
2026-02-06,13.01,13.43,13.60,13.01,110470,148182412.00,4.46,1.44,0.19,1.16
2026-02-09,13.60,13.50,13.67,13.40,104420,141246015.00,2.01,0.52,0.07,1.10
2026-02-10,13.49,13.06,13.49,13.03,134386,177273520.00,3.41,-3.26,-0.44,1.41
2026-02-11,13.02,13.31,13.37,13.02,101685,134753274.00,2.68,1.91,0.25,1.07
2026-02-12,13.35,13.56,13.84,13.27,161292,218311304.00,4.28,1.88,0.25,1.69
2026-02-13,13.36,13.13,13.50,13.06,136362,181073487.00,3.24,-3.17,-0.43,1.43
2026-02-24,13.39,13.64,13.86,13.39,183505,250930474.00,3.58,3.88,0.51,1.93
2026-02-25,13.71,14.13,14.57,13.64,238141,337945663.00,6.82,3.59,0.49,2.50
2026-02-26,14.71,14.24,14.80,14.06,270768,386311672.00,5.24,0.78,0.11,2.85
2026-02-27,14.15,14.42,14.55,14.03,193375,277390025.00,3.65,1.26,0.18,2.03
2026-03-02,14.24,15.32,15.64,13.75,515218,761603990.00,13.11,6.24,0.90,5.41
2026-03-03,15.02,14.80,15.59,14.76,350673,530708107.00,5.42,-3.39,-0.52,3.69
2026-03-04,14.49,14.72,15.19,14.22,230006,340311038.00,6.55,-0.54,-0.08,2.42
2026-03-05,15.01,15.75,16.19,15.01,569736,902875913.00,8.02,7.00,1.03,5.99
2026-03-06,16.01,16.10,16.42,15.45,449143,713452263.00,6.16,2.22,0.35,4.72
2026-03-09,15.61,16.52,17.20,15.02,541993,865326426.00,13.54,2.61,0.42,5.70
2026-03-10,16.81,16.40,17.08,16.31,280179,466641074.00,4.66,-0.73,-0.12,2.94
2026-03-11,16.40,17.28,17.43,16.23,440642,743713115.00,7.32,5.37,0.88,4.63
2026-03-12,17.28,17.27,17.93,16.96,360990,630610971.00,5.61,-0.06,-0.01,3.79
2026-03-13,17.25,18.25,19.00,17.19,703085,1298217144.00,10.48,5.67,0.98,7.39
2026-03-16,18.07,17.32,18.45,16.43,668179,1148122297.00,11.07,-5.10,-0.93,7.02
2026-03-17,17.50,17.62,18.10,17.32,369402,654873691.00,4.50,1.73,0.30,3.88
2026-03-18,17.50,17.55,18.15,17.27,292148,516807524.00,4.99,-0.40,-0.07,3.07
2026-03-19,17.33,16.25,17.44,16.00,462962,765827392.00,8.21,-7.41,-1.30,4.87
2026-03-20,16.26,16.17,17.07,15.93,400618,655836435.00,7.02,-0.49,-0.08,4.21
2026-03-23,15.33,16.44,16.83,15.33,399031,649782335.00,9.28,1.67,0.27,4.19
2026-03-24,16.88,18.08,18.08,16.32,653317,1122383438.00,10.71,9.98,1.64,6.87
2026-03-25,18.70,18.47,19.18,18.11,466854,864145287.00,5.92,2.16,0.39,4.91
2026-03-26,18.55,18.24,19.09,17.82,504028,931894602.00,6.88,-1.25,-0.23,5.30
2026-03-27,18.14,19.70,20.05,17.76,647225,1240275379.00,12.55,8.00,1.46,6.80
2026-03-30,19.90,19.62,20.18,19.20,486499,951889813.00,4.97,-0.41,-0.08,5.11
2026-03-31,19.33,18.23,19.50,18.14,444372,825429110.00,6.93,-7.08,-1.39,4.67
2026-04-01,18.18,17.65,18.45,17.58,307320,550179349.00,4.77,-3.18,-0.58,3.23
2026-04-02,17.63,18.22,18.88,17.37,339580,621942231.00,8.56,3.23,0.57,3.57
2026-04-03,18.11,17.63,18.45,17.50,189680,337435731.00,5.21,-3.24,-0.59,1.99
2026-04-07,17.94,17.45,18.04,17.30,160705,282286170.00,4.20,-1.02,-0.18,1.69
2026-04-08,17.54,17.82,17.85,17.23,206364,363046108.00,3.55,2.12,0.37,2.17
2026-04-09,17.70,17.42,17.98,17.31,223001,392185559.00,3.76,-2.24,-0.40,2.34
2026-04-10,17.42,17.60,18.33,16.90,393747,695897685.00,8.21,1.03,0.18,4.14
2026-04-13,17.70,19.36,19.36,17.66,442099,839997230.00,9.66,10.00,1.76,4.65
2026-04-14,19.86,20.65,21.24,19.31,691178,1377621371.00,9.97,6.66,1.29,7.26
2026-04-15,20.65,20.36,21.20,20.00,498815,1025000089.00,5.81,-1.40,-0.29,5.24
2026-04-16,20.65,21.12,21.49,20.52,456202,961345532.00,4.76,3.73,0.76,4.79
2026-04-17,21.55,22.47,23.23,21.00,610273,1364494691.00,10.56,6.39,1.35,6.41
2026-04-20,22.55,22.69,23.47,22.01,431783,978830039.00,6.50,0.98,0.22,4.54
2026-04-21,23.00,22.84,23.90,22.05,394589,906065234.00,8.15,0.66,0.15,4.15
2026-04-22,22.97,23.60,23.90,22.87,400813,939871879.00,4.51,3.33,0.76,4.21
2026-04-23,23.50,23.44,24.50,22.19,421056,981846786.00,9.79,-0.68,-0.16,4.42
2026-04-24,23.25,24.66,25.02,23.20,390700,946449312.00,7.76,5.20,1.22,4.11
2026-04-27,24.99,26.08,26.72,24.80,454984,1177118714.00,7.79,5.76,1.42,4.78
2026-04-28,26.09,27.17,27.51,25.80,373381,995406223.00,6.56,4.18,1.09,3.92
2026-04-29,26.50,28.10,28.84,26.16,502614,1393845394.00,9.86,3.42,0.93,5.28
2026-04-30,27.60,27.20,28.88,26.60,540436,1487599024.00,8.11,-3.20,-0.90,5.68
2026-05-06,27.70,27.49,28.25,26.65,453640,1243754523.00,5.88,1.07,0.29,4.77
2026-05-07,27.22,26.22,27.95,25.70,615922,1630108149.00,8.18,-4.62,-1.27,6.47
2026-05-08,26.30,25.43,27.98,25.01,503491,1327008212.00,11.33,-3.01,-0.79,5.29
2026-05-11,25.91,23.81,26.29,23.70,640095,1560019061.00,10.18,-6.37,-1.62,6.73
2026-05-12,23.97,23.29,24.00,22.40,471179,1099150957.00,6.72,-2.18,-0.52,4.95
2026-05-13,23.25,22.33,23.48,21.96,481731,1088362579.00,6.53,-4.12,-0.96,5.06
2026-05-14,22.72,21.88,22.98,21.86,316647,705108746.00,5.02,-2.02,-0.45,3.33
2026-05-15,21.88,21.01,22.20,20.72,336388,717280211.00,6.76,-3.98,-0.87,3.54
2026-05-18,20.85,20.50,21.10,19.93,334380,683345209.00,5.57,-2.43,-0.51,3.51
2026-05-19,20.38,20.71,21.35,19.93,332600,688389447.00,6.93,1.02,0.21,3.50
2026-05-20,20.65,20.82,21.79,20.05,447244,933305127.00,8.40,0.53,0.11,4.70
2026-05-21,21.03,20.00,21.38,20.00,303679,627654690.00,6.63,-3.94,-0.82,3.19
2026-05-22,20.00,20.00,20.30,19.65,251931,501371376.00,3.25,0.00,0.00,2.65
2026-05-25,20.04,19.21,20.11,19.08,340883,659759984.00,5.15,-3.95,-0.79,3.58
2026-05-26,19.20,18.57,19.21,18.32,314034,584243106.00,4.63,-3.33,-0.64,3.30
2026-05-27,18.57,17.92,18.66,17.75,237219,429260998.00,4.90,-3.50,-0.65,2.49
2026-05-28,17.95,18.12,18.48,17.40,303091,544761048.00,6.03,1.12,0.20,3.19
2026-05-29,18.12,16.82,18.53,16.74,363622,629824975.00,9.88,-7.17,-1.30,3.82
2026-06-01,16.82,17.00,17.47,16.52,286464,489247632.00,5.65,1.07,0.18,3.01
2026-06-02,17.18,16.14,17.30,15.98,254927,416254768.00,7.76,-5.06,-0.86,2.68
2026-06-03,16.02,15.64,16.23,15.46,328662,519189509.00,4.77,-3.10,-0.50,3.45
2026-06-04,15.57,15.11,15.84,15.00,343922,526547426.00,5.37,-3.39,-0.53,3.61
2026-06-05,15.25,15.30,15.73,14.49,381439,578886939.00,8.21,1.26,0.19,4.01
2026-06-08,14.96,14.18,15.42,13.80,385344,559044204.00,10.59,-7.32,-1.12,4.05
2026-06-09,14.37,14.94,14.94,14.03,317646,458611330.00,6.42,5.36,0.76,3.34
2026-06-10,14.83,14.85,15.84,14.66,443856,670436389.00,7.90,-0.60,-0.09,4.66
2026-06-11,14.84,14.70,15.49,14.55,393396,587010035.00,6.33,-1.01,-0.15,4.13
2026-06-12,14.87,15.54,15.92,14.42,484337,742577613.00,10.20,5.71,0.84,5.09
2026-06-15,15.70,15.34,16.40,15.14,514396,807137996.00,8.11,-1.29,-0.20,5.41
2026-06-16,15.15,15.55,15.77,14.94,303448,468704695.00,5.41,1.37,0.21,3.19
2026-06-17,15.72,15.37,16.01,15.31,240109,374860453.00,4.50,-1.16,-0.18,2.52
2026-06-18,15.29,14.79,15.69,14.76,280812,423434432.00,6.05,-3.77,-0.58,2.95
2026-06-22,14.99,14.74,15.15,13.86,360163,517392773.00,8.72,-0.34,-0.05,3.78
2026-06-23,14.66,14.23,14.83,14.15,228509,330374639.00,4.61,-3.46,-0.51,2.40
2026-06-24,14.33,14.67,14.90,13.80,261113,375661351.00,7.73,3.09,0.44,2.74
2026-06-25,14.64,13.88,14.74,13.74,229463,323469926.00,6.82,-5.39,-0.79,2.41
2026-06-26,13.82,12.89,13.82,12.83,271083,357880618.00,7.13,-7.13,-0.99,2.85