2026-01-05,94.57,97.87,100.88,89.08,134423,1295304240.00,12.73,5.60,5.19,2.26
2026-01-06,94.57,99.07,100.57,92.77,96348,931853627.00,7.97,1.23,1.20,1.62
2026-01-07,96.90,107.22,114.57,93.55,112063,1156037851.00,21.22,8.23,8.15,1.88
2026-01-08,106.31,114.70,115.55,103.34,107795,1195559127.00,11.39,6.98,7.48,1.81
2026-01-09,116.10,129.56,136.95,115.17,167851,2090294180.00,18.99,12.96,14.86,2.82
2026-01-12,141.12,155.56,155.56,133.10,152279,2270269762.00,17.34,20.07,26.00,2.55
2026-01-13,146.54,158.50,177.21,129.59,200711,3008426923.00,30.61,1.89,2.94,3.37
2026-01-14,154.62,168.81,177.74,147.58,157244,2568465981.00,19.03,6.50,10.31,2.64
2026-01-15,159.57,134.96,164.57,134.96,132456,1920660732.00,17.54,-20.05,-33.85,2.22
2026-01-16,138.57,136.73,141.46,134.96,122868,1701791559.00,4.82,1.31,1.77,2.06
2026-01-19,134.57,131.26,139.37,130.87,105557,1434208967.00,6.22,-4.00,-5.47,1.77
2026-01-20,133.19,126.47,135.56,124.57,107286,1382600557.00,8.37,-3.65,-4.79,1.80
2026-01-21,126.59,122.34,128.06,121.75,82471,1028125946.00,4.99,-3.27,-4.13,1.38
2026-01-22,122.81,124.75,126.81,120.45,85846,1072291773.00,5.20,1.97,2.41,1.44
2026-01-23,126.56,143.56,145.29,126.07,168281,2300010361.00,15.41,15.08,18.81,2.82
2026-01-26,138.96,132.56,142.57,130.34,116402,1582009903.00,8.52,-7.66,-11.00,1.95
2026-01-27,130.28,130.87,134.74,129.26,70344,928948047.00,4.13,-1.27,-1.69,1.18
2026-01-28,132.57,129.09,134.15,126.60,64312,837568773.00,5.77,-1.36,-1.78,1.08
2026-01-29,128.65,130.57,136.34,128.65,82888,1100469427.00,5.96,1.15,1.48,1.39
2026-01-30,128.37,126.19,131.94,121.57,76147,961895226.00,7.94,-3.35,-4.38,1.28
2026-02-02,126.08,122.07,130.37,121.58,60575,763580038.00,6.97,-3.26,-4.12,1.02
2026-02-03,124.47,127.17,127.89,120.96,71403,892746433.00,5.68,4.18,5.10,1.20
2026-02-04,126.57,123.83,126.95,120.40,60104,741168990.00,5.15,-2.63,-3.34,1.01
2026-02-05,120.55,120.57,124.69,120.24,47278,577360367.00,3.59,-2.63,-3.26,0.79
2026-02-06,119.57,118.57,122.67,118.07,43980,529265784.00,3.82,-1.66,-2.00,0.74
2026-02-09,122.74,121.29,122.87,117.58,43523,527618627.00,4.46,2.29,2.72,0.73
2026-02-10,121.58,118.82,122.14,117.67,43866,525139701.00,3.69,-2.04,-2.47,0.74
2026-02-11,120.07,117.71,120.57,116.82,39282,467319041.00,3.16,-0.93,-1.11,0.66
2026-02-12,119.17,122.17,125.39,118.17,62574,769537820.00,6.13,3.79,4.46,1.05
2026-02-13,119.77,118.45,122.48,118.17,46871,565423269.00,3.53,-3.04,-3.72,0.79
2026-02-24,116.64,114.25,117.67,113.57,71671,830542965.00,3.46,-3.55,-4.20,1.20
2026-02-25,114.37,117.64,119.80,112.58,76861,894195536.00,6.32,2.97,3.39,1.29
2026-02-26,117.13,120.42,122.83,115.67,69401,837023018.00,6.09,2.36,2.78,1.16
2026-02-27,119.61,122.54,122.85,118.32,71800,870448108.00,3.76,1.76,2.12,1.20
2026-03-02,122.45,126.07,128.57,118.57,117985,1470985167.00,8.16,2.88,3.53,1.98
2026-03-03,124.07,110.98,125.27,109.91,98590,1139449512.00,12.18,-11.97,-15.09,1.65
2026-03-04,109.57,113.62,114.93,109.37,56950,647427911.00,5.01,2.38,2.64,0.96
2026-03-05,115.05,112.92,115.37,110.87,43089,488726457.00,3.96,-0.62,-0.70,0.72
2026-03-06,112.23,113.26,116.90,111.57,42781,491619665.00,4.72,0.30,0.34,0.72
2026-03-09,110.58,115.57,115.76,110.24,52072,589865905.00,4.87,2.04,2.31,0.87
2026-03-10,116.30,116.15,119.47,114.43,44847,524073047.00,4.36,0.50,0.58,0.75
2026-03-11,115.84,113.12,117.15,112.84,36741,422646493.00,3.71,-2.61,-3.03,0.62
2026-03-12,112.93,114.14,116.07,111.57,43373,497639863.00,3.98,0.90,1.02,0.73
2026-03-13,113.45,111.56,114.56,111.10,38824,438897210.00,3.03,-2.26,-2.58,0.65
2026-03-16,110.41,109.37,112.27,105.69,50213,546394990.00,5.90,-1.96,-2.19,0.84
2026-03-17,109.94,105.57,110.37,105.57,37322,403768552.00,4.39,-3.47,-3.80,0.63
2026-03-18,106.54,111.86,112.85,105.73,54265,596352915.00,6.74,5.96,6.29,0.91
2026-03-19,108.97,113.87,118.47,108.97,79995,920043526.00,8.49,1.80,2.01,1.34
2026-03-20,115.33,108.87,115.65,108.86,54139,606663540.00,5.96,-4.39,-5.00,0.91
2026-03-23,106.47,104.37,110.57,103.07,45937,488316946.00,6.89,-4.13,-4.50,0.77
2026-03-24,105.58,105.37,106.83,102.40,45049,474185777.00,4.24,0.96,1.00,0.76
2026-03-25,106.57,105.45,108.02,104.72,36191,385599092.00,3.13,0.08,0.08,0.61
2026-03-26,106.57,103.92,106.85,103.07,33463,351577559.00,3.58,-1.45,-1.53,0.56
2026-03-27,103.57,104.11,105.68,101.57,28238,295456370.00,3.95,0.18,0.19,0.47
2026-03-30,102.95,109.30,110.55,102.59,49510,534462423.00,7.65,4.99,5.19,0.83
2026-03-31,108.57,110.48,115.57,108.57,64863,732766983.00,6.40,1.08,1.18,1.09
2026-04-01,111.75,110.13,113.05,106.74,47122,518678854.00,5.71,-0.32,-0.35,0.79
2026-04-02,110.31,105.56,110.31,105.07,36190,388479922.00,4.76,-4.15,-4.57,0.61
2026-04-03,106.97,104.66,108.32,103.57,24035,254942919.00,4.50,-0.85,-0.90,0.40
2026-04-07,105.29,101.13,105.43,99.57,40077,409599668.00,5.60,-3.37,-3.53,0.67
2026-04-08,103.52,110.69,111.41,103.45,62807,686333938.00,7.87,9.45,9.56,1.05
2026-04-09,108.67,109.75,112.89,107.10,40958,453831051.00,5.23,-0.85,-0.94,0.69
2026-04-10,111.35,109.14,115.06,108.87,53765,603613518.00,5.64,-0.56,-0.61,0.90
2026-04-13,107.68,110.07,113.07,107.58,54108,602969905.00,5.03,0.85,0.93,0.91
2026-04-14,112.29,117.72,118.34,110.79,80527,931095683.00,6.86,6.95,7.65,1.35
2026-04-15,118.12,122.07,125.79,118.12,101835,1256826455.00,6.52,3.70,4.35,1.71
2026-04-16,122.07,126.46,128.45,121.46,85204,1072581590.00,5.73,3.60,4.39,1.43
2026-04-17,124.54,134.62,137.56,123.58,84128,1100588450.00,11.05,6.45,8.16,1.41
2026-04-20,134.72,139.77,147.44,132.37,100928,1392116074.00,11.19,3.83,5.15,1.69
2026-04-21,138.36,137.04,140.55,133.59,67471,924761255.00,4.98,-1.95,-2.73,1.13
2026-04-22,134.29,135.47,136.57,132.55,64730,871689638.00,2.93,-1.15,-1.57,1.09
2026-04-23,134.97,131.56,136.76,130.30,61543,819920973.00,4.77,-2.89,-3.91,1.03
2026-04-24,131.78,125.39,132.34,125.37,69679,888279513.00,5.30,-4.69,-6.17,1.17
2026-04-27,124.60,125.54,129.27,122.17,60872,766216031.00,5.66,0.12,0.15,1.02
2026-04-28,125.95,123.28,126.53,121.34,40687,503276744.00,4.13,-1.80,-2.26,0.68
2026-04-29,122.07,122.61,124.45,120.56,40917,502457768.00,3.16,-0.54,-0.67,0.69
2026-04-30,109.37,122.08,127.42,109.37,101390,1226931179.00,14.72,-0.43,-0.53,1.70
2026-05-06,123.24,125.17,126.79,120.57,74249,928448873.00,5.10,2.53,3.09,1.25
2026-05-07,125.07,126.67,126.89,122.57,59154,741236791.00,3.45,1.20,1.50,0.99
2026-05-08,125.09,132.96,133.47,123.45,92069,1201180665.00,7.91,4.97,6.29,1.54
2026-05-11,135.63,132.07,137.57,130.57,91316,1222728057.00,5.26,-0.67,-0.89,1.53
2026-05-12,133.06,127.13,134.17,126.45,66066,854093805.00,5.85,-3.74,-4.94,1.11
2026-05-13,125.57,124.27,127.24,122.57,67696,849272083.00,3.67,-2.25,-2.86,1.14
2026-05-14,124.50,116.40,125.37,116.40,70237,837747051.00,7.22,-6.33,-7.87,1.18
2026-05-15,115.82,109.58,117.05,107.96,87245,974788493.00,7.81,-5.86,-6.82,1.46
2026-05-18,110.79,110.79,114.03,107.57,68839,765261226.00,5.90,1.10,1.21,1.15
2026-05-19,110.32,111.23,112.57,107.63,51435,564142154.00,4.46,0.40,0.44,0.86
2026-05-20,111.01,110.92,114.07,109.80,53501,600501156.00,3.84,-0.28,-0.31,0.90
2026-05-21,112.57,105.57,113.84,105.01,60625,670943625.00,7.96,-4.82,-5.35,1.02
2026-05-22,107.69,106.38,107.77,103.46,45589,482892563.00,4.08,0.77,0.81,0.76
2026-05-25,107.57,105.57,107.57,103.37,45615,483468438.00,3.95,-0.76,-0.81,0.77
2026-05-26,105.14,101.48,105.55,100.58,63132,647441114.00,4.71,-3.87,-4.09,1.06
2026-05-27,102.27,99.07,103.07,97.78,53487,538373830.00,5.21,-2.37,-2.41,0.90
2026-05-28,99.22,97.16,99.22,94.69,55763,543345080.00,4.57,-1.93,-1.91,0.94
2026-05-29,96.93,90.57,97.55,89.23,71291,658383423.00,8.56,-6.78,-6.59,1.20
2026-06-01,90.47,89.46,92.57,89.09,59632,544462089.00,3.84,-1.23,-1.11,1.00
2026-06-02,90.64,88.92,91.42,85.25,63778,561378152.00,6.90,-0.60,-0.54,1.07
2026-06-03,89.57,90.92,94.25,88.07,63421,579793541.00,6.95,2.25,2.00,1.06
2026-06-04,89.96,89.80,91.22,88.77,34991,316641734.00,2.69,-1.23,-1.12,0.59
2026-06-05,90.59,93.47,97.86,89.36,103951,980196059.00,9.47,4.09,3.67,1.74
2026-06-08,91.37,88.48,97.07,88.12,79528,734782969.00,9.58,-5.34,-4.99,1.33
2026-06-09,90.26,94.27,96.25,88.08,84824,797254236.00,9.23,6.54,5.79,1.42
2026-06-10,93.55,93.33,98.47,91.44,71347,675525265.00,7.46,-1.00,-0.94,1.20
2026-06-11,93.75,93.54,94.76,90.09,57766,536521354.00,5.00,0.23,0.21,0.97
2026-06-12,94.86,94.06,97.15,92.44,73681,703308180.00,5.04,0.56,0.52,1.24
2026-06-15,96.04,98.37,99.07,93.62,80662,777184503.00,5.79,4.58,4.31,1.35
2026-06-16,99.47,96.03,99.54,95.07,71896,695380465.00,4.54,-2.38,-2.34,1.21
2026-06-17,94.90,97.80,101.57,93.67,81001,797814202.00,8.23,1.84,1.77,1.36
2026-06-18,96.57,101.50,102.01,95.93,83006,830921936.00,6.22,3.78,3.70,1.39
2026-06-22,100.66,96.57,101.17,93.07,86892,839384657.00,7.98,-4.86,-4.93,1.46
2026-06-23,94.17,93.34,95.95,92.39,56806,534849650.00,3.69,-3.34,-3.23,0.95
2026-06-24,93.81,97.89,98.92,92.17,74448,719482147.00,7.23,4.87,4.55,1.25
2026-06-25,96.25,95.28,97.89,94.15,54794,525324989.00,3.82,-2.67,-2.61,0.92
2026-06-26,93.37,100.30,103.13,91.70,91188,901490254.00,12.00,5.27,5.02,1.53
2026-06-29,100.30,98.83,101.64,95.68,59374,582490477.00,5.94,-1.47,-1.47,1.00
2026-06-30,99.99,104.30,104.58,99.04,70264,719971552.00,5.61,5.53,5.47,1.18
2026-07-01,104.10,102.06,105.50,101.35,66575,687840670.00,3.98,-2.15,-2.24,1.12
2026-07-02,100.18,97.74,103.50,97.34,67593,680035129.00,6.04,-4.23,-4.32,1.13
2026-07-03,97.90,107.34,108.50,97.90,104133,1096270581.00,10.85,9.82,9.60,1.75
2026-07-06,109.65,104.50,111.90,99.33,99328,1033316990.00,11.71,-2.65,-2.84,1.67
2026-07-07,100.00,97.95,104.20,97.50,52956,531316671.00,6.41,-6.27,-6.55,0.89
2026-07-08,98.02,93.33,100.00,93.13,48888,472383613.00,7.01,-4.72,-4.62,0.82
2026-07-09,94.52,104.01,104.68,92.80,59743,585579936.00,12.73,11.44,10.68,1.00
2026-07-10,104.11,113.01,120.04,102.60,141770,1615596624.00,16.77,8.65,9.00,2.38
2026-07-13,110.01,98.57,112.90,96.00,112818,1138240397.00,14.95,-12.78,-14.44,1.89
2026-07-14,98.00,87.80,98.00,85.45,87119,775971752.00,12.73,-10.93,-10.77,1.46
2026-07-15,88.00,83.44,89.58,82.69,55831,476941865.00,7.85,-4.97,-4.36,0.94
2026-07-16,83.20,77.40,84.42,76.66,68359,547596296.00,9.30,-7.24,-6.04,1.15
2026-07-17,77.01,68.50,78.67,68.41,98163,706058389.00,13.26,-11.50,-8.90,1.65
2026-07-20,69.87,69.96,72.27,67.62,98109,685807390.00,6.79,2.13,1.46,1.65