2026-01-05,34.15,34.78,34.96,33.92,33406,116291029.00,3.03,1.46,0.50,2.78
2026-01-06,34.79,35.45,35.68,34.65,50730,179428465.00,2.96,1.93,0.67,4.23
2026-01-07,35.40,35.36,35.53,35.01,37375,132515845.00,1.47,-0.25,-0.09,3.11
2026-01-08,35.24,35.78,36.11,35.20,48046,172391445.00,2.57,1.19,0.42,4.00
2026-01-09,35.74,35.73,35.93,35.31,43514,155779564.00,1.73,-0.14,-0.05,3.63
2026-01-12,35.73,36.30,36.30,35.41,56671,204733850.00,2.49,1.60,0.57,4.72
2026-01-13,35.99,34.96,36.09,34.92,47524,169002374.00,3.22,-3.69,-1.34,3.96
2026-01-14,34.88,37.21,37.93,34.84,121126,444832828.00,8.84,6.44,2.25,10.09
2026-01-15,37.14,36.97,37.23,36.24,73025,269381754.00,2.66,-0.64,-0.24,6.09
2026-01-16,37.10,37.36,37.55,36.80,60199,225022058.00,2.03,1.05,0.39,5.02
2026-01-19,37.29,36.45,37.30,36.23,42510,156405347.00,2.86,-2.44,-0.91,3.54
2026-01-20,36.41,36.37,37.00,35.61,38551,141191107.00,3.81,-0.22,-0.08,3.21
2026-01-21,36.19,36.61,36.78,36.10,27536,101268253.00,1.87,0.66,0.24,2.29
2026-01-22,36.48,38.54,39.26,36.48,84543,321126178.00,7.59,5.27,1.93,7.05
2026-01-23,38.32,38.00,38.40,37.65,54554,208205665.00,1.95,-1.40,-0.54,4.55
2026-01-26,38.00,37.60,38.90,37.31,51804,197902697.00,4.18,-1.05,-0.40,4.32
2026-01-27,37.39,37.50,37.74,35.81,42412,157746110.00,5.13,-0.27,-0.10,3.53
2026-01-28,37.45,36.34,37.65,36.20,41131,151591194.00,3.87,-3.09,-1.16,3.43
2026-01-29,36.25,34.95,36.63,34.91,41923,150502491.00,4.73,-3.82,-1.39,3.49
2026-01-30,34.92,35.69,35.90,34.28,34355,121518361.00,4.64,2.12,0.74,2.86
2026-02-02,35.58,35.07,36.23,35.06,26567,95327516.00,3.28,-1.74,-0.62,2.21
2026-02-03,35.30,35.88,36.19,35.30,24250,87415611.00,2.54,2.31,0.81,2.02
2026-02-04,35.65,35.38,35.95,34.90,22631,80387570.00,2.93,-1.39,-0.50,1.89
2026-02-05,35.30,34.73,35.53,34.66,17328,60909514.00,2.46,-1.84,-0.65,1.44
2026-02-06,34.62,34.73,35.23,34.33,18429,64718663.00,2.59,0.00,0.00,1.54
2026-02-09,35.18,35.46,35.63,35.00,20080,71453103.00,1.81,2.10,0.73,1.67
2026-02-10,35.46,35.48,36.14,35.34,16899,60697004.00,2.26,0.06,0.02,1.41
2026-02-11,35.41,35.54,36.03,35.24,16609,59615723.00,2.23,0.17,0.06,1.38
2026-02-12,35.57,35.90,36.13,35.33,22232,80260391.00,2.25,1.01,0.36,1.85
2026-02-13,35.87,35.52,36.30,35.47,21702,78432566.00,2.31,-1.06,-0.38,1.81
2026-02-24,35.79,36.35,36.46,35.55,24694,89745890.00,2.56,2.34,0.83,2.06
2026-02-25,36.32,36.69,36.80,36.09,27397,100482531.00,1.95,0.94,0.34,2.28
2026-02-26,36.58,37.53,37.63,36.49,42487,159393245.00,3.11,2.29,0.84,3.54
2026-02-27,37.41,37.20,37.51,36.80,26170,97390880.00,1.89,-0.88,-0.33,2.18
2026-03-02,36.47,35.48,37.19,35.48,37501,135906114.00,4.60,-4.62,-1.72,3.13
2026-03-03,35.54,33.30,35.92,33.30,43224,149829627.00,7.38,-6.14,-2.18,3.60
2026-03-04,33.10,33.26,33.79,32.60,23780,79672401.00,3.57,-0.12,-0.04,1.98
2026-03-05,34.46,37.17,39.79,34.32,154658,584913448.00,16.45,11.76,3.91,12.89
2026-03-06,37.17,37.75,38.00,36.65,98826,371996474.00,3.63,1.56,0.58,8.24
2026-03-09,37.43,37.41,37.63,36.31,60780,226056058.00,3.50,-0.90,-0.34,5.07
2026-03-10,37.76,38.38,38.59,37.58,61672,236860488.00,2.70,2.59,0.97,5.14
2026-03-11,38.10,38.58,39.37,38.00,84003,327909389.00,3.57,0.52,0.20,7.00
2026-03-12,38.58,37.76,38.71,37.45,54286,207273796.00,3.27,-2.13,-0.82,4.52
2026-03-13,37.45,37.38,38.17,37.20,37598,142223483.00,2.57,-1.01,-0.38,3.13
2026-03-16,37.23,39.42,39.42,36.80,95727,372592563.00,7.01,5.46,2.04,7.98
2026-03-17,39.03,38.40,39.05,38.25,62200,241203030.00,2.03,-2.59,-1.02,5.18
2026-03-18,38.32,39.92,40.30,38.32,109355,434822127.00,5.16,3.96,1.52,9.11
2026-03-19,38.93,39.86,39.86,38.80,69247,273496538.00,2.66,-0.15,-0.06,5.77
2026-03-20,39.75,40.81,43.12,39.20,158970,656614298.00,9.83,2.38,0.95,13.25
2026-03-23,38.77,42.68,43.90,38.24,181501,763501690.00,13.87,4.58,1.87,15.13
2026-03-24,42.85,46.50,46.69,41.33,184174,809367845.00,12.56,8.95,3.82,15.35
2026-03-25,45.71,46.31,46.38,44.40,146055,666448605.00,4.26,-0.41,-0.19,12.17
2026-03-26,44.80,42.80,49.57,41.97,199068,916644262.00,16.41,-7.58,-3.51,16.59
2026-03-27,41.80,40.55,41.80,38.68,142733,578067866.00,7.29,-5.26,-2.25,11.89
2026-03-30,39.78,40.11,40.45,38.38,88045,349967490.00,5.10,-1.09,-0.44,7.34
2026-03-31,39.60,37.09,39.77,36.96,98387,375191745.00,7.01,-7.53,-3.02,8.20
2026-04-01,38.70,37.64,40.28,37.45,109057,425572512.00,7.63,1.48,0.55,9.09
2026-04-02,37.57,36.18,38.20,35.93,69419,257055970.00,6.03,-3.88,-1.46,5.78
2026-04-03,36.58,35.98,37.10,35.70,51481,188482785.00,3.87,-0.55,-0.20,4.29
2026-04-07,35.84,35.98,37.17,35.71,47002,171889270.00,4.06,0.00,0.00,3.92
2026-04-08,36.70,38.62,38.74,36.58,75364,287159714.00,6.00,7.34,2.64,6.28
2026-04-09,38.00,38.70,39.24,37.81,61482,239484629.00,3.70,0.21,0.08,5.12
2026-04-10,39.16,38.36,39.18,38.24,50743,197109972.00,2.43,-0.88,-0.34,4.23
2026-04-13,37.92,39.70,39.95,37.90,62021,244833101.00,5.34,3.49,1.34,5.17
2026-04-14,39.80,40.41,40.67,39.49,62617,252752011.00,2.97,1.79,0.71,5.22
2026-04-15,40.45,39.73,40.98,39.57,55722,225040518.00,3.49,-1.68,-0.68,4.64
2026-04-16,39.89,40.52,40.68,39.40,49862,201431129.00,3.22,1.99,0.79,4.16
2026-04-17,40.27,40.21,41.06,39.81,53053,215059364.00,3.08,-0.77,-0.31,4.42
2026-04-20,40.11,40.64,41.29,40.11,53503,219164087.00,2.93,1.07,0.43,4.46
2026-04-21,40.35,40.10,40.65,39.45,39971,160321800.00,2.95,-1.33,-0.54,3.33
2026-04-22,39.84,40.95,41.26,39.60,47262,193730922.00,4.14,2.12,0.85,3.94
2026-04-23,40.82,39.54,42.47,39.17,54787,220051145.00,8.06,-3.44,-1.41,4.57
2026-04-24,39.51,38.80,39.93,38.36,42170,164976220.00,3.97,-1.87,-0.74,3.51
2026-04-27,38.13,39.51,39.64,37.80,38343,149919697.00,4.74,1.83,0.71,3.20
2026-04-28,39.12,38.62,39.48,38.38,33853,131772275.00,2.78,-2.25,-0.89,2.82
2026-04-29,38.13,38.11,38.75,37.90,31123,119962239.00,2.20,-1.32,-0.51,2.59
2026-04-30,38.11,38.44,38.53,37.03,41348,157231597.00,3.94,0.87,0.33,3.45
2026-05-06,38.97,39.23,40.19,38.97,44960,178599114.00,3.17,2.06,0.79,3.75
2026-05-07,39.19,40.60,40.77,39.10,52972,214375216.00,4.26,3.49,1.37,4.41
2026-05-08,40.28,42.49,42.70,40.08,79370,332033480.00,6.45,4.66,1.89,6.61
2026-05-11,42.50,45.61,47.45,42.20,131252,600747563.00,12.36,7.34,3.12,10.94
2026-05-12,45.11,45.32,46.02,43.95,77212,348572500.00,4.54,-0.64,-0.29,6.43
2026-05-13,45.10,46.36,46.90,44.94,70785,329281755.00,4.32,2.29,1.04,5.90
2026-05-14,46.69,46.70,48.28,45.82,78178,367896799.00,5.31,0.73,0.34,6.51
2026-05-15,47.10,46.80,48.08,46.01,64391,304369925.00,4.43,0.21,0.10,5.37
2026-05-18,47.05,48.15,48.30,44.80,80397,376029551.00,7.48,2.88,1.35,6.70
2026-05-19,47.50,48.28,51.50,46.70,99244,484887939.00,9.97,0.27,0.13,8.27
2026-05-20,48.10,48.44,50.30,46.85,75312,364970237.00,7.15,0.33,0.16,6.28
2026-05-21,49.35,53.20,55.88,48.93,171387,908457583.57,14.35,9.83,4.76,14.28