2026-01-05,128.90,129.40,130.95,126.93,33564,642805869.00,3.15,1.30,1.66,2.48
2026-01-06,128.36,133.95,138.73,128.36,39629,794648610.00,8.01,3.52,4.55,2.92
2026-01-07,137.75,140.90,141.77,134.37,41950,868276967.00,5.52,5.19,6.95,3.10
2026-01-08,140.57,141.59,147.50,139.71,32090,681914332.00,5.53,0.49,0.69,2.37
2026-01-09,139.98,140.69,145.18,137.33,34136,710474065.00,5.54,-0.64,-0.90,2.52
2026-01-12,140.91,150.59,151.13,140.00,39051,851498468.00,7.91,7.04,9.90,2.88
2026-01-13,150.59,145.25,153.69,143.97,37206,816435133.00,6.45,-3.55,-5.34,2.75
2026-01-14,145.63,150.59,155.69,142.89,43439,966998508.00,8.81,3.68,5.34,3.21
2026-01-15,149.89,153.73,154.37,145.86,27275,609760025.00,5.65,2.09,3.14,2.01
2026-01-16,155.49,161.42,163.21,155.33,42703,1011820595.00,5.13,5.00,7.69,3.15
2026-01-19,161.54,156.97,165.46,156.44,28833,682480830.00,5.59,-2.76,-4.45,2.13
2026-01-20,157.33,158.81,160.35,154.65,22853,536558583.00,3.63,1.17,1.84,1.69
2026-01-21,157.22,170.82,174.82,156.00,39811,989264645.00,11.85,7.56,12.01,2.94
2026-01-22,175.60,165.87,178.00,164.84,33644,849959572.00,7.70,-2.90,-4.95,2.48
2026-01-23,166.71,178.17,178.17,165.46,37289,946686589.00,7.66,7.42,12.30,2.75
2026-01-26,168.84,171.54,174.99,160.65,39657,994125527.00,8.05,-3.72,-6.63,2.93
2026-01-27,168.16,184.38,188.43,168.16,38351,1026769451.00,11.82,7.49,12.84,2.83
2026-01-28,185.73,181.49,187.42,180.45,32816,893896913.00,3.78,-1.57,-2.89,2.42
2026-01-29,182.35,180.59,188.29,177.62,30935,837313341.00,5.88,-0.50,-0.90,2.28
2026-01-30,177.35,202.81,210.67,176.26,46805,1344743242.00,19.05,12.30,22.22,3.45
2026-02-02,197.90,189.50,198.97,185.06,42207,1195290754.00,6.86,-6.56,-13.31,3.11
2026-02-03,193.17,199.89,207.28,193.10,42700,1267818757.00,7.48,5.48,10.39,3.15
2026-02-04,196.55,197.50,200.60,190.60,27567,795778742.00,5.00,-1.20,-2.39,2.03
2026-02-05,186.41,183.64,190.93,181.01,36890,1012331796.00,5.02,-7.02,-13.86,2.72
2026-02-06,183.13,179.79,187.40,179.67,36443,988470575.00,4.21,-2.10,-3.85,2.69
2026-02-09,185.71,190.04,191.65,185.33,30418,852936250.00,3.52,5.70,10.25,2.24
2026-02-10,194.38,207.18,210.44,194.38,45224,1379789682.00,8.45,9.02,17.14,3.34
2026-02-11,208.03,207.28,213.98,201.01,26161,810872576.00,6.26,0.05,0.10,1.93
2026-02-12,208.71,205.28,210.96,203.29,24098,736445455.00,3.70,-0.96,-2.00,1.78
2026-02-13,205.08,205.87,215.24,205.08,29174,906839649.00,4.95,0.29,0.59,2.15
2026-02-24,208.44,197.54,208.71,195.21,24532,725118656.00,6.56,-4.05,-8.33,1.81
2026-02-25,197.93,197.39,203.16,191.55,28434,833517475.00,5.88,-0.08,-0.15,2.10
2026-02-26,197.39,203.98,207.28,196.55,30419,910138417.00,5.44,3.34,6.59,2.24
2026-02-27,197.90,198.78,201.06,194.00,20058,588791098.00,3.46,-2.55,-5.20,1.48
2026-03-02,193.84,193.55,201.28,191.82,29323,849711816.00,4.76,-2.63,-5.23,2.16
2026-03-03,191.12,180.72,195.87,179.15,35079,963872911.00,8.64,-6.63,-12.83,2.59
2026-03-04,179.64,178.55,184.37,177.15,20911,558380754.00,4.00,-1.20,-2.17,1.54
2026-03-05,183.03,179.65,186.40,178.50,25980,703184019.00,4.42,0.62,1.10,1.92
2026-03-06,178.30,178.78,186.23,177.62,16440,441090758.00,4.79,-0.48,-0.87,1.21
2026-03-09,172.22,174.92,176.68,169.65,23443,604995729.00,3.93,-2.16,-3.86,1.73
2026-03-10,179.25,178.19,181.00,174.30,18820,496845057.00,3.83,1.87,3.27,1.39
2026-03-11,176.92,173.12,178.16,171.00,20572,532023806.00,4.02,-2.85,-5.07,1.52
2026-03-12,172.46,171.06,175.24,168.55,16341,416676682.00,3.86,-1.19,-2.06,1.21
2026-03-13,171.58,168.93,174.49,168.30,21684,550428766.00,3.62,-1.25,-2.13,1.60
2026-03-16,171.54,178.31,179.57,166.20,32866,848088748.00,7.91,5.55,9.38,2.42
2026-03-17,179.18,180.03,186.40,176.95,41018,1107375253.00,5.30,0.96,1.72,3.03
2026-03-18,180.45,181.66,185.04,176.27,28179,757060302.00,4.87,0.91,1.63,2.08
2026-03-19,179.23,179.31,184.15,174.24,28742,766471326.00,5.46,-1.29,-2.35,2.12
2026-03-20,182.71,181.68,186.92,179.87,26655,729902772.00,3.93,1.32,2.37,1.97
2026-03-23,179.38,174.22,180.33,172.29,23338,611766896.00,4.43,-4.11,-7.46,1.72
2026-03-24,176.95,179.57,180.52,171.55,24164,634458952.00,5.15,3.07,5.35,1.78
2026-03-25,181.68,179.99,186.96,177.63,21963,593967636.00,5.20,0.23,0.42,1.62
2026-03-26,177.37,175.30,179.25,173.32,18961,496109689.00,3.29,-2.61,-4.69,1.40
2026-03-27,173.71,180.64,184.20,172.08,22297,595255328.00,6.91,3.05,5.34,1.65
2026-03-30,180.10,190.44,192.49,177.14,35741,989006768.00,8.50,5.43,9.80,2.64
2026-03-31,188.53,176.81,189.86,175.93,42395,1145744242.00,7.31,-7.16,-13.63,3.13
2026-04-01,182.95,183.23,186.93,179.65,26901,734802176.00,4.12,3.63,6.42,1.98
2026-04-02,182.14,178.97,185.05,175.05,19940,531245901.00,5.46,-2.32,-4.26,1.47
2026-04-03,179.47,176.41,182.35,175.05,12271,324345609.00,4.08,-1.43,-2.56,0.91
2026-04-07,178.37,175.76,180.94,174.24,15726,414117779.00,3.80,-0.37,-0.65,1.16
2026-04-08,181.68,190.75,191.73,181.68,24281,674679961.00,5.72,8.53,14.99,1.79
2026-04-09,186.48,191.92,197.89,186.15,22179,637835091.00,6.15,0.61,1.17,1.64
2026-04-10,195.16,197.24,204.12,192.49,24474,724042585.00,6.06,2.77,5.32,1.81
2026-04-13,195.22,189.63,198.57,187.85,22578,641634660.00,5.44,-3.86,-7.61,1.67
2026-04-14,191.66,199.89,202.59,191.01,25035,737093712.00,6.11,5.41,10.26,1.85
2026-04-15,200.28,192.49,201.28,191.19,21256,620107875.00,5.05,-3.70,-7.40,1.57
2026-04-16,191.53,201.33,203.66,189.46,25784,758481365.00,7.38,4.59,8.84,1.90
2026-04-17,198.57,206.00,206.01,195.33,25151,751153694.00,5.30,2.32,4.67,1.86
2026-04-20,203.93,198.04,203.93,194.93,31058,915643890.00,4.37,-3.86,-7.96,2.29
2026-04-21,197.73,198.03,202.01,192.88,22695,666492547.00,4.61,-0.01,-0.01,1.67
2026-04-22,198.04,202.83,203.22,195.88,22873,680414265.00,3.71,2.42,4.80,1.69
2026-04-23,202.83,207.71,212.08,198.64,35755,1092898991.00,6.63,2.41,4.88,2.64
2026-04-24,214.12,207.77,224.25,205.33,51246,1633793109.00,9.11,0.03,0.06,3.78
2026-04-27,208.81,214.21,216.43,199.95,40007,1250162013.00,7.93,3.10,6.44,2.95
2026-04-28,215.25,218.19,223.57,209.39,30268,978721521.00,6.62,1.86,3.98,2.23
2026-04-29,211.05,225.64,227.47,207.77,41141,1329447185.00,9.03,3.41,7.45,3.04
2026-04-30,225.61,235.41,244.40,219.73,39637,1371496060.00,10.93,4.33,9.77,2.92
2026-05-06,240.13,233.72,251.89,230.06,34782,1234758068.00,9.27,-0.72,-1.69,2.57
2026-05-07,233.73,236.21,238.59,229.00,27726,965126824.00,4.10,1.07,2.49,2.05
2026-05-08,230.44,228.31,233.72,226.96,22978,781892729.00,2.86,-3.34,-7.90,1.70
2026-05-11,232.37,247.61,248.57,228.31,33838,1204647344.00,8.87,8.45,19.30,2.50
2026-05-12,244.27,251.70,262.11,240.34,29660,1113480352.00,8.79,1.65,4.09,2.19
2026-05-13,251.39,269.05,274.95,242.49,32940,1267697829.00,12.90,6.89,17.35,2.43
2026-05-14,269.97,267.51,275.48,263.90,21990,879438684.00,4.30,-0.57,-1.54,1.62
2026-05-15,268.33,277.65,282.98,257.58,30885,1244630834.00,9.49,3.79,10.14,2.28
2026-05-18,274.87,278.06,289.88,270.22,27815,1163556149.00,7.08,0.15,0.41,2.05
2026-05-19,277.16,292.05,293.19,263.92,28557,1181978403.00,10.53,5.03,13.99,2.11
2026-05-20,289.07,322.26,322.26,288.46,31891,1454014266.00,11.57,10.34,30.21,2.35
2026-05-21,333.75,291.17,337.11,287.22,43622,2015012278.00,15.48,-9.65,-31.09,3.22
2026-05-22,291.17,303.30,305.36,270.22,49522,2065138555.00,12.07,4.17,12.13,3.65
2026-05-25,291.84,311.78,322.16,281.71,49044,2180668244.00,13.34,2.80,8.48,3.62
2026-05-26,304.01,297.93,308.74,291.17,35802,1578002628.00,5.64,-4.44,-13.85,2.64
2026-05-27,293.19,275.85,294.55,274.04,41801,1765630455.00,6.88,-7.41,-22.08,3.08
2026-05-28,278.65,286.44,286.98,272.90,32521,1356315040.00,5.10,3.84,10.59,2.40
2026-05-29,281.27,268.22,285.69,264.13,37234,1515184271.00,7.53,-6.36,-18.22,2.75
2026-06-01,273.05,254.20,273.64,251.64,37693,1452113089.00,8.20,-5.23,-14.02,2.78
2026-06-02,258.02,251.60,260.33,247.77,35887,1351772431.00,4.94,-1.02,-2.60,2.65
2026-06-03,253.32,262.85,274.39,253.32,42446,1663558564.00,8.37,4.47,11.25,3.13
2026-06-04,261.43,297.25,299.57,261.43,48224,2057819183.00,14.51,13.09,34.40,3.56
2026-06-05,291.84,288.41,298.60,283.06,33517,1444853991.00,5.23,-2.97,-8.84,2.47
2026-06-08,281.71,294.61,299.95,279.73,38113,1651597988.00,7.01,2.15,6.20,2.81
2026-06-09,298.60,312.12,315.94,295.22,34207,1552428530.00,7.03,5.94,17.51,2.52
2026-06-10,307.39,315.13,323.61,302.01,31171,1451013282.00,6.92,0.96,3.01,2.30
2026-06-11,312.58,315.00,333.00,304.73,51903,1641259181.00,8.97,-0.04,-0.13,2.59
2026-06-12,327.96,299.98,335.74,293.92,83891,2609821879.00,13.28,-4.77,-15.02,4.18
2026-06-15,299.00,298.00,309.58,287.78,72185,2160880559.00,7.27,-0.66,-1.98,3.60
2026-06-16,304.98,316.99,323.33,301.90,57628,1813818366.00,7.19,6.37,18.99,2.87
2026-06-17,311.00,363.82,375.00,309.33,86070,2892965817.00,20.72,14.77,46.83,4.29
2026-06-18,365.00,375.00,378.85,356.00,63611,2338414932.00,6.28,3.07,11.18,3.17
2026-06-22,378.02,407.90,417.56,378.02,72149,2879718203.00,10.54,8.77,32.90,3.60
2026-06-23,405.00,424.15,442.88,405.00,56083,2361467006.00,9.29,3.98,16.25,2.80
2026-06-24,408.01,439.00,448.00,408.01,55685,2402220924.00,9.43,3.50,14.85,2.78
2026-06-25,447.98,454.74,465.00,435.00,49488,2226526875.00,6.83,3.59,15.74,2.47
2026-06-26,451.00,469.10,475.00,446.00,42497,1968249002.00,6.38,3.16,14.36,2.12