2026-01-05,5.09,5.07,5.13,5.05,362366,187331337.89,1.57,-0.39,-0.02,2.36
2026-01-06,5.08,5.08,5.11,5.06,310401,160766672.80,0.99,0.20,0.01,2.02
2026-01-07,5.08,5.02,5.11,5.01,297837,152750323.50,1.97,-1.18,-0.06,1.94
2026-01-08,5.01,5.00,5.02,4.97,285057,144917231.79,1.00,-0.40,-0.02,1.85
2026-01-09,4.98,4.98,5.01,4.95,293118,148562603.76,1.20,-0.40,-0.02,1.91
2026-01-12,4.99,5.00,5.00,4.97,286173,145355461.51,0.60,0.40,0.02,1.86
2026-01-13,5.00,4.96,5.01,4.94,282585,142899138.02,1.40,-0.80,-0.04,1.84
2026-01-14,4.96,4.90,4.98,4.88,432478,217367694.55,2.02,-1.21,-0.06,2.81
2026-01-15,4.90,4.88,4.93,4.87,227444,113319787.60,1.22,-0.41,-0.02,1.48
2026-01-16,4.91,4.94,4.98,4.88,301869,151654402.92,2.05,1.23,0.06,1.96
2026-01-19,4.95,5.06,5.09,4.94,386577,198183450.06,3.04,2.43,0.12,2.51
2026-01-20,5.07,5.06,5.08,5.00,297414,152480544.30,1.58,0.00,0.00,1.93
2026-01-21,5.04,5.05,5.08,5.02,254014,130694452.00,1.19,-0.20,-0.01,1.65
2026-01-22,5.05,5.07,5.08,5.02,254585,131046581.10,1.19,0.40,0.02,1.66
2026-01-23,5.07,5.06,5.09,5.04,268470,138228416.80,0.99,-0.20,-0.01,1.75
2026-01-26,5.06,5.03,5.06,4.99,300078,153416198.29,1.38,-0.59,-0.03,1.95
2026-01-27,5.02,5.00,5.06,4.95,287811,146411481.82,2.19,-0.60,-0.03,1.87
2026-01-28,5.00,5.06,5.08,4.95,335176,171721148.99,2.60,1.20,0.06,2.18
2026-01-29,5.05,5.02,5.06,4.99,236557,121053452.39,1.38,-0.79,-0.04,1.54
2026-01-30,5.01,5.06,5.08,4.98,355961,182560461.27,1.99,0.80,0.04,2.32
2026-02-02,5.03,4.89,5.06,4.87,493702,249194732.20,3.75,-3.36,-0.17,3.21
2026-02-03,4.93,4.93,4.96,4.88,253277,126880016.73,1.64,0.82,0.04,1.65
2026-02-04,4.93,5.08,5.09,4.91,534181,274536480.78,3.65,3.04,0.15,3.48
2026-02-05,5.09,5.03,5.12,5.01,306449,157501330.09,2.17,-0.98,-0.05,1.99
2026-02-06,5.03,5.04,5.09,4.99,267417,137728920.52,1.99,0.20,0.01,1.74
2026-02-09,5.08,5.05,5.09,5.02,231695,119159754.77,1.39,0.20,0.01,1.51
2026-02-10,5.06,5.02,5.07,5.01,164522,84172973.00,1.19,-0.59,-0.03,1.07
2026-02-11,5.02,5.02,5.05,5.00,200727,102811361.31,1.00,0.00,0.00,1.31
2026-02-12,5.03,4.99,5.05,4.99,212602,108542908.82,1.20,-0.60,-0.03,1.38
2026-02-13,4.99,4.93,5.01,4.92,251129,127009009.88,1.80,-1.20,-0.06,1.63
2026-02-24,4.97,5.04,5.06,4.94,301850,154048826.14,2.43,2.23,0.11,1.96
2026-02-25,5.05,5.08,5.20,5.04,514055,268569350.59,3.17,0.79,0.04,3.34
2026-02-26,5.09,5.06,5.10,5.02,286743,147405904.30,1.57,-0.39,-0.02,1.87
2026-02-27,5.04,5.11,5.12,5.03,280749,145539422.46,1.78,0.99,0.05,1.83
2026-03-02,5.06,5.09,5.15,5.01,346374,179144480.22,2.74,-0.39,-0.02,2.25
2026-03-03,5.07,4.93,5.11,4.92,498787,253315812.90,3.73,-3.14,-0.16,3.24
2026-03-04,4.93,4.73,4.93,4.73,576259,282283394.95,4.06,-4.06,-0.20,3.75
2026-03-05,4.84,4.79,4.84,4.76,341592,167068065.80,1.69,1.27,0.06,2.22
2026-03-06,4.77,4.88,4.89,4.75,280602,138223109.54,2.92,1.88,0.09,1.83
2026-03-09,4.83,4.82,4.89,4.77,362540,177757381.51,2.46,-1.23,-0.06,2.35
2026-03-10,4.85,4.83,4.87,4.81,284685,140051487.31,1.24,0.21,0.01,1.84
2026-03-11,4.83,4.86,4.87,4.76,315943,155027410.90,2.28,0.62,0.03,2.05
2026-03-12,4.86,4.89,4.96,4.85,362669,181367058.97,2.26,0.62,0.03,2.35
2026-03-13,4.89,4.90,4.97,4.86,342579,171736666.88,2.25,0.20,0.01,2.22
2026-03-16,4.90,4.86,4.99,4.84,324413,161525758.38,3.06,-0.82,-0.04,2.10
2026-03-17,4.88,4.82,4.92,4.81,260838,129115561.09,2.26,-0.82,-0.04,1.69
2026-03-18,4.83,4.76,4.85,4.72,316295,153537018.30,2.70,-1.24,-0.06,2.05
2026-03-19,4.72,4.59,4.75,4.58,369853,175370860.39,3.57,-3.57,-0.17,2.39
2026-03-20,4.60,4.53,4.63,4.52,309707,144114077.86,2.40,-1.31,-0.06,2.00
2026-03-23,4.47,4.28,4.48,4.25,435384,193638256.56,5.08,-5.52,-0.25,2.82
2026-03-24,4.34,4.38,4.39,4.27,291405,128749784.60,2.80,2.34,0.10,1.89
2026-03-25,4.41,4.47,4.48,4.38,235838,106884009.72,2.28,2.05,0.09,1.53
2026-03-26,4.47,4.49,4.54,4.45,244771,112274249.60,2.01,0.45,0.02,1.58
2026-03-27,4.45,4.56,4.59,4.44,266466,122693366.80,3.34,1.56,0.07,1.72
2026-03-30,4.51,4.62,4.64,4.51,256246,120066972.87,2.85,1.32,0.06,1.66
2026-03-31,4.62,4.59,4.71,4.58,269156,127605085.33,2.81,-0.65,-0.03,1.74
2026-04-01,4.64,4.62,4.68,4.59,235986,111176140.60,1.96,0.65,0.03,1.53
2026-04-02,4.61,4.59,4.65,4.55,204935,96051964.60,2.16,-0.65,-0.03,1.33
2026-04-03,4.59,4.47,4.60,4.44,246579,113176886.09,3.49,-2.61,-0.12,1.60
2026-04-07,4.47,4.45,4.49,4.42,194543,88396994.40,1.57,-0.45,-0.02,1.26
2026-04-08,4.53,4.60,4.60,4.53,291381,135790303.20,1.57,3.37,0.15,1.89
2026-04-09,4.56,4.51,4.59,4.51,191390,88602181.80,1.74,-1.96,-0.09,1.24
2026-04-10,4.53,4.52,4.57,4.52,168401,78094660.01,1.11,0.22,0.01,1.09
2026-04-13,4.51,4.49,4.53,4.46,175365,80367154.52,1.55,-0.66,-0.03,1.14
2026-04-14,4.52,4.52,4.52,4.48,171155,78586520.20,0.89,0.67,0.03,1.11
2026-04-15,4.53,4.49,4.55,4.48,160330,73743287.80,1.55,-0.66,-0.03,1.04
2026-04-16,4.51,4.53,4.58,4.50,177093,81906186.46,1.78,0.89,0.04,1.15
2026-04-17,4.54,4.47,4.54,4.45,201714,92214174.60,1.99,-1.32,-0.06,1.31
2026-04-20,4.47,4.47,4.49,4.45,138750,63323992.75,0.89,0.00,0.00,0.90
2026-04-21,4.47,4.49,4.51,4.45,171212,78209323.34,1.34,0.45,0.02,1.11
2026-04-22,4.49,4.49,4.51,4.46,145081,66380785.38,1.11,0.00,0.00,0.94
2026-04-23,4.48,4.53,4.54,4.44,249550,114368323.41,2.23,0.89,0.04,1.62
2026-04-24,4.52,4.47,4.52,4.44,213835,97497756.64,1.77,-1.32,-0.06,1.38
2026-04-27,4.56,4.70,4.73,4.56,661927,315375862.92,3.80,5.15,0.23,4.28
2026-04-28,4.67,4.64,4.68,4.61,393809,186034810.15,1.49,-1.28,-0.06,2.55
2026-04-29,4.88,5.01,5.04,4.88,1201296,608381995.85,3.45,7.97,0.37,7.78
2026-04-30,5.02,4.94,5.07,4.91,631703,319775231.54,3.19,-1.40,-0.07,4.09
2026-05-06,4.94,4.92,4.97,4.84,550304,274214998.19,2.63,-0.40,-0.02,3.56
2026-05-07,4.94,4.95,5.00,4.89,359016,181071066.11,2.24,0.61,0.03,2.32
2026-05-08,4.93,4.94,4.97,4.90,255036,128127060.28,1.41,-0.20,-0.01,1.65
2026-05-11,4.94,4.94,4.97,4.92,341406,171800063.92,1.01,0.00,0.00,2.21
2026-05-12,4.93,4.87,4.94,4.85,260940,129918569.04,1.82,-1.42,-0.07,1.69
2026-05-13,4.86,4.84,4.87,4.82,236452,116543379.73,1.03,-0.62,-0.03,1.53
2026-05-14,4.84,4.77,4.84,4.76,248594,121453834.92,1.65,-1.45,-0.07,1.61
2026-05-15,4.75,4.69,4.78,4.64,370849,177692601.38,2.94,-1.68,-0.08,2.40
2026-05-18,4.67,4.62,4.68,4.57,348605,163997223.60,2.35,-1.49,-0.07,2.26
2026-05-19,4.63,4.66,4.67,4.58,239176,112705593.80,1.95,0.87,0.04,1.55
2026-05-20,4.64,4.63,4.65,4.57,209061,98086502.81,1.72,-0.64,-0.03,1.35
2026-05-21,4.63,4.62,4.73,4.62,334776,159800333.14,2.38,-0.22,-0.01,2.17
2026-05-22,4.62,4.65,4.69,4.56,279687,131851147.80,2.81,0.65,0.03,1.81
2026-05-25,4.63,4.64,4.68,4.61,196643,93091008.60,1.51,-0.22,-0.01,1.27
2026-05-26,4.62,4.68,4.69,4.61,256551,121617276.10,1.72,0.86,0.04,1.66
2026-05-27,4.66,4.58,4.71,4.56,308957,145389384.40,3.21,-2.14,-0.10,2.00
2026-05-28,4.58,4.60,4.65,4.56,249590,117348870.61,1.97,0.44,0.02,1.62
2026-05-29,4.61,4.61,4.67,4.59,280504,132291519.52,1.74,0.22,0.01,1.82
2026-06-01,4.63,4.70,4.72,4.58,398109,189740894.20,3.04,1.95,0.09,2.58
2026-06-02,4.71,4.67,4.73,4.65,238907,114091247.52,1.70,-0.64,-0.03,1.55
2026-06-03,4.67,4.60,4.68,4.59,257181,121148974.70,1.93,-1.50,-0.07,1.67
2026-06-04,4.59,4.50,4.63,4.46,304942,141155636.40,3.70,-2.17,-0.10,1.97
2026-06-05,4.50,4.48,4.57,4.47,265940,122619312.33,2.22,-0.44,-0.02,1.72
2026-06-08,4.42,4.39,4.45,4.35,324066,145853477.35,2.23,-2.01,-0.09,2.10
2026-06-09,4.41,4.42,4.44,4.35,222619,99586931.25,2.05,0.68,0.03,1.44
2026-06-10,4.40,4.42,4.42,4.37,178306,79866721.35,1.13,0.00,0.00,1.15
2026-06-11,4.39,4.37,4.44,4.33,205825,91772100.20,2.49,-1.13,-0.05,1.33
2026-06-12,4.38,4.44,4.50,4.35,325452,147276646.41,3.43,1.60,0.07,2.11
2026-06-15,4.47,4.54,4.55,4.46,356097,160938612.36,2.03,2.25,0.10,2.31
2026-06-16,4.54,4.46,4.54,4.45,246263,110416277.77,1.98,-1.76,-0.08,1.59
2026-06-17,4.46,4.33,4.47,4.31,334223,145538912.89,3.59,-2.91,-0.13,2.16
2026-06-18,4.33,4.25,4.34,4.24,237663,101434845.95,2.31,-1.85,-0.08,1.54
2026-06-22,4.25,4.27,4.28,4.16,277147,116786336.36,2.82,0.47,0.02,1.79
2026-06-23,4.26,4.29,4.37,4.25,227631,98175932.92,2.81,0.47,0.02,1.47
2026-06-24,4.28,4.21,4.30,4.18,217490,91908097.75,2.80,-1.86,-0.08,1.41
2026-06-25,4.19,4.21,4.25,4.16,236053,99298266.34,2.14,0.00,0.00,1.53
2026-06-26,4.20,4.11,4.20,4.09,231712,95744399.94,2.61,-2.38,-0.10,1.50
2026-06-29,4.11,4.12,4.13,4.00,222786,90579875.21,3.16,0.24,0.01,1.44
2026-06-30,4.10,4.06,4.11,4.02,196019,79508462.30,2.18,-1.46,-0.06,1.27
2026-07-01,4.06,4.14,4.16,4.03,255992,105003724.38,3.20,1.97,0.08,1.66
2026-07-02,4.12,4.18,4.21,4.11,259533,108248714.16,2.42,0.97,0.04,1.68
2026-07-03,4.17,4.28,4.32,4.16,271152,115974367.05,3.83,2.39,0.10,1.76
2026-07-06,4.28,4.44,4.47,4.28,314542,138537173.78,4.44,3.74,0.16,2.04
2026-07-07,4.42,4.33,4.45,4.31,225018,98114172.32,3.15,-2.48,-0.11,1.46
2026-07-08,4.32,4.30,4.35,4.25,179318,77019429.00,2.31,-0.69,-0.03,1.16
2026-07-09,4.30,4.27,4.31,4.22,193481,82353616.90,2.09,-0.70,-0.03,1.25
2026-07-10,4.27,4.24,4.29,4.19,193018,81971578.74,2.34,-0.70,-0.03,1.25
2026-07-13,4.23,4.25,4.28,4.20,222748,94389290.81,1.89,0.24,0.01,1.44
2026-07-14,4.23,4.34,4.34,4.22,260299,111632759.08,2.82,2.12,0.09,1.69
2026-07-15,4.29,4.40,4.42,4.28,263056,115058927.30,3.23,1.38,0.06,1.70
2026-07-16,4.37,4.35,4.42,4.32,247635,108004370.60,2.27,-1.14,-0.05,1.60
2026-07-17,4.34,4.27,4.41,4.26,242937,105309353.73,3.45,-1.84,-0.08,1.57
2026-07-20,4.26,4.30,4.34,4.25,268685,115594048.00,2.11,0.70,0.03,1.74
2026-07-21,4.31,4.26,4.34,4.24,276918,118554323.45,2.33,-0.93,-0.04,1.79
2026-07-22,4.26,4.25,4.26,4.20,206614,87541607.48,1.41,-0.23,-0.01,1.34
2026-07-23,4.24,4.33,4.34,4.23,202180,86748699.00,2.59,1.88,0.08,1.31
2026-07-24,4.30,4.23,4.33,4.23,159308,68070231.62,2.31,-2.31,-0.10,1.03
2026-07-27,4.24,4.29,4.30,4.23,146550,62717839.40,1.65,1.42,0.06,0.95
2026-07-28,4.27,4.31,4.32,4.24,178689,76567348.40,1.86,0.47,0.02,1.16
2026-07-29,4.29,4.36,4.38,4.29,207621,90488124.15,2.09,1.16,0.05,1.34