2026-01-05,11.21,11.42,11.53,11.21,45694,52128904.00,2.88,2.61,0.29,2.24
2026-01-06,11.39,11.46,11.54,11.30,48144,54952820.00,2.10,0.35,0.04,2.36
2026-01-07,11.41,11.43,11.59,11.38,39284,45104182.00,1.83,-0.26,-0.03,1.92
2026-01-08,11.39,11.50,11.57,11.37,39771,45699142.00,1.75,0.61,0.07,1.95
2026-01-09,11.63,11.55,11.86,11.41,57548,66605142.00,3.91,0.43,0.05,2.82
2026-01-12,11.63,11.51,11.63,11.36,45355,52110073.00,2.34,-0.35,-0.04,2.22
2026-01-13,11.54,11.76,12.06,11.47,103180,121697704.00,5.13,2.17,0.25,5.05
2026-01-14,11.77,11.70,12.06,11.51,83541,98310887.00,4.68,-0.51,-0.06,4.09
2026-01-15,11.61,11.62,11.71,11.50,40195,46575725.00,1.79,-0.68,-0.08,1.97
2026-01-16,11.65,11.51,11.74,11.47,43945,50915331.00,2.32,-0.95,-0.11,2.15
2026-01-19,11.58,11.86,11.87,11.48,48936,57361151.00,3.39,3.04,0.35,2.40
2026-01-20,11.86,11.76,11.86,11.65,40974,48059064.00,1.77,-0.84,-0.10,2.01
2026-01-21,11.70,11.99,12.04,11.65,48008,56982247.00,3.32,1.96,0.23,2.35
2026-01-22,12.09,12.05,12.09,11.81,35333,42370156.00,2.34,0.50,0.06,1.73
2026-01-23,12.08,12.10,12.16,11.95,43317,52374324.00,1.74,0.41,0.05,2.12
2026-01-26,12.15,11.92,12.19,11.82,41729,49916344.00,3.06,-1.49,-0.18,2.04
2026-01-27,11.99,11.82,12.00,11.42,48753,56941858.00,4.87,-0.84,-0.10,2.39
2026-01-28,11.82,11.63,11.88,11.56,41196,48060135.00,2.71,-1.61,-0.19,2.02
2026-01-29,11.63,11.58,11.91,11.43,50988,59673842.00,4.13,-0.43,-0.05,2.50
2026-01-30,11.08,11.59,11.62,11.08,66317,75526242.00,4.66,0.09,0.01,3.25
2026-02-02,11.65,11.47,11.85,11.47,41460,48243739.00,3.28,-1.04,-0.12,2.03
2026-02-03,11.81,11.72,11.81,11.46,43311,50538375.00,3.05,2.18,0.25,2.12
2026-02-04,11.76,11.95,11.95,11.65,50791,60339985.00,2.56,1.96,0.23,2.49
2026-02-05,12.00,11.84,12.02,11.78,32997,39223644.00,2.01,-0.92,-0.11,1.62
2026-02-06,11.86,11.91,12.00,11.70,28362,33759689.00,2.53,0.59,0.07,1.39
2026-02-09,12.01,12.04,12.10,11.91,32827,39451788.00,1.60,1.09,0.13,1.61
2026-02-10,12.09,11.93,12.15,11.91,25367,30500769.00,1.99,-0.91,-0.11,1.24
2026-02-11,11.94,11.93,12.07,11.81,28601,34157028.00,2.18,0.00,0.00,1.40
2026-02-12,11.92,11.79,11.93,11.66,28596,33773996.00,2.26,-1.17,-0.14,1.40
2026-02-13,11.76,11.75,11.95,11.71,33612,39764406.00,2.04,-0.34,-0.04,1.65
2026-02-24,11.86,12.11,12.14,11.80,34372,41365003.00,2.89,3.06,0.36,1.68
2026-02-25,12.12,12.00,12.24,12.00,29478,35578203.00,1.98,-0.91,-0.11,1.44
2026-02-26,12.12,12.35,12.80,11.90,87388,107805548.00,7.50,2.92,0.35,4.28
2026-02-27,12.50,12.59,13.40,12.32,182299,229040859.00,8.74,1.94,0.24,8.93
2026-03-02,12.13,12.29,12.79,12.05,116616,144692815.00,5.88,-2.38,-0.30,5.71
2026-03-03,12.46,12.36,12.76,12.05,129418,160539684.00,5.78,0.57,0.07,6.34
2026-03-04,12.15,12.33,12.44,11.80,91258,111414360.00,5.18,-0.24,-0.03,4.47
2026-03-05,12.39,12.60,12.69,12.33,94680,118551106.00,2.92,2.19,0.27,4.64
2026-03-06,12.52,12.89,13.08,12.38,97454,125433942.00,5.56,2.30,0.29,4.77
2026-03-09,12.73,12.65,12.79,12.39,68151,85574945.00,3.10,-1.86,-0.24,3.34
2026-03-10,12.84,12.73,12.90,12.65,54091,69047607.00,1.98,0.63,0.08,2.65
2026-03-11,12.76,12.39,12.80,12.35,63263,79291385.00,3.53,-2.67,-0.34,3.10
2026-03-12,12.38,12.16,12.49,12.06,60254,73787147.00,3.47,-1.86,-0.23,2.95
2026-03-13,12.10,12.25,12.50,12.01,52973,65111775.00,4.03,0.74,0.09,2.59
2026-03-16,12.26,12.19,12.37,11.80,40893,49642524.00,4.65,-0.49,-0.06,2.00
2026-03-17,12.18,11.91,12.26,11.88,29881,35955210.00,3.12,-2.30,-0.28,1.46
2026-03-18,11.97,12.12,12.26,11.83,24803,29814712.00,3.61,1.76,0.21,1.21
2026-03-19,12.00,11.58,12.08,11.51,36509,42820191.00,4.70,-4.46,-0.54,1.79
2026-03-20,11.60,11.20,11.72,11.17,42452,48160159.00,4.75,-3.28,-0.38,2.08
2026-03-23,10.90,10.46,11.09,10.35,53157,57025766.00,6.61,-6.61,-0.74,2.60
2026-03-24,10.79,11.18,11.18,10.60,57173,62253494.00,5.54,6.88,0.72,2.80
2026-03-25,11.21,11.48,11.49,11.18,36668,41782996.00,2.77,2.68,0.30,1.80
2026-03-26,11.49,11.15,11.56,11.10,31820,35873529.00,4.01,-2.87,-0.33,1.56
2026-03-27,11.15,11.37,11.50,11.00,34355,38956985.00,4.48,1.97,0.22,1.68
2026-03-30,11.30,11.63,11.65,11.23,34008,38956242.00,3.69,2.29,0.26,1.67
2026-03-31,11.61,11.27,11.69,11.24,37862,43426932.00,3.87,-3.10,-0.36,1.85
2026-04-01,11.43,11.51,11.55,11.32,25066,28646789.00,2.04,2.13,0.24,1.23
2026-04-02,11.50,11.12,11.56,11.06,25134,28274205.00,4.34,-3.39,-0.39,1.23
2026-04-03,11.12,10.25,11.18,10.04,94348,98008725.00,10.25,-7.82,-0.87,4.62
2026-04-07,10.38,10.70,10.79,10.28,61492,65291674.00,4.98,4.39,0.45,3.01
2026-04-08,11.03,11.23,11.30,10.97,45697,51042947.00,3.08,4.95,0.53,2.24
2026-04-09,11.23,10.90,11.23,10.83,39610,43505921.00,3.56,-2.94,-0.33,1.94
2026-04-10,11.05,11.00,11.14,10.95,26963,29790392.00,1.74,0.92,0.10,1.32
2026-04-13,11.00,12.10,12.10,10.70,71179,82353112.00,12.73,10.00,1.10,3.49
2026-04-14,12.18,12.04,12.48,11.85,164691,199320490.00,5.21,-0.50,-0.06,8.07
2026-04-15,12.04,11.63,12.14,11.58,79647,93836882.00,4.65,-3.41,-0.41,3.90
2026-04-16,11.74,11.82,11.92,11.44,61977,72586027.00,4.13,1.63,0.19,3.04
2026-04-17,11.82,11.52,11.94,11.33,83252,96367303.00,5.16,-2.54,-0.30,4.08
2026-04-20,11.50,11.63,11.66,11.40,54928,63553118.00,2.26,0.95,0.11,2.69
2026-04-21,11.64,12.06,12.16,11.57,101867,121516983.00,5.07,3.70,0.43,4.99
2026-04-22,12.23,11.76,12.94,11.76,107207,129582068.00,9.78,-2.49,-0.30,5.25
2026-04-23,11.88,11.60,12.08,11.52,71309,83458447.00,4.76,-1.36,-0.16,3.49
2026-04-24,11.56,11.66,11.78,11.50,50736,59080134.00,2.41,0.52,0.06,2.48
2026-04-27,11.54,11.70,11.75,11.31,48712,56208161.00,3.77,0.34,0.04,2.39
2026-04-28,11.65,11.71,11.95,11.59,45827,53791581.00,3.08,0.09,0.01,2.24
2026-04-29,11.51,11.75,11.88,11.50,54801,64108083.00,3.25,0.34,0.04,2.68
2026-04-30,11.39,12.09,12.18,11.39,79723,95629053.00,6.72,2.89,0.34,3.90
2026-05-06,12.10,11.90,12.12,11.83,70022,83585193.00,2.40,-1.57,-0.19,3.43
2026-05-07,11.88,12.14,12.19,11.82,61109,73767209.00,3.11,2.02,0.24,2.99
2026-05-08,12.08,12.12,12.15,11.95,38333,46214981.00,1.65,-0.16,-0.02,1.88
2026-05-11,12.29,11.99,12.29,11.84,45436,54474499.00,3.71,-1.07,-0.13,2.23
2026-05-12,11.97,11.83,12.20,11.73,41134,48946367.00,3.92,-1.33,-0.16,2.01
2026-05-13,11.83,11.68,11.92,11.64,38760,45554756.00,2.37,-1.27,-0.15,1.90
2026-05-14,11.67,11.64,11.81,11.47,39464,45896019.00,2.91,-0.34,-0.04,1.93
2026-05-15,11.56,11.40,11.75,11.35,33632,38700998.00,3.44,-2.06,-0.24,1.65
2026-05-18,11.36,11.62,11.67,11.36,28918,33314896.00,2.72,1.93,0.22,1.42
2026-05-19,11.68,11.50,11.94,11.42,38260,44485270.00,4.48,-1.03,-0.12,1.87
2026-05-20,11.51,11.52,11.61,11.22,30279,34410936.00,3.39,0.17,0.02,1.48
2026-05-21,11.48,11.74,12.55,11.48,121995,147525090.00,9.29,1.91,0.22,5.97
2026-05-22,11.88,11.60,12.12,11.32,82711,96066426.00,6.81,-1.19,-0.14,4.05
2026-05-25,11.63,11.20,11.88,11.05,61185,69674122.00,7.16,-3.45,-0.40,3.00
2026-05-26,11.24,10.75,11.30,10.61,53098,57358927.00,6.16,-4.02,-0.45,2.60
2026-05-27,10.60,10.51,10.81,10.36,38881,40967742.00,4.19,-2.23,-0.24,1.90
2026-05-28,10.61,10.72,10.93,10.56,41229,44173622.00,3.52,2.00,0.21,2.02
2026-05-29,10.72,10.29,10.83,10.18,33083,34645081.00,6.06,-4.01,-0.43,1.62
2026-06-01,10.29,10.56,10.65,10.01,36402,38329841.00,6.22,2.62,0.27,1.78
2026-06-02,10.70,10.37,11.27,10.25,47000,49521359.00,9.66,-1.80,-0.19,2.30
2026-06-03,10.44,9.99,10.44,9.89,46072,46303152.00,5.30,-3.66,-0.38,2.26
2026-06-04,9.97,9.89,10.06,9.79,33163,32772884.00,2.70,-1.00,-0.10,1.62
2026-06-05,9.80,9.93,10.09,9.57,35267,34634232.00,5.26,0.40,0.04,1.73
2026-06-08,9.58,9.60,9.98,9.48,38228,37175851.00,5.04,-3.32,-0.33,1.87
2026-06-09,9.69,9.53,9.79,9.39,27998,26678184.00,4.17,-0.73,-0.07,1.37
2026-06-10,9.53,9.49,9.59,9.17,30891,28897823.00,4.41,-0.42,-0.04,1.51
2026-06-11,9.54,9.33,9.61,9.10,24347,22580490.00,5.37,-1.69,-0.16,1.19
2026-06-12,9.39,9.44,9.55,9.17,27684,26067866.00,4.07,1.18,0.11,1.36
2026-06-15,9.52,9.20,9.67,9.12,35148,32707089.00,5.83,-2.54,-0.24,1.72
2026-06-16,9.22,9.38,9.50,9.03,35439,32757783.00,5.11,1.96,0.18,1.74
2026-06-17,9.19,9.89,10.28,9.06,104018,99265619.00,13.01,5.44,0.51,5.09
2026-06-18,9.80,10.88,10.88,9.08,179383,177486816.00,18.20,10.01,0.99,8.78
2026-06-22,10.50,11.20,11.76,9.79,224961,233639762.00,18.11,2.94,0.32,11.02
2026-06-23,10.63,10.08,10.65,10.08,180822,184162635.00,5.09,-10.00,-1.12,8.86
2026-06-24,9.49,9.75,10.21,9.12,168304,161320758.00,10.81,-3.27,-0.33,8.24
2026-06-25,9.49,8.78,9.75,8.78,158357,143066634.00,9.95,-9.95,-0.97,7.76
2026-06-26,8.35,8.16,8.40,7.90,151376,120634580.00,5.69,-7.06,-0.62,7.41
2026-06-29,7.94,7.83,8.05,7.34,125193,96118080.00,8.70,-4.04,-0.33,6.13
2026-06-30,7.82,8.27,8.29,7.81,100022,81127481.00,6.13,5.62,0.44,4.90
2026-07-01,8.32,8.49,8.58,8.00,73470,61443701.00,7.01,2.66,0.22,3.60
2026-07-02,8.56,8.38,8.76,8.38,59911,51059046.00,4.48,-1.30,-0.11,2.93
2026-07-03,8.54,8.38,8.56,8.19,44657,37507350.00,4.42,0.00,0.00,2.19
2026-07-06,8.36,8.41,8.61,8.35,57676,48917321.00,3.10,0.36,0.03,2.82
2026-07-07,8.31,8.19,8.40,8.06,35614,29113705.00,4.04,-2.62,-0.22,1.74
2026-07-08,8.13,7.98,8.27,7.92,33611,26953257.00,4.27,-2.56,-0.21,1.65
2026-07-09,7.94,7.96,8.08,7.71,38484,30423234.00,4.64,-0.25,-0.02,1.88
2026-07-10,7.92,8.65,8.76,7.82,122854,105235956.00,11.81,8.67,0.69,6.02
2026-07-13,8.66,8.90,9.47,8.55,125158,112768717.00,10.64,2.89,0.25,6.13
2026-07-14,8.90,8.98,9.20,8.71,84149,75015062.00,5.51,0.90,0.08,4.12
2026-07-15,8.96,8.71,9.00,8.51,63461,55526811.00,5.46,-3.01,-0.27,3.11
2026-07-16,8.77,8.90,9.10,8.32,61430,54659930.00,8.96,2.18,0.19,3.01
2026-07-17,8.90,9.03,9.34,8.82,85158,77446796.00,5.84,1.46,0.13,4.17
2026-07-20,9.01,8.13,9.01,8.13,77239,65706596.00,9.75,-9.97,-0.90,3.78
2026-07-21,8.03,7.90,8.11,7.32,91640,70360159.00,9.72,-2.83,-0.23,4.49
2026-07-22,7.89,7.87,8.18,7.77,44207,35124013.00,5.19,-0.38,-0.03,2.16
2026-07-23,7.86,8.16,8.16,7.84,42245,33879127.00,4.07,3.68,0.29,2.07
2026-07-24,8.01,8.09,8.25,7.95,40125,32465547.00,3.68,-0.86,-0.07,1.97
2026-07-27,7.94,8.32,8.38,7.94,42009,34639286.00,5.44,2.84,0.23,2.06
2026-07-28,8.32,8.44,8.74,8.22,38001,32208648.00,6.25,1.44,0.12,1.86
2026-07-29,8.46,8.58,8.67,8.35,38646,32960064.00,3.79,1.66,0.14,1.89