2026-01-05,24.86,25.79,26.34,24.62,747687,1900424845.00,6.85,2.67,0.67,11.32
2026-01-06,25.40,25.75,25.86,25.26,510202,1309123229.00,2.33,-0.16,-0.04,7.73
2026-01-07,25.55,25.62,26.28,25.32,438595,1129421547.00,3.73,-0.50,-0.13,6.64
2026-01-08,25.66,26.87,27.47,25.26,828237,2196058917.00,8.63,4.88,1.25,12.54
2026-01-09,26.51,29.15,29.28,26.50,1285140,3610315115.00,10.35,8.49,2.28,19.46
2026-01-12,30.96,34.98,34.98,30.00,1428396,4634099432.00,17.08,20.00,5.83,21.63
2026-01-13,38.69,37.02,41.74,36.90,2777462,10847157928.00,13.84,5.83,2.04,42.06
2026-01-14,36.67,38.66,42.50,35.15,2439649,9629518450.00,19.85,4.43,1.64,36.94
2026-01-15,36.64,35.95,38.37,35.15,1585535,5775700824.00,8.33,-7.01,-2.71,24.01
2026-01-16,35.00,32.91,35.58,31.79,1288420,4281357138.00,10.54,-8.46,-3.04,19.51
2026-01-19,32.14,32.04,33.14,31.86,797738,2575269632.00,3.89,-2.64,-0.87,12.08
2026-01-20,32.50,31.16,32.88,30.75,749131,2363992812.00,6.65,-2.75,-0.88,11.34
2026-01-21,30.65,31.00,31.77,30.37,538099,1671083104.00,4.49,-0.51,-0.16,8.15
2026-01-22,31.20,32.11,33.40,31.16,923381,2983256924.00,7.23,3.58,1.11,13.98
2026-01-23,32.37,32.79,33.66,31.70,1057823,3465241681.00,6.10,2.12,0.68,16.02
2026-01-26,33.99,31.77,34.43,31.10,904364,2921646033.00,10.16,-3.11,-1.02,13.69
2026-01-27,32.29,32.23,32.94,30.96,768098,2442550859.00,6.23,1.45,0.46,11.63
2026-01-28,31.88,31.08,32.76,30.89,601750,1904005550.00,5.80,-3.57,-1.15,9.11
2026-01-29,30.50,32.92,35.16,30.30,1429698,4783251360.00,15.64,5.92,1.84,21.65
2026-01-30,32.54,31.78,32.85,31.52,722933,2318196226.00,4.04,-3.46,-1.14,10.95
2026-02-02,31.73,30.68,32.42,30.61,540090,1696661181.00,5.70,-3.46,-1.10,8.18
2026-02-03,31.21,31.91,31.95,30.75,588691,1854527608.00,3.91,4.01,1.23,8.91
2026-02-04,31.29,30.70,31.94,29.97,631127,1936742127.00,6.17,-3.79,-1.21,9.56
2026-02-05,30.55,30.77,31.98,30.39,595409,1857640802.00,5.18,0.23,0.07,9.02
2026-02-06,30.13,29.40,30.29,29.02,543536,1613197747.00,4.13,-4.45,-1.37,8.23
2026-02-09,35.28,35.28,35.28,35.28,517081,1824261732.00,0.00,20.00,5.88,7.83
2026-02-10,42.32,42.34,42.34,38.90,2351455,9547101556.00,9.75,20.01,7.06,35.61
2026-02-11,43.52,39.80,43.80,38.95,2601505,10504164561.00,11.45,-6.00,-2.54,39.39
2026-02-12,38.61,37.17,39.47,36.35,2024015,7618893050.00,7.84,-6.61,-2.63,30.65
2026-02-13,37.51,36.30,38.95,36.16,1631604,6130917929.00,7.51,-2.34,-0.87,24.71
2026-02-24,34.50,32.37,35.26,32.15,1443025,4765869979.00,8.57,-10.83,-3.93,21.85
2026-02-25,32.60,32.40,32.88,31.98,787984,2550129210.00,2.78,0.09,0.03,11.93
2026-02-26,32.41,32.16,32.88,31.88,797527,2580496408.00,3.09,-0.74,-0.24,12.08
2026-02-27,31.99,32.06,32.50,31.84,686110,2208786702.00,2.05,-0.31,-0.10,10.39
2026-03-02,31.01,30.61,31.64,30.31,787950,2428846472.00,4.15,-4.52,-1.45,11.93
2026-03-03,30.69,28.56,30.90,28.45,747069,2188532030.00,8.00,-6.70,-2.05,11.31
2026-03-04,28.00,28.15,28.80,27.90,467767,1324626885.00,3.15,-1.44,-0.41,7.08
2026-03-05,29.55,28.51,29.66,28.30,553426,1592156084.00,4.83,1.28,0.36,8.38
2026-03-06,28.87,28.97,29.60,28.51,745315,2161534107.00,3.82,1.61,0.46,11.29
2026-03-09,27.94,28.88,29.09,27.72,607485,1721600854.00,4.73,-0.31,-0.09,9.20
2026-03-10,29.56,29.03,29.94,28.68,605690,1766979245.00,4.36,0.52,0.15,9.17
2026-03-11,28.90,28.51,29.03,28.36,447876,1282076836.00,2.31,-1.79,-0.52,6.78
2026-03-12,28.36,28.26,28.98,28.20,449292,1280652730.00,2.74,-0.88,-0.25,6.80
2026-03-13,28.10,26.97,28.26,26.88,535718,1467043490.00,4.88,-4.56,-1.29,8.11
2026-03-16,26.81,27.65,27.68,26.71,397361,1082452086.00,3.60,2.52,0.68,6.02
2026-03-17,27.55,26.90,27.78,26.83,302274,826736794.00,3.44,-2.71,-0.75,4.58
2026-03-18,27.13,27.40,27.41,26.80,284814,772013574.00,2.27,1.86,0.50,4.31
2026-03-19,26.80,26.97,27.32,26.66,369788,997832697.00,2.41,-1.57,-0.43,5.60
2026-03-20,27.00,25.82,27.17,25.78,462443,1216092405.00,5.15,-4.26,-1.15,7.00
2026-03-23,25.04,24.25,25.50,23.98,478450,1183622709.00,5.89,-6.08,-1.57,7.24
2026-03-24,24.76,25.12,25.16,24.35,411685,1018290775.00,3.34,3.59,0.87,6.23
2026-03-25,25.20,25.86,26.24,25.20,403789,1044418164.00,4.14,2.95,0.74,6.11
2026-03-26,25.83,25.56,26.29,25.44,349719,903005762.00,3.29,-1.16,-0.30,5.30
2026-03-27,25.07,25.94,26.45,25.03,371818,959546917.00,5.56,1.49,0.38,5.63
2026-03-30,25.49,27.16,27.91,25.35,815374,2179011474.00,9.87,4.70,1.22,12.35
2026-03-31,27.11,26.68,27.42,26.60,489075,1320219155.00,3.02,-1.77,-0.48,7.41
2026-04-01,27.34,27.20,27.65,26.63,530223,1441406905.00,3.82,1.95,0.52,8.03
2026-04-02,27.18,26.24,27.43,26.11,415240,1103838935.00,4.85,-3.53,-0.96,6.29
2026-04-03,26.38,25.37,26.48,25.31,297218,760678536.00,4.46,-3.32,-0.87,4.50
2026-04-07,25.41,26.61,27.09,25.02,557176,1468723521.00,8.16,4.89,1.24,8.44
2026-04-08,27.45,29.83,30.24,27.20,1359370,3918854533.00,11.42,12.10,3.22,20.58
2026-04-09,28.46,28.10,28.88,27.90,864932,2440159289.00,3.29,-5.80,-1.73,13.10
2026-04-10,28.35,27.78,28.49,27.72,559945,1570701185.00,2.74,-1.14,-0.32,8.48
2026-04-13,27.21,27.36,27.83,26.89,358518,981190836.00,3.38,-1.51,-0.42,5.43
2026-04-14,27.98,28.10,28.66,27.71,626989,1760316918.00,3.47,2.70,0.74,9.49
2026-04-15,28.11,27.45,28.50,27.27,409028,1138612581.00,4.38,-2.31,-0.65,6.19
2026-04-16,27.60,28.41,28.76,27.60,660065,1870745173.00,4.23,3.50,0.96,9.99
2026-04-17,28.02,28.58,28.80,28.02,458627,1304593623.00,2.75,0.60,0.17,6.94
2026-04-20,28.31,30.30,31.00,28.31,990154,2988809252.00,9.41,6.02,1.72,14.99
2026-04-21,30.30,30.39,30.80,29.75,651319,1966624806.00,3.47,0.30,0.09,9.86
2026-04-22,30.18,30.26,30.76,29.68,506797,1525819469.00,3.55,-0.43,-0.13,7.67
2026-04-23,30.54,30.43,31.60,30.10,716055,2201593598.00,4.96,0.56,0.17,10.84
2026-04-24,30.01,29.95,30.49,29.00,534584,1593859348.00,4.90,-1.58,-0.48,8.09
2026-04-27,29.91,29.37,29.91,28.70,390647,1143488904.00,4.04,-1.94,-0.58,5.92
2026-04-28,29.26,28.54,29.26,28.27,370099,1060156739.00,3.37,-2.83,-0.83,5.60
2026-04-29,28.33,29.60,29.95,28.33,474310,1395674329.00,5.68,3.71,1.06,7.18
2026-04-30,29.26,28.78,29.80,28.70,337297,978374405.00,3.72,-2.77,-0.82,5.11
2026-05-06,29.10,30.26,30.84,29.10,543982,1638431663.00,6.05,5.14,1.48,8.24
2026-05-07,30.23,32.36,32.40,30.01,849170,2682068649.00,7.90,6.94,2.10,12.86
2026-05-08,32.70,31.38,33.36,31.28,867541,2790986775.00,6.43,-3.03,-0.98,13.14
2026-05-11,31.64,31.09,32.04,30.88,605249,1890983642.00,3.70,-0.92,-0.29,9.16
2026-05-12,30.90,30.55,31.37,30.00,491331,1502442547.00,4.41,-1.74,-0.54,7.44
2026-05-13,30.55,30.86,30.95,29.83,512228,1560073079.00,3.67,1.01,0.31,7.76
2026-05-14,31.16,27.83,31.53,27.73,897336,2600370518.00,12.31,-9.82,-3.03,13.59
2026-05-15,28.36,27.90,29.05,27.82,567529,1611712053.00,4.42,0.25,0.07,8.59
2026-05-18,27.71,28.04,28.56,27.50,409098,1142327663.00,3.80,0.50,0.14,6.19
2026-05-19,27.96,28.40,29.28,27.70,530696,1510371335.00,5.63,1.28,0.36,8.04
2026-05-20,28.00,27.20,28.07,27.11,449659,1232499676.00,3.38,-4.23,-1.20,6.81
2026-05-21,27.37,26.00,27.85,25.77,509756,1367938915.00,7.65,-4.41,-1.20,7.72
2026-05-22,26.10,26.08,26.28,25.62,292844,760550018.00,2.54,0.31,0.08,4.43
2026-05-25,26.38,26.15,26.84,25.82,329766,864597819.00,3.91,0.27,0.07,4.99
2026-05-26,26.03,25.61,26.11,25.00,372570,947606952.00,4.24,-2.07,-0.54,5.64
2026-05-27,27.52,26.41,28.66,26.21,1052178,2874984053.00,9.57,3.12,0.80,15.93
2026-05-28,26.10,25.36,26.41,24.86,705612,1792210113.00,5.87,-3.98,-1.05,10.68
2026-05-29,25.58,25.39,26.22,25.26,695458,1786533567.00,3.79,0.12,0.03,10.53
2026-06-01,25.20,26.60,27.16,25.00,727957,1921692652.00,8.51,4.77,1.21,11.02
2026-06-02,26.70,25.59,26.75,25.06,512608,1308820223.00,6.35,-3.80,-1.01,7.76
2026-06-03,25.15,24.88,25.43,24.47,422735,1055415205.00,3.75,-2.77,-0.71,6.40
2026-06-04,24.50,23.90,24.50,23.63,457435,1096510711.00,3.50,-3.94,-0.98,6.93
2026-06-05,24.13,23.82,24.52,23.30,350907,837178380.00,5.10,-0.33,-0.08,5.31
2026-06-08,22.99,23.02,23.68,22.90,317009,735102320.00,3.27,-3.36,-0.80,4.80
2026-06-09,23.32,23.74,23.96,22.80,357246,839860676.00,5.04,3.13,0.72,5.41
2026-06-10,23.21,22.87,23.94,22.80,306959,713874902.00,4.80,-3.66,-0.87,4.65
2026-06-11,22.44,21.84,22.57,21.70,343074,754125705.00,3.80,-4.50,-1.03,5.19
2026-06-12,22.20,21.92,22.45,21.84,304975,675578017.00,2.79,0.37,0.08,4.62
2026-06-15,22.23,23.62,23.77,22.23,470877,1085976987.00,7.03,7.76,1.70,7.13
2026-06-16,23.40,23.81,24.06,23.19,349388,829069635.00,3.68,0.80,0.19,5.29
2026-06-17,23.40,23.40,23.69,23.00,281651,657458848.00,2.90,-1.72,-0.41,4.26
2026-06-18,23.39,25.06,25.28,22.98,713599,1740043997.00,9.83,7.09,1.66,10.81
2026-06-22,24.71,26.30,26.35,24.60,699476,1792412347.00,6.98,4.95,1.24,10.59
2026-06-23,25.80,25.66,26.29,25.05,480246,1225582731.00,4.71,-2.43,-0.64,7.27
2026-06-24,25.46,25.74,25.88,24.78,386674,977195356.00,4.29,0.31,0.08,5.85
2026-06-25,25.13,25.24,25.77,24.96,306518,775324046.00,3.15,-1.94,-0.50,4.64
2026-06-26,25.00,23.47,25.04,23.45,371946,892859223.00,6.30,-7.01,-1.77,5.63
2026-06-29,24.00,23.44,24.39,23.10,294550,698678108.47,5.50,-0.13,-0.03,4.46