2026-01-05,29.25,28.86,29.41,28.39,21805,62838966.00,3.49,-1.33,-0.39,3.17
2026-01-06,28.89,28.58,29.20,28.25,23367,66820118.00,3.29,-0.97,-0.28,3.39
2026-01-07,28.58,28.72,28.98,28.35,17365,49806880.00,2.20,0.49,0.14,2.52
2026-01-08,28.73,28.76,28.94,28.63,15989,46115145.00,1.08,0.14,0.04,2.32
2026-01-09,28.65,29.29,29.29,28.35,21599,62321055.00,3.27,1.84,0.53,3.14
2026-01-12,29.53,30.78,31.38,29.13,40266,122358276.00,7.68,5.09,1.49,5.85
2026-01-13,31.05,31.26,33.28,31.05,43294,138387558.00,7.24,1.56,0.48,6.29
2026-01-14,31.42,31.71,32.92,31.07,48549,156127667.00,5.92,1.44,0.45,7.05
2026-01-15,31.34,30.67,32.29,30.56,34317,107567337.00,5.46,-3.28,-1.04,4.98
2026-01-16,30.65,31.07,31.85,29.72,35145,107756144.00,6.94,1.30,0.40,5.10
2026-01-19,30.95,31.73,32.40,30.89,20538,65217800.00,4.86,2.12,0.66,2.98
2026-01-20,31.55,31.14,32.18,30.93,25942,81805348.00,3.94,-1.86,-0.59,3.77
2026-01-21,30.86,31.12,31.48,30.73,11104,34498075.00,2.41,-0.06,-0.02,1.61
2026-01-22,31.31,30.96,31.43,30.78,10799,33577257.00,2.09,-0.51,-0.16,1.57
2026-01-23,30.95,30.70,31.11,30.63,11626,35879007.00,1.55,-0.84,-0.26,1.69
2026-01-26,30.24,32.67,34.43,29.43,86355,273030047.00,16.29,6.42,1.97,12.54
2026-01-27,32.00,31.77,32.15,30.55,42862,134708983.00,4.90,-2.75,-0.90,6.23
2026-01-28,31.53,30.71,31.63,30.51,22129,68494653.00,3.53,-3.34,-1.06,3.21
2026-01-29,30.65,32.14,33.78,30.16,61578,201493253.00,11.79,4.66,1.43,8.94
2026-01-30,32.49,31.42,32.73,30.87,28065,88702984.00,5.79,-2.24,-0.72,4.08
2026-02-02,31.23,32.79,33.00,31.23,46670,152411399.00,5.63,4.36,1.37,6.78
2026-02-03,33.12,33.58,33.60,32.58,38583,128447054.00,3.11,2.41,0.79,5.60
2026-02-04,33.27,33.26,33.58,32.75,20853,69235913.00,2.47,-0.95,-0.32,3.03
2026-02-05,32.93,33.12,33.74,32.47,22334,73869207.00,3.82,-0.42,-0.14,3.24
2026-02-06,33.55,33.55,33.94,32.65,31354,105167101.00,3.89,1.30,0.43,4.55
2026-02-09,32.96,33.63,34.45,32.96,23401,78892606.00,4.44,0.24,0.08,3.40
2026-02-10,34.25,34.99,36.80,33.70,85928,305631481.00,9.22,4.04,1.36,12.48
2026-02-11,35.45,37.02,38.16,34.60,95247,352088744.00,10.17,5.80,2.03,13.83
2026-02-12,37.55,36.77,37.93,34.95,113665,412005347.00,8.05,-0.68,-0.25,16.51
2026-02-13,36.98,37.46,38.83,36.05,57262,214860927.00,7.56,1.88,0.69,8.32
2026-02-24,36.94,39.22,39.41,36.45,83976,321418188.00,7.90,4.70,1.76,12.20
2026-02-25,39.54,41.77,44.00,39.15,108246,455809383.00,12.37,6.50,2.55,15.72
2026-02-26,42.51,42.70,43.13,40.60,65442,275126656.00,6.06,2.23,0.93,9.50
2026-02-27,42.69,45.25,45.82,41.75,76742,340218460.00,9.53,5.97,2.55,11.15
2026-03-02,45.97,43.80,46.75,43.31,66031,296992584.00,7.60,-3.20,-1.45,9.59
2026-03-03,43.37,41.41,43.95,41.29,47009,199647892.00,6.07,-5.46,-2.39,6.83
2026-03-04,40.91,42.45,43.71,40.91,42306,179198362.00,6.76,2.51,1.04,6.14
2026-03-05,44.04,44.82,45.31,42.46,48617,216321504.00,6.71,5.58,2.37,7.06
2026-03-06,44.30,43.73,44.82,43.25,39934,174741662.00,3.50,-2.43,-1.09,5.80
2026-03-09,42.95,41.89,43.54,41.55,33544,141104347.00,4.55,-4.21,-1.84,4.87
2026-03-10,43.48,44.90,45.45,42.18,56404,249913768.00,7.81,7.19,3.01,8.19
2026-03-11,44.85,49.35,51.45,43.83,83167,389319109.00,16.97,9.91,4.45,12.08
2026-03-12,49.00,47.90,49.45,47.41,44318,213808919.00,4.13,-2.94,-1.45,6.44
2026-03-13,48.34,49.56,52.65,48.34,60562,307996226.00,9.00,3.47,1.66,8.80
2026-03-16,49.28,50.40,50.90,47.66,38563,191384307.00,6.54,1.69,0.84,5.60
2026-03-17,49.95,48.46,50.31,48.23,37290,183787403.00,4.13,-3.85,-1.94,5.42
2026-03-18,48.90,49.14,49.93,46.95,34358,165599996.00,6.15,1.40,0.68,4.99
2026-03-19,49.14,50.21,52.58,48.42,52482,263454387.00,8.47,2.18,1.07,7.62
2026-03-20,50.57,48.90,53.94,47.83,60278,300405026.00,12.17,-2.61,-1.31,8.75
2026-03-23,47.48,43.85,48.10,43.65,68970,319130799.00,9.10,-10.33,-5.05,10.02
2026-03-24,44.79,44.82,45.65,43.55,41617,185148114.00,4.79,2.21,0.97,6.04
2026-03-25,44.92,46.36,48.12,44.76,38424,178873187.00,7.50,3.44,1.54,5.58
2026-03-26,46.21,41.65,46.89,40.83,64821,280993714.00,13.07,-10.16,-4.71,9.41
2026-03-27,39.95,39.15,40.75,37.78,80754,315840014.00,7.13,-6.00,-2.50,11.73
2026-03-30,38.13,37.45,38.71,36.07,66280,246651532.00,6.74,-4.34,-1.70,9.63
2026-03-31,37.13,35.47,37.44,35.35,39895,144438143.00,5.58,-5.29,-1.98,5.79
2026-04-01,35.95,37.16,37.52,34.95,48433,176988877.00,7.25,4.76,1.69,7.03
2026-04-02,36.92,35.85,36.95,35.46,30997,112190567.00,4.01,-3.53,-1.31,4.50
2026-04-03,35.62,34.01,36.07,33.80,37577,129369948.00,6.33,-5.13,-1.84,5.46
2026-04-07,34.32,35.10,35.38,33.91,41674,144749287.00,4.32,3.20,1.09,5.87
2026-04-08,35.68,35.76,36.72,35.25,38393,137857699.00,4.19,1.88,0.66,5.41
2026-04-09,35.76,34.07,35.76,33.65,47133,162027160.00,5.90,-4.73,-1.69,6.64
2026-04-10,34.13,34.74,35.15,33.59,39122,134649370.00,4.58,1.97,0.67,5.51
2026-04-13,35.03,38.02,39.30,34.55,89812,340315944.00,13.67,9.44,3.28,12.66
2026-04-14,38.05,37.89,38.69,36.94,75587,285531276.00,4.60,-0.34,-0.13,10.65
2026-04-15,37.87,38.94,39.45,37.67,46384,180144969.00,4.70,2.77,1.05,6.54
2026-04-16,38.90,38.76,38.90,37.50,34616,132799635.00,3.60,-0.46,-0.18,4.88
2026-04-17,38.46,38.19,38.71,37.84,26867,102602418.00,2.24,-1.47,-0.57,3.79
2026-04-20,38.14,37.84,38.74,37.51,32989,125079102.00,3.22,-0.92,-0.35,4.65
2026-04-21,37.76,38.89,39.05,37.21,37683,143427896.00,4.86,2.77,1.05,5.31
2026-04-22,38.75,39.31,39.33,37.85,27976,107936632.00,3.81,1.08,0.42,3.94
2026-04-23,39.62,39.14,40.59,37.58,37956,146673510.00,7.66,-0.43,-0.17,5.35
2026-04-24,38.95,37.37,40.66,35.77,73823,276256766.00,12.49,-4.52,-1.77,10.40
2026-04-27,37.72,37.44,38.21,37.12,38610,145015730.00,2.92,0.19,0.07,5.44
2026-04-28,37.18,38.83,39.35,37.03,43992,169418234.00,6.20,3.71,1.39,6.20
2026-04-29,38.83,37.84,39.28,37.76,31602,121112553.00,3.91,-2.55,-0.99,4.45
2026-04-30,37.95,37.64,38.07,37.32,21507,81080451.00,1.98,-0.53,-0.20,3.03
2026-05-06,37.66,39.28,39.39,37.48,46904,180301577.00,5.07,4.36,1.64,6.61
2026-05-07,39.37,40.40,41.81,38.94,59177,239072820.00,7.31,2.85,1.12,8.34
2026-05-08,40.08,40.39,41.09,39.55,31669,127845361.00,3.81,-0.02,-0.01,4.46
2026-05-11,40.39,40.72,41.55,40.33,31659,129354742.00,3.02,0.82,0.33,4.46
2026-05-12,40.96,42.05,42.93,40.50,57842,242994897.00,5.97,3.27,1.33,8.15
2026-05-13,42.07,41.45,42.35,40.80,42778,178088573.00,3.69,-1.43,-0.60,6.03
2026-05-14,41.45,39.30,41.50,39.17,30618,122481664.00,5.62,-5.19,-2.15,4.32
2026-05-15,39.30,38.57,39.72,38.07,28181,109418427.00,4.20,-1.86,-0.73,3.97
2026-05-18,38.96,38.18,38.96,37.87,26382,100835887.00,2.83,-1.01,-0.39,3.72
2026-05-19,38.18,37.92,38.72,37.38,22474,85298677.00,3.51,-0.68,-0.26,3.17
2026-05-20,37.94,37.79,38.29,37.25,17934,67663233.00,2.74,-0.34,-0.13,2.53
2026-05-21,38.92,36.11,38.92,35.94,33634,126868548.00,7.89,-4.45,-1.68,4.74
2026-05-22,36.18,40.50,40.87,35.65,57766,224957629.00,14.46,12.16,4.39,8.14
2026-05-25,41.32,41.67,43.29,40.50,73344,305730737.00,6.89,2.89,1.17,10.34
2026-05-26,41.94,41.42,42.60,40.17,45956,190955310.00,5.83,-0.60,-0.25,6.48
2026-05-27,41.45,39.92,41.48,39.12,30090,121039707.00,5.70,-3.62,-1.50,4.24
2026-05-28,39.58,41.52,41.72,39.50,35768,146337281.00,5.56,4.01,1.60,5.04
2026-05-29,41.45,41.55,42.08,40.06,35779,147040340.00,4.87,0.07,0.03,5.04
2026-06-01,41.85,40.11,42.65,39.86,35812,147026244.00,6.71,-3.47,-1.44,5.05
2026-06-02,40.75,39.88,41.95,38.95,29357,117753447.00,7.48,-0.57,-0.23,4.14
2026-06-03,39.89,44.62,45.45,39.26,72305,309962095.00,15.52,11.89,4.74,10.19
2026-06-04,44.35,46.27,46.69,43.45,64945,295564397.00,7.26,3.70,1.65,9.15
2026-06-05,46.05,43.45,46.84,42.87,63795,282739551.00,8.58,-6.09,-2.82,8.99
2026-06-08,42.57,45.49,45.53,42.25,72163,322521650.00,7.55,4.70,2.04,10.17
2026-06-09,45.54,46.66,46.89,44.47,55588,255908371.00,5.32,2.57,1.17,7.83
2026-06-10,45.95,44.97,47.45,43.84,41613,187548987.00,7.74,-3.62,-1.69,5.86
2026-06-11,44.52,44.63,45.83,43.87,31493,140685551.00,4.36,-0.76,-0.34,4.44
2026-06-12,45.35,46.38,47.60,44.05,50010,228179843.00,7.95,3.92,1.75,7.05
2026-06-15,47.41,49.62,51.84,46.95,64705,320104795.00,10.54,6.99,3.24,9.12
2026-06-16,49.18,51.07,51.51,48.33,45900,229786415.00,6.41,2.92,1.45,6.47
2026-06-17,50.56,50.18,52.38,49.90,31886,162121353.00,4.86,-1.74,-0.89,4.49
2026-06-18,49.98,50.07,50.97,49.30,31954,159344898.00,3.33,-0.22,-0.11,4.50
2026-06-22,50.00,50.61,50.93,46.90,43682,212714296.00,8.05,1.08,0.54,6.16
2026-06-23,50.02,48.45,50.77,47.90,30344,149045975.00,5.67,-4.27,-2.16,4.28
2026-06-24,49.10,47.14,49.20,46.40,36530,172728566.00,5.78,-2.70,-1.31,5.15
2026-06-25,46.67,45.70,47.68,44.67,42413,194634568.00,6.39,-3.05,-1.44,5.98
2026-06-26,45.45,45.03,47.26,43.00,38368,172299491.00,9.32,-1.47,-0.67,5.41
2026-06-29,44.95,44.81,46.03,42.37,37103,164513779.00,8.13,-0.49,-0.22,5.23