2026-01-05,61.90,63.22,63.69,61.90,44514,282843120.00,2.91,2.65,1.63,1.84
2026-01-06,64.08,63.90,64.78,63.11,68788,442175504.00,2.64,1.08,0.68,2.85
2026-01-07,64.00,65.20,66.19,64.00,93918,614426477.00,3.43,2.03,1.30,3.89
2026-01-08,63.30,62.73,64.40,62.22,61238,389628332.00,3.34,-3.79,-2.47,2.54
2026-01-09,62.22,63.55,63.67,61.68,46106,292256015.00,3.17,1.31,0.82,1.91
2026-01-12,63.56,62.61,63.91,61.75,49842,313417054.00,3.40,-1.48,-0.94,2.06
2026-01-13,62.12,60.36,62.94,60.06,47394,292271523.00,4.60,-3.59,-2.25,1.96
2026-01-14,60.39,60.07,61.70,59.28,45752,279093133.00,4.01,-0.48,-0.29,1.89
2026-01-15,59.93,64.15,64.83,59.52,83887,529072953.00,8.84,6.79,4.08,3.47
2026-01-16,65.11,67.25,67.76,64.33,84945,565336127.00,5.35,4.83,3.10,3.52
2026-01-19,68.11,67.73,70.79,67.55,71602,495939408.00,4.82,0.71,0.48,2.97
2026-01-20,67.48,68.47,69.94,66.58,71485,490850856.00,4.96,1.09,0.74,2.96
2026-01-21,67.80,71.50,72.40,67.80,81808,585307361.00,6.72,4.43,3.03,3.39
2026-01-22,73.01,69.33,73.47,68.80,66702,469848492.00,6.53,-3.03,-2.17,2.76
2026-01-23,68.55,68.24,69.29,67.38,47097,322983623.00,2.75,-1.57,-1.09,1.95
2026-01-26,68.58,67.00,69.45,66.18,53180,359727914.00,4.79,-1.82,-1.24,2.20
2026-01-27,66.51,69.64,69.93,65.03,62920,430011575.00,7.31,3.94,2.64,2.61
2026-01-28,70.00,70.30,71.39,69.37,52326,368751549.00,2.90,0.95,0.66,2.17
2026-01-29,70.70,64.60,71.72,64.50,83175,561398829.00,10.27,-8.11,-5.70,3.44
2026-01-30,64.20,66.29,67.20,62.75,64237,421731810.00,6.89,2.62,1.69,2.66
2026-02-02,65.51,61.09,65.70,61.09,66299,417746120.00,6.95,-7.84,-5.20,2.75
2026-02-03,62.38,62.43,62.81,60.84,36539,228025739.00,3.22,2.19,1.34,1.51
2026-02-04,61.70,61.18,62.29,60.25,35096,215532055.00,3.27,-2.00,-1.25,1.45
2026-02-05,60.00,59.35,60.66,58.70,39595,237386355.00,3.20,-2.99,-1.83,1.64
2026-02-06,58.62,59.33,60.44,58.62,31030,186467224.00,3.07,-0.03,-0.02,1.29
2026-02-09,60.87,61.07,61.89,60.18,31910,196650866.00,2.88,2.93,1.74,1.32
2026-02-10,61.37,62.08,62.79,60.91,38501,240875703.00,3.08,1.65,1.01,1.59
2026-02-11,61.37,61.71,63.68,61.37,37274,234481869.00,3.72,-0.60,-0.37,1.54
2026-02-12,62.12,62.31,63.17,61.75,38615,242956874.00,2.30,0.97,0.60,1.60
2026-02-13,61.80,62.30,63.89,61.80,34100,216970467.00,3.35,-0.02,-0.01,1.41
2026-02-24,62.53,63.62,64.68,62.28,43192,276826074.00,3.85,2.12,1.32,1.79
2026-02-25,63.74,68.00,68.40,62.39,79632,527296948.00,9.45,6.88,4.38,3.30
2026-02-26,67.99,70.84,71.58,67.17,78781,553676409.00,6.49,4.18,2.84,3.26
2026-02-27,70.01,70.42,71.39,68.66,63777,447900665.00,3.85,-0.59,-0.42,2.64
2026-03-02,69.50,71.39,73.49,69.05,74407,537767747.00,6.31,1.38,0.97,3.08
2026-03-03,72.15,66.45,72.38,66.10,67839,465868611.00,8.80,-6.92,-4.94,2.81
2026-03-04,65.55,65.64,67.76,65.06,43239,287621799.00,4.06,-1.22,-0.81,1.79
2026-03-05,67.00,67.74,70.30,66.21,59219,407298595.00,6.23,3.20,2.10,2.45
2026-03-06,67.30,74.50,75.48,66.50,127343,920458312.00,13.26,9.98,6.76,5.27
2026-03-09,70.69,82.80,84.36,70.10,202546,1562368532.00,19.14,11.14,8.30,8.39
2026-03-10,87.51,99.46,99.46,87.51,186276,1813257393.00,14.43,20.12,16.66,7.71
2026-03-11,98.60,99.06,103.18,97.50,181482,1817725625.00,5.71,-0.40,-0.40,7.52
2026-03-12,98.01,96.60,98.74,93.82,142262,1373146628.00,4.97,-2.48,-2.46,5.89
2026-03-13,96.48,90.50,96.60,90.02,108667,1001729723.00,6.81,-6.31,-6.10,4.50
2026-03-16,90.10,93.02,95.40,87.40,113866,1041410471.00,8.84,2.78,2.52,4.72
2026-03-17,92.50,87.27,94.42,87.27,73663,665138334.00,7.69,-6.18,-5.75,3.05
2026-03-18,88.44,86.95,90.44,85.83,67323,593386975.00,5.28,-0.37,-0.32,2.79
2026-03-19,84.60,83.29,85.49,81.71,82297,690227882.00,4.35,-4.21,-3.66,3.41
2026-03-20,84.39,80.04,84.99,79.75,71176,587917912.00,6.29,-3.90,-3.25,2.95
2026-03-23,78.70,76.68,80.74,76.16,73049,573163453.00,5.72,-4.20,-3.36,3.03
2026-03-24,77.94,81.80,81.80,75.26,75518,596437869.00,8.53,6.68,5.12,3.13
2026-03-25,82.45,85.32,86.89,82.36,112564,962761162.00,5.54,4.30,3.52,4.66
2026-03-26,85.50,84.61,86.75,83.30,62039,529036388.00,4.04,-0.83,-0.71,2.57
2026-03-27,81.81,87.29,88.79,81.27,77140,670833274.00,8.89,3.17,2.68,3.19
2026-03-30,85.55,87.50,88.40,84.57,61254,533613361.00,4.39,0.24,0.21,2.54
2026-03-31,86.03,83.56,86.64,82.75,48404,410416283.00,4.45,-4.50,-3.94,2.00
2026-04-01,86.70,87.91,90.50,86.08,51409,454999058.00,5.29,5.21,4.35,2.13
2026-04-02,87.26,83.10,87.26,82.68,43447,369286311.00,5.21,-5.47,-4.81,1.80
2026-04-03,83.92,87.10,90.30,83.45,63602,556430729.00,8.24,4.81,4.00,2.63
2026-04-07,87.93,91.26,94.85,86.70,62552,575140065.00,9.36,4.78,4.16,2.59
2026-04-08,93.96,93.13,94.06,91.44,66859,623640605.00,2.87,2.05,1.87,2.77
2026-04-09,93.13,93.23,95.30,92.16,52489,493961883.00,3.37,0.11,0.10,2.17
2026-04-10,93.02,92.59,96.00,92.09,45371,427292512.00,4.19,-0.69,-0.64,1.88
2026-04-13,91.11,96.00,97.27,90.18,64396,611605138.00,7.66,3.68,3.41,2.67
2026-04-14,95.26,94.75,96.95,93.65,57977,553068737.00,3.44,-1.30,-1.25,2.40
2026-04-15,94.94,92.52,95.45,91.87,42406,398289598.00,3.78,-2.35,-2.23,1.76
2026-04-16,91.75,91.44,94.13,90.69,50644,468193694.00,3.72,-1.17,-1.08,2.10
2026-04-17,91.81,94.55,96.19,91.44,73578,696182365.00,5.19,3.40,3.11,3.05
2026-04-20,94.38,94.30,96.99,91.50,61135,578697475.00,5.81,-0.26,-0.25,2.53
2026-04-21,94.71,94.16,96.00,91.80,55019,521333064.00,4.45,-0.15,-0.14,2.28
2026-04-22,94.07,94.88,95.99,92.17,68751,651296692.00,4.06,0.76,0.72,2.85
2026-04-23,95.60,89.55,96.50,87.55,81308,742241033.00,9.43,-5.62,-5.33,3.37
2026-04-24,88.64,86.50,90.95,85.35,78314,685754966.00,6.25,-3.41,-3.05,3.24
2026-04-27,85.60,89.13,90.49,85.60,48531,435527571.00,5.65,3.04,2.63,2.01
2026-04-28,88.50,83.55,88.50,82.61,83448,706583307.00,6.61,-6.26,-5.58,3.46
2026-04-29,82.70,84.68,85.83,82.67,52695,447642124.00,3.78,1.35,1.13,2.18
2026-04-30,85.00,86.93,87.76,84.01,50577,437271650.00,4.43,2.66,2.25,2.09
2026-05-06,89.10,90.69,92.44,89.10,79502,724529002.00,3.84,4.33,3.76,3.29
2026-05-07,91.50,94.46,95.86,88.60,72801,679947024.00,8.01,4.16,3.77,3.01
2026-05-08,93.50,93.79,95.50,92.17,53182,500422095.00,3.53,-0.71,-0.67,2.20
2026-05-11,96.65,95.59,97.80,93.24,68728,660623787.00,4.86,1.92,1.80,2.85
2026-05-12,96.34,111.50,112.48,96.28,159879,1671334756.00,16.95,16.64,15.91,6.62
2026-05-13,108.48,126.71,130.84,107.52,203291,2481907123.00,20.91,13.64,15.21,8.42
2026-05-14,128.02,126.50,130.68,125.50,125769,1611498289.00,4.09,-0.17,-0.21,5.21
2026-05-15,130.50,121.80,132.67,120.08,112682,1403580994.00,9.95,-3.72,-4.70,4.67
2026-05-18,121.50,120.69,123.97,116.86,89942,1093118370.00,5.84,-0.91,-1.11,3.72
2026-05-19,118.06,124.01,124.60,116.52,85540,1039830556.00,6.69,2.75,3.32,3.54
2026-05-20,122.52,122.42,124.98,118.55,86412,1054785686.00,5.19,-1.28,-1.59,3.58
2026-05-21,123.11,116.57,129.40,116.57,100199,1237116374.00,10.48,-4.78,-5.85,4.15
2026-05-22,118.50,134.35,139.40,117.10,130418,1700740245.00,19.13,15.25,17.78,5.40
2026-05-25,136.16,139.49,142.08,132.51,119708,1662620957.00,7.12,3.83,5.14,4.96
2026-05-26,140.79,157.00,159.48,137.50,141870,2108520057.00,15.76,12.55,17.51,5.88
2026-05-27,159.50,146.39,161.87,144.56,125294,1885887946.00,11.03,-6.76,-10.61,5.19
2026-05-28,147.84,160.72,166.48,141.00,125232,1901952204.00,17.41,9.79,14.33,5.19
2026-05-29,159.17,167.19,177.50,153.50,138357,2324613697.00,14.93,4.03,6.47,5.73
2026-06-01,177.50,174.00,191.50,167.30,173361,3116932595.00,14.47,4.07,6.81,7.18
2026-06-02,175.80,183.02,190.98,172.30,112967,2076105999.00,10.74,5.18,9.02,4.68
2026-06-03,175.50,166.27,178.50,161.55,158430,2722801147.00,9.26,-9.15,-16.75,6.56
2026-06-04,163.47,168.30,174.18,159.20,124308,2072285771.00,9.01,1.22,2.03,5.15
2026-06-05,161.23,156.71,163.19,153.10,112520,1788219577.00,6.00,-6.89,-11.59,4.66
2026-06-08,141.50,158.47,162.86,141.50,93017,1442904702.00,13.63,1.12,1.76,3.85
2026-06-09,165.23,167.04,168.27,158.33,89276,1469966416.00,6.27,5.41,8.57,3.70
2026-06-10,163.02,180.19,183.87,162.52,109851,1922635907.00,12.78,7.87,13.15,4.55
2026-06-11,177.00,177.66,180.58,171.39,71730,1264902660.00,5.10,-1.40,-2.53,2.97
2026-06-12,188.00,188.06,211.00,186.00,109488,2159168325.00,14.07,5.85,10.40,4.53
2026-06-15,200.00,213.11,215.56,192.00,95775,1984860108.00,12.53,13.32,25.05,3.97
2026-06-16,213.11,220.00,238.00,210.00,107825,2417584378.00,13.14,3.23,6.89,4.47
2026-06-17,215.67,235.24,249.94,215.67,93867,2222822638.00,15.58,6.93,15.24,3.89
2026-06-18,232.99,270.47,277.72,232.00,88626,2266466601.00,19.44,14.98,35.23,3.67
2026-06-22,278.15,272.54,297.31,268.00,141042,3973351208.00,10.84,0.77,2.07,5.84
2026-06-23,269.25,238.93,269.27,233.62,145428,3579531393.00,13.08,-12.33,-33.61,6.02
2026-06-24,234.65,246.56,249.00,229.01,114105,2775096333.00,8.37,3.19,7.63,4.73
2026-06-25,245.00,269.99,278.98,239.08,115335,3009744048.00,16.18,9.50,23.43,4.78
2026-06-26,260.03,265.56,276.00,251.87,101607,2673078042.00,8.94,-1.64,-4.43,4.21
2026-06-29,265.00,244.98,279.15,233.80,132942,3336469009.00,17.08,-7.75,-20.58,5.51