2026-01-05,8.73,8.72,8.92,8.60,857245,770574089.00,3.67,-0.11,-0.01,1.06
2026-01-06,8.66,8.89,8.95,8.64,825226,750481558.00,3.56,1.95,0.17,1.02
2026-01-07,9.00,8.76,9.23,8.72,705574,646247162.00,5.74,-1.46,-0.13,0.87
2026-01-08,9.23,9.35,9.55,9.14,1602558,1540204449.00,4.68,6.74,0.59,1.98
2026-01-09,9.61,9.58,9.83,9.42,1427048,1407982108.00,4.39,2.46,0.23,1.77
2026-01-12,9.83,10.45,10.56,9.61,1934141,2028152201.00,9.92,9.08,0.87,2.40
2026-01-13,10.47,10.96,11.10,10.39,1485533,1642951212.00,6.79,4.88,0.51,1.84
2026-01-14,11.10,11.00,11.41,10.65,1151671,1290310910.00,6.93,0.36,0.04,1.43
2026-01-15,10.89,11.14,11.47,10.87,935101,1074277779.00,5.45,1.27,0.14,1.16
2026-01-16,10.91,10.97,11.37,10.82,1057903,1194354687.00,4.94,-1.53,-0.17,1.31
2026-01-19,11.03,11.20,11.47,11.03,915541,1053925467.00,4.01,2.10,0.23,1.13
2026-01-20,11.20,11.00,11.31,10.80,885457,994375772.00,4.55,-1.79,-0.20,1.10
2026-01-21,10.92,10.80,11.03,10.67,829974,917595869.00,3.27,-1.82,-0.20,1.03
2026-01-22,10.80,10.81,11.20,10.75,706943,789080595.00,4.17,0.09,0.01,0.88
2026-01-23,10.73,10.56,10.85,10.44,945249,1029445367.00,3.79,-2.31,-0.25,1.17
2026-01-26,10.80,11.13,11.20,10.80,1411821,1596869059.00,3.79,5.40,0.57,1.75
2026-01-27,10.97,10.99,11.39,10.85,1209378,1366430022.00,4.85,-1.26,-0.14,1.50
2026-01-28,11.17,10.92,11.19,10.69,1064508,1191568447.00,4.55,-0.64,-0.07,1.32
2026-01-29,11.15,10.78,11.27,10.70,1144546,1277766968.00,5.22,-1.28,-0.14,1.42
2026-01-30,10.83,11.11,11.25,10.78,1318732,1490650202.00,4.36,3.06,0.33,1.63
2026-02-02,11.05,10.54,11.35,10.48,1279267,1416145118.00,7.83,-5.13,-0.57,1.58
2026-02-03,10.82,11.27,11.30,10.59,1301420,1457340010.00,6.74,6.93,0.73,1.61
2026-02-04,11.45,11.75,11.90,11.24,1543455,1830831999.00,5.86,4.26,0.48,1.91
2026-02-05,11.75,11.40,11.99,11.17,1252411,1470745124.00,6.98,-2.98,-0.35,1.55
2026-02-06,11.25,11.11,11.30,10.98,815220,926496194.00,2.81,-2.54,-0.29,1.01
2026-02-09,11.40,11.77,11.93,11.35,1052573,1258992237.00,5.22,5.94,0.66,1.30
2026-02-10,11.74,12.07,12.13,11.35,961612,1160070439.00,6.63,2.55,0.30,1.19
2026-02-11,12.07,11.77,12.19,11.75,776337,941470323.00,3.65,-2.49,-0.30,0.96
2026-02-12,12.19,12.97,12.97,12.19,1021614,1332852266.00,6.63,10.20,1.20,1.27
2026-02-13,12.94,11.94,12.96,11.87,1857873,2304730248.00,8.40,-7.94,-1.03,2.30
2026-02-24,13.16,13.16,13.16,12.87,1548322,2069005993.00,2.43,10.22,1.22,1.92
2026-02-25,13.74,14.50,14.50,13.55,2107543,3086592751.00,7.22,10.18,1.34,2.61
2026-02-26,14.39,15.35,15.54,14.38,2691083,4132297432.00,8.00,5.86,0.85,3.33
2026-02-27,15.74,15.99,16.16,15.40,2193783,3524536219.00,4.95,4.17,0.64,2.72
2026-03-02,17.25,17.61,17.61,15.67,4152119,7071400898.00,12.13,10.13,1.62,5.14
2026-03-03,18.65,19.40,19.40,17.67,3795464,7281220686.00,9.82,10.16,1.79,4.70
2026-03-04,18.55,17.46,18.55,17.44,3466699,6203936380.00,5.72,-10.00,-1.94,4.29
2026-03-05,17.09,17.21,18.15,16.25,3005058,5301964404.00,10.88,-1.43,-0.25,3.72
2026-03-06,16.75,16.87,17.60,16.40,2468777,4231473368.00,6.97,-1.98,-0.34,3.06
2026-03-09,17.39,15.47,17.39,15.22,2899306,4691564371.00,12.86,-8.30,-1.40,3.59
2026-03-10,15.25,16.22,17.04,15.25,3254021,5448213608.00,11.57,4.85,0.75,4.03
2026-03-11,16.10,16.05,16.25,15.70,2200604,3567687973.00,3.39,-1.05,-0.17,2.73
2026-03-12,16.05,15.72,16.20,15.32,1889268,2996355910.00,5.48,-2.06,-0.33,2.34
2026-03-13,15.62,15.33,16.01,15.10,1596298,2507993820.00,5.79,-2.48,-0.39,1.98
2026-03-16,15.33,16.50,16.69,15.20,2261161,3668384172.00,9.72,7.63,1.17,2.80
2026-03-17,16.55,16.24,16.82,16.17,1444409,2421744129.00,3.94,-1.58,-0.26,1.79
2026-03-18,16.13,17.77,17.89,15.82,2548815,4507936770.00,12.75,9.42,1.53,3.16
2026-03-19,17.75,17.41,18.05,16.72,2304549,4052862970.00,7.48,-2.03,-0.36,2.85
2026-03-20,17.39,16.53,17.53,16.34,1874487,3221641077.00,6.84,-5.05,-0.88,2.32
2026-03-23,16.95,16.75,17.59,16.45,1888872,3235781417.00,6.90,1.33,0.22,2.34
2026-03-24,17.20,17.85,18.20,16.76,2459788,4378938990.00,8.60,6.57,1.10,3.05
2026-03-25,18.16,17.16,18.28,16.82,2240066,3976727257.00,8.18,-3.87,-0.69,2.77
2026-03-26,16.95,16.44,17.14,16.36,1564728,2652108152.00,4.55,-4.20,-0.72,1.94
2026-03-27,16.47,16.85,17.44,16.05,1536914,2611725216.00,8.45,2.49,0.41,1.90
2026-03-30,16.77,16.78,17.05,16.35,1232291,2089830761.00,4.15,-0.42,-0.07,1.53
2026-03-31,17.07,16.11,17.12,15.67,1519896,2500072594.00,8.64,-3.99,-0.67,1.88
2026-04-01,16.43,17.75,17.75,16.43,1968440,3523412682.00,8.19,10.18,1.64,2.44
2026-04-02,17.90,19.22,19.55,17.89,3299876,6428486573.00,9.35,8.28,1.47,4.09
2026-04-03,19.80,20.14,21.06,19.80,2125534,4358551773.00,6.56,4.79,0.92,2.63
2026-04-07,20.51,20.01,20.72,19.73,1695437,3464258835.00,4.92,-0.65,-0.13,2.10
2026-04-08,18.94,19.91,21.02,18.80,2672325,5433812429.00,11.09,-0.50,-0.10,3.31
2026-04-09,20.08,19.50,20.50,18.61,2002806,3936070533.00,9.49,-2.06,-0.41,2.48
2026-04-10,19.35,18.83,19.50,18.45,2246866,4284133408.00,5.38,-3.44,-0.67,2.78
2026-04-13,18.45,17.97,18.67,17.80,1779408,3268935182.00,4.62,-4.57,-0.86,2.20
2026-04-14,17.95,18.28,18.78,17.56,2074420,3799575830.00,6.79,1.73,0.31,2.57
2026-04-15,17.93,18.19,18.85,17.70,1383490,2577433611.00,6.29,-0.49,-0.09,1.71
2026-04-16,18.32,17.83,18.44,17.75,1171557,2141262591.00,3.79,-1.98,-0.36,1.45
2026-04-17,17.74,18.30,18.41,17.55,1413364,2580855609.00,4.82,2.64,0.47,1.75
2026-04-20,18.08,18.83,18.86,17.88,1577667,2962335089.00,5.36,2.90,0.53,1.95
2026-04-21,18.84,18.84,19.48,18.39,1560757,2981361354.00,5.79,0.05,0.01,1.93
2026-04-22,18.63,17.71,18.72,17.13,2293764,4113669355.00,8.44,-6.00,-1.13,2.84
2026-04-23,17.05,17.27,17.63,17.00,1430789,2501776261.00,3.56,-2.48,-0.44,1.77
2026-04-24,17.19,17.18,17.35,16.65,1428768,2466351002.00,4.05,-0.52,-0.09,1.77
2026-04-27,17.15,16.94,17.41,16.73,1085703,1871260104.00,3.96,-1.40,-0.24,1.34
2026-04-28,16.94,16.55,17.18,16.41,1114386,1887810840.00,4.55,-2.30,-0.39,1.38
2026-04-29,16.90,17.36,17.46,16.75,1236800,2156798239.00,4.29,4.89,0.81,1.53
2026-04-30,16.95,17.35,17.68,16.63,1177278,2054607603.00,6.05,-0.06,-0.01,1.46
2026-05-06,17.88,18.39,18.47,16.85,2173571,3925260126.00,9.34,5.99,1.04,2.69
2026-05-07,18.24,18.18,19.26,17.47,2647580,4897320897.00,9.73,-1.14,-0.21,3.28
2026-05-08,17.84,19.24,19.61,17.84,2398055,4585543912.00,9.74,5.83,1.06,2.97
2026-05-11,18.75,18.12,18.75,17.65,2371829,4329417983.00,5.72,-5.82,-1.12,2.94
2026-05-12,17.90,17.54,18.40,17.45,1303607,2346975067.00,5.24,-3.20,-0.58,1.61
2026-05-13,17.69,17.75,18.20,17.57,1298068,2354300974.00,3.59,1.20,0.21,1.61
2026-05-14,17.46,17.75,18.63,17.26,1845028,3368036565.00,7.72,0.00,0.00,2.28
2026-05-15,17.65,17.19,17.73,17.01,1177861,2074590762.00,4.06,-3.15,-0.56,1.46
2026-05-18,16.40,16.80,16.95,16.15,1619935,2733549750.00,4.65,-2.27,-0.39,2.01
2026-05-19,17.09,17.23,17.63,16.85,1036724,1810348566.00,4.64,2.56,0.43,1.28
2026-05-20,16.75,17.48,17.56,16.75,1214656,2133217587.00,4.70,1.45,0.25,1.50
2026-05-21,17.47,17.55,18.64,17.47,1563629,2865639147.00,6.69,0.40,0.07,1.94
2026-05-22,17.95,17.83,18.13,17.40,1039652,1867356221.00,4.16,1.60,0.28,1.29
2026-05-25,18.50,17.52,19.25,17.40,2010248,3680272143.00,10.38,-1.74,-0.31,2.49
2026-05-26,17.47,17.01,17.95,16.46,1741455,3023692440.00,8.50,-2.91,-0.51,2.16
2026-05-27,16.82,16.04,17.13,15.85,1520494,2510795768.00,7.52,-5.70,-0.97,1.88
2026-05-28,15.94,15.84,16.06,15.58,1042697,1671379535.00,2.99,-1.25,-0.20,1.29
2026-05-29,15.75,15.61,16.05,15.31,1085634,1721748954.00,4.67,-1.45,-0.23,1.34
2026-06-01,15.80,15.28,15.85,15.21,1234393,1936808753.00,4.10,-2.11,-0.33,1.53
2026-06-02,15.37,15.24,15.39,14.75,955035,1461470401.00,4.19,-0.26,-0.04,1.18
2026-06-03,15.17,14.88,15.18,14.55,1231045,1853766248.00,4.13,-2.36,-0.36,1.52
2026-06-04,14.85,14.71,15.05,14.65,810466,1218871645.00,2.69,-1.14,-0.17,1.00
2026-06-05,14.79,14.55,14.98,14.42,854314,1274467161.00,3.81,-1.09,-0.16,1.06
2026-06-08,14.26,13.89,14.61,13.81,1073639,1541099870.00,5.50,-4.54,-0.66,1.33
2026-06-09,13.90,14.10,14.12,13.66,850048,1198539605.00,3.31,1.51,0.21,1.05
2026-06-10,14.06,14.37,14.78,14.05,1006347,1479858666.00,5.18,1.91,0.27,1.25
2026-06-11,14.55,14.17,14.60,13.75,1036508,1499658017.00,5.92,-1.39,-0.20,1.28
2026-06-12,14.52,15.35,15.61,14.52,1823232,2810237751.00,7.69,8.33,1.18,2.26
2026-06-15,16.91,16.91,16.91,16.91,247358,424466517.00,0.00,10.16,1.56,0.31
2026-06-16,17.52,16.13,17.69,15.79,2711703,4572861911.00,11.24,-4.61,-0.78,3.36
2026-06-17,16.05,16.85,17.60,16.05,2038143,3504215089.00,9.61,4.46,0.72,2.52
2026-06-18,16.91,16.89,17.24,16.35,1495032,2553434162.00,5.28,0.24,0.04,1.85
2026-06-22,16.95,18.60,18.60,16.90,2100195,3844051138.00,10.07,10.12,1.71,2.60
2026-06-23,19.18,19.67,20.25,18.65,2214815,4386286935.00,8.60,5.75,1.07,2.74
2026-06-24,20.46,21.66,21.66,20.20,1067081,2299660483.00,7.42,10.12,1.99,1.32
2026-06-25,20.75,21.35,21.91,20.63,2476956,5333498016.00,5.91,-1.43,-0.31,3.07
2026-06-26,20.32,19.31,20.85,19.19,2348643,4643416867.00,7.78,-9.56,-2.04,2.91
2026-06-29,18.72,18.01,19.24,17.94,1928151,3591092491.00,6.73,-6.73,-1.30,2.39
2026-06-30,17.73,17.32,18.25,17.05,1580902,2804396088.00,6.66,-3.83,-0.69,1.96
2026-07-01,16.97,16.62,17.57,16.46,1586753,2738584484.00,6.41,-4.04,-0.70,1.97
2026-07-02,16.69,16.28,17.17,16.16,1396563,2357679503.00,6.08,-2.05,-0.34,1.73
2026-07-03,17.21,16.75,17.92,16.63,1516942,2639705694.00,7.92,2.89,0.47,1.88
2026-07-06,17.68,17.43,18.00,17.13,1968773,3506626435.00,5.19,4.06,0.68,2.44
2026-07-07,17.26,15.95,17.67,15.89,1579996,2638570877.00,10.21,-8.49,-1.48,1.96
2026-07-08,16.05,15.30,16.40,15.23,1378711,2221308227.00,7.34,-4.08,-0.65,1.71
2026-07-09,15.48,15.85,16.10,15.42,1194348,1913213500.00,4.44,3.59,0.55,1.48
2026-07-10,15.50,15.47,15.90,15.34,956801,1496139395.00,3.53,-2.40,-0.38,1.18
2026-07-13,15.56,14.83,15.56,14.67,1081245,1617515045.00,5.75,-4.14,-0.64,1.34
2026-07-14,14.60,15.04,15.04,14.43,1003165,1477497688.00,4.11,1.42,0.21,1.24
2026-07-15,15.20,15.26,15.92,15.09,1216505,1886894358.00,5.52,1.46,0.22,1.51
2026-07-16,14.94,14.16,14.96,14.10,1262490,1817280088.00,5.64,-7.21,-1.10,1.56
2026-07-17,14.10,13.91,14.34,13.81,1009076,1417662252.00,3.74,-1.77,-0.25,1.25
2026-07-20,14.13,14.29,14.36,13.86,1202267,1696672793.00,3.59,2.73,0.38,1.49
2026-07-21,14.30,14.72,14.79,13.86,1087636,1555576344.00,6.51,3.01,0.43,1.35
2026-07-22,14.73,15.76,15.79,14.72,1295192,2000066145.00,7.27,7.07,1.04,1.60
2026-07-23,15.65,15.87,16.18,14.97,1210772,1878289252.00,7.68,0.70,0.11,1.50
2026-07-24,16.00,15.70,16.25,15.47,1033285,1641795888.00,4.91,-1.07,-0.17,1.28
2026-07-27,15.35,15.90,16.05,15.28,779199,1226000194.00,4.90,1.27,0.20,0.97
2026-07-28,15.60,16.19,16.23,15.34,1072144,1690582640.00,5.60,1.82,0.29,1.33
2026-07-29,15.92,16.29,16.49,15.78,931123,1501388908.00,4.39,0.62,0.10,1.15
2026-07-30,16.23,16.47,16.98,16.16,1054546,1754096952.00,5.03,1.10,0.18,1.31
2026-07-31,16.00,16.79,16.96,15.88,944905,1564033389.00,6.56,1.94,0.32,1.17
2026-08-03,16.94,17.03,17.11,16.44,818354,1378592123.00,3.99,1.43,0.24,1.01
2026-08-04,16.99,16.78,17.70,16.53,1143376,1951347032.00,6.87,-1.47,-0.25,1.42
2026-08-05,16.76,18.12,18.22,16.10,1416241,2460501340.00,12.63,7.99,1.34,1.75