2026-05-27,55.00,40.95,59.00,40.00,332753,1684264813.65,206.30,344.63,31.74,90.18
2026-05-28,35.35,39.60,39.98,32.70,205156,734370630.18,17.78,-3.30,-1.35,55.60
2026-05-29,40.40,45.80,51.29,40.30,237764,1089930252.70,27.75,15.66,6.20,64.44
2026-06-01,43.00,37.51,43.48,36.71,162263,656005667.98,14.78,-18.10,-8.29,43.98
2026-06-02,37.69,44.80,44.80,34.67,160772,630329279.00,27.01,19.43,7.29,43.57
2026-06-03,43.30,44.01,48.47,42.78,168928,771403075.75,12.70,-1.76,-0.79,45.78
2026-06-04,41.45,57.21,57.21,41.45,226644,1164008385.79,35.81,29.99,13.20,61.42
2026-06-05,57.29,56.81,68.88,54.92,218263,1327624020.12,24.40,-0.70,-0.40,59.15
2026-06-08,51.65,55.10,59.45,47.02,167245,880612571.54,21.88,-3.01,-1.71,45.33
2026-06-09,54.02,51.01,60.00,50.13,172786,952817634.80,17.91,-7.42,-4.09,46.83
2026-06-10,48.88,44.76,49.50,42.66,157282,714085177.22,13.41,-12.25,-6.25,42.63
2026-06-11,42.99,39.07,44.23,38.50,123526,507652953.60,12.80,-12.71,-5.69,33.48
2026-06-12,40.01,36.50,41.73,36.11,110168,425945592.27,14.38,-6.58,-2.57,29.86