2026-01-05,11.41,11.46,11.50,11.29,58976,68042679.16,1.84,0.61,0.07,0.64
2026-01-06,11.55,11.71,11.72,11.51,75956,89362874.46,1.83,2.18,0.25,0.82
2026-01-07,11.71,11.73,11.82,11.63,73624,87231792.20,1.62,0.17,0.02,0.80
2026-01-08,11.76,11.71,11.83,11.57,89611,106025114.46,2.22,-0.17,-0.02,0.97
2026-01-09,11.67,11.76,11.82,11.66,78882,93754173.17,1.37,0.43,0.05,0.86
2026-01-12,11.77,11.81,11.84,11.65,109094,129505141.30,1.62,0.43,0.05,1.18
2026-01-13,11.80,11.87,11.93,11.72,109446,130864504.56,1.78,0.51,0.06,1.19
2026-01-14,11.88,11.84,12.06,11.68,128125,154255773.39,3.20,-0.25,-0.03,1.39
2026-01-15,11.80,11.77,11.89,11.71,70511,84071890.62,1.52,-0.59,-0.07,0.77
2026-01-16,11.85,11.83,12.36,11.82,167028,203206335.37,4.59,0.51,0.06,1.81
2026-01-19,11.76,12.13,12.16,11.76,135620,164949769.22,3.38,2.54,0.30,1.47
2026-01-20,12.14,12.04,12.22,11.95,85327,103969502.17,2.23,-0.74,-0.09,0.93
2026-01-21,12.07,11.97,12.11,11.94,68927,83591985.69,1.41,-0.58,-0.07,0.75
2026-01-22,12.04,12.13,12.26,12.00,83999,103012897.19,2.17,1.34,0.16,0.91
2026-01-23,12.20,12.27,12.31,12.14,112688,139487078.37,1.40,1.15,0.14,1.22
2026-01-26,12.18,11.79,12.20,11.67,163879,195940271.10,4.32,-3.91,-0.48,1.78
2026-01-27,11.73,11.52,11.79,11.33,115391,133967105.17,3.90,-2.29,-0.27,1.25
2026-01-28,11.46,11.54,11.54,11.35,71539,82889319.47,1.65,0.17,0.02,0.78
2026-01-29,11.50,11.41,11.58,11.32,92583,107178767.04,2.25,-1.13,-0.13,1.01
2026-01-30,11.39,11.62,11.93,11.34,142315,167544960.73,5.17,1.84,0.21,1.55
2026-02-02,11.55,11.20,11.60,11.18,101877,117456195.27,3.61,-3.61,-0.42,1.11
2026-02-03,11.34,11.36,11.37,11.20,51498,58884974.00,1.52,1.43,0.16,0.56
2026-02-04,11.35,11.49,11.51,11.24,59390,68426447.13,2.38,1.14,0.13,0.65
2026-02-05,11.47,11.27,11.47,11.26,52022,59654628.00,1.83,-1.91,-0.22,0.57
2026-02-06,11.26,11.27,11.38,11.13,49467,56443971.27,2.22,0.00,0.00,0.54
2026-02-09,11.34,11.28,11.39,11.26,47491,54327431.40,1.15,0.09,0.01,0.52
2026-02-10,11.32,11.18,11.32,11.18,47622,54047178.00,1.24,-0.89,-0.10,0.52
2026-02-11,11.18,11.21,11.26,11.18,30931,35120313.13,0.72,0.27,0.03,0.34
2026-02-12,11.27,11.17,11.30,11.14,44321,50266013.10,1.43,-0.36,-0.04,0.48
2026-02-13,11.17,10.95,11.17,10.94,72215,80641304.00,2.06,-1.97,-0.22,0.78
2026-02-24,11.05,11.21,11.25,11.03,58099,65613569.13,2.01,2.37,0.26,0.63
2026-02-25,11.23,11.46,11.54,11.19,101872,117775714.00,3.12,2.23,0.25,1.11
2026-02-26,11.47,11.55,11.64,11.42,86385,100672405.36,1.92,0.79,0.09,0.94
2026-02-27,11.60,11.80,11.83,11.54,102256,121159284.28,2.51,2.16,0.25,1.11
2026-03-02,11.68,11.89,12.07,11.62,160110,191823955.34,3.81,0.76,0.09,1.74
2026-03-03,11.87,12.00,12.13,11.76,185757,225014749.33,3.11,0.93,0.11,2.02
2026-03-04,11.88,11.75,11.98,11.64,145656,173124303.19,2.83,-2.08,-0.25,1.58
2026-03-05,11.98,11.78,11.98,11.66,88933,105817263.46,2.72,0.26,0.03,0.97
2026-03-06,11.71,11.94,12.00,11.68,99238,119312794.69,2.72,1.36,0.16,1.08
2026-03-09,12.02,12.88,13.12,11.95,436167,552924822.36,9.80,7.87,0.94,4.74
2026-03-10,12.57,12.43,12.57,12.20,290456,361861198.53,2.87,-3.49,-0.45,3.15
2026-03-11,12.40,12.57,12.63,12.20,196482,247377881.25,3.46,1.13,0.14,2.13
2026-03-12,12.57,12.85,13.03,12.49,295355,381319547.67,4.30,2.23,0.28,3.21
2026-03-13,12.73,12.51,12.92,12.49,188926,241465684.11,3.35,-2.65,-0.34,2.05
2026-03-16,12.49,12.17,12.70,12.13,166715,207459266.18,4.56,-2.72,-0.34,1.81
2026-03-17,12.17,12.15,12.44,12.08,121093,149910319.45,2.96,-0.16,-0.02,1.32
2026-03-18,12.15,12.20,12.46,12.08,113842,141011197.06,3.13,0.41,0.05,1.24
2026-03-19,12.15,12.15,12.47,12.03,149889,184978791.81,3.61,-0.41,-0.05,1.63
2026-03-20,12.11,12.43,12.69,11.99,234572,293822049.70,5.76,2.30,0.28,2.55
2026-03-23,12.43,12.30,12.71,12.19,247057,310805261.36,4.18,-1.05,-0.13,2.68
2026-03-24,12.39,12.87,12.89,12.30,324243,415828185.78,4.80,4.63,0.57,3.52
2026-03-25,12.75,13.68,14.17,12.68,566017,779062721.70,11.58,6.29,0.81,6.15
2026-03-26,13.54,13.56,14.11,13.32,420060,581858503.67,5.77,-0.88,-0.12,4.56
2026-03-27,13.47,13.54,14.07,13.33,383112,529551922.99,5.46,-0.15,-0.02,4.16
2026-03-30,13.27,13.04,13.46,12.79,328029,432180153.97,4.95,-3.69,-0.50,3.56
2026-03-31,12.95,12.21,13.20,12.16,232656,295804244.68,7.98,-6.37,-0.83,2.53
2026-04-01,12.42,11.88,12.98,11.81,316954,395900718.44,9.58,-2.70,-0.33,3.44
2026-04-02,11.87,11.63,12.15,11.45,191627,226845097.51,5.89,-2.10,-0.25,2.08
2026-04-03,11.62,10.79,11.76,10.75,287754,321369683.98,8.68,-7.22,-0.84,3.13
2026-04-07,10.75,10.94,10.96,10.58,143097,156859771.44,3.52,1.39,0.15,1.55
2026-04-08,11.14,11.14,11.16,10.98,122641,137555133.61,1.65,1.83,0.20,1.33
2026-04-09,11.15,11.11,11.24,11.02,100338,112808221.65,1.97,-0.27,-0.03,1.09
2026-04-10,11.11,11.08,11.20,11.00,101410,113963695.90,1.80,-0.27,-0.03,1.10
2026-04-13,11.07,11.04,11.15,10.91,106500,118802427.56,2.17,-0.36,-0.04,1.16
2026-04-14,11.09,11.11,11.16,10.93,87105,97150064.38,2.08,0.63,0.07,0.95
2026-04-15,11.15,11.02,11.15,11.02,65534,73362362.20,1.17,-0.81,-0.09,0.71
2026-04-16,11.03,11.16,11.17,10.97,79770,89503790.52,1.81,1.27,0.14,0.87
2026-04-17,11.15,11.17,11.22,11.10,76796,86704646.29,1.08,0.09,0.01,0.83
2026-04-20,11.16,11.17,11.19,11.09,69973,78871736.00,0.90,0.00,0.00,0.76
2026-04-21,11.18,11.33,11.36,11.03,117218,133020261.36,2.95,1.43,0.16,1.27
2026-04-22,11.27,11.56,11.72,11.23,143832,167408496.16,4.32,2.03,0.23,1.56
2026-04-23,11.56,11.86,11.92,11.32,179066,211365952.31,5.19,2.60,0.30,1.94
2026-04-24,11.77,11.57,11.92,11.48,137682,162724094.00,3.71,-2.45,-0.29,1.50
2026-04-27,11.52,11.39,11.66,11.38,81065,94113440.02,2.42,-1.56,-0.18,0.88
2026-04-28,11.32,11.38,11.45,11.21,81701,93553694.00,2.11,-0.09,-0.01,0.89
2026-04-29,11.45,11.54,11.61,11.39,104548,121706762.00,1.93,1.41,0.16,1.14
2026-04-30,11.49,11.44,11.65,11.42,96788,112612335.00,1.99,-0.87,-0.10,1.05
2026-05-06,11.53,12.13,12.34,11.47,248570,302566374.96,7.60,6.03,0.69,2.70
2026-05-07,12.10,12.07,12.35,11.98,143128,175490098.89,3.05,-0.49,-0.06,1.55
2026-05-08,12.06,12.08,12.27,12.01,115569,141548391.23,2.15,0.08,0.01,1.26
2026-05-11,12.17,12.10,12.28,12.00,123394,151445491.50,2.32,0.17,0.02,1.34
2026-05-12,12.27,12.09,12.34,11.98,157095,193111249.52,2.98,-0.08,-0.01,1.71
2026-05-13,12.07,12.51,12.86,12.03,317883,398856134.07,6.87,3.47,0.42,3.45
2026-05-14,12.55,12.19,12.69,12.14,228874,286155424.68,4.40,-2.56,-0.32,2.49
2026-05-15,12.14,12.03,12.26,11.94,131224,160259364.50,2.63,-1.31,-0.16,1.43
2026-05-18,11.96,12.10,12.16,11.89,102599,124719700.48,2.24,0.58,0.07,1.11
2026-05-19,12.08,12.42,12.45,11.99,139727,173488111.75,3.80,2.64,0.32,1.52
2026-05-20,12.32,11.81,12.35,11.75,158974,191553230.26,4.83,-4.91,-0.61,1.73
2026-05-21,11.76,11.32,11.95,11.32,169718,199454828.60,5.33,-4.15,-0.49,1.84
2026-05-22,11.43,11.31,11.45,11.15,82052,93740192.00,2.65,-0.09,-0.01,0.89
2026-05-25,11.32,11.47,11.52,11.32,79027,91364858.14,1.77,1.41,0.16,0.86
2026-05-26,11.42,11.49,11.58,11.19,79225,91254171.00,3.40,0.17,0.02,0.86
2026-05-27,11.44,11.29,11.49,11.18,83531,95422223.94,2.70,-1.74,-0.20,0.91
2026-05-28,11.29,11.33,11.50,11.20,100344,114055241.46,2.66,0.35,0.04,1.09
2026-05-29,11.28,11.52,11.72,11.26,134173,155006604.66,4.06,1.68,0.19,1.46
2026-06-01,11.68,11.95,11.95,11.30,185687,217235324.84,5.64,3.73,0.43,2.02
2026-06-02,11.85,12.23,12.48,11.78,250413,305473436.82,5.86,2.34,0.28,2.72
2026-06-03,12.09,12.16,12.25,11.87,190322,229499242.20,3.11,-0.57,-0.07,2.07
2026-06-04,12.04,12.16,12.36,11.95,167652,204419909.38,3.37,0.00,0.00,1.82
2026-06-05,12.08,11.44,12.34,11.44,196431,230975460.43,7.40,-5.92,-0.72,2.13
2026-06-08,11.06,10.76,11.42,10.71,180467,198114746.86,6.21,-5.94,-0.68,1.96
2026-06-09,10.82,10.92,10.94,10.45,103794,111296073.84,4.55,1.49,0.16,1.13
2026-06-10,10.91,10.50,10.93,10.44,91420,96564861.51,4.49,-3.85,-0.42,0.99
2026-06-11,10.42,10.41,10.60,10.25,75270,78332558.54,3.33,-0.86,-0.09,0.82
2026-06-12,10.48,10.62,10.84,10.27,92390,97719402.59,5.48,2.02,0.21,1.00
2026-06-15,10.62,10.66,10.79,10.51,81130,86120749.07,2.64,0.38,0.04,0.88
2026-06-16,10.58,10.59,10.68,10.49,65889,69796998.87,1.78,-0.66,-0.07,0.72
2026-06-17,10.54,10.12,10.56,10.04,118036,120505103.21,4.91,-4.44,-0.47,1.28
2026-06-18,10.01,9.80,10.05,9.73,113583,112077084.00,3.16,-3.16,-0.32,1.23
2026-06-22,9.71,9.73,9.75,9.39,92009,87838695.63,3.67,-0.71,-0.07,1.00
2026-06-23,9.70,9.63,9.90,9.55,78388,75975662.39,3.60,-1.03,-0.10,0.85
2026-06-24,9.65,9.32,9.91,9.31,92384,87750753.76,6.23,-3.22,-0.31,1.00
2026-06-25,9.28,8.74,9.31,8.70,184269,164643503.36,6.55,-6.22,-0.58,2.00
2026-06-26,8.79,8.69,9.03,8.66,115844,101545404.90,4.23,-0.57,-0.05,1.26
2026-06-29,8.68,8.94,9.32,8.42,155035,137533928.92,10.36,2.88,0.25,1.68