2026-01-05,18.10,18.28,18.35,18.00,36903,67697445.54,1.94,1.22,0.22,4.82
2026-01-06,18.28,18.45,18.50,18.26,49733,92073950.98,1.31,0.93,0.17,6.50
2026-01-07,18.49,18.37,18.59,18.34,44031,81871206.26,1.36,-0.43,-0.08,5.75
2026-01-08,18.50,19.00,19.47,18.50,92930,178315301.73,5.28,3.43,0.63,12.14
2026-01-09,19.00,18.85,19.02,18.71,60800,115467260.33,1.63,-0.79,-0.15,7.94
2026-01-12,18.84,19.13,19.21,18.78,72546,139016095.76,2.28,1.49,0.28,9.48
2026-01-13,19.06,19.00,19.62,18.90,74801,144661686.48,3.76,-0.68,-0.13,9.77
2026-01-14,18.98,18.82,19.13,18.62,75829,144394295.49,2.68,-0.95,-0.18,9.91
2026-01-15,18.77,18.82,19.01,18.71,37938,71998193.11,1.59,0.00,0.00,4.96
2026-01-16,18.89,18.99,19.12,18.77,45285,86440405.08,1.86,0.90,0.17,5.92
2026-01-19,18.98,19.01,19.10,18.89,39858,76220216.21,1.11,0.11,0.02,5.21
2026-01-20,19.08,19.04,19.35,18.98,49944,96247985.64,1.95,0.16,0.03,6.53
2026-01-21,19.15,18.91,19.15,18.91,38052,72878427.79,1.26,-0.68,-0.13,4.97
2026-01-22,18.98,18.92,18.99,18.76,29175,55474981.14,1.22,0.05,0.01,3.81
2026-01-23,19.00,19.10,19.23,18.90,43760,84202676.84,1.74,0.95,0.18,5.72
2026-01-26,19.08,19.15,19.20,18.88,43886,84080905.99,1.68,0.26,0.05,5.73
2026-01-27,19.07,18.91,19.24,18.67,36723,69812364.38,2.98,-1.25,-0.24,4.80
2026-01-28,18.91,19.30,19.61,18.77,80677,156402747.59,4.44,2.06,0.39,10.54
2026-01-29,19.16,18.91,19.33,18.88,49713,95591705.74,2.33,-2.02,-0.39,6.50
2026-01-30,18.95,18.84,19.05,18.57,38320,72475385.30,2.54,-0.37,-0.07,5.01
2026-02-02,18.70,18.29,18.78,18.19,30137,56167887.14,3.13,-2.92,-0.55,3.94
2026-02-03,18.44,18.35,18.50,18.10,27013,49841257.72,2.19,0.33,0.06,3.53
2026-02-04,18.38,18.42,18.51,18.26,22236,41204346.79,1.36,0.38,0.07,2.91
2026-02-05,18.32,18.40,18.44,18.26,16161,29859747.23,0.98,-0.11,-0.02,2.11
2026-02-06,18.34,18.29,18.43,18.18,15837,29262618.09,1.36,-0.60,-0.11,2.07
2026-02-09,18.50,18.36,18.51,18.28,17668,32710882.36,1.26,0.38,0.07,2.31
2026-02-10,18.27,18.06,18.27,18.01,27131,49488284.69,1.42,-1.63,-0.30,3.55
2026-02-11,18.02,18.05,18.13,18.00,17443,31760481.83,0.72,-0.06,-0.01,2.28
2026-02-12,18.05,17.99,18.10,17.95,19744,35861468.95,0.83,-0.33,-0.06,2.58
2026-02-13,18.03,17.97,18.08,17.92,14912,27083557.81,0.89,-0.11,-0.02,1.95
2026-02-24,17.97,18.17,18.17,17.96,28996,52852703.27,1.17,1.11,0.20,3.79
2026-02-25,18.14,18.17,18.17,18.08,18456,33737507.01,0.50,0.00,0.00,2.41
2026-02-26,18.20,18.20,18.25,18.09,19740,36165461.60,0.88,0.17,0.03,2.58
2026-02-27,18.19,18.32,18.39,18.11,19656,36190712.89,1.54,0.66,0.12,2.57
2026-03-02,18.12,17.90,18.12,17.81,26757,48384299.63,1.69,-2.29,-0.42,3.50
2026-03-03,17.94,17.50,17.95,17.48,25863,46146045.01,2.63,-2.23,-0.40,3.38
2026-03-04,17.49,17.35,17.59,17.26,16793,29456800.95,1.89,-0.86,-0.15,2.19
2026-03-05,17.55,17.48,17.72,17.44,15659,27714034.62,1.61,0.75,0.13,2.05
2026-03-06,17.48,17.54,17.58,17.38,14974,26422921.03,1.14,0.34,0.06,1.96
2026-03-09,17.33,17.14,17.35,17.04,20464,35401117.80,1.77,-2.28,-0.40,2.67
2026-03-10,17.17,17.38,17.43,17.17,11384,19876433.94,1.52,1.40,0.24,1.49
2026-03-11,17.39,17.70,17.82,17.33,20615,36664722.02,2.82,1.84,0.32,2.69
2026-03-12,17.69,17.50,17.70,17.43,13767,24342482.98,1.53,-1.13,-0.20,1.80
2026-03-13,17.41,17.49,17.69,17.36,11429,20240380.94,1.89,-0.06,-0.01,1.49
2026-03-16,17.45,17.29,17.48,17.21,12101,21096422.59,1.54,-1.14,-0.20,1.58
2026-03-17,17.31,17.57,17.93,17.29,29253,51965770.10,3.70,1.62,0.28,3.82
2026-03-18,17.54,17.57,17.66,17.41,13828,24430562.74,1.42,0.00,0.00,1.81
2026-03-19,17.43,16.98,17.47,16.84,22288,38501591.00,3.59,-3.36,-0.59,2.91
2026-03-20,16.98,16.47,17.06,16.45,20985,35293822.78,3.59,-3.00,-0.51,2.74
2026-03-23,16.12,15.26,16.22,15.15,28722,45271910.36,6.50,-7.35,-1.21,3.75
2026-03-24,15.60,15.60,15.65,15.29,13325,20774636.03,2.36,2.23,0.34,1.74
2026-03-25,15.73,15.76,15.83,15.63,10140,16114884.01,1.28,1.03,0.16,1.32
2026-03-26,15.76,15.51,15.93,15.49,9731,15440005.13,2.79,-1.59,-0.25,1.27
2026-03-27,15.35,15.65,15.75,15.31,5867,9231141.58,2.84,0.90,0.14,0.77
2026-03-30,15.42,15.47,15.60,15.36,6400,10005013.21,1.53,-1.15,-0.18,0.84
2026-03-31,15.68,15.42,15.68,15.38,5367,8422900.97,1.94,-0.32,-0.05,0.70
2026-04-01,15.70,15.63,15.70,15.51,6611,10406625.91,1.23,1.36,0.21,0.86
2026-04-02,15.63,15.65,15.98,15.53,13988,22238938.05,2.88,0.13,0.02,1.83
2026-04-03,15.59,15.06,15.60,15.06,11917,18416634.11,3.45,-3.77,-0.59,1.56
2026-04-07,15.06,15.07,15.16,14.96,4918,7480596.61,1.33,0.07,0.01,0.64
2026-04-08,15.28,15.70,15.73,15.28,14466,22700259.01,2.99,4.18,0.63,1.89
2026-04-09,15.62,15.45,15.68,15.42,8679,13615207.31,1.66,-1.59,-0.25,1.13
2026-04-10,15.58,15.58,15.79,15.53,9672,15300480.65,1.68,0.84,0.13,1.26
2026-04-13,15.54,15.55,15.64,15.45,8984,14080956.07,1.22,-0.19,-0.03,1.17
2026-04-14,15.73,15.58,15.75,15.42,10450,16421934.32,2.12,0.19,0.03,1.37
2026-04-15,15.66,15.51,15.70,15.47,11518,18130621.82,1.48,-0.45,-0.07,1.50
2026-04-16,15.56,15.54,15.64,15.44,11143,17441342.99,1.29,0.19,0.03,1.46
2026-04-17,15.55,16.12,16.21,15.36,33674,53764240.85,5.47,3.73,0.58,4.40
2026-04-20,16.06,16.35,16.75,15.97,34158,56661497.28,4.84,1.43,0.23,4.46
2026-04-21,16.38,16.17,16.38,16.02,13462,21950378.18,2.20,-1.10,-0.18,1.76
2026-04-22,16.15,16.30,16.44,16.07,13618,22376600.68,2.29,0.80,0.13,1.78
2026-04-23,16.42,15.94,16.42,15.89,15973,25843302.38,3.25,-2.21,-0.36,2.09
2026-04-24,15.90,15.73,15.91,15.69,10758,17148561.16,1.38,-1.32,-0.21,1.41
2026-04-27,15.69,15.56,15.73,15.49,13450,21151542.12,1.53,-1.08,-0.17,1.76
2026-04-28,15.45,14.97,15.45,14.90,23003,35021012.88,3.53,-3.79,-0.59,3.01
2026-04-29,14.97,14.96,15.05,14.75,15264,23010505.23,2.00,-0.07,-0.01,1.99
2026-04-30,14.96,15.11,15.20,14.96,12998,19820200.48,1.60,1.00,0.15,1.70
2026-05-06,15.11,15.21,15.31,15.10,15320,23525931.50,1.39,0.66,0.10,2.00
2026-05-07,15.21,15.46,15.55,15.18,15125,23530183.12,2.43,1.64,0.25,1.98
2026-05-08,15.46,16.44,16.64,15.31,60408,99057233.58,8.60,6.34,0.98,7.89
2026-05-11,16.23,16.15,16.24,15.92,40370,65580204.76,1.95,-1.76,-0.29,5.27
2026-05-12,16.20,16.24,16.62,16.10,33417,55173475.56,3.22,0.56,0.09,4.37
2026-05-13,16.23,16.22,16.48,16.04,19120,31345770.46,2.71,-0.12,-0.02,2.50
2026-05-14,16.40,15.71,16.40,15.70,18383,29682724.55,4.32,-3.14,-0.51,2.40
2026-05-15,15.80,16.69,17.12,15.63,61810,102945757.04,9.48,6.24,0.98,8.08
2026-05-18,16.45,16.88,17.13,16.40,46386,78580553.93,4.37,1.14,0.19,6.06
2026-05-19,17.05,16.70,17.10,16.50,36355,61516921.74,3.55,-1.07,-0.18,4.75
2026-05-20,16.63,16.31,16.65,16.19,21960,36285668.16,2.75,-2.34,-0.39,2.87
2026-05-21,16.40,16.04,16.81,16.02,34521,57443661.62,4.84,-1.66,-0.27,4.51
2026-05-22,16.04,16.08,16.22,15.77,22612,36510955.13,2.81,0.25,0.04,2.95
2026-05-25,16.01,15.66,16.18,15.65,21058,33719289.07,3.30,-2.61,-0.42,2.75
2026-05-26,15.67,15.27,15.78,15.09,16669,25834153.86,4.41,-2.49,-0.39,2.18
2026-05-27,15.10,15.01,15.32,14.79,17411,26368244.17,3.47,-1.70,-0.26,2.28
2026-05-28,14.95,15.10,15.34,14.84,11246,17163994.04,3.33,0.60,0.09,1.47
2026-05-29,15.09,15.04,15.37,14.95,14240,21756854.08,2.78,-0.40,-0.06,1.86
2026-06-01,15.04,15.23,15.27,14.82,11441,17461440.46,2.99,1.26,0.19,1.49
2026-06-02,15.26,15.55,15.60,15.10,17081,26586813.80,3.28,2.10,0.32,2.23
2026-06-03,15.55,15.25,15.63,15.23,11313,17594127.33,2.57,-1.93,-0.30,1.48
2026-06-04,15.32,14.72,15.32,14.70,18623,27940972.13,4.07,-3.48,-0.53,2.43
2026-06-05,14.68,15.37,15.77,14.65,29416,45445048.51,7.61,4.42,0.65,3.84
2026-06-08,15.06,15.65,16.13,14.95,38362,60656920.14,7.68,1.82,0.28,5.01
2026-06-09,15.65,15.73,15.81,15.37,20158,31719975.61,2.81,0.51,0.08,2.63
2026-06-10,15.70,15.24,15.70,15.17,14358,22300669.46,3.37,-3.12,-0.49,1.87
2026-06-11,15.18,14.75,15.19,14.69,15850,23758560.37,3.28,-3.22,-0.49,2.07
2026-06-12,14.83,14.81,15.11,14.79,10629,16051868.02,2.17,0.41,0.06,1.39
2026-06-15,14.84,14.98,15.12,14.84,13151,19854456.19,1.89,1.15,0.17,1.72
2026-06-16,14.98,14.78,15.02,14.76,11811,17767091.38,1.74,-1.34,-0.20,1.54
2026-06-17,14.81,14.57,15.04,14.45,12199,17910517.41,3.99,-1.42,-0.21,1.59
2026-06-18,14.60,14.09,14.64,14.05,14249,20350779.30,4.05,-3.29,-0.48,1.86
2026-06-22,14.10,14.22,14.26,13.57,16191,22433383.54,4.90,0.92,0.13,2.11
2026-06-23,14.05,14.22,14.66,14.02,14372,20705510.69,4.50,0.00,0.00,1.88
2026-06-24,14.21,13.68,14.24,13.62,19641,27171101.29,4.36,-3.80,-0.54,2.56
2026-06-25,13.78,13.19,13.78,13.08,17844,23715170.43,5.12,-3.58,-0.49,2.33
2026-06-26,13.25,12.79,13.32,12.78,15461,20089854.41,4.09,-3.03,-0.40,2.02
2026-06-29,12.99,13.16,13.25,12.36,21551,27480354.04,6.96,2.89,0.37,2.81
2026-06-30,13.30,12.90,13.35,12.80,19496,25557595.92,4.18,-1.98,-0.26,2.55
2026-07-01,12.90,13.08,13.12,12.72,15651,20243035.06,3.10,1.40,0.18,2.04
2026-07-02,13.10,13.27,13.74,13.00,22563,30178278.90,5.66,1.45,0.19,2.95
2026-07-03,13.27,13.95,14.18,13.21,33016,45615217.53,7.31,5.12,0.68,4.31
2026-07-06,13.80,13.69,14.04,13.61,22348,30775930.61,3.08,-1.86,-0.26,2.92
2026-07-07,13.77,13.21,13.85,13.18,14482,19513221.33,4.89,-3.51,-0.48,1.89
2026-07-08,13.31,12.83,13.31,12.81,13963,18024451.82,3.79,-2.88,-0.38,1.82
2026-07-09,12.81,12.75,12.90,12.40,14775,18702321.87,3.90,-0.62,-0.08,1.93
2026-07-10,12.77,13.00,13.18,12.65,13856,17991311.48,4.16,1.96,0.25,1.81
2026-07-13,12.98,12.42,12.98,12.40,14947,18782377.20,4.46,-4.46,-0.58,1.95
2026-07-14,12.42,12.61,12.64,12.29,8851,11022106.90,2.82,1.53,0.19,1.16
2026-07-15,12.66,12.61,12.83,12.53,8127,10323235.87,2.38,0.00,0.00,1.06
2026-07-16,12.65,12.50,12.74,12.41,6772,8526876.99,2.62,-0.87,-0.11,0.88
2026-07-17,12.56,12.27,12.70,12.15,11537,14377681.46,4.40,-1.84,-0.23,1.51
2026-07-20,12.37,11.77,12.38,11.67,17035,20438247.27,5.79,-4.07,-0.50,2.22
2026-07-21,11.76,12.60,12.60,11.38,20021,23395106.10,10.37,7.05,0.83,2.61
2026-07-22,12.28,12.10,12.35,12.00,7555,9225060.17,2.78,-3.97,-0.50,0.99
2026-07-23,12.18,12.38,12.46,12.05,10026,12332912.08,3.39,2.31,0.28,1.31
2026-07-24,12.36,12.08,12.36,12.05,7591,9230760.42,2.50,-2.42,-0.30,0.99
2026-07-27,11.98,12.27,12.33,11.89,8176,9961331.46,3.64,1.57,0.19,1.07
2026-07-28,12.21,12.23,12.51,12.18,9731,12040983.54,2.69,-0.33,-0.04,1.27
2026-07-29,12.30,12.40,12.47,12.10,7065,8722919.20,3.03,1.39,0.17,0.92