2026-01-05,10.93,11.01,11.13,10.89,38612,51780043.07,2.19,0.64,0.07,0.85
2026-01-06,11.03,10.92,11.08,10.79,52492,69835104.79,2.63,-0.82,-0.09,1.16
2026-01-07,10.91,10.87,10.92,10.80,31787,41996019.22,1.10,-0.46,-0.05,0.70
2026-01-08,10.83,10.89,10.89,10.81,18036,23838636.92,0.74,0.18,0.02,0.40
2026-01-09,10.88,10.88,10.91,10.82,21375,28320264.72,0.83,-0.09,-0.01,0.47
2026-01-12,10.91,10.87,10.94,10.85,32171,42610818.11,0.83,-0.09,-0.01,0.71
2026-01-13,10.93,10.82,10.93,10.79,53927,71313122.65,1.29,-0.46,-0.05,1.19
2026-01-14,10.82,10.81,10.85,10.76,31292,41204298.76,0.83,-0.09,-0.01,0.69
2026-01-15,10.84,10.90,10.91,10.78,33752,44696345.46,1.20,0.83,0.09,0.74
2026-01-16,10.91,10.87,10.92,10.84,19032,25198644.00,0.73,-0.28,-0.03,0.42
2026-01-19,10.87,11.08,11.08,10.83,43304,57918284.76,2.30,1.93,0.21,0.95
2026-01-20,11.08,11.14,11.15,11.01,31296,42260267.38,1.26,0.54,0.06,0.69
2026-01-21,11.16,11.08,11.18,11.02,21361,28821147.21,1.44,-0.54,-0.06,0.47
2026-01-22,11.08,11.15,11.18,11.02,20317,27504990.00,1.44,0.63,0.07,0.45
2026-01-23,11.17,11.18,11.18,11.12,23314,31702733.59,0.54,0.27,0.03,0.51
2026-01-26,11.21,11.18,11.35,11.13,42693,58361770.86,1.97,0.00,0.00,0.94
2026-01-27,11.18,11.05,11.18,10.89,34551,46307617.57,2.59,-1.16,-0.13,0.76
2026-01-28,11.02,11.16,11.16,10.98,29738,40195986.00,1.63,1.00,0.11,0.66
2026-01-29,11.19,11.13,11.25,11.01,37969,51396029.62,2.15,-0.27,-0.03,0.84
2026-01-30,11.12,11.51,11.57,11.03,67628,93395709.55,4.85,3.41,0.38,1.49
2026-02-02,11.44,10.80,11.48,10.78,81285,109198599.32,6.08,-6.17,-0.71,1.79
2026-02-03,10.92,10.94,10.97,10.76,32383,42958463.13,1.94,1.30,0.14,0.71
2026-02-04,10.99,11.17,11.18,10.94,34519,46600072.24,2.19,2.10,0.23,0.76
2026-02-05,11.16,11.25,11.33,11.08,28452,38965508.09,2.24,0.72,0.08,0.63
2026-02-06,11.14,11.33,11.38,11.13,25872,35647150.66,2.22,0.71,0.08,0.57
2026-02-09,11.38,11.35,11.41,11.20,23553,32346794.09,1.85,0.18,0.02,0.52
2026-02-10,11.36,11.25,11.39,11.23,27650,38108349.56,1.41,-0.88,-0.10,0.61
2026-02-11,11.29,11.30,11.39,11.21,32141,44308662.37,1.60,0.44,0.05,0.71
2026-02-12,11.30,11.04,11.30,11.03,32546,44074843.45,2.39,-2.30,-0.26,0.72
2026-02-13,11.05,11.02,11.13,10.98,18950,25535030.92,1.36,-0.18,-0.02,0.42
2026-02-24,11.10,11.24,11.30,11.05,52777,71940224.80,2.27,2.00,0.22,1.16
2026-02-25,11.27,11.42,11.63,11.27,95006,132823910.18,3.20,1.60,0.18,2.09
2026-02-26,11.42,11.54,11.55,11.34,53727,74962383.55,1.84,1.05,0.12,1.18
2026-02-27,11.52,11.63,11.69,11.48,45959,64869794.72,1.82,0.78,0.09,1.01
2026-03-02,11.58,11.81,11.91,11.47,63619,91151100.99,3.78,1.55,0.18,1.40
2026-03-03,11.86,11.49,11.87,11.47,44651,63217653.10,3.39,-2.71,-0.32,0.98
2026-03-04,11.49,11.53,11.62,11.39,36625,51248337.00,2.00,0.35,0.04,0.81
2026-03-05,11.58,11.39,11.62,11.32,37890,52606234.34,2.60,-1.21,-0.14,0.84
2026-03-06,11.38,11.68,11.74,11.33,43302,61078163.77,3.60,2.55,0.29,0.95
2026-03-09,11.67,11.55,11.96,11.53,46622,66260177.43,3.68,-1.11,-0.13,1.03
2026-03-10,11.54,11.51,11.56,11.38,29236,40803559.98,1.56,-0.35,-0.04,0.64
2026-03-11,11.54,11.53,11.57,11.38,27520,38427122.14,1.65,0.17,0.02,0.61
2026-03-12,11.57,11.53,11.63,11.40,51643,72506579.20,1.99,0.00,0.00,1.14
2026-03-13,11.56,11.53,11.83,11.53,66490,94471953.91,2.60,0.00,0.00,1.47
2026-03-16,11.53,11.33,11.76,11.24,61677,86118271.82,4.51,-1.73,-0.20,1.36
2026-03-17,11.30,11.13,11.43,11.10,39280,53760353.97,2.91,-1.77,-0.20,0.87
2026-03-18,11.13,11.10,11.17,10.99,24967,33575808.53,1.62,-0.27,-0.03,0.55
2026-03-19,11.03,10.83,11.06,10.79,39825,52877456.60,2.43,-2.43,-0.27,0.88
2026-03-20,10.83,10.69,10.85,10.67,29958,39199406.38,1.66,-1.29,-0.14,0.66
2026-03-23,10.65,10.23,10.65,10.16,38085,48166683.89,4.58,-4.30,-0.46,0.84
2026-03-24,10.40,10.47,10.47,10.25,28236,35682992.16,2.15,2.35,0.24,0.62
2026-03-25,10.48,10.57,10.63,10.43,17179,22056853.98,1.91,0.96,0.10,0.38
2026-03-26,10.56,10.53,10.67,10.45,15135,19458165.78,2.08,-0.38,-0.04,0.33
2026-03-27,10.40,10.66,10.67,10.40,18473,23838637.00,2.56,1.23,0.13,0.41
2026-03-30,10.64,10.90,10.91,10.55,23584,31057250.87,3.38,2.25,0.24,0.52
2026-03-31,10.88,10.78,10.90,10.65,22374,29276259.90,2.29,-1.10,-0.12,0.49
2026-04-01,10.83,10.78,10.88,10.67,16816,22038384.11,1.95,0.00,0.00,0.37
2026-04-02,10.77,10.70,10.83,10.69,15842,20766075.92,1.30,-0.74,-0.08,0.35
2026-04-03,10.68,10.52,10.73,10.48,12796,16441584.29,2.34,-1.68,-0.18,0.28
2026-04-07,10.51,10.78,10.83,10.51,20056,26248976.96,3.04,2.47,0.26,0.44
2026-04-08,10.85,10.89,10.89,10.76,25622,33777722.96,1.21,1.02,0.11,0.56
2026-04-09,10.83,10.84,10.88,10.79,11092,14657129.85,0.83,-0.46,-0.05,0.24
2026-04-10,10.88,10.86,10.96,10.81,12469,16537680.24,1.38,0.18,0.02,0.27
2026-04-13,10.84,10.82,10.84,10.71,12457,16335359.00,1.20,-0.37,-0.04,0.27
2026-04-14,10.83,10.76,10.85,10.68,14588,19086089.38,1.57,-0.55,-0.06,0.32
2026-04-15,10.83,10.77,10.83,10.72,11269,14775686.58,1.02,0.09,0.01,0.25
2026-04-16,10.80,11.02,11.08,10.78,27929,37239361.61,2.79,2.32,0.25,0.62
2026-04-17,10.97,10.71,11.05,10.63,53851,70732662.92,3.81,-2.81,-0.31,1.19
2026-04-20,10.08,10.14,10.17,9.92,81892,100044687.44,2.33,-5.32,-0.57,1.81
2026-04-21,10.11,10.10,10.13,9.98,26691,32777563.68,1.48,-0.39,-0.04,0.59
2026-04-22,10.11,10.15,10.18,10.01,24420,30045919.25,1.68,0.50,0.05,0.54
2026-04-23,10.10,10.38,10.50,10.08,35823,45233779.45,4.14,2.27,0.23,0.79
2026-04-24,10.40,10.42,10.44,10.28,26706,33805438.13,1.54,0.39,0.04,0.59
2026-04-27,10.46,10.28,10.46,10.23,20276,25494668.60,2.21,-1.34,-0.14,0.45
2026-04-28,10.28,10.48,10.50,10.25,22480,28481175.82,2.43,1.95,0.20,0.50
2026-04-29,10.47,10.49,10.54,10.36,17841,22760657.89,1.72,0.10,0.01,0.39
2026-04-30,10.42,10.45,10.50,10.39,14330,18246296.80,1.05,-0.38,-0.04,0.32
2026-05-06,10.40,10.38,10.43,10.29,20417,25750635.00,1.34,-0.67,-0.07,0.45
2026-05-07,10.36,10.46,10.48,10.32,17260,21931339.00,1.54,0.77,0.08,0.38
2026-05-08,10.46,10.35,10.49,10.28,14962,18890897.25,2.01,-1.05,-0.11,0.33
2026-05-11,10.32,10.42,10.48,10.25,24994,31552787.69,2.22,0.68,0.07,0.55
2026-05-12,10.37,10.24,10.44,10.23,14983,18824605.76,2.02,-1.73,-0.18,0.33
2026-05-13,10.20,10.20,10.25,10.17,11750,14592401.00,0.78,-0.39,-0.04,0.26
2026-05-14,10.19,10.03,10.19,10.03,16627,20472950.77,1.57,-1.67,-0.17,0.37
2026-05-15,10.03,9.95,10.09,9.94,15698,19162300.71,1.50,-0.80,-0.08,0.35
2026-05-18,9.92,9.83,9.95,9.76,17141,20568497.80,1.91,-1.21,-0.12,0.38
2026-05-19,9.89,9.80,9.93,9.79,17122,20556423.42,1.42,-0.31,-0.03,0.38
2026-05-20,9.83,9.73,9.86,9.71,24660,29490489.91,1.53,-0.71,-0.07,0.54
2026-05-21,9.75,9.72,9.80,9.63,16035,19033433.28,1.75,-0.10,-0.01,0.35
2026-05-22,9.80,9.90,10.03,9.71,20159,19885917.22,3.29,1.85,0.18,0.37
2026-05-25,10.00,9.75,10.00,9.72,14032,13743324.56,2.83,-1.52,-0.15,0.26
2026-05-26,9.70,9.51,9.72,9.34,20952,19820698.69,3.90,-2.46,-0.24,0.38
2026-05-27,9.42,9.23,9.47,9.06,35731,32906632.18,4.31,-2.94,-0.28,0.66
2026-05-28,9.15,9.10,9.23,8.98,22167,20117938.60,2.71,-1.41,-0.13,0.41
2026-05-29,9.14,9.30,9.36,9.10,24809,22972159.26,2.86,2.20,0.20,0.46
2026-06-01,9.23,9.43,9.59,9.20,39264,36917983.93,4.19,1.40,0.13,0.72
2026-06-02,9.42,9.42,9.45,9.31,15918,14911085.71,1.48,-0.11,-0.01,0.29
2026-06-03,9.33,9.21,9.42,9.15,14341,13227286.00,2.87,-2.23,-0.21,0.26
2026-06-04,9.25,9.09,9.27,9.02,13166,11953307.50,2.71,-1.30,-0.12,0.24
2026-06-05,9.09,9.24,9.27,9.03,15721,14466086.08,2.64,1.65,0.15,0.29
2026-06-08,8.77,8.70,8.98,8.57,37299,32713449.56,4.44,-5.84,-0.54,0.69
2026-06-09,8.76,8.59,8.83,8.58,19392,16851246.83,2.87,-1.26,-0.11,0.36
2026-06-10,8.56,8.68,8.70,8.55,19481,16819129.36,1.75,1.05,0.09,0.36
2026-06-11,8.63,8.59,8.75,8.45,15693,13446579.81,3.46,-1.04,-0.09,0.29
2026-06-12,8.62,8.86,8.93,8.55,23963,21041153.18,4.42,3.14,0.27,0.44
2026-06-15,8.90,8.79,9.02,8.73,17121,15152608.48,3.27,-0.79,-0.07,0.31
2026-06-16,8.90,8.51,8.90,8.47,32739,28075641.60,4.89,-3.19,-0.28,0.60
2026-06-17,8.56,8.25,8.56,8.21,31845,26545798.25,4.11,-3.06,-0.26,0.59
2026-06-18,8.25,8.10,8.26,7.87,34524,27727835.16,4.73,-1.82,-0.15,0.63
2026-06-22,8.08,8.39,8.52,7.87,44832,36837704.50,8.02,3.58,0.29,0.82
2026-06-23,8.34,8.27,8.48,8.20,24719,20635751.93,3.34,-1.43,-0.12,0.45
2026-06-24,8.28,8.00,8.38,7.99,37329,30252815.73,4.72,-3.26,-0.27,0.69
2026-06-25,7.97,8.02,8.17,7.81,36758,29299129.03,4.50,0.25,0.02,0.68
2026-06-26,8.02,7.96,8.02,7.86,24305,19335970.53,2.00,-0.75,-0.06,0.45