2026-01-05,23.97,24.43,24.46,23.94,31691,78020492.00,2.17,1.92,0.46,3.07
2026-01-06,24.43,24.56,24.70,24.34,22851,56675980.00,1.47,0.53,0.13,2.21
2026-01-07,24.54,24.47,24.61,24.37,20332,50350995.00,0.98,-0.37,-0.09,1.97
2026-01-08,24.34,24.58,24.67,24.34,16461,40859219.00,1.35,0.45,0.11,1.59
2026-01-09,24.65,24.72,24.72,24.49,23404,58247272.00,0.94,0.57,0.14,2.26
2026-01-12,24.65,25.07,25.07,24.52,38537,96704539.00,2.22,1.42,0.35,3.73
2026-01-13,25.16,24.74,25.19,24.74,32610,82292696.00,1.79,-1.32,-0.33,3.16
2026-01-14,24.74,24.62,25.04,24.44,33266,83279999.00,2.43,-0.49,-0.12,3.22
2026-01-15,24.60,24.59,24.83,24.49,17970,44702846.00,1.38,-0.12,-0.03,1.74
2026-01-16,24.78,24.47,24.78,24.34,20473,50634392.00,1.79,-0.49,-0.12,1.98
2026-01-19,24.62,24.67,24.79,24.47,20423,50943830.00,1.31,0.82,0.20,1.98
2026-01-20,24.64,25.09,25.48,24.57,49695,125727466.00,3.69,1.70,0.42,4.81
2026-01-21,25.09,25.19,25.20,24.78,34847,88015915.00,1.67,0.40,0.10,3.37
2026-01-22,25.32,25.00,25.32,24.97,26701,67587184.00,1.39,-0.75,-0.19,2.58
2026-01-23,25.21,25.45,25.59,25.00,41294,105528075.00,2.36,1.80,0.45,4.00
2026-01-26,25.44,25.03,25.45,24.80,37838,95766691.00,2.55,-1.65,-0.42,3.66
2026-01-27,25.02,24.12,25.03,23.99,50415,123621163.00,4.16,-3.64,-0.91,4.88
2026-01-28,24.02,23.58,24.22,23.54,37382,89804718.00,2.82,-2.24,-0.54,3.62
2026-01-29,23.51,23.67,23.82,23.25,24177,57632963.00,2.42,0.38,0.09,2.34
2026-01-30,23.47,23.58,23.75,23.37,21316,50733708.00,1.61,-0.38,-0.09,2.06
2026-02-02,23.46,23.18,23.81,23.16,22004,52276259.00,2.76,-1.70,-0.40,2.13
2026-02-03,23.26,23.33,23.55,23.14,19627,46303091.00,1.77,0.65,0.15,1.90
2026-02-04,23.25,23.54,23.55,23.19,19831,46855373.00,1.54,0.90,0.21,1.92
2026-02-05,23.69,23.94,24.26,23.54,38063,92336486.00,3.06,1.70,0.40,3.68
2026-02-06,23.85,23.59,23.93,23.57,21914,52535293.00,1.50,-1.46,-0.35,2.12
2026-02-09,23.69,23.72,23.72,23.51,13369,31946217.00,0.89,0.55,0.13,1.29
2026-02-10,23.69,23.66,23.74,23.61,10544,25256805.00,0.55,-0.25,-0.06,1.02
2026-02-11,23.63,23.67,23.74,23.50,11829,28273298.00,1.01,0.04,0.01,1.14
2026-02-12,23.66,23.35,23.66,23.34,16042,37993314.00,1.35,-1.35,-0.32,1.55
2026-02-13,23.41,22.97,23.44,22.94,21291,49852110.00,2.14,-1.63,-0.38,2.06
2026-02-24,23.13,23.18,23.30,23.01,13232,31034322.00,1.26,0.91,0.21,1.28
2026-02-25,23.18,23.29,23.40,23.18,12711,29959131.00,0.95,0.47,0.11,1.23
2026-02-26,23.31,23.06,23.34,23.00,17244,40295858.00,1.46,-0.99,-0.23,1.67
2026-02-27,23.06,23.20,23.20,23.06,8650,20245725.00,0.61,0.61,0.14,0.84
2026-03-02,22.94,22.52,23.02,22.51,22225,50950294.00,2.20,-2.93,-0.68,2.15
2026-03-03,22.52,22.06,22.68,21.99,22083,49640890.00,3.06,-2.04,-0.46,2.14
2026-03-04,21.85,21.71,22.13,21.67,17256,38094125.00,2.09,-1.59,-0.35,1.67
2026-03-05,21.94,21.74,22.04,21.70,11640,25750642.00,1.57,0.14,0.03,1.13
2026-03-06,21.80,22.29,22.36,21.74,16694,37462080.00,2.85,2.53,0.55,1.62
2026-03-09,22.10,22.11,22.17,21.82,16526,36786828.00,1.57,-0.81,-0.18,1.60
2026-03-10,22.27,22.32,22.45,22.13,12826,28938590.00,1.45,0.95,0.21,1.24
2026-03-11,22.32,22.34,22.42,22.23,10796,24414839.00,0.85,0.09,0.02,1.04
2026-03-12,22.24,22.12,22.33,22.06,9460,21212697.00,1.21,-0.98,-0.22,0.92
2026-03-13,22.18,22.12,22.30,21.96,12005,26934644.00,1.54,0.00,0.00,1.16
2026-03-16,22.12,22.47,22.50,22.01,14652,33037813.00,2.22,1.58,0.35,1.42
2026-03-17,22.48,22.26,22.64,22.26,13078,29720552.00,1.69,-0.93,-0.21,1.27
2026-03-18,22.26,22.14,22.44,22.00,13272,29713388.00,1.98,-0.54,-0.12,1.28
2026-03-19,22.18,21.67,22.19,21.63,16211,35747864.00,2.53,-2.12,-0.47,1.57
2026-03-20,21.81,21.31,21.86,21.31,14702,32046031.00,2.54,-1.66,-0.36,1.42
2026-03-23,21.24,20.12,21.24,20.02,25287,52520573.00,5.73,-5.58,-1.19,2.45
2026-03-24,20.56,20.69,20.72,20.17,18296,37939370.00,2.73,2.83,0.57,1.77
2026-03-25,20.70,20.79,20.88,20.64,11620,24453135.00,1.16,0.48,0.10,1.12
2026-03-26,20.79,20.58,21.01,20.54,10804,22686516.00,2.26,-1.01,-0.21,1.05
2026-03-27,20.35,20.90,20.98,20.34,13845,29208658.00,3.11,1.55,0.32,1.34
2026-03-30,20.94,21.13,21.16,20.77,16925,36000659.00,1.87,1.10,0.23,1.64
2026-03-31,21.14,21.98,22.23,21.14,45756,100436178.00,5.16,4.02,0.85,4.43
2026-04-01,22.65,24.20,24.20,22.60,115430,274688808.00,7.28,10.10,2.22,11.17
2026-04-02,24.14,23.33,24.14,23.21,101955,242216173.00,3.84,-3.60,-0.87,9.87
2026-04-03,23.57,23.88,24.54,23.17,90901,219008284.00,5.87,2.36,0.55,8.80
2026-04-07,23.57,23.69,24.29,23.49,68871,165807475.00,3.35,-0.80,-0.19,6.66
2026-04-08,23.48,25.04,25.34,23.48,121292,301093401.00,7.85,5.70,1.35,11.74
2026-04-09,24.69,24.77,24.89,24.25,70088,173634057.00,2.56,-1.08,-0.27,6.78
2026-04-10,24.44,24.68,25.62,24.44,79674,200817942.00,4.76,-0.36,-0.09,7.71
2026-04-13,24.20,23.87,24.59,23.75,60665,147253341.00,3.40,-3.28,-0.81,5.87
2026-04-14,24.19,23.59,24.23,23.25,55676,132679278.00,4.11,-1.17,-0.28,5.39
2026-04-15,23.60,24.25,24.29,23.35,57541,139168368.00,3.98,2.80,0.66,5.57
2026-04-16,24.23,24.35,24.65,23.80,52042,127271533.00,3.51,0.41,0.10,5.04
2026-04-17,24.29,24.12,24.52,24.04,32847,80447955.00,1.97,-0.94,-0.23,3.18
2026-04-20,24.37,25.23,25.74,24.12,77173,194475998.00,6.72,4.60,1.11,7.47
2026-04-21,24.98,24.79,25.21,24.65,47593,119351286.00,2.22,-1.74,-0.44,4.61
2026-04-22,24.75,24.32,24.75,24.29,38245,94192406.00,1.86,-1.90,-0.47,3.70
2026-04-23,24.43,25.78,26.44,24.06,125088,320626345.00,9.79,6.00,1.46,12.10
2026-04-24,25.64,25.95,26.06,25.24,91055,236424612.00,3.18,0.66,0.17,8.81
2026-04-27,25.89,26.32,26.38,25.59,85329,224246270.00,3.04,1.43,0.37,8.26
2026-04-28,26.27,25.90,26.38,25.83,58900,155283907.00,2.09,-1.60,-0.42,5.70
2026-04-29,25.72,25.87,26.20,25.24,50999,132705949.00,3.71,-0.12,-0.03,4.94
2026-04-30,25.58,25.71,25.99,25.43,40831,106093923.00,2.16,-0.62,-0.16,3.95
2026-05-06,25.74,26.36,26.52,25.62,69787,183645732.00,3.50,2.53,0.65,6.75
2026-05-07,26.28,25.86,26.50,25.85,56774,149929898.00,2.47,-1.90,-0.50,5.49
2026-05-08,25.80,25.43,25.84,25.34,46475,119549988.00,1.93,-1.66,-0.43,4.50
2026-05-11,25.44,24.82,25.44,24.72,54672,137661563.00,2.83,-2.40,-0.61,5.29
2026-05-12,24.82,24.68,25.01,24.41,40719,101544845.00,2.42,-0.56,-0.14,3.94
2026-05-13,24.94,24.84,25.29,24.78,45325,114853291.00,2.07,0.65,0.16,4.39
2026-05-14,24.94,23.77,25.07,23.76,49823,121543676.00,5.27,-4.31,-1.07,4.82
2026-05-15,23.79,23.86,24.14,23.54,33767,81376409.00,2.52,0.38,0.09,3.27
2026-05-18,23.86,23.25,23.92,23.14,33942,80616055.00,3.27,-2.56,-0.61,3.28
2026-05-19,23.28,23.51,23.60,23.20,20743,49084946.00,1.72,1.12,0.26,2.01
2026-05-20,23.47,23.25,23.47,22.81,29871,69768728.00,2.81,-1.11,-0.26,2.89
2026-05-21,23.10,23.24,23.84,23.10,33471,79566132.00,3.18,-0.04,-0.01,3.24
2026-05-22,23.34,22.71,23.48,22.62,29980,69241006.00,3.70,-2.28,-0.53,2.90
2026-05-25,22.92,22.70,22.92,22.47,21057,48313657.00,1.98,-0.04,-0.01,2.04
2026-05-26,22.54,22.42,22.80,22.13,23968,54260703.00,2.95,-1.23,-0.28,2.32
2026-05-27,22.29,21.99,22.48,21.56,30280,67176526.00,4.10,-1.92,-0.43,2.93
2026-05-28,21.83,21.52,22.00,21.24,25361,55440529.00,3.46,-2.14,-0.47,2.45
2026-05-29,21.66,22.11,22.45,21.42,38476,84517201.00,4.79,2.74,0.59,3.72
2026-06-01,22.09,24.32,24.32,22.01,61368,144151929.00,10.45,10.00,2.21,5.94
2026-06-02,24.13,23.45,24.13,23.36,56042,132616657.00,3.17,-3.58,-0.87,5.42
2026-06-03,23.67,23.17,23.67,22.85,32324,74686280.00,3.50,-1.19,-0.28,3.13
2026-06-04,23.39,22.48,23.60,22.15,40919,92775853.00,6.26,-2.98,-0.69,3.96
2026-06-05,22.44,22.51,23.88,22.42,40674,93172868.00,6.49,0.13,0.03,3.94
2026-06-08,22.18,21.70,22.69,21.41,33045,72528542.00,5.69,-3.60,-0.81,3.20
2026-06-09,21.80,21.42,22.00,21.06,27410,58843902.00,4.33,-1.29,-0.28,2.65
2026-06-10,21.45,21.60,21.62,21.02,25013,53384656.00,2.80,0.84,0.18,2.42
2026-06-11,21.60,21.06,21.67,20.90,22169,46923108.00,3.56,-2.50,-0.54,2.15
2026-06-12,21.19,21.60,21.68,20.92,26185,55985503.00,3.61,2.56,0.54,2.53
2026-06-15,21.54,21.59,22.21,21.41,24055,52290921.00,3.70,-0.05,-0.01,2.33
2026-06-16,21.50,21.07,21.50,20.90,23352,49255580.00,2.78,-2.41,-0.52,2.26
2026-06-17,21.06,20.65,21.10,20.65,20705,42982184.00,2.14,-1.99,-0.42,2.00
2026-06-18,20.65,20.71,21.16,20.40,20946,43598879.00,3.68,0.29,0.06,2.03
2026-06-22,20.46,20.09,20.71,19.64,34049,67933117.00,5.17,-2.99,-0.62,3.29
2026-06-23,19.82,20.25,20.64,19.80,23901,48568016.00,4.18,0.80,0.16,2.31
2026-06-24,20.35,19.33,20.35,19.29,29622,57908758.00,5.23,-4.54,-0.92,2.87
2026-06-25,19.29,18.77,19.30,18.56,32787,61677276.00,3.83,-2.90,-0.56,3.17
2026-06-26,18.80,18.34,18.82,18.29,21045,38830144.00,2.82,-2.29,-0.43,2.04
2026-06-29,18.32,18.70,19.10,17.77,33007,61204991.00,7.25,1.96,0.36,3.19