2026-01-05,5.08,5.03,5.09,5.01,177037,90957371.00,1.58,-0.59,-0.03,2.33
2026-01-06,5.01,5.06,5.09,4.99,163051,83960757.00,1.99,0.60,0.03,2.14
2026-01-07,5.04,5.04,5.08,5.02,149285,76818391.00,1.19,-0.40,-0.02,1.96
2026-01-08,5.02,5.06,5.08,4.98,138325,71051772.00,1.98,0.40,0.02,1.82
2026-01-09,5.06,5.18,5.18,5.04,220359,115101860.00,2.77,2.37,0.12,2.90
2026-01-12,5.22,5.22,5.24,5.14,202985,107530267.00,1.93,0.77,0.04,2.67
2026-01-13,5.23,5.18,5.27,5.15,209079,111254753.00,2.30,-0.77,-0.04,2.75
2026-01-14,5.16,5.20,5.28,5.11,229482,121960556.00,3.28,0.39,0.02,3.02
2026-01-15,5.19,5.14,5.20,5.09,187885,98297939.00,2.12,-1.15,-0.06,2.47
2026-01-16,5.15,5.03,5.19,4.96,320258,164333459.00,4.47,-2.14,-0.11,4.21
2026-01-19,5.15,5.34,5.36,5.15,581878,313515308.00,4.17,6.16,0.31,7.65
2026-01-20,5.31,5.38,5.45,5.22,385910,210447170.00,4.31,0.75,0.04,5.07
2026-01-21,5.38,5.38,5.40,5.28,245395,133789498.00,2.23,0.00,0.00,3.23
2026-01-22,5.33,5.40,5.44,5.32,189089,103918966.00,2.23,0.37,0.02,2.49
2026-01-23,5.40,5.40,5.42,5.36,178452,97880949.00,1.11,0.00,0.00,2.35
2026-01-26,5.39,5.40,5.45,5.31,220944,120624193.00,2.59,0.00,0.00,2.90
2026-01-27,5.36,5.29,5.39,5.23,156175,84084907.00,2.96,-2.04,-0.11,2.05
2026-01-28,5.25,5.24,5.32,5.21,130017,69733152.00,2.08,-0.95,-0.05,1.71
2026-01-29,5.24,5.27,5.31,5.17,147771,79133392.00,2.67,0.57,0.03,1.94
2026-01-30,5.22,5.26,5.33,5.21,154550,82878728.00,2.28,-0.19,-0.01,2.03
2026-02-02,5.25,5.26,5.35,5.20,180974,97495279.00,2.85,0.00,0.00,2.38
2026-02-03,5.26,5.31,5.33,5.22,161495,86817289.00,2.09,0.95,0.05,2.12
2026-02-04,5.28,5.43,5.44,5.26,228218,125261784.00,3.39,2.26,0.12,3.00
2026-02-05,5.42,5.45,5.49,5.39,220548,122345265.00,1.84,0.37,0.02,2.90
2026-02-06,5.46,5.44,5.48,5.38,208939,115622154.00,1.83,-0.18,-0.01,2.75
2026-02-09,5.44,5.46,5.49,5.42,153345,85148943.00,1.29,0.37,0.02,2.02
2026-02-10,5.44,5.43,5.47,5.37,143546,79178726.00,1.83,-0.55,-0.03,1.89
2026-02-11,5.43,5.39,5.43,5.34,139719,76652413.00,1.66,-0.74,-0.04,1.84
2026-02-12,5.38,5.26,5.39,5.25,149678,80691514.00,2.60,-2.41,-0.13,1.97
2026-02-13,5.28,5.22,5.31,5.20,113632,60857986.00,2.09,-0.76,-0.04,1.49
2026-02-24,5.23,5.21,5.27,5.16,181504,96182222.00,2.11,-0.19,-0.01,2.39
2026-02-25,5.19,5.26,5.30,5.19,138919,74501498.00,2.11,0.96,0.05,1.83
2026-02-26,5.25,5.20,5.29,5.19,118019,62930351.00,1.90,-1.14,-0.06,1.55
2026-02-27,5.19,5.20,5.23,5.16,114500,60568001.00,1.35,0.00,0.00,1.51
2026-03-02,5.12,4.99,5.12,4.96,212727,109109646.00,3.08,-4.04,-0.21,2.80
2026-03-03,5.02,4.90,5.05,4.90,165235,83774649.00,3.01,-1.80,-0.09,2.17
2026-03-04,4.90,4.87,4.93,4.81,136634,67890627.00,2.45,-0.61,-0.03,1.80
2026-03-05,4.91,4.90,4.97,4.88,123852,62237119.00,1.85,0.62,0.03,1.63
2026-03-06,4.87,5.01,5.02,4.87,113411,57527401.00,3.06,2.24,0.11,1.49
2026-03-09,4.96,4.99,5.02,4.93,128030,65087489.00,1.80,-0.40,-0.02,1.68
2026-03-10,4.99,5.01,5.03,4.98,91428,46621178.00,1.00,0.40,0.02,1.20
2026-03-11,5.00,4.97,5.02,4.95,91966,46695351.00,1.40,-0.80,-0.04,1.21
2026-03-12,4.95,4.95,4.99,4.94,78400,39715059.00,1.01,-0.40,-0.02,1.03
2026-03-13,4.95,4.96,5.01,4.93,104753,53106128.00,1.62,0.20,0.01,1.38
2026-03-16,4.94,4.99,5.00,4.94,70000,35482216.00,1.21,0.60,0.03,0.92
2026-03-17,4.99,4.93,5.02,4.92,90121,45726776.00,2.00,-1.20,-0.06,1.18
2026-03-18,4.93,4.91,4.94,4.86,68303,34112735.00,1.62,-0.41,-0.02,0.90
2026-03-19,4.87,4.81,4.91,4.80,100613,49705474.00,2.24,-2.04,-0.10,1.32
2026-03-20,4.81,4.68,4.84,4.67,104572,50670373.00,3.53,-2.70,-0.13,1.37
2026-03-23,4.60,4.38,4.60,4.36,144396,66080492.00,5.13,-6.41,-0.30,1.90
2026-03-24,4.50,4.55,4.57,4.42,127129,58480280.00,3.42,3.88,0.17,1.67
2026-03-25,4.59,4.69,4.70,4.58,97227,46139614.00,2.64,3.08,0.14,1.28
2026-03-26,4.70,4.68,4.77,4.67,90321,43420571.00,2.13,-0.21,-0.01,1.19
2026-03-27,4.63,4.71,4.74,4.62,81794,39196080.00,2.56,0.64,0.03,1.08
2026-03-30,4.69,4.74,4.76,4.66,86399,41686919.00,2.12,0.64,0.03,1.14
2026-03-31,4.72,4.72,4.83,4.71,101742,49668660.00,2.53,-0.42,-0.02,1.34
2026-04-01,4.77,4.70,4.78,4.67,86289,41571101.00,2.33,-0.42,-0.02,1.13
2026-04-02,4.70,4.66,4.72,4.63,65259,31185672.00,1.91,-0.85,-0.04,0.86
2026-04-03,4.65,4.51,4.67,4.51,74869,34936049.00,3.43,-3.22,-0.15,0.98
2026-04-07,4.55,4.68,4.68,4.51,87122,41029895.00,3.77,3.77,0.17,1.15
2026-04-08,4.72,4.76,4.78,4.69,86012,41652114.00,1.92,1.71,0.08,1.13
2026-04-09,4.74,4.68,4.76,4.64,80792,38730887.00,2.52,-1.68,-0.08,1.06
2026-04-10,4.70,4.73,4.83,4.68,114908,55640977.00,3.21,1.07,0.05,1.51
2026-04-13,4.75,4.76,4.81,4.70,167342,81022410.00,2.33,0.63,0.03,2.20
2026-04-14,4.78,4.74,4.80,4.67,128405,62029457.00,2.73,-0.42,-0.02,1.69
2026-04-15,4.74,4.69,4.76,4.68,81892,39368413.00,1.69,-1.05,-0.05,1.08
2026-04-16,4.71,4.77,4.79,4.68,100230,48441451.00,2.35,1.71,0.08,1.32
2026-04-17,4.77,4.74,4.77,4.69,77049,37231859.00,1.68,-0.63,-0.03,1.01
2026-04-20,4.72,4.70,4.72,4.62,110229,52603591.00,2.11,-0.84,-0.04,1.45
2026-04-21,4.69,4.66,4.73,4.61,113775,54127744.00,2.55,-0.85,-0.04,1.50
2026-04-22,4.65,4.63,4.66,4.59,94562,44630009.00,1.50,-0.64,-0.03,1.24
2026-04-23,4.63,4.61,4.67,4.58,95680,45119772.00,1.94,-0.43,-0.02,1.26
2026-04-24,4.62,4.58,4.62,4.53,95127,44459327.00,1.95,-0.65,-0.03,1.25
2026-04-27,4.58,4.68,4.70,4.50,119798,56368196.00,4.37,2.18,0.10,1.57
2026-04-28,4.64,4.61,4.69,4.57,85182,40219940.00,2.56,-1.50,-0.07,1.12
2026-04-29,4.61,4.72,4.74,4.58,134373,64359738.00,3.47,2.39,0.11,1.77
2026-04-30,4.71,4.70,4.76,4.68,119527,57551302.00,1.69,-0.42,-0.02,1.57
2026-05-06,4.70,4.66,4.73,4.63,141537,67459285.00,2.13,-0.85,-0.04,1.86
2026-05-07,4.65,4.62,4.70,4.61,98374,46656653.00,1.93,-0.86,-0.04,1.29
2026-05-08,4.62,4.69,4.72,4.61,98979,47242496.00,2.38,1.52,0.07,1.30
2026-05-11,4.69,4.66,4.70,4.62,102230,48601283.00,1.71,-0.64,-0.03,1.34
2026-05-12,4.66,4.53,4.68,4.52,130434,61109661.00,3.43,-2.79,-0.13,1.71
2026-05-13,4.55,4.53,4.57,4.50,96256,44588814.00,1.55,0.00,0.00,1.27
2026-05-14,4.56,4.49,4.57,4.46,87874,40520856.00,2.43,-0.88,-0.04,1.16
2026-05-15,4.53,4.41,4.53,4.39,104278,47360982.00,3.12,-1.78,-0.08,1.37
2026-05-18,4.41,4.38,4.41,4.32,115126,51297299.00,2.04,-0.68,-0.03,1.51
2026-05-19,4.38,4.44,4.46,4.37,80720,36507196.00,2.05,1.37,0.06,1.06
2026-05-20,4.43,4.37,4.46,4.36,65539,29439049.00,2.25,-1.58,-0.07,0.86
2026-05-21,4.35,4.22,4.41,4.21,88403,39143482.00,4.58,-3.43,-0.15,1.16
2026-05-22,4.26,4.26,4.30,4.18,78186,33905611.00,2.84,0.95,0.04,1.03
2026-05-25,4.26,4.28,4.31,4.22,81084,35427159.00,2.11,0.47,0.02,1.07
2026-05-26,4.28,4.29,4.32,4.25,85314,37346212.00,1.64,0.23,0.01,1.12
2026-05-27,4.29,4.22,4.31,4.14,103280,44587821.00,3.96,-1.63,-0.07,1.36
2026-05-28,4.23,4.21,4.28,4.15,77668,33541394.00,3.08,-0.24,-0.01,1.02
2026-05-29,4.20,4.28,4.35,4.19,139957,61423929.00,3.80,1.66,0.07,1.84
2026-06-01,4.26,4.38,4.41,4.21,122676,54602356.00,4.67,2.34,0.10,1.61
2026-06-02,4.38,4.24,4.39,4.20,119917,52445033.00,4.34,-3.20,-0.14,1.58
2026-06-03,4.24,4.18,4.24,4.14,79091,33807563.00,2.36,-1.42,-0.06,1.04
2026-06-04,4.17,4.06,4.22,4.03,87862,36835639.00,4.55,-2.87,-0.12,1.16
2026-06-05,4.07,4.14,4.22,4.06,99375,42164275.00,3.94,1.97,0.08,1.31
2026-06-08,4.10,4.05,4.18,4.00,91165,38215070.00,4.35,-2.17,-0.09,1.20
2026-06-09,4.06,4.02,4.10,3.96,89337,36775396.00,3.46,-0.74,-0.03,1.17
2026-06-10,3.98,4.01,4.02,3.94,86862,35460546.00,1.99,-0.25,-0.01,1.14
2026-06-11,3.97,3.95,4.04,3.92,68133,27660820.00,2.99,-1.50,-0.06,0.90
2026-06-12,4.02,4.10,4.13,3.96,107467,43722548.00,4.30,3.80,0.15,1.41
2026-06-15,4.12,4.07,4.18,4.04,81751,33496563.00,3.41,-0.73,-0.03,1.07
2026-06-16,4.05,4.02,4.06,3.97,79146,31705049.00,2.21,-1.23,-0.05,1.04
2026-06-17,4.00,3.91,4.03,3.90,80024,31486173.00,3.23,-2.74,-0.11,1.05
2026-06-18,3.88,3.87,3.92,3.84,68966,26700817.00,2.05,-1.02,-0.04,0.91
2026-06-22,3.84,3.87,3.88,3.74,93345,35486554.00,3.62,0.00,0.00,1.23
2026-06-23,3.83,3.92,4.00,3.83,84500,33275675.00,4.39,1.29,0.05,1.11
2026-06-24,3.94,3.80,3.94,3.77,84618,32350384.00,4.34,-3.06,-0.12,1.11
2026-06-25,3.82,3.73,3.82,3.70,74180,27706291.00,3.16,-1.84,-0.07,0.98
2026-06-26,3.70,3.66,3.71,3.61,84641,31030683.00,2.68,-1.88,-0.07,1.11