2026-01-05,154.59,151.15,155.00,148.68,99236,1499037721.50,4.09,-2.23,-3.44,1.63
2026-01-06,151.04,149.90,153.17,149.00,66831,1006784494.76,2.76,-0.83,-1.25,1.10
2026-01-07,151.01,154.33,155.55,149.25,99577,1526127812.97,4.20,2.96,4.43,1.63
2026-01-08,154.33,152.89,157.00,151.08,60385,924671246.84,3.84,-0.93,-1.44,0.99
2026-01-09,152.01,159.55,160.10,151.00,94299,1484756165.21,5.95,4.36,6.66,1.55
2026-01-12,160.50,159.29,160.50,155.70,77294,1223096143.46,3.01,-0.16,-0.26,1.27
2026-01-13,160.02,162.33,168.67,156.18,177506,2884493605.22,7.84,1.91,3.04,2.91
2026-01-14,162.39,161.87,167.97,160.00,119114,1949345679.17,4.91,-0.28,-0.46,1.95
2026-01-15,161.85,169.00,170.50,161.85,117801,1977481663.53,5.34,4.40,7.13,1.93
2026-01-16,185.89,185.90,185.90,181.80,152733,2829781132.31,2.43,10.00,16.90,2.50
2026-01-19,189.98,204.49,204.49,189.53,237388,4660842704.45,8.05,10.00,18.59,3.89
2026-01-20,202.45,196.82,202.45,191.15,224558,4409821309.35,5.53,-3.75,-7.67,3.68
2026-01-21,192.79,196.95,201.56,188.00,169109,3316660032.73,6.89,0.07,0.13,2.77
2026-01-22,196.96,191.03,200.86,188.18,157160,3025205823.07,6.44,-3.01,-5.92,2.58
2026-01-23,190.00,188.56,193.43,187.66,116907,2220332448.52,3.02,-1.29,-2.47,1.92
2026-01-26,187.52,189.77,194.57,187.10,107754,2059649116.97,3.96,0.64,1.21,1.77
2026-01-27,190.50,189.26,194.26,187.60,78993,1500159095.11,3.51,-0.27,-0.51,1.29
2026-01-28,189.34,191.69,193.96,187.50,106483,2030536620.71,3.41,1.28,2.43,1.74
2026-01-29,191.66,185.89,191.70,185.77,112320,2116176054.55,3.09,-3.03,-5.80,1.84
2026-01-30,183.41,184.80,186.81,178.50,105989,1942548827.43,4.47,-0.59,-1.09,1.74
2026-02-02,188.49,187.06,194.35,184.72,153273,2909391469.06,5.21,1.22,2.26,2.51
2026-02-03,185.20,199.50,200.10,185.10,148948,2899305766.63,8.02,6.65,12.44,2.44
2026-02-04,199.50,201.83,203.51,196.93,93167,1863769190.11,3.30,1.17,2.33,1.53
2026-02-05,201.00,192.38,201.96,188.80,114488,2207446506.86,6.52,-4.68,-9.45,1.88
2026-02-06,192.38,188.00,193.88,188.00,82653,1575057623.75,3.06,-2.28,-4.38,1.35
2026-02-09,191.76,202.00,202.77,191.59,118570,2344713167.56,5.95,7.45,14.00,1.94
2026-02-10,202.08,208.00,210.88,197.60,97552,2001815648.75,6.57,2.97,6.00,1.60
2026-02-11,206.90,206.60,210.33,204.24,50329,1038123455.17,2.93,-0.67,-1.40,0.82
2026-02-12,208.60,218.49,221.50,207.00,90548,1956867010.26,7.02,5.76,11.89,1.48
2026-02-13,215.99,212.63,217.85,212.03,75846,1627380493.28,2.66,-2.68,-5.86,1.24
2026-02-24,214.92,224.08,228.62,212.93,86504,1924666385.28,7.38,5.38,11.45,1.42
2026-02-25,223.00,223.90,226.43,218.95,71152,1586589637.21,3.34,-0.08,-0.18,1.17
2026-02-26,222.02,227.32,231.11,220.38,82452,1868594356.62,4.79,1.53,3.42,1.35
2026-02-27,222.78,214.43,226.00,210.53,165844,3558702242.43,6.81,-5.67,-12.89,2.72
2026-03-02,213.57,222.53,224.50,212.29,104827,2322161187.85,5.69,3.78,8.10,1.72
2026-03-03,221.84,219.40,225.35,218.88,95305,2111437148.54,2.91,-1.41,-3.13,1.56
2026-03-04,216.44,224.89,231.89,216.44,120490,2718743200.99,7.04,2.50,5.49,1.97
2026-03-05,224.99,230.70,236.28,224.77,120474,2785342609.84,5.12,2.58,5.81,1.97
2026-03-06,228.82,233.51,239.12,228.60,103383,2424408589.46,4.56,1.22,2.81,1.69
2026-03-09,226.80,229.06,230.03,220.43,110762,2494174552.33,4.11,-1.91,-4.45,1.81
2026-03-10,229.42,227.87,231.50,224.00,76564,1741423113.06,3.27,-0.52,-1.19,1.25
2026-03-11,225.00,220.96,226.82,216.50,119944,2644992200.07,4.53,-3.03,-6.91,1.97
2026-03-12,218.42,213.11,220.25,210.50,151892,3255953764.38,4.41,-3.55,-7.85,2.49
2026-03-13,211.18,211.40,214.88,208.52,87594,1857420106.78,2.98,-0.80,-1.71,1.44
2026-03-16,211.38,208.80,212.38,201.38,121154,2486377665.05,5.20,-1.23,-2.60,1.99
2026-03-17,209.71,211.45,217.50,207.89,103148,2206258083.22,4.60,1.27,2.65,1.69
2026-03-18,212.00,219.63,220.47,211.94,106153,2296318898.23,4.03,3.87,8.18,1.74
2026-03-19,215.68,211.10,218.50,210.21,82917,1767859654.36,3.77,-3.88,-8.53,1.36
2026-03-20,212.05,203.70,213.77,203.00,102293,2119736214.99,5.10,-3.51,-7.40,1.68
2026-03-23,200.20,201.80,205.50,199.60,108755,2203359611.15,2.90,-0.93,-1.90,1.78
2026-03-24,203.98,205.00,208.99,200.30,86099,1755779839.33,4.31,1.59,3.20,1.41
2026-03-25,209.99,212.86,215.70,208.34,88395,1882960400.30,3.59,3.83,7.86,1.45
2026-03-26,211.68,210.26,214.46,209.17,50862,1075365226.42,2.49,-1.22,-2.60,0.83
2026-03-27,207.83,208.24,210.68,204.10,56242,1166291733.06,3.13,-0.96,-2.02,0.92
2026-03-30,206.10,206.04,207.35,200.51,95207,1946220690.26,3.28,-1.06,-2.20,1.56
2026-03-31,205.98,202.00,208.03,199.87,103435,2100639444.33,3.96,-1.96,-4.04,1.69
2026-04-01,207.00,209.00,209.93,205.44,84073,1748854645.65,2.22,3.47,7.00,1.38
2026-04-02,208.00,209.60,213.03,207.01,83352,1750918720.66,2.88,0.29,0.60,1.36
2026-04-03,211.43,209.51,212.89,207.10,50198,1051382065.79,2.76,-0.04,-0.09,0.82
2026-04-07,207.97,200.20,209.31,198.00,128910,2593249461.22,5.40,-4.44,-9.31,2.11
2026-04-08,206.50,206.74,207.47,203.70,133453,2749249882.85,1.88,3.27,6.54,2.19
2026-04-09,202.70,202.68,206.62,200.08,93793,1902842955.84,3.16,-1.96,-4.06,1.54
2026-04-10,205.00,210.33,212.88,204.99,125944,2645484093.21,3.89,3.77,7.65,2.06
2026-04-13,207.40,200.55,208.50,198.15,158422,3180988201.98,4.92,-4.65,-9.78,2.59
2026-04-14,203.00,206.01,207.64,200.95,106900,2191088329.47,3.34,2.72,5.46,1.75
2026-04-15,207.64,209.58,216.67,206.49,116144,2463998535.84,4.94,1.73,3.57,1.90
2026-04-16,209.58,215.88,216.88,207.65,105640,2254433620.58,4.40,3.01,6.30,1.73
2026-04-17,215.97,213.80,218.87,212.11,102773,2206301726.52,3.13,-0.96,-2.08,1.68
2026-04-20,210.00,217.82,218.00,200.00,174468,3675727225.03,8.42,1.88,4.02,2.86
2026-04-21,217.00,216.24,217.88,211.70,96542,2069257119.32,2.84,-0.73,-1.58,1.58
2026-04-22,215.01,221.56,222.24,212.20,133742,2910031990.15,4.64,2.46,5.32,2.19
2026-04-23,227.00,223.99,232.28,217.09,134807,3029807753.21,6.86,1.10,2.43,2.21
2026-04-24,222.95,222.13,226.60,219.01,90157,2006858366.35,3.39,-0.83,-1.86,1.48
2026-04-27,213.88,207.48,215.47,205.00,255391,5329351152.09,4.71,-6.60,-14.65,4.18
2026-04-28,207.23,195.25,207.40,194.10,208111,4111761583.34,6.41,-5.89,-12.23,3.41
2026-04-29,195.00,196.86,197.77,193.47,98697,1934016738.56,2.20,0.82,1.61,1.62
2026-04-30,196.90,195.00,198.86,191.45,113536,2206475187.00,3.76,-0.94,-1.86,1.86
2026-05-06,198.90,206.00,211.16,198.10,155049,3201123613.77,6.70,5.64,11.00,2.54
2026-05-07,206.15,206.68,207.80,200.01,99286,2021608019.59,3.78,0.33,0.68,1.63
2026-05-08,203.98,198.10,203.98,195.20,118221,2346694958.70,4.25,-4.15,-8.58,1.94
2026-05-11,198.11,196.16,200.21,194.35,131207,2583749761.48,2.96,-0.98,-1.94,2.15
2026-05-12,196.15,198.35,201.18,192.70,108136,2138836085.10,4.32,1.12,2.19,1.77
2026-05-13,199.94,207.20,208.00,195.40,140270,2876469630.01,6.35,4.46,8.85,2.30
2026-05-14,208.85,202.80,211.16,202.80,108016,2228573916.70,4.03,-2.12,-4.40,1.77
2026-05-15,202.74,190.00,202.80,188.00,178260,3421927610.42,7.30,-6.31,-12.80,2.92
2026-05-18,188.02,192.57,197.30,187.10,113739,2196243912.11,5.37,1.35,2.57,1.86
2026-05-19,193.87,194.99,196.50,189.18,83908,1622210689.85,3.80,1.26,2.42,1.37
2026-05-20,194.00,205.30,206.50,193.14,192162,3843431398.78,6.85,5.29,10.31,3.15
2026-05-21,205.30,198.82,209.60,198.61,113194,2314453634.48,5.35,-3.16,-6.48,1.85
2026-05-22,201.01,197.14,201.85,196.18,74519,1473033977.56,2.85,-0.84,-1.68,1.22
2026-05-25,198.06,203.36,204.60,198.06,105258,2122415808.06,3.32,3.16,6.22,1.72
2026-05-26,202.88,194.10,202.88,193.31,122137,2389260153.03,4.71,-4.55,-9.26,2.00
2026-05-27,196.19,197.82,206.91,194.60,127231,2557276925.67,6.34,1.92,3.72,2.08
2026-05-28,198.45,204.90,206.85,196.55,128162,2583353701.47,5.21,3.58,7.08,2.10
2026-05-29,208.00,202.15,208.56,201.00,128681,2631448668.83,3.69,-1.34,-2.75,2.11
2026-06-01,205.50,216.00,219.81,203.50,217503,4662151897.38,8.07,6.85,13.85,3.56
2026-06-02,214.19,206.27,214.49,204.00,117383,2439154206.32,4.86,-4.50,-9.73,1.92
2026-06-03,204.10,194.13,204.27,191.90,195323,3805760136.91,6.00,-5.89,-12.14,3.20
2026-06-04,190.01,192.80,198.77,190.00,112148,2188446073.82,4.52,-0.69,-1.33,1.84
2026-06-05,191.05,177.49,192.78,176.46,226660,4124937422.82,8.46,-7.94,-15.31,3.71
2026-06-08,170.00,177.59,183.48,170.00,143939,2543030206.17,7.59,0.06,0.10,2.36
2026-06-09,180.00,183.30,185.00,177.50,102596,1865780900.15,4.22,3.22,5.71,1.68
2026-06-10,180.80,175.00,180.80,172.28,108011,1897453054.32,4.65,-4.53,-8.30,1.77
2026-06-11,174.97,172.00,175.29,170.00,58742,1012144493.51,3.02,-1.71,-3.00,0.96
2026-06-12,174.33,173.30,176.82,171.15,89080,1549635893.88,3.30,0.76,1.30,1.46