2026-01-05,20912.17,21717.23,21717.23,20912.17,8101467,93100968050.00,3.90,5.23,1079.36,3.69
2026-01-06,21682.62,22034.76,22103.38,21578.17,8299762,97016698523.00,2.42,1.46,317.53,3.78
2026-01-07,22581.92,22213.91,22581.92,22052.82,9480636,112931072292.00,2.40,0.81,179.15,4.31
2026-01-08,22152.99,22406.29,22610.09,22152.99,8420063,111115178791.00,2.06,0.87,192.38,3.83
2026-01-09,22238.56,22505.33,22573.51,22054.39,8372571,95716797554.00,2.32,0.44,99.04,3.81
2026-01-12,22671.56,23182.93,23190.00,22432.98,9764579,108305040655.00,3.36,3.01,677.60,4.44
2026-01-13,23112.29,22315.83,23112.29,22211.81,9233813,101876026378.00,3.88,-3.74,-867.10,4.20
2026-01-14,22519.76,22739.72,23141.68,22447.25,10303044,118874213740.00,3.11,1.90,423.89,4.69
2026-01-15,22598.42,22873.24,22910.77,22365.70,8025894,90889300063.00,2.40,0.59,133.52,3.65
2026-01-16,23108.74,23562.73,23776.73,22900.52,10747033,128518243849.00,3.83,3.01,689.49,4.89
2026-01-19,23570.59,23464.12,23638.84,23279.81,8634692,107360469296.00,1.52,-0.42,-98.61,3.93
2026-01-20,23436.84,23641.31,24054.03,23417.03,9619934,114612682196.00,2.71,0.76,177.19,4.38
2026-01-21,23540.45,24445.12,24609.68,23540.45,10413302,133693930848.00,4.52,3.40,803.81,4.74
2026-01-22,24962.68,24563.36,25022.74,24286.84,10338026,138768707194.00,3.01,0.48,118.24,4.70
2026-01-23,24382.75,24593.54,24593.54,24237.05,10518740,119256711108.00,1.45,0.12,30.18,4.79
2026-01-26,24588.91,23967.79,24837.40,23812.27,9693930,110236474213.00,4.17,-2.54,-625.75,4.41
2026-01-27,23900.43,25027.88,25063.42,23667.20,11559775,122273838019.00,5.83,4.42,1060.09,5.26
2026-01-28,25230.96,25320.13,25802.74,25124.48,12095501,130435827377.00,2.71,1.17,292.25,5.50
2026-01-29,25294.51,24484.11,25640.21,24484.11,10609856,116030649212.00,4.57,-3.30,-836.02,4.83
2026-01-30,24434.59,24752.04,25001.60,24004.55,9539441,114463914485.00,4.07,1.09,267.93,4.34
2026-02-02,24265.11,23240.60,24337.86,23240.60,8578188,104074502600.00,4.43,-6.11,-1511.44,3.90
2026-02-03,23750.81,23864.80,23909.90,23252.46,7480882,107011885359.00,2.83,2.69,624.20,3.40
2026-02-04,23555.20,23272.21,23555.20,22940.05,6510270,78187858682.00,2.58,-2.48,-592.59,2.96
2026-02-05,22811.08,23043.40,23166.30,22733.75,5400328,61082280085.00,1.86,-0.98,-228.81,2.46
2026-02-06,22769.65,22797.59,23105.69,22594.80,4929166,58596192360.00,2.22,-1.07,-245.81,2.24
2026-02-09,23244.74,23485.75,23485.75,23021.87,5835465,74491787259.00,2.03,3.02,688.16,2.65
2026-02-10,23458.75,23437.12,23732.65,23391.92,5324186,70287173022.00,1.45,-0.21,-48.63,2.42
2026-02-11,23317.43,23296.26,23492.35,23232.54,4203393,49571832436.00,1.11,-0.60,-140.86,1.91
2026-02-12,23485.10,24073.80,24087.53,23485.10,6306709,81074013738.00,2.59,3.34,777.54,2.87
2026-02-13,23892.74,24036.53,24415.10,23801.87,5409565,73062700218.00,2.55,-0.15,-37.27,2.46
2026-02-24,24354.44,24181.03,24500.62,23842.13,5992970,82589558577.00,2.74,0.60,144.50,2.73
2026-02-25,24140.00,24162.71,24215.88,23806.77,5631549,71284803902.00,1.69,-0.08,-18.32,2.56
2026-02-26,24226.30,24620.32,24762.74,23951.71,6496863,90473033037.00,3.36,1.89,457.61,2.96
2026-02-27,24298.68,24675.82,24772.57,24131.91,5718079,83070008682.00,2.60,0.23,55.50,2.60
2026-03-02,24180.62,24044.55,24548.91,23970.62,6478163,76906128562.00,2.34,-2.56,-631.27,2.95
2026-03-03,24050.06,22359.10,24099.89,22323.50,7735593,91299473128.00,7.39,-7.01,-1685.45,3.52
2026-03-04,22353.84,22463.02,23013.42,22353.84,6004703,79374707773.00,2.95,0.46,103.92,2.73
2026-03-05,23115.21,22999.89,23417.18,22854.10,6753461,94333142332.00,2.51,2.39,536.87,3.07
2026-03-06,22878.17,23241.90,23422.40,22870.85,5207568,70251781375.00,2.40,1.05,242.01,2.37
2026-03-09,22655.50,23065.19,23162.48,22196.52,6577426,85657398772.00,4.16,-0.76,-176.71,2.99
2026-03-10,23538.00,23711.78,23748.56,23357.92,5934859,79664545948.00,1.69,2.80,646.59,2.70
2026-03-11,23721.40,23309.64,23898.40,23287.87,5358484,76954744647.00,2.57,-1.70,-402.14,2.44
2026-03-12,23260.94,22971.85,23417.26,22756.90,4822551,66074572245.00,2.83,-1.45,-337.79,2.19
2026-03-13,22770.52,22769.11,23263.29,22609.60,5968934,78683666139.00,2.85,-0.88,-202.74,2.72
2026-03-16,22744.73,23485.10,23485.10,22512.09,6859469,99214631822.00,4.27,3.14,715.99,3.12
2026-03-17,23489.06,22936.34,23518.10,22936.34,5357963,78499319392.00,2.48,-2.34,-548.76,2.44
2026-03-18,23193.65,23771.76,23778.44,23125.58,6932928,97151364826.00,2.85,3.64,835.42,3.15
2026-03-19,23226.26,22988.28,23403.30,22887.40,6649596,87210469560.00,2.17,-3.30,-783.48,3.03
2026-03-20,23108.11,22388.19,23146.32,22379.34,6181839,87405668418.00,3.34,-2.61,-600.09,2.81
2026-03-23,21832.05,21061.79,22018.49,20925.32,6433329,79106211155.00,4.88,-5.92,-1326.40,2.93
2026-03-24,21420.11,21625.39,21625.39,20651.54,5815159,81730963180.00,4.62,2.68,563.60,2.65
2026-03-25,21776.11,22063.96,22375.05,21776.11,5851417,86008481825.00,2.77,2.03,438.57,2.66
2026-03-26,21949.06,21435.39,21970.88,21364.81,4958000,68817099811.00,2.75,-2.85,-628.57,2.26
2026-03-27,20993.67,21682.20,21873.12,20908.38,4757916,62281263116.00,4.50,1.15,246.81,2.16
2026-03-30,21260.45,21583.11,21666.61,21158.77,4310270,57359269111.00,2.34,-0.46,-99.09,1.96
2026-03-31,21437.27,21042.31,21648.21,21042.31,5539751,73911836364.00,2.81,-2.51,-540.80,2.52
2026-04-01,21722.61,21564.87,21752.11,21313.60,5389790,85414062385.00,2.08,2.48,522.56,2.45
2026-04-02,21506.51,20830.34,21509.14,20723.71,4762966,63005470446.00,3.64,-3.41,-734.53,2.17
2026-04-03,20988.31,20796.17,21064.39,20735.60,3862546,51268982339.00,1.58,-0.16,-34.17,1.76
2026-04-07,20961.73,21175.48,21407.73,20961.73,4315353,67838358908.00,2.14,1.82,379.31,1.96
2026-04-08,21880.85,22538.81,22538.81,21789.47,7296883,104633923815.00,3.54,6.44,1363.33,3.32
2026-04-09,22199.14,22438.90,22659.16,22178.80,6907828,85230927720.00,2.13,-0.44,-99.91,3.14
2026-04-10,22881.82,22886.08,23167.04,22869.23,7561069,104007692220.00,1.33,1.99,447.18,3.44
2026-04-13,22667.57,23219.90,23472.28,22667.57,6948270,102382211493.00,3.52,1.46,333.82,3.16
2026-04-14,23505.74,23772.28,23844.00,23505.74,7020813,112771328804.00,1.46,2.38,552.38,3.19
2026-04-15,23908.76,23506.63,24065.85,23418.13,7037919,114249650287.00,2.72,-1.12,-265.65,3.20
2026-04-16,23486.47,23955.48,23991.39,23375.21,6298691,104910194812.00,2.62,1.91,448.85,2.87
2026-04-17,23883.54,24174.16,24269.17,23845.23,6558132,103994765716.00,1.77,0.91,218.68,2.98
2026-04-20,24197.52,24459.70,24471.96,24184.30,6566201,98129380582.00,1.19,1.18,285.54,2.99
2026-04-21,24332.31,24200.74,24332.31,23837.79,5959473,94020241246.00,2.02,-1.06,-258.96,2.71
2026-04-22,24124.41,24777.73,24781.27,24124.41,6950663,98121539836.00,2.71,2.38,576.99,3.16
2026-04-23,24995.22,24378.17,25021.95,24132.24,8105181,119898588231.00,3.59,-1.61,-399.56,3.69
2026-04-24,24557.81,24770.60,24939.52,24246.77,8278689,126472728682.00,2.84,1.61,392.43,3.77
2026-04-27,25077.53,25641.26,25748.23,24883.24,9187997,132336019925.00,3.49,3.51,870.66,4.18
2026-04-28,25444.12,25089.23,25806.45,24922.23,8651397,125031136111.00,3.45,-2.15,-552.03,3.94
2026-04-29,24791.23,25214.81,25264.46,24430.79,7942938,126340150142.00,3.32,0.50,125.58,3.61
2026-04-30,25289.18,25953.59,26162.86,25181.15,10512517,170916052483.00,3.89,2.93,738.78,4.78
2026-05-06,26787.87,27237.19,27962.78,26775.73,13645890,226336521729.00,4.57,4.95,1283.60,6.21
2026-05-07,27313.54,27799.70,27869.77,27121.02,10700768,190928875382.00,2.75,2.07,562.51,4.87
2026-05-08,27350.48,27671.46,27746.77,27235.08,9670404,157148378915.00,1.84,-0.46,-128.24,4.40
2026-05-11,28444.99,29007.19,29179.11,28294.47,12122747,220514738764.00,3.20,4.83,1335.73,5.52
2026-05-12,28856.01,28776.47,29167.07,28395.87,9837527,184370913997.00,2.66,-0.80,-230.72,4.48
2026-05-13,28242.59,29586.91,29622.84,28003.77,10558441,188548609757.00,5.63,2.82,810.44,4.80
2026-05-14,29789.84,28997.31,29826.03,28997.31,9947372,191684250826.00,2.80,-1.99,-589.60,4.53
2026-05-15,29009.32,28586.80,29524.65,28138.81,10658146,200473547934.00,4.78,-1.42,-410.51,4.85
2026-05-18,28572.21,29180.89,29603.01,28568.91,9821197,179921154485.00,3.62,2.08,594.09,4.47
2026-05-19,28879.56,29936.32,29936.32,28409.02,10361158,187136477076.00,5.23,2.59,755.43,4.71
2026-05-20,29746.39,30538.76,30542.74,29746.39,10496747,185974582521.00,2.66,2.01,602.44,4.78
2026-05-21,31007.20,28803.01,31141.98,28737.31,13029452,220906269056.00,7.87,-5.68,-1735.75,5.93
2026-05-22,29232.11,29711.82,29841.30,28864.94,9566513,170025501355.00,3.39,3.16,908.81,4.35
2026-05-25,29786.27,30719.24,30719.24,29326.72,11165969,206231740196.00,4.69,3.39,1007.42,5.08
2026-05-26,30504.82,29908.04,30504.82,29259.26,10917285,198212815235.00,4.05,-2.64,-811.20,4.97
2026-05-27,30325.08,29523.87,30981.94,29408.76,12194779,225195232748.00,5.26,-1.28,-384.17,5.55
2026-05-28,29289.92,29632.55,29807.77,28876.87,9487639,171223033048.00,3.15,0.37,108.68,4.32
2026-05-29,29796.26,27804.38,29834.23,27508.23,11383259,184954315216.00,7.85,-6.17,-1828.17,5.18
2026-06-01,27982.62,26795.62,28207.63,26773.08,9359061,157870756529.00,5.16,-3.63,-1008.76,4.26
2026-06-02,26935.10,26827.52,27234.49,26133.72,8200950,139006221293.00,4.11,0.12,31.90,3.73
2026-06-03,26917.58,27438.79,28090.85,26912.28,10186241,184156687183.00,4.39,2.28,611.27,4.63
2026-06-04,26965.31,27698.83,27951.56,26953.16,8032311,163147986898.00,3.64,0.95,260.04,3.65
2026-06-05,27206.06,26950.89,27696.84,26763.08,8752922,158461388200.00,3.37,-2.70,-747.94,3.98
2026-06-08,25503.68,25571.88,26276.36,25258.31,8280057,130801062127.00,3.78,-5.12,-1379.01,3.77
2026-06-09,26135.30,26647.99,26691.90,25760.14,7499229,122717333379.00,3.64,4.21,1076.11,3.41
2026-06-10,26362.61,26177.36,26974.52,25819.48,7153973,131099951596.00,4.33,-1.77,-470.63,3.25
2026-06-11,26024.73,26304.78,26530.07,25848.66,7283387,112978660975.00,2.60,0.49,127.42,3.31
2026-06-12,27104.93,26057.49,27213.88,25992.40,9138739,164976795834.00,4.64,-0.94,-247.29,4.16
2026-06-15,26396.02,27693.79,27693.80,26031.60,8759691,155632850953.00,6.38,6.28,1636.30,3.99
2026-06-16,27768.19,28233.36,28387.90,27673.07,7917103,140924038567.00,2.58,1.95,539.57,3.60
2026-06-17,27856.77,29366.11,29377.98,27787.16,9478980,187991906023.00,5.63,4.01,1132.75,4.31
2026-06-18,29347.35,30120.64,30414.87,29347.35,9889742,226037017864.00,3.64,2.57,754.53,4.50
2026-06-22,30287.59,30238.56,30331.48,29194.76,10393677,213965136547.00,3.77,0.39,117.92,4.73
2026-06-23,29957.75,30145.85,31043.13,29514.64,10832679,209065044586.00,5.05,-0.31,-92.71,4.93
2026-06-24,29868.68,31340.87,31346.41,29415.76,11342174,212794232540.00,6.40,3.96,1195.02,5.16
2026-06-25,31749.64,32617.40,32638.90,31500.41,13545099,268992775413.00,3.63,4.07,1276.53,6.16
2026-06-26,32181.12,31780.01,32572.74,31231.95,11665916,239704642121.00,4.11,-2.57,-837.39,5.31