2026-01-05,15.72,15.99,16.10,15.66,97495,156448238.00,2.80,1.91,0.30,4.65
2026-01-06,16.39,16.16,16.42,15.95,119772,194735378.00,2.94,1.06,0.17,5.71
2026-01-07,16.00,16.44,16.65,15.97,127296,209273047.00,4.21,1.73,0.28,6.07
2026-01-08,16.34,16.75,16.80,16.31,130883,218403825.00,2.98,1.89,0.31,6.24
2026-01-09,16.89,16.86,17.28,16.57,132516,224653160.00,4.24,0.66,0.11,6.31
2026-01-12,16.85,17.70,17.90,16.75,187964,330802040.00,6.82,4.98,0.84,8.96
2026-01-13,17.70,17.02,17.73,16.94,158304,273142156.00,4.46,-3.84,-0.68,7.54
2026-01-14,16.95,16.88,17.37,16.58,124335,212144249.00,4.64,-0.82,-0.14,5.92
2026-01-15,16.73,16.95,17.58,16.70,107763,184830922.00,5.21,0.41,0.07,5.13
2026-01-16,17.04,16.75,17.32,16.73,81538,138040449.00,3.48,-1.18,-0.20,3.89
2026-01-19,16.63,16.90,17.26,16.48,86067,147133767.00,4.66,0.90,0.15,4.10
2026-01-20,16.94,16.58,17.00,16.40,75190,125778422.00,3.55,-1.89,-0.32,3.58
2026-01-21,16.57,16.73,16.83,16.25,47862,80037456.00,3.50,0.90,0.15,2.28
2026-01-22,16.60,16.85,17.26,16.45,112201,191562347.00,4.84,0.72,0.12,5.35
2026-01-23,16.85,17.10,17.15,16.78,122027,208915415.00,2.20,1.48,0.25,5.81
2026-01-26,17.11,16.59,17.21,16.42,98850,166642141.00,4.62,-2.98,-0.51,4.71
2026-01-27,16.59,16.76,16.78,15.73,116433,191160785.00,6.33,1.02,0.17,5.55
2026-01-28,16.65,16.36,16.66,16.25,71563,118242188.00,2.45,-2.39,-0.40,3.41
2026-01-29,16.30,15.91,16.55,15.87,66830,108556652.00,4.16,-2.75,-0.45,3.18
2026-01-30,15.89,15.69,16.05,15.42,72566,114423550.00,3.96,-1.38,-0.22,3.46
2026-02-02,15.69,15.21,15.87,15.20,64501,100859271.00,4.27,-3.06,-0.48,3.07
2026-02-03,15.38,15.42,15.50,15.26,44527,69065910.00,1.58,1.38,0.21,2.12
2026-02-04,15.38,15.95,16.39,15.33,95170,152707426.00,6.87,3.44,0.53,4.53
2026-02-05,15.85,15.39,15.95,15.31,65075,101840282.00,4.01,-3.51,-0.56,3.10
2026-02-06,15.30,15.48,15.67,15.17,38709,60512275.00,3.25,0.58,0.09,1.84
2026-02-09,15.75,15.66,15.80,15.55,44824,70596283.00,1.61,1.16,0.18,2.14
2026-02-10,15.67,15.64,15.77,15.49,32422,51010703.00,1.79,-0.13,-0.02,1.54
2026-02-11,15.64,15.46,15.69,15.45,35505,55697480.00,1.53,-1.15,-0.18,1.69
2026-02-12,15.46,15.60,15.88,15.35,54126,84999775.00,3.43,0.91,0.14,2.58
2026-02-13,15.56,15.30,15.67,15.30,44285,68888799.00,2.37,-1.92,-0.30,2.11
2026-02-24,15.50,15.67,15.67,15.43,60645,95050788.00,1.57,2.42,0.37,2.89
2026-02-25,15.95,16.17,16.70,15.90,149300,244429681.00,5.11,3.19,0.50,7.11
2026-02-26,16.15,16.08,16.21,15.95,65897,106456575.00,1.61,-0.56,-0.09,3.14
2026-02-27,16.01,16.21,16.39,15.93,56876,92680054.00,2.86,0.81,0.13,2.71
2026-03-02,16.08,16.14,16.32,15.81,82415,133243528.00,3.15,-0.43,-0.07,3.93
2026-03-03,16.14,15.69,16.45,15.65,164967,267689665.00,4.96,-2.79,-0.45,7.86
2026-03-04,15.41,15.31,15.83,15.07,98899,153228606.00,4.84,-2.42,-0.38,4.71
2026-03-05,15.60,17.05,17.56,15.49,306131,510977126.00,13.52,11.37,1.74,14.59
2026-03-06,16.96,17.13,17.37,16.46,243237,415393091.00,5.34,0.47,0.08,11.59
2026-03-09,16.98,16.90,17.50,16.79,172664,296813408.00,4.14,-1.34,-0.23,8.23
2026-03-10,16.97,17.68,18.03,16.91,255994,451297569.00,6.63,4.62,0.78,12.20
2026-03-11,17.56,17.89,18.43,17.33,303116,544170607.00,6.22,1.19,0.21,14.44
2026-03-12,19.91,17.95,20.45,17.90,492811,928105406.00,14.25,0.34,0.06,23.48
2026-03-13,17.95,17.46,18.06,17.25,236027,419155226.00,4.51,-2.73,-0.49,11.25
2026-03-16,17.70,17.26,17.71,17.00,121341,211040511.00,4.07,-1.15,-0.20,5.78
2026-03-17,17.26,16.34,17.30,16.33,126442,212513548.00,5.62,-5.33,-0.92,6.02
2026-03-18,16.34,16.58,16.73,16.10,95457,157827259.00,3.86,1.47,0.24,4.55
2026-03-19,16.38,16.06,16.55,15.98,74930,122333255.00,3.44,-3.14,-0.52,3.57
2026-03-20,16.13,15.38,16.31,15.35,90679,143228726.00,5.98,-4.23,-0.68,4.32
2026-03-23,14.80,14.15,15.15,14.08,113165,166441644.00,6.96,-8.00,-1.23,5.39
2026-03-24,14.47,14.61,14.65,14.02,80803,116660416.00,4.45,3.25,0.46,3.85
2026-03-25,14.73,15.19,15.51,14.73,81415,124888637.00,5.34,3.97,0.58,3.88
2026-03-26,15.10,15.13,15.70,15.10,73937,114155051.00,3.95,-0.39,-0.06,3.52
2026-03-27,14.90,15.61,15.84,14.85,79528,124132269.00,6.54,3.17,0.48,3.79
2026-03-30,15.48,15.80,16.28,15.44,83827,133981073.00,5.38,1.22,0.19,3.99
2026-03-31,15.73,15.19,15.88,15.16,57976,90037073.00,4.56,-3.86,-0.61,2.76
2026-04-01,15.71,15.60,15.80,15.38,38964,60901811.00,2.76,2.70,0.41,1.86
2026-04-02,15.45,15.28,15.61,15.16,34409,53160613.00,2.88,-2.05,-0.32,1.64
2026-04-03,15.29,15.00,15.39,14.90,34853,52925060.00,3.21,-1.83,-0.28,1.66
2026-04-07,15.20,15.32,15.45,15.15,37311,57616197.00,2.00,2.13,0.32,1.78
2026-04-08,15.64,16.24,16.27,15.63,67751,109259627.00,4.18,6.01,0.92,3.23
2026-04-09,16.08,16.22,16.51,16.07,55079,89966297.00,2.71,-0.12,-0.02,2.62
2026-04-10,16.33,16.34,16.57,16.33,61651,101999274.00,1.48,0.74,0.12,2.94
2026-04-13,16.34,16.35,16.45,16.07,53455,87428390.00,2.33,0.06,0.01,2.55
2026-04-14,16.42,16.51,16.58,16.29,47113,77930516.00,1.77,0.98,0.16,2.24
2026-04-15,16.50,16.19,16.71,16.17,42984,70925930.00,3.27,-1.94,-0.32,2.05
2026-04-16,16.38,16.39,16.42,16.05,37994,62312201.00,2.29,1.24,0.20,1.81
2026-04-17,16.30,16.63,16.85,16.25,74801,124639898.00,3.66,1.46,0.24,3.56
2026-04-20,16.52,16.77,16.92,16.52,61300,103496177.00,2.41,0.84,0.14,2.92
2026-04-21,16.79,16.56,16.79,16.31,40538,67307664.00,2.86,-1.25,-0.21,1.93
2026-04-22,16.44,16.45,16.65,16.42,40258,66774697.00,1.39,-0.66,-0.11,1.92
2026-04-23,16.20,15.61,16.20,15.44,96229,151931833.00,4.62,-5.11,-0.84,4.59
2026-04-24,15.54,16.72,17.09,15.49,148641,246557505.00,10.25,7.11,1.11,7.08
2026-04-27,16.70,16.68,16.77,16.29,82104,136600440.00,2.87,-0.24,-0.04,3.91
2026-04-28,16.51,16.38,16.66,16.23,44091,72740373.00,2.58,-1.80,-0.30,2.10
2026-04-29,16.27,16.58,16.64,16.22,41395,68798120.00,2.56,1.22,0.20,1.97
2026-04-30,16.55,16.64,16.81,16.50,64982,108939307.00,1.87,0.36,0.06,3.10
2026-05-06,16.74,16.67,16.77,16.54,61056,102150658.00,1.38,0.18,0.03,2.91
2026-05-07,16.70,16.97,16.99,16.68,67095,113890910.00,1.86,1.80,0.30,3.20
2026-05-08,17.01,16.81,17.04,16.64,53395,90203833.00,2.36,-0.94,-0.16,2.54
2026-05-11,16.83,16.96,17.11,16.82,68361,116690987.00,1.73,0.89,0.15,3.26
2026-05-12,16.90,16.68,17.14,16.66,71435,121626656.00,2.83,-1.65,-0.28,3.40
2026-05-13,16.58,17.07,17.18,16.50,69237,118321608.00,4.08,2.34,0.39,3.30
2026-05-14,17.08,16.52,17.22,16.51,67708,113638959.00,4.16,-3.22,-0.55,3.23
2026-05-15,16.62,16.55,16.75,16.38,60377,100075236.00,2.24,0.18,0.03,2.88
2026-05-18,16.58,16.42,16.58,16.04,46211,75553962.00,3.26,-0.79,-0.13,2.20
2026-05-19,16.46,16.28,16.53,15.99,62459,101105296.00,3.29,-0.85,-0.14,2.98
2026-05-20,16.18,16.01,16.20,15.60,59613,94464361.00,3.69,-1.66,-0.27,2.84
2026-05-21,16.00,15.18,16.20,15.15,76503,119551587.00,6.56,-5.18,-0.83,3.65
2026-05-22,15.23,15.52,15.67,15.14,39002,60168792.00,3.49,2.24,0.34,1.86
2026-05-25,15.65,15.12,15.69,15.03,48308,73629097.00,4.25,-2.58,-0.40,2.30
2026-05-26,15.11,14.60,15.11,14.42,59410,87096136.00,4.56,-3.44,-0.52,2.83
2026-05-27,14.65,14.21,14.83,14.06,51457,73781867.00,5.27,-2.67,-0.39,2.45
2026-05-28,14.27,14.37,14.57,14.10,38371,54921402.00,3.31,1.13,0.16,1.83
2026-05-29,14.37,13.91,14.57,13.83,48439,68256074.00,5.15,-3.20,-0.46,2.31
2026-06-01,13.74,14.09,14.19,13.61,32015,44939111.00,4.17,1.29,0.18,1.53
2026-06-02,14.10,13.79,14.12,13.38,44855,61368403.00,5.25,-2.13,-0.30,2.14
2026-06-03,13.79,13.58,13.84,13.42,36686,49987223.00,3.05,-1.52,-0.21,1.75
2026-06-04,13.56,13.36,13.64,13.25,34944,46789631.00,2.87,-1.62,-0.22,1.67
2026-06-05,13.36,13.45,13.74,13.16,37690,50657155.00,4.34,0.67,0.09,1.80
2026-06-08,13.23,13.01,13.50,12.80,50196,65884891.00,5.20,-3.27,-0.44,2.39
2026-06-09,13.06,13.23,13.28,12.99,29104,38305464.00,2.23,1.69,0.22,1.39
2026-06-10,13.23,12.84,13.23,12.68,34302,44155558.00,4.16,-2.95,-0.39,1.63
2026-06-11,12.84,12.78,12.87,12.53,27056,34301277.00,2.65,-0.47,-0.06,1.29
2026-06-12,12.83,12.89,13.14,12.68,49514,63988601.00,3.60,0.86,0.11,2.36
2026-06-15,12.94,13.25,13.27,12.91,33725,44358658.00,2.79,2.79,0.36,1.61
2026-06-16,13.27,13.26,13.33,12.95,33968,44681600.00,2.87,0.08,0.01,1.62
2026-06-17,13.26,12.77,13.32,12.70,55769,71888841.00,4.68,-3.70,-0.49,2.66
2026-06-18,12.73,12.80,12.90,12.46,33145,42220068.00,3.45,0.23,0.03,1.58
2026-06-22,12.70,12.64,12.71,12.11,57553,71207517.00,4.69,-1.25,-0.16,2.74
2026-06-23,12.66,12.99,13.60,12.62,76278,100259448.00,7.75,2.77,0.35,3.63
2026-06-24,12.93,12.32,12.93,12.02,94322,115886032.00,7.01,-5.16,-0.67,4.49
2026-06-25,12.30,11.94,12.36,11.81,64391,77026873.00,4.46,-3.08,-0.38,3.07
2026-06-26,11.85,11.67,12.14,11.58,55202,65227499.22,4.69,-2.26,-0.27,2.63