2026-01-05,48.49,47.91,48.49,47.60,13699,65943784.58,1.85,-0.27,-0.13,1.57
2026-01-06,47.91,48.37,48.37,47.73,14928,72210080.41,1.34,0.96,0.46,1.72
2026-01-07,48.51,49.14,49.67,48.40,20761,102582951.86,2.63,1.59,0.77,2.39
2026-01-08,49.40,48.96,49.40,48.74,16668,82235330.87,1.34,-0.37,-0.18,1.92
2026-01-09,49.19,48.83,49.38,48.58,19493,95765314.48,1.63,-0.27,-0.13,2.24
2026-01-12,48.86,49.39,49.39,48.11,29760,145927358.40,2.62,1.15,0.56,3.42
2026-01-13,49.28,49.85,50.69,48.51,34463,173303412.57,4.41,0.93,0.46,3.96
2026-01-14,49.85,48.95,49.85,48.61,30305,149873644.26,2.49,-1.81,-0.90,3.48
2026-01-15,48.75,48.55,49.18,48.40,18030,88371084.83,1.59,-0.82,-0.40,2.07
2026-01-16,48.43,49.59,50.59,48.43,37354,187387242.67,4.45,2.14,1.04,4.29
2026-01-19,49.70,49.61,50.70,49.32,20884,104880826.99,2.78,0.04,0.02,2.40
2026-01-20,49.42,49.00,49.77,48.73,16404,80934757.95,2.10,-1.23,-0.61,1.89
2026-01-21,49.00,48.70,49.00,48.36,17642,86318782.95,1.31,-0.61,-0.30,2.03
2026-01-22,49.04,48.67,49.60,48.39,15836,77763013.32,2.48,-0.06,-0.03,1.82
2026-01-23,48.68,48.91,49.15,48.49,14209,69891657.02,1.36,0.49,0.24,1.63
2026-01-26,48.57,47.68,48.90,47.66,18999,91949811.24,2.54,-2.51,-1.23,2.18
2026-01-27,47.53,46.90,47.68,45.70,21721,101745997.09,4.15,-1.64,-0.78,2.50
2026-01-28,46.88,46.91,47.48,46.46,11891,56164501.82,2.17,0.02,0.01,1.37
2026-01-29,46.50,47.13,47.44,46.16,18684,87927476.82,2.73,0.47,0.22,2.15
2026-01-30,46.82,46.04,46.88,45.91,13707,63857666.63,2.06,-2.31,-1.09,1.58
2026-02-02,45.89,45.50,46.16,45.11,14741,67538391.63,2.28,-1.17,-0.54,1.69
2026-02-03,45.58,46.02,46.26,44.91,17040,78199877.43,2.97,1.14,0.52,1.96
2026-02-04,45.95,46.62,47.20,45.52,17202,80585848.57,3.65,1.30,0.60,1.98
2026-02-05,46.36,46.84,49.19,46.21,36883,178505900.16,6.39,0.47,0.22,4.24
2026-02-06,46.81,46.39,47.88,46.36,19024,89959725.44,3.25,-0.96,-0.45,2.19
2026-02-09,46.46,47.65,48.14,46.46,21449,102768236.45,3.62,2.72,1.26,2.47
2026-02-10,48.00,47.60,48.00,47.13,11227,53628066.18,1.83,-0.10,-0.05,1.29
2026-02-11,47.32,46.78,48.05,46.77,8743,41529848.36,2.69,-1.72,-0.82,1.00
2026-02-12,46.70,46.09,46.97,46.09,9559,44648922.19,1.88,-1.47,-0.69,1.10
2026-02-13,46.21,45.92,46.44,45.85,6961,32348538.09,1.28,-0.37,-0.17,0.80
2026-02-24,46.23,46.06,46.50,45.71,9154,42484162.64,1.72,0.30,0.14,1.05
2026-02-25,46.04,45.88,46.19,45.71,8312,38368483.57,1.04,-0.39,-0.18,0.96
2026-02-26,46.22,45.58,46.22,45.51,8304,38207190.98,1.55,-0.65,-0.30,0.95
2026-02-27,46.05,45.40,46.05,45.26,7860,35981394.16,1.73,-0.39,-0.18,0.90
2026-03-02,44.74,44.25,44.99,44.25,12588,56426769.75,1.63,-2.53,-1.15,1.45
2026-03-03,44.52,44.74,46.29,43.50,32860,149206587.54,6.31,1.11,0.49,3.78
2026-03-04,44.10,43.51,44.87,43.50,15635,69201654.23,3.06,-2.75,-1.23,1.80
2026-03-05,44.09,43.57,44.50,43.50,11850,52336447.05,2.30,0.14,0.06,1.36
2026-03-06,43.68,43.78,44.13,43.18,8655,38028325.56,2.18,0.48,0.21,0.99
2026-03-09,43.40,41.90,43.50,41.75,14393,61364399.07,4.00,-4.29,-1.88,1.65
2026-03-10,42.19,42.55,43.00,41.94,8807,37789346.82,2.53,1.55,0.65,1.01
2026-03-11,42.66,43.00,43.27,42.51,8785,38031522.91,1.79,1.06,0.45,1.01
2026-03-12,43.20,41.86,43.26,41.70,9754,41569490.27,3.63,-2.65,-1.14,1.12
2026-03-13,42.20,42.24,42.79,41.74,9892,42106329.49,2.51,0.91,0.38,1.14
2026-03-16,42.26,41.15,42.66,41.03,9944,41569154.36,3.86,-2.58,-1.09,1.14
2026-03-17,41.55,39.89,41.56,39.85,9711,39780555.42,4.16,-3.06,-1.26,1.12
2026-03-18,40.10,39.63,40.39,39.42,9975,39935982.57,2.43,-0.65,-0.26,1.15
2026-03-19,39.50,38.04,39.79,37.95,13403,52148352.57,4.64,-4.01,-1.59,1.54
2026-03-20,38.20,38.11,39.17,37.89,14066,54603631.76,3.36,0.18,0.07,1.62
2026-03-23,37.94,34.99,37.94,34.55,16359,59201861.25,8.90,-8.19,-3.12,1.88
2026-03-24,35.52,35.94,35.99,35.04,11926,42777639.76,2.72,2.72,0.95,1.37
2026-03-25,36.20,36.48,36.68,36.14,8597,31625078.84,1.50,1.50,0.54,0.99
2026-03-26,36.67,35.83,37.08,35.80,11262,41394022.62,3.51,-1.78,-0.65,1.29
2026-03-27,35.70,35.57,36.04,35.27,7565,27155347.42,2.15,-0.73,-0.26,0.87
2026-03-30,35.10,37.12,38.59,35.08,22762,84895597.88,9.87,4.36,1.55,2.62
2026-03-31,36.99,39.02,40.67,36.70,45497,181357498.88,10.70,5.12,1.90,8.23
2026-04-01,41.20,38.50,41.60,38.16,27413,108146286.43,8.82,-1.33,-0.52,4.96
2026-04-02,38.17,38.58,39.18,37.76,17565,68442988.34,3.69,0.21,0.08,3.18
2026-04-03,38.98,39.74,39.93,38.51,23593,93517916.17,3.68,3.01,1.16,4.27
2026-04-07,39.92,38.56,40.10,37.80,20184,78815041.72,5.79,-2.97,-1.18,3.65
2026-04-08,39.21,39.40,39.95,38.92,19167,76284248.00,2.67,2.18,0.84,3.47
2026-04-09,39.23,38.56,40.19,38.36,16320,64635160.68,4.64,-2.13,-0.84,2.95
2026-04-10,38.82,38.16,39.08,38.13,11493,44692440.92,2.46,-1.04,-0.40,2.08
2026-04-13,38.15,37.25,38.15,37.11,12389,46684122.17,2.73,-2.38,-0.91,2.24
2026-04-14,37.43,38.60,39.15,37.43,17183,66591293.62,4.62,3.62,1.35,3.11
2026-04-15,38.60,38.05,39.19,37.81,12420,48301031.32,3.58,-1.42,-0.55,2.25
2026-04-16,38.39,37.88,38.45,37.71,7917,30255562.87,1.94,-0.45,-0.17,1.43
2026-04-17,38.00,39.09,39.17,37.51,20695,80443526.57,4.38,3.19,1.21,3.74
2026-04-20,39.14,39.54,40.18,38.73,20718,82771377.21,3.71,1.15,0.45,3.75
2026-04-21,39.18,39.00,39.55,38.55,11048,43270799.04,2.53,-1.37,-0.54,2.00
2026-04-22,39.00,39.50,40.30,38.84,12898,51430547.45,3.74,1.28,0.50,2.33
2026-04-23,39.83,38.31,39.85,38.24,11756,45964631.49,4.08,-3.01,-1.19,2.13
2026-04-24,38.29,38.36,38.61,37.70,7376,28310507.19,2.38,0.13,0.05,1.33
2026-04-27,38.36,38.58,38.95,37.99,7551,29317997.80,2.50,0.57,0.22,1.37
2026-04-28,38.68,39.55,40.35,38.28,19881,79214454.60,5.37,2.51,0.97,3.60
2026-04-29,39.96,39.10,39.98,39.00,14475,57335768.42,2.48,-1.14,-0.45,2.62
2026-04-30,39.05,38.47,39.38,38.38,11220,43836155.13,2.56,-1.61,-0.63,2.03
2026-05-06,38.38,38.66,39.00,38.36,10666,41553422.85,1.66,0.49,0.19,1.93
2026-05-07,38.85,39.99,40.40,38.73,24949,100291429.50,4.32,3.44,1.33,4.51
2026-05-08,40.07,40.57,40.59,39.32,23032,93215545.60,3.18,1.45,0.58,4.17
2026-05-11,40.36,40.10,41.10,40.02,18307,74508274.94,2.66,-1.16,-0.47,3.31
2026-05-12,40.10,42.39,42.40,39.91,35542,148844453.46,6.21,5.71,2.29,6.43
2026-05-13,41.90,41.61,42.05,41.05,23719,98986597.36,2.36,-1.84,-0.78,4.29
2026-05-14,41.32,40.53,41.61,40.00,19129,78215205.29,3.87,-2.60,-1.08,3.46
2026-05-15,40.90,40.82,41.51,39.96,20414,83921783.99,3.82,0.72,0.29,3.69
2026-05-18,41.04,39.24,41.05,39.20,15252,61050731.02,4.53,-3.87,-1.58,2.76
2026-05-19,39.15,38.55,39.64,38.50,13442,52625257.75,2.91,-1.76,-0.69,2.43
2026-05-20,38.53,37.85,38.53,37.71,11943,45609969.00,2.13,-1.82,-0.70,2.16
2026-05-21,38.18,36.91,38.84,36.72,15509,59462990.10,5.60,-2.48,-0.94,2.81
2026-05-22,36.91,37.30,38.47,36.55,14349,53818787.46,5.20,1.06,0.39,2.60
2026-05-25,38.20,37.32,38.98,37.27,12233,46751004.53,4.58,0.05,0.02,2.21
2026-05-26,37.16,38.22,38.24,35.41,22466,83186122.99,7.58,2.41,0.90,4.06
2026-05-27,37.99,37.71,38.29,36.64,19005,71991245.76,4.32,-1.33,-0.51,3.44
2026-05-28,38.08,38.22,38.81,37.46,15171,58344786.05,3.58,1.35,0.51,2.74
2026-05-29,38.04,38.87,39.11,37.80,19142,74446477.71,3.43,1.70,0.65,3.46
2026-06-01,38.27,38.60,39.28,38.27,12106,47359535.29,2.60,-0.69,-0.27,2.19
2026-06-02,38.69,37.50,38.69,37.31,11209,42691384.14,3.58,-2.85,-1.10,2.03
2026-06-03,37.67,36.57,37.67,36.40,12384,46098248.74,3.39,-2.48,-0.93,2.24
2026-06-04,36.98,35.53,36.98,35.53,10106,36615235.84,3.96,-2.84,-1.04,1.83
2026-06-05,35.82,36.68,37.47,35.60,16718,61918258.47,5.26,3.24,1.15,3.02
2026-06-08,36.20,37.21,38.50,35.60,23976,90561380.14,7.91,1.44,0.53,4.34
2026-06-09,37.55,36.96,37.55,36.46,14016,51982662.67,2.93,-0.67,-0.25,2.54
2026-06-10,37.10,36.90,38.11,36.70,17438,65924089.73,3.81,-0.16,-0.06,3.15
2026-06-11,36.71,35.53,36.71,35.50,9610,34696444.10,3.28,-3.71,-1.37,1.74
2026-06-12,36.06,36.03,36.70,35.54,10101,36799236.41,3.26,1.41,0.50,1.83
2026-06-15,36.50,36.04,36.69,35.71,9764,35504153.07,2.72,0.03,0.01,1.77
2026-06-16,36.17,35.36,36.17,35.29,10790,38630214.77,2.44,-1.89,-0.68,1.95
2026-06-17,35.47,35.50,36.00,34.91,9271,33122215.37,3.08,0.40,0.14,1.68
2026-06-18,35.80,34.14,35.82,33.91,14583,50322797.66,5.38,-3.83,-1.36,2.64
2026-06-22,34.00,34.31,34.56,32.43,17479,58151514.13,6.24,0.50,0.17,3.16
2026-06-23,34.27,33.93,35.49,33.91,12741,44142642.76,4.61,-1.11,-0.38,2.30
2026-06-24,34.03,33.55,34.27,33.06,9689,32473922.46,3.57,-1.12,-0.38,1.75
2026-06-25,33.78,31.96,33.79,31.86,17496,56926666.96,5.75,-4.74,-1.59,3.17
2026-06-26,32.00,31.16,32.43,30.88,12476,39320705.27,4.85,-2.50,-0.80,2.26
2026-06-29,30.76,30.17,31.52,29.89,12554,38060104.68,5.23,-3.18,-0.99,2.27
2026-06-30,30.00,30.39,30.79,29.98,7665,23361113.11,2.68,0.73,0.22,1.39
2026-07-01,30.30,30.80,30.98,30.05,10112,31021455.99,3.06,1.35,0.41,1.83
2026-07-02,30.95,31.20,31.95,30.57,14245,44891764.51,4.48,1.30,0.40,2.58
2026-07-03,30.89,31.86,32.34,30.89,16699,53134056.43,4.65,2.12,0.66,3.02
2026-07-06,32.20,30.70,32.20,30.70,14122,44023259.70,4.71,-3.64,-1.16,2.55
2026-07-07,30.64,30.26,31.50,30.22,7496,23018340.70,4.17,-1.43,-0.44,1.36
2026-07-08,30.15,29.10,30.58,29.04,9590,28502228.11,5.09,-3.83,-1.16,1.73
2026-07-09,29.01,28.92,29.49,28.28,9119,26282240.90,4.16,-0.62,-0.18,1.65
2026-07-10,29.10,29.36,29.81,28.68,10935,32040981.49,3.91,1.52,0.44,1.98
2026-07-13,29.19,27.19,29.25,27.16,12753,35621130.61,7.12,-7.39,-2.17,2.31
2026-07-14,27.22,27.95,27.95,27.22,9718,26820403.35,2.68,2.80,0.76,1.76
2026-07-15,28.18,28.03,28.70,27.61,7578,21427416.72,3.90,0.29,0.08,1.37
2026-07-16,28.01,27.13,28.13,27.05,8432,23226196.41,3.85,-3.21,-0.90,1.53
2026-07-17,27.01,26.60,28.09,26.60,11143,30517594.22,5.49,-1.95,-0.53,2.02
2026-07-20,26.75,25.93,27.44,25.73,9054,23989394.17,6.43,-2.52,-0.67,1.64
2026-07-21,26.21,26.02,26.50,24.54,12823,32756849.80,7.56,0.35,0.09,2.32
2026-07-22,26.11,26.00,26.66,25.78,8668,22786865.26,3.38,-0.08,-0.02,1.57
2026-07-23,26.25,26.54,26.62,25.45,10624,27861908.14,4.50,2.08,0.54,1.92
2026-07-24,26.30,25.76,26.65,25.76,8136,21317036.13,3.35,-2.94,-0.78,1.47
2026-07-27,26.00,26.05,26.30,25.57,6547,17047818.91,2.83,1.13,0.29,1.17
2026-07-28,26.20,26.53,26.70,25.75,8064,21350972.64,3.65,1.84,0.48,1.45
2026-07-29,26.87,27.35,27.56,26.39,13050,35333636.04,4.41,3.09,0.82,2.34
2026-07-30,27.41,26.79,27.88,26.79,11816,32275745.04,3.99,-2.05,-0.56,2.12
2026-07-31,27.13,27.20,27.38,26.86,8864,24094515.78,1.94,1.53,0.41,1.59
2026-08-03,26.82,27.15,27.24,26.75,5420,14647326.71,1.80,-0.18,-0.05,0.97
2026-08-04,27.30,26.97,27.56,26.95,9389,25516753.16,2.25,-0.66,-0.18,1.68
2026-08-05,27.19,27.56,27.80,26.61,10250,28091509.64,4.41,2.19,0.59,1.84