2026-01-05,22.87,24.66,24.91,22.67,83228,201237361.00,9.73,7.08,1.63,1.58
2026-01-06,24.23,24.01,25.60,23.99,108710,271718073.00,6.53,-2.64,-0.65,2.07
2026-01-07,24.26,23.80,24.39,23.74,47900,117859258.00,2.71,-0.87,-0.21,0.91
2026-01-08,24.11,24.14,24.68,24.05,70180,174283346.00,2.65,1.43,0.34,1.34
2026-01-09,24.03,24.45,24.58,23.86,66897,166064984.00,2.98,1.28,0.31,1.27
2026-01-12,24.45,24.31,24.54,23.94,59159,146677212.00,2.45,-0.57,-0.14,1.13
2026-01-13,24.30,25.26,25.73,24.21,146926,375666936.00,6.25,3.91,0.95,2.80
2026-01-14,24.99,24.85,25.61,24.41,100161,256793394.00,4.75,-1.62,-0.41,1.91
2026-01-15,24.74,24.33,24.75,24.15,54412,135660557.00,2.41,-2.09,-0.52,1.04
2026-01-16,24.38,23.94,24.48,23.90,52203,128631173.00,2.38,-1.60,-0.39,0.99
2026-01-19,24.28,24.17,24.65,24.07,43428,108202563.00,2.42,0.96,0.23,0.83
2026-01-20,24.14,24.07,24.29,23.83,35617,87592088.00,1.90,-0.41,-0.10,0.68
2026-01-21,24.01,24.19,24.51,23.95,40835,101226715.00,2.33,0.50,0.12,0.78
2026-01-22,24.19,23.82,24.21,23.77,43535,106529099.00,1.82,-1.53,-0.37,0.83
2026-01-23,24.11,24.23,24.53,24.09,55654,138301242.00,1.85,1.72,0.41,1.06
2026-01-26,24.20,23.85,24.42,23.65,54894,134066990.00,3.18,-1.57,-0.38,1.04
2026-01-27,23.83,23.43,23.84,22.99,49967,119412748.00,3.56,-1.76,-0.42,0.95
2026-01-28,23.34,22.83,23.64,22.78,45292,106840267.00,3.67,-2.56,-0.60,0.86
2026-01-29,22.79,22.88,23.28,22.38,42127,98868599.00,3.94,0.22,0.05,0.80
2026-01-30,22.86,22.88,23.26,22.53,32539,76360036.00,3.19,0.00,0.00,0.62
2026-02-02,22.76,22.39,23.13,22.39,32263,75248428.00,3.23,-2.14,-0.49,0.61
2026-02-03,22.61,22.84,22.88,22.44,30078,70035485.00,1.97,2.01,0.45,0.57
2026-02-04,22.72,23.03,23.17,22.70,29228,68702857.00,2.06,0.83,0.19,0.56
2026-02-05,23.09,23.36,23.83,22.97,63109,151529738.00,3.73,1.43,0.33,1.20
2026-02-06,23.42,23.41,23.79,23.33,48798,117938210.00,1.97,0.21,0.05,0.93
2026-02-09,23.28,23.38,23.64,23.23,31225,74640880.00,1.75,-0.13,-0.03,0.59
2026-02-10,23.34,23.33,23.50,23.19,21400,51194786.00,1.33,-0.21,-0.05,0.41
2026-02-11,23.34,23.31,23.48,23.23,21757,52166224.00,1.07,-0.09,-0.02,0.41
2026-02-12,23.31,23.08,23.41,23.07,26954,64046382.00,1.46,-0.99,-0.23,0.51
2026-02-13,23.11,22.83,23.33,22.83,23476,55630259.00,2.17,-1.08,-0.25,0.45
2026-02-24,22.99,23.64,24.37,22.98,93580,228877019.00,6.09,3.55,0.81,1.78
2026-02-25,23.67,23.50,23.80,23.45,31443,76133916.00,1.48,-0.59,-0.14,0.60
2026-02-26,23.54,23.33,23.62,22.96,49205,116898499.00,2.81,-0.72,-0.17,0.94
2026-02-27,23.27,23.22,23.59,23.14,32830,78431901.00,1.93,-0.47,-0.11,0.62
2026-03-02,22.85,21.94,22.85,21.56,86690,196199928.00,5.56,-5.51,-1.28,1.65
2026-03-03,22.01,21.58,22.25,21.50,41085,92008247.00,3.42,-1.64,-0.36,0.78
2026-03-04,21.49,21.04,21.63,20.91,41983,91408884.00,3.34,-2.50,-0.54,0.80
2026-03-05,21.32,21.21,21.43,21.11,22982,50181958.00,1.52,0.81,0.17,0.44
2026-03-06,21.14,21.58,21.68,21.11,23078,50934914.00,2.69,1.74,0.37,0.44
2026-03-09,21.38,20.95,21.44,20.69,50654,109057516.00,3.48,-2.92,-0.63,0.96
2026-03-10,21.10,21.40,21.42,21.03,27837,60789629.00,1.86,2.15,0.45,0.53
2026-03-11,21.51,21.59,21.66,21.33,25421,56155927.00,1.54,0.89,0.19,0.48
2026-03-12,21.47,21.34,21.71,21.24,18238,40120334.00,2.18,-1.16,-0.25,0.35
2026-03-13,21.35,21.77,21.96,21.20,38166,84949818.00,3.56,2.01,0.43,0.73
2026-03-16,21.65,21.83,22.10,21.65,32611,73177692.00,2.07,0.28,0.06,0.62
2026-03-17,21.80,21.63,22.35,21.63,38060,85997965.00,3.30,-0.92,-0.20,0.72
2026-03-18,21.72,21.85,21.93,21.43,22903,51029313.00,2.31,1.02,0.22,0.44
2026-03-19,21.53,21.29,21.81,21.18,24306,53466735.00,2.88,-2.56,-0.56,0.46
2026-03-20,21.33,20.73,21.58,20.73,27619,59855151.00,3.99,-2.63,-0.56,0.53
2026-03-23,20.53,19.61,20.57,19.48,42025,86166752.00,5.26,-5.40,-1.12,0.80
2026-03-24,19.86,20.43,20.43,19.83,30636,63432036.00,3.06,4.18,0.82,0.58
2026-03-25,20.44,22.60,22.64,20.33,75723,167042594.00,11.31,10.62,2.17,1.44
2026-03-26,22.42,21.42,22.42,21.25,88741,196604317.00,5.18,-5.22,-1.18,1.69
2026-03-27,21.04,21.98,22.61,20.97,89242,202314363.00,7.66,2.61,0.56,1.70
2026-03-30,21.85,23.21,23.83,21.85,116296,274282428.00,9.01,5.60,1.23,2.21
2026-03-31,23.21,23.51,23.82,22.97,83749,200310609.00,3.66,1.29,0.30,1.59
2026-04-01,23.40,23.95,23.96,23.06,100370,242451815.00,3.83,1.87,0.44,1.91
2026-04-02,23.54,25.43,26.94,23.46,236150,608348617.00,14.53,6.18,1.48,4.49
2026-04-03,25.43,25.39,28.20,25.03,328464,888891052.00,12.47,-0.16,-0.04,6.25
2026-04-07,25.09,23.96,25.19,23.40,199467,494594985.00,7.05,-5.63,-1.43,3.80
2026-04-08,24.28,24.33,25.32,23.81,206560,513868258.00,6.30,1.54,0.37,3.93
2026-04-09,23.78,23.15,24.45,23.04,193489,466450135.00,5.80,-4.85,-1.18,3.68
2026-04-10,23.23,23.24,23.70,22.98,123501,294257621.00,3.11,0.39,0.09,2.35
2026-04-13,24.02,23.58,24.97,23.47,222604,552877794.00,6.45,1.46,0.34,4.24
2026-04-14,23.43,24.61,24.73,23.00,207164,509293847.00,7.34,4.37,1.03,3.94
2026-04-15,25.94,25.31,26.43,24.91,235753,616141758.00,6.18,2.84,0.70,4.49
2026-04-16,25.43,25.65,25.85,25.03,155685,405528713.00,3.24,1.34,0.34,2.96
2026-04-17,25.39,25.96,26.42,25.20,137229,362846029.00,4.76,1.21,0.31,2.61
2026-04-20,26.08,26.04,28.20,25.24,244349,657324338.00,11.40,0.31,0.08,4.65
2026-04-21,25.43,26.32,26.49,25.27,127973,341004135.00,4.69,1.08,0.28,2.43
2026-04-22,25.96,25.22,26.31,25.13,142070,369021491.00,4.48,-4.18,-1.10,2.70
2026-04-23,25.02,25.00,25.65,24.89,101869,262098721.00,3.01,-0.87,-0.22,1.94
2026-04-24,24.80,24.56,24.93,24.53,72806,183977097.00,1.60,-1.76,-0.44,1.39
2026-04-27,24.45,24.03,24.67,23.97,80746,199927674.00,2.85,-2.16,-0.53,1.54
2026-04-28,23.94,23.56,24.47,23.43,69646,170210837.00,4.33,-1.96,-0.47,1.33
2026-04-29,24.32,24.77,24.82,24.13,118237,296747587.00,2.93,5.14,1.21,2.25
2026-04-30,24.43,24.08,24.56,23.86,71857,177842115.00,2.83,-2.79,-0.69,1.37
2026-05-06,24.10,24.39,24.93,24.09,94311,236703468.00,3.49,1.29,0.31,1.79
2026-05-07,24.39,24.35,24.48,23.99,67613,167314516.00,2.01,-0.16,-0.04,1.29
2026-05-08,24.26,24.18,24.55,23.83,71562,176484986.00,2.96,-0.70,-0.17,1.36
2026-05-11,23.94,23.78,24.02,23.20,92784,223805776.00,3.39,-1.65,-0.40,1.77
2026-05-12,23.89,23.24,23.90,23.20,61883,148262616.00,2.94,-2.27,-0.54,1.18
2026-05-13,23.31,22.86,23.46,22.83,59698,140335089.00,2.71,-1.64,-0.38,1.14
2026-05-14,22.82,22.37,22.83,22.33,53854,124249745.00,2.19,-2.14,-0.49,1.02
2026-05-15,22.37,22.27,22.51,21.98,49524,112964204.00,2.37,-0.45,-0.10,0.94
2026-05-18,22.11,21.87,22.23,21.55,50776,113412421.00,3.05,-1.80,-0.40,0.97
2026-05-19,21.84,21.82,22.08,21.49,37851,84412493.00,2.70,-0.23,-0.05,0.72
2026-05-20,22.09,21.90,22.11,21.10,76715,169826587.00,4.63,0.37,0.08,1.46
2026-05-21,21.93,21.53,22.42,21.53,66375,149998719.00,4.06,-1.69,-0.37,1.26
2026-05-22,21.64,22.25,22.33,21.47,55284,124705191.00,3.99,3.34,0.72,1.05
2026-05-25,22.26,22.35,22.89,22.00,56066,128975918.00,4.00,0.45,0.10,1.07
2026-05-26,22.25,22.50,22.78,22.20,43423,99971803.00,2.60,0.67,0.15,0.83
2026-05-27,22.46,22.80,22.86,22.04,60252,139134275.00,3.64,1.33,0.30,1.15
2026-05-28,22.86,22.16,22.91,21.92,49423,113059169.00,4.34,-2.81,-0.64,0.94
2026-05-29,22.17,21.81,22.33,21.61,51674,115843995.00,3.25,-1.58,-0.35,0.98
2026-06-01,21.90,21.82,22.26,21.79,34965,76745871.00,2.15,0.05,0.01,0.67
2026-06-02,21.80,21.01,21.89,21.00,40576,86109589.00,4.08,-3.71,-0.81,0.77
2026-06-03,21.05,20.61,21.06,20.37,44981,92797747.00,3.28,-1.90,-0.40,0.86
2026-06-04,20.52,20.73,20.92,20.05,39305,80921427.00,4.22,0.58,0.12,0.75
2026-06-05,20.77,21.08,21.39,20.71,45402,95777209.00,3.28,1.69,0.35,0.86
2026-06-08,20.70,20.35,21.13,20.07,39318,80420490.00,5.03,-3.46,-0.73,0.75
2026-06-09,20.48,20.20,20.48,20.00,28934,58320340.00,2.36,-0.74,-0.15,0.55
2026-06-10,20.19,20.43,20.48,19.88,34280,69230235.00,2.97,1.14,0.23,0.65
2026-06-11,20.23,19.96,20.48,19.70,28632,57042592.00,3.82,-2.30,-0.47,0.54
2026-06-12,20.05,20.37,20.65,19.83,34635,70290997.91,4.11,2.05,0.41,0.66