2026-01-05,165.02,170.43,171.36,165.02,71268,1251023323.00,3.84,3.20,5.29,0.58
2026-01-06,170.94,172.53,172.66,168.74,51943,922901271.00,2.30,1.23,2.10,0.43
2026-01-07,172.44,170.93,173.94,170.24,44602,795065071.00,2.14,-0.93,-1.60,0.37
2026-01-08,170.21,169.94,170.91,168.46,48019,845527649.00,1.43,-0.58,-0.99,0.39
2026-01-09,172.81,169.99,173.04,168.79,43660,772682374.00,2.50,0.03,0.05,0.36
2026-01-12,170.06,173.27,174.67,169.54,72253,1298167288.00,3.02,1.93,3.28,0.59
2026-01-13,173.45,170.42,173.91,169.94,53930,960734058.00,2.29,-1.64,-2.85,0.44
2026-01-14,170.28,168.92,171.97,167.54,77171,1357609300.00,2.60,-0.88,-1.50,0.63
2026-01-15,167.87,167.72,169.24,165.67,62530,1089072859.00,2.11,-0.71,-1.20,0.51
2026-01-16,167.72,165.81,167.94,165.02,60866,1050132259.00,1.74,-1.14,-1.91,0.50
2026-01-19,165.44,162.80,165.59,161.44,87623,1488382126.00,2.50,-1.82,-3.01,0.72
2026-01-20,162.84,164.43,165.63,162.44,65594,1121756337.00,1.96,1.00,1.63,0.54
2026-01-21,164.44,160.43,164.44,160.04,83860,1407577097.00,2.68,-2.43,-4.00,0.69
2026-01-22,160.42,160.07,161.81,159.44,62623,1044607468.00,1.48,-0.22,-0.36,0.51
2026-01-23,160.44,158.20,160.64,157.92,80293,1328138704.00,1.70,-1.17,-1.87,0.66
2026-01-26,158.14,157.82,159.33,154.13,112730,1843076536.00,3.29,-0.24,-0.38,0.92
2026-01-27,158.41,154.70,158.41,154.51,75397,1221795726.00,2.47,-1.98,-3.12,0.62
2026-01-28,154.34,154.73,156.04,153.59,77768,1253684608.00,1.58,0.02,0.03,0.64
2026-01-29,155.14,170.86,170.86,154.73,243712,4156914714.00,10.42,10.42,16.13,2.00
2026-01-30,170.35,164.45,170.35,163.77,155795,2693647309.00,3.85,-3.75,-6.41,1.28
2026-02-02,164.64,166.94,174.42,164.64,136392,2398574755.00,5.95,1.51,2.49,1.12
2026-02-03,164.94,167.79,170.44,164.94,76356,1328641971.00,3.29,0.51,0.85,0.63
2026-02-04,167.16,174.02,176.16,166.05,149187,2669167537.00,6.03,3.71,6.23,1.22
2026-02-05,173.49,173.65,177.41,172.05,96690,1751875625.00,3.08,-0.21,-0.37,0.79
2026-02-06,172.99,168.54,175.42,167.59,86523,1527032890.00,4.51,-2.94,-5.11,0.71
2026-02-09,167.41,168.14,169.21,166.44,63554,1107458073.00,1.64,-0.24,-0.40,0.52
2026-02-10,167.44,163.72,167.56,163.05,67891,1159371222.00,2.68,-2.63,-4.42,0.56
2026-02-11,163.75,163.10,165.22,162.22,55819,946434359.00,1.83,-0.38,-0.62,0.46
2026-02-12,161.94,159.75,162.62,159.26,58568,976918471.00,2.06,-2.05,-3.35,0.48
2026-02-13,159.75,159.28,161.64,158.41,62026,1033992000.00,2.02,-0.29,-0.47,0.51
2026-02-24,161.14,157.02,161.21,155.54,56576,927067292.00,3.56,-1.42,-2.26,0.46
2026-02-25,157.02,157.36,158.94,156.80,42633,699480947.00,1.36,0.22,0.34,0.35
2026-02-26,157.45,154.82,157.54,154.44,65484,1058969675.00,1.97,-1.61,-2.54,0.54
2026-02-27,155.31,154.59,155.34,154.46,34569,557773708.00,0.57,-0.15,-0.23,0.28
2026-03-02,153.46,151.96,154.49,150.99,57731,917528167.00,2.26,-1.70,-2.63,0.47
2026-03-03,151.64,155.12,158.44,150.32,77011,1236704000.00,5.34,2.08,3.16,0.63
2026-03-04,153.49,149.44,154.04,149.01,64442,1011083541.00,3.24,-3.66,-5.68,0.53
2026-03-05,150.59,149.37,150.78,148.94,31125,486010656.00,1.23,-0.05,-0.07,0.26
2026-03-06,148.74,154.15,154.43,148.55,63070,1003448390.00,3.94,3.20,4.78,0.52
2026-03-09,152.21,152.60,155.72,151.04,50801,812787365.00,3.04,-1.01,-1.55,0.42
2026-03-10,152.36,151.13,153.44,150.84,41896,662390801.00,1.70,-0.96,-1.47,0.34
2026-03-11,151.14,150.34,151.34,149.56,42194,661292005.00,1.18,-0.52,-0.79,0.35
2026-03-12,150.00,151.19,151.94,149.56,42650,669101033.00,1.58,0.57,0.85,0.35
2026-03-13,150.74,152.71,154.24,150.32,47221,752879378.00,2.59,1.01,1.52,0.39
2026-03-16,152.30,154.21,155.44,152.20,55061,885157887.00,2.12,0.98,1.50,0.45
2026-03-17,153.45,154.21,156.17,152.44,50336,811842167.00,2.42,0.00,0.00,0.41
2026-03-18,154.24,151.63,155.24,151.07,34680,550169775.00,2.70,-1.67,-2.58,0.28
2026-03-19,149.56,149.58,151.04,149.34,41871,654452004.00,1.12,-1.35,-2.05,0.34
2026-03-20,149.44,147.30,150.14,147.30,52783,816487220.00,1.90,-1.52,-2.28,0.43
2026-03-23,145.28,142.36,145.28,141.83,57849,866099451.00,2.34,-3.35,-4.94,0.47
2026-03-24,143.29,141.89,143.81,140.67,40750,604605433.00,2.21,-0.33,-0.47,0.33
2026-03-25,142.24,142.65,142.65,141.34,36907,548534622.00,0.92,0.54,0.76,0.30
2026-03-26,142.44,141.24,142.91,140.50,57300,846175418.00,1.69,-0.99,-1.41,0.47
2026-03-27,140.34,141.90,142.43,139.99,37054,547657388.00,1.73,0.47,0.66,0.30
2026-03-30,140.41,140.12,141.79,138.56,47103,689521018.00,2.28,-1.25,-1.78,0.39
2026-03-31,143.08,136.50,143.44,136.32,67979,994028151.00,5.08,-2.58,-3.62,0.56
2026-04-01,137.04,137.82,139.33,135.50,69726,1004410078.00,2.81,0.97,1.32,0.57
2026-04-02,137.04,137.50,138.80,136.32,41092,592516480.00,1.80,-0.23,-0.32,0.34
2026-04-03,137.44,135.14,137.92,134.11,41550,589699825.00,2.77,-1.72,-2.36,0.34
2026-04-07,134.64,134.75,136.30,133.63,27217,384897880.00,1.98,-0.29,-0.39,0.22
2026-04-08,135.83,137.38,137.57,135.44,43919,629334696.00,1.58,1.95,2.63,0.36
2026-04-09,136.54,132.75,136.54,131.92,77776,1089140789.00,3.36,-3.37,-4.63,0.64
2026-04-10,132.81,132.32,133.55,131.61,73416,1020732577.00,1.46,-0.32,-0.43,0.60
2026-04-13,131.45,129.19,131.64,128.44,77387,1050308185.00,2.42,-2.37,-3.13,0.63
2026-04-14,129.24,132.50,132.82,128.70,86578,1190372004.00,3.19,2.56,3.31,0.71
2026-04-15,131.72,132.49,133.64,131.14,51865,720688817.00,1.89,-0.01,-0.01,0.43
2026-04-16,132.04,134.60,135.70,131.65,62061,873068273.00,3.06,1.59,2.11,0.51
2026-04-17,132.64,132.94,133.32,132.04,41139,572807766.00,0.95,-1.23,-1.66,0.34
2026-04-20,132.44,132.31,133.95,131.25,51323,712842687.00,2.03,-0.47,-0.63,0.42
2026-04-21,132.23,130.30,133.74,129.94,53217,734584960.00,2.87,-1.52,-2.01,0.44
2026-04-22,129.44,130.35,130.64,128.46,69123,937232871.00,1.67,0.04,0.05,0.57
2026-04-23,133.94,135.82,138.96,133.94,148733,2125271274.00,3.85,4.20,5.47,1.22
2026-04-24,134.50,135.39,137.21,133.24,78449,1113571735.00,2.92,-0.32,-0.43,0.64
2026-04-27,133.52,131.75,134.12,131.52,64641,897835853.00,1.92,-2.69,-3.64,0.53
2026-04-28,131.75,132.16,132.75,130.74,48008,663818102.00,1.53,0.31,0.41,0.39
2026-04-29,131.46,136.58,137.44,131.44,99850,1423181703.00,4.54,3.34,4.42,0.82
2026-04-30,135.74,136.79,140.39,134.94,97552,1410219893.00,3.99,0.15,0.21,0.80
2026-05-06,134.26,134.36,135.89,133.16,87620,1235186876.00,2.00,-1.78,-2.43,0.72
2026-05-07,134.12,137.19,139.84,134.12,97213,1399961835.00,4.26,2.11,2.83,0.80
2026-05-08,137.54,135.04,138.04,134.45,61668,876920055.00,2.62,-1.57,-2.15,0.51
2026-05-11,134.34,133.81,136.24,132.80,85758,1204658985.00,2.55,-0.91,-1.23,0.70
2026-05-12,133.95,130.45,134.02,130.04,90586,1246780560.00,2.97,-2.51,-3.36,0.74
2026-05-13,130.14,127.24,131.02,126.44,97163,1304742605.00,3.51,-2.46,-3.21,0.80
2026-05-14,126.97,127.49,131.74,125.14,120234,1616180662.00,5.19,0.20,0.25,0.99
2026-05-15,126.37,124.85,127.02,123.77,75245,988431173.00,2.55,-2.07,-2.64,0.62
2026-05-18,124.49,123.28,125.10,122.10,60794,789437199.00,2.40,-1.26,-1.57,0.50
2026-05-19,123.32,123.22,126.72,122.82,70445,923378754.00,3.16,-0.05,-0.06,0.58
2026-05-20,122.57,124.90,126.42,122.45,73081,958702954.00,3.22,1.36,1.68,0.60
2026-05-21,124.52,124.81,128.32,124.15,85811,1141912775.00,3.34,-0.07,-0.09,0.70
2026-05-22,124.54,121.69,124.81,121.64,72999,942324018.00,2.54,-2.50,-3.12,0.60
2026-05-25,120.93,122.07,124.24,118.80,83273,1070665354.00,4.47,0.31,0.38,0.68
2026-05-26,121.84,120.12,124.33,119.45,96043,1230290686.00,4.00,-1.60,-1.95,0.79
2026-05-27,120.19,122.04,124.94,117.93,176451,2257755008.00,5.84,1.60,1.92,1.45
2026-05-28,120.72,119.61,121.02,118.57,83916,1059148685.00,2.01,-1.99,-2.43,0.69
2026-05-29,119.22,121.74,125.32,118.52,172656,2224784549.00,5.69,1.78,2.13,1.42
2026-06-01,120.44,121.57,122.41,119.35,92710,1180605934.00,2.51,-0.14,-0.17,0.76
2026-06-02,120.94,119.14,122.32,119.04,91286,1153939523.00,2.70,-2.00,-2.43,0.75
2026-06-03,118.74,116.94,118.84,115.44,89393,1102185746.00,2.85,-1.85,-2.20,0.73
2026-06-04,116.94,115.54,118.93,115.47,68356,843629274.00,2.96,-1.20,-1.40,0.56
2026-06-05,116.66,115.47,117.84,114.45,81294,993677537.00,2.93,-0.06,-0.07,0.67
2026-06-08,114.45,111.41,115.53,110.62,89754,1066435057.00,4.25,-3.52,-4.06,0.74
2026-06-09,111.42,110.29,111.94,109.29,74742,874046139.00,2.38,-1.01,-1.12,0.61
2026-06-10,109.44,112.23,113.37,109.26,118644,1410299266.00,3.73,1.76,1.94,0.97
2026-06-11,111.63,113.04,114.10,111.26,70906,846140964.00,2.53,0.72,0.81,0.58
2026-06-12,112.84,111.98,115.79,111.98,104199,1252503519.00,3.37,-0.94,-1.06,0.85
2026-06-15,112.44,112.72,114.02,110.85,91678,1089107408.00,2.83,0.66,0.74,0.75
2026-06-16,112.16,110.79,113.13,110.64,76039,897535335.00,2.21,-1.71,-1.93,0.62
2026-06-17,110.85,111.14,113.40,108.98,89677,1050504107.00,3.99,0.32,0.35,0.74
2026-06-18,111.67,106.72,111.67,106.14,142995,1635402160.00,4.98,-3.98,-4.42,1.17
2026-06-22,105.55,107.05,108.64,103.60,139322,1564264690.00,4.72,0.31,0.33,1.14
2026-06-23,107.04,102.62,108.24,102.11,151843,1687479106.00,5.73,-4.14,-4.43,1.24
2026-06-24,102.44,99.15,103.60,98.94,128797,1376167585.00,4.54,-3.38,-3.47,1.06
2026-06-25,99.15,103.56,106.12,97.83,193240,2096922346.00,8.36,4.45,4.41,1.58
2026-06-26,104.44,101.54,107.32,101.36,139268,1539208610.00,5.76,-1.95,-2.02,1.14
2026-06-29,100.44,102.69,105.82,98.24,156867,1715104785.00,7.47,1.13,1.15,1.29
2026-06-30,101.14,102.81,104.44,99.65,114000,1234098999.00,4.66,0.12,0.12,0.93
2026-07-01,103.44,104.30,105.74,100.99,110686,1222060369.00,4.62,1.45,1.49,0.91
2026-07-02,104.42,102.61,106.54,101.89,100846,1107572732.00,4.46,-1.62,-1.69,0.83
2026-07-03,102.62,102.69,104.21,101.95,81008,886916176.00,2.20,0.08,0.08,0.66
2026-07-06,102.12,105.18,106.53,101.46,117687,1311738912.00,4.94,2.42,2.49,0.96
2026-07-07,104.54,101.50,105.09,100.93,103866,1130857169.00,3.96,-3.50,-3.68,0.85
2026-07-08,101.19,101.08,102.12,100.03,65188,700729931.00,2.06,-0.41,-0.42,0.53
2026-07-09,100.68,98.52,100.99,98.28,88606,936037987.00,2.68,-2.53,-2.56,0.73
2026-07-10,98.44,103.74,104.74,97.08,184160,2003136325.00,7.78,5.30,5.22,1.51
2026-07-13,102.94,103.00,104.02,102.02,83081,909211653.00,1.93,-0.71,-0.74,0.68
2026-07-14,103.42,103.94,104.34,101.79,77545,848160384.00,2.48,0.91,0.94,0.64
2026-07-15,101.84,111.69,113.04,101.66,206902,2399840480.00,10.95,7.46,7.75,1.70
2026-07-16,110.70,112.59,114.19,110.51,133626,1590732487.00,3.29,0.81,0.90,1.10
2026-07-17,112.59,109.68,113.94,109.55,109432,1286938430.00,3.90,-2.58,-2.91,0.90
2026-07-20,110.44,115.87,116.61,110.44,167400,2028429661.00,5.63,5.64,6.19,1.37
2026-07-21,116.21,114.53,118.67,113.88,166390,2034161778.00,4.13,-1.16,-1.34,1.36
2026-07-22,112.56,118.44,118.44,112.46,138223,1691436372.00,5.22,3.41,3.91,1.13
2026-07-23,118.02,116.42,118.29,113.80,111547,1362489735.00,3.79,-1.71,-2.02,0.91
2026-07-24,117.39,114.00,117.39,113.33,77822,940314419.00,3.49,-2.08,-2.42,0.64
2026-07-27,116.41,116.50,117.14,114.55,89795,1101785749.00,2.27,2.19,2.50,0.74
2026-07-28,116.50,119.69,120.05,115.14,130901,1631193200.00,4.21,2.74,3.19,1.07
2026-07-29,120.44,121.65,123.24,119.17,152828,1955336842.00,3.40,1.64,1.96,1.25
2026-07-30,121.64,129.40,129.44,120.84,190685,2553979360.00,7.07,6.37,7.75,1.56
2026-07-31,124.00,127.24,128.81,122.08,171936,2165613493.00,5.20,-1.67,-2.16,1.41
2026-08-03,126.55,123.75,126.98,123.35,105768,1319125121.00,2.85,-2.74,-3.49,0.87
2026-08-04,123.00,121.85,124.06,121.46,124873,1527407043.00,2.10,-1.54,-1.90,1.02
2026-08-05,121.60,121.01,121.95,118.50,105010,1262130689.00,2.83,-0.69,-0.84,0.86