2026-01-05,18.48,18.36,18.48,18.08,31380,58184985.00,2.16,-1.02,-0.19,1.49
2026-01-06,18.55,18.33,18.55,18.26,31495,58482781.00,1.58,-0.16,-0.03,1.50
2026-01-07,18.29,18.05,18.39,18.01,31483,57760722.00,2.07,-1.53,-0.28,1.50
2026-01-08,17.98,18.25,18.45,17.98,28061,51787695.00,2.60,1.11,0.20,1.33
2026-01-09,18.28,18.52,18.58,18.11,33946,63353854.00,2.58,1.48,0.27,1.61
2026-01-12,18.55,18.94,18.94,18.44,39253,74125623.00,2.70,2.27,0.42,1.87
2026-01-13,18.95,19.01,19.06,18.58,47846,91380134.00,2.53,0.37,0.07,2.28
2026-01-14,18.79,19.73,19.88,18.79,86556,170969037.00,5.73,3.79,0.72,4.12
2026-01-15,20.18,20.83,21.27,19.58,189904,394906598.00,8.57,5.58,1.10,9.03
2026-01-16,20.80,21.24,21.62,20.44,163576,346831574.00,5.66,1.97,0.41,7.78
2026-01-19,21.13,21.26,21.73,20.43,161685,346687031.00,6.12,0.09,0.02,7.69
2026-01-20,21.28,21.74,22.28,21.26,163529,361838573.00,4.80,2.26,0.48,7.78
2026-01-21,21.70,22.68,22.93,21.21,152517,342323218.00,7.91,4.32,0.94,7.26
2026-01-22,22.58,22.46,23.16,22.33,145139,332937436.00,3.66,-0.97,-0.22,6.90
2026-01-23,22.46,22.52,22.86,21.92,122320,277205126.00,4.19,0.27,0.06,5.82
2026-01-26,22.58,22.42,23.88,22.36,124104,289116393.00,6.75,-0.44,-0.10,5.90
2026-01-27,22.47,21.76,23.05,21.53,105160,232445271.00,6.78,-2.94,-0.66,5.00
2026-01-28,21.86,20.64,22.06,20.22,96230,201582827.00,8.46,-5.15,-1.12,4.58
2026-01-29,20.59,19.40,20.59,19.26,72813,145746319.00,6.44,-6.01,-1.24,3.46
2026-01-30,19.44,19.31,19.64,19.11,49357,96450462.00,2.73,-0.46,-0.09,2.35
2026-02-02,19.18,18.86,19.40,18.79,43608,84039769.00,3.16,-2.33,-0.45,2.07
2026-02-03,19.05,19.03,19.18,18.74,47612,91388909.00,2.33,0.90,0.17,2.27
2026-02-04,19.02,19.18,19.32,18.87,36828,71223061.00,2.36,0.79,0.15,1.75
2026-02-05,19.18,19.31,19.65,19.00,58503,114430422.00,3.39,0.68,0.13,2.78
2026-02-06,19.18,19.37,19.64,19.07,41541,81583645.00,2.95,0.31,0.06,1.98
2026-02-09,19.61,19.36,19.63,19.22,38481,75232584.00,2.12,-0.05,-0.01,1.83
2026-02-10,19.27,19.64,19.79,19.24,41973,83063613.00,2.84,1.45,0.28,2.00
2026-02-11,19.61,19.39,19.74,19.34,31291,61645152.00,2.04,-1.27,-0.25,1.49
2026-02-12,19.39,19.31,19.58,19.25,30198,59393483.00,1.70,-0.41,-0.08,1.44
2026-02-13,19.31,19.48,19.63,19.22,31519,62072141.00,2.12,0.88,0.17,1.50
2026-02-24,19.58,19.37,19.94,19.15,57614,113501330.00,4.06,-0.56,-0.11,2.74
2026-02-25,19.60,19.44,19.60,19.28,34933,68570639.00,1.65,0.36,0.07,1.66
2026-02-26,19.38,19.38,19.42,19.16,29012,56654414.00,1.34,-0.31,-0.06,1.38
2026-02-27,19.37,19.03,19.37,18.98,39849,77034357.00,2.01,-1.81,-0.35,1.90
2026-03-02,18.76,18.23,18.92,18.16,49273,91623032.00,3.99,-4.20,-0.80,2.34
2026-03-03,18.23,17.56,18.49,17.55,44659,81424839.00,5.16,-3.68,-0.67,2.12
2026-03-04,17.42,17.38,17.58,17.25,29130,51364606.00,1.88,-1.03,-0.18,1.39
2026-03-05,17.62,17.53,17.80,17.41,25608,45623056.00,2.24,0.86,0.15,1.22
2026-03-06,17.53,17.84,17.90,17.40,26986,48328300.00,2.85,1.77,0.31,1.28
2026-03-09,17.68,17.50,17.68,17.25,30968,54751821.00,2.41,-1.91,-0.34,1.47
2026-03-10,17.60,19.27,19.27,17.60,73354,139787307.00,9.54,10.11,1.77,3.49
2026-03-11,19.37,20.26,20.40,19.29,215458,435172065.00,5.76,5.14,0.99,10.25
2026-03-12,20.17,21.00,21.22,20.05,182997,383271537.00,5.77,3.65,0.74,8.71
2026-03-13,20.76,21.88,22.73,20.58,207012,455517050.00,10.24,4.19,0.88,9.85
2026-03-16,21.88,22.64,22.66,21.38,128784,285012225.00,5.85,3.47,0.76,6.13
2026-03-17,22.64,22.73,23.25,22.41,130146,298941979.00,3.71,0.40,0.09,6.19
2026-03-18,22.96,23.97,24.10,22.57,123728,292171847.00,6.73,5.46,1.24,5.89
2026-03-19,23.52,23.98,23.98,22.93,123434,291874372.00,4.38,0.04,0.01,5.87
2026-03-20,23.17,21.56,23.43,21.56,60909,133954951.00,7.80,-10.09,-2.42,2.90
2026-03-23,20.23,19.38,20.70,19.38,131504,261330283.00,6.12,-10.11,-2.18,6.26
2026-03-24,18.78,19.70,20.07,17.61,226255,426890735.00,12.69,1.65,0.32,10.76
2026-03-25,19.77,17.95,20.05,17.77,275064,523672320.00,11.57,-8.88,-1.75,13.09
2026-03-26,17.78,16.96,17.95,16.85,196463,344532357.00,6.13,-5.52,-0.99,9.35
2026-03-27,16.68,17.40,17.54,16.39,139692,242454903.00,6.78,2.59,0.44,6.65
2026-03-30,16.98,17.15,17.33,16.96,81644,141693513.00,2.13,-1.44,-0.25,3.88
2026-03-31,17.18,16.59,17.43,16.59,85367,146500663.00,4.90,-3.27,-0.56,4.06
2026-04-01,16.84,18.27,18.27,16.70,186315,336645585.00,9.46,10.13,1.68,8.86
2026-04-02,18.27,17.60,18.56,17.43,153525,275534124.00,6.19,-3.67,-0.67,7.30
2026-04-03,17.61,17.09,17.71,17.00,84521,147354155.00,4.03,-2.90,-0.51,4.02
2026-04-07,17.25,17.35,17.38,17.08,72538,126929730.00,1.76,1.52,0.26,3.45
2026-04-08,17.68,18.15,18.18,17.44,100777,182716975.00,4.27,4.61,0.80,4.79
2026-04-09,17.89,18.00,18.12,17.72,87732,159250474.00,2.20,-0.83,-0.15,4.17
2026-04-10,18.10,18.36,18.63,18.10,91850,170766436.00,2.94,2.00,0.36,4.37
2026-04-13,18.48,19.30,19.36,18.48,110777,212669966.00,4.79,5.12,0.94,5.27
2026-04-14,19.22,18.47,19.22,18.29,114468,215380331.00,4.82,-4.30,-0.83,5.45
2026-04-15,18.35,18.61,19.53,18.30,101111,191757851.00,6.66,0.76,0.14,4.81
2026-04-16,18.35,18.46,19.01,18.13,81974,152430389.00,4.73,-0.81,-0.15,3.90
2026-04-17,18.48,18.29,18.49,18.06,60241,111240311.00,2.33,-0.92,-0.17,2.87
2026-04-20,18.25,18.47,18.55,18.18,49670,92700343.00,2.02,0.98,0.18,2.36
2026-04-21,18.38,18.42,18.62,18.18,42568,79033152.00,2.38,-0.27,-0.05,2.03
2026-04-22,18.42,18.32,18.42,18.14,41465,76659419.00,1.52,-0.54,-0.10,1.97
2026-04-23,17.70,17.48,17.92,17.31,79185,140372770.00,3.33,-4.59,-0.84,3.77
2026-04-24,17.64,17.48,17.67,17.21,34834,61412572.00,2.63,0.00,0.00,1.66
2026-04-27,17.49,17.66,17.73,17.14,40963,72391051.00,3.38,1.03,0.18,1.95
2026-04-28,17.74,17.33,17.83,17.27,38176,67443539.00,3.17,-1.87,-0.33,1.82
2026-04-29,17.30,17.54,17.63,17.16,28231,50039918.00,2.71,1.21,0.21,1.34
2026-04-30,17.46,17.59,17.75,17.46,27196,48515063.00,1.65,0.29,0.05,1.29
2026-05-06,17.73,17.73,17.98,17.59,36758,66184364.00,2.22,0.80,0.14,1.75
2026-05-07,17.83,17.93,17.96,17.75,41087,74363637.00,1.18,1.13,0.20,1.95
2026-05-08,17.93,18.27,18.28,17.78,47499,86989278.00,2.79,1.90,0.34,2.26
2026-05-11,18.38,17.88,18.54,17.80,52813,95828935.00,4.05,-2.13,-0.39,2.51
2026-05-12,17.83,17.63,17.91,17.51,38196,68420939.00,2.24,-1.40,-0.25,1.82
2026-05-13,17.62,17.79,17.96,17.49,34288,61653988.00,2.67,0.91,0.16,1.63
2026-05-14,17.83,17.43,17.89,17.43,29197,51946531.00,2.59,-2.02,-0.36,1.39
2026-05-15,17.38,17.92,18.20,17.35,59286,107363649.00,4.88,2.81,0.49,2.82
2026-05-18,17.75,17.71,17.91,17.46,37858,67520609.00,2.51,-1.17,-0.21,1.80
2026-05-19,17.70,17.71,17.97,17.48,30050,53766532.00,2.77,0.00,0.00,1.43
2026-05-20,17.66,17.26,17.66,17.18,34055,59611860.00,2.71,-2.54,-0.45,1.62
2026-05-21,17.40,17.04,17.76,17.01,36241,63091433.00,4.35,-1.27,-0.22,1.72
2026-05-22,17.05,17.27,17.42,16.80,29132,49823364.00,3.64,1.35,0.23,1.39
2026-05-25,17.16,16.86,17.39,16.72,32953,55842175.00,3.88,-2.37,-0.41,1.57
2026-05-26,17.31,17.11,18.13,16.84,86060,149844026.00,7.65,1.48,0.25,4.09
2026-05-27,16.89,16.44,17.20,16.40,57874,96660604.00,4.68,-3.92,-0.67,2.75
2026-05-28,16.45,16.36,16.70,16.02,40025,65531378.00,4.14,-0.49,-0.08,1.90
2026-05-29,16.45,15.78,16.52,15.70,39555,63373256.00,5.01,-3.55,-0.58,1.88
2026-06-01,15.78,16.05,16.18,15.67,26344,42143354.00,3.23,1.71,0.27,1.25
2026-06-02,16.04,15.55,16.07,15.25,29301,45720931.00,5.11,-3.12,-0.50,1.39
2026-06-03,15.60,15.49,15.65,15.31,23215,35933375.00,2.19,-0.39,-0.06,1.10
2026-06-04,15.50,15.21,15.55,15.13,23223,35434456.00,2.71,-1.81,-0.28,1.10
2026-06-05,15.21,15.56,15.84,14.88,34369,53016273.00,6.31,2.30,0.35,1.63
2026-06-08,15.00,15.32,15.70,15.00,25315,38903910.00,4.50,-1.54,-0.24,1.20
2026-06-09,15.36,15.25,15.45,15.16,15984,24462670.00,1.89,-0.46,-0.07,0.76
2026-06-10,15.29,14.78,15.39,14.59,25667,38054053.00,5.25,-3.08,-0.47,1.22
2026-06-11,14.87,14.62,14.87,14.37,19213,27945725.00,3.38,-1.08,-0.16,0.91
2026-06-12,14.82,14.63,14.90,14.51,23304,34139164.00,2.67,0.07,0.01,1.11
2026-06-15,14.67,15.22,15.38,14.62,37107,55744688.00,5.19,4.03,0.59,1.77
2026-06-16,15.23,16.74,16.74,15.06,89798,146583417.00,11.04,9.99,1.52,4.27
2026-06-17,16.77,16.12,16.80,16.09,72304,118434845.00,4.24,-3.70,-0.62,3.44
2026-06-18,16.27,16.03,16.40,15.98,38847,62653624.00,2.61,-0.56,-0.09,1.85
2026-06-22,16.18,16.57,16.69,15.26,69466,112076924.00,8.92,3.37,0.54,3.30
2026-06-23,16.54,17.28,17.78,16.42,78854,134541316.00,8.21,4.28,0.71,3.75
2026-06-24,17.28,17.94,18.12,17.06,82626,146595671.00,6.13,3.82,0.66,3.93
2026-06-25,17.77,17.17,17.92,16.98,81695,141591757.00,5.24,-4.29,-0.77,3.89
2026-06-26,17.00,17.17,17.44,16.74,45198,77195530.00,4.08,0.00,0.00,2.15