2026-01-05,103.32,105.32,105.61,103.12,222669,2390973424.47,2.41,1.90,1.96,0.57
2026-01-06,105.34,105.59,105.85,104.34,186232,2006335249.82,1.43,0.26,0.27,0.48
2026-01-07,105.60,104.94,105.76,104.82,123092,1326159416.45,0.89,-0.62,-0.65,0.32
2026-01-08,104.80,104.32,104.80,104.08,129121,1379204588.92,0.69,-0.59,-0.62,0.33
2026-01-09,104.47,104.56,105.97,104.30,160750,1727812911.25,1.60,0.23,0.24,0.41
2026-01-12,104.57,105.97,106.27,104.55,233356,2526732763.84,1.64,1.35,1.41,0.60
2026-01-13,106.41,105.42,106.64,105.24,197374,2140822642.57,1.32,-0.52,-0.55,0.51
2026-01-14,105.30,104.46,106.26,104.10,225609,2430589610.24,2.05,-0.91,-0.96,0.58
2026-01-15,104.12,103.51,104.64,103.44,162929,1733698629.33,1.15,-0.91,-0.95,0.42
2026-01-16,103.67,102.58,103.83,102.47,198710,2096582183.89,1.31,-0.90,-0.93,0.51
2026-01-19,102.41,101.97,102.80,101.76,182299,1908481790.79,1.01,-0.59,-0.61,0.47
2026-01-20,101.92,102.33,102.89,101.72,172817,1813980704.79,1.15,0.35,0.36,0.45
2026-01-21,102.04,100.47,102.12,100.42,262283,2711884886.18,1.66,-1.82,-1.86,0.68
2026-01-22,100.49,100.18,101.14,100.03,186915,1926511774.17,1.10,-0.29,-0.29,0.48
2026-01-23,100.22,100.41,101.13,100.12,214559,2214166356.93,1.01,0.23,0.23,0.55
2026-01-26,100.38,99.76,100.92,98.48,312961,3203042467.48,2.43,-0.65,-0.65,0.81
2026-01-27,99.54,98.44,99.75,98.44,225287,2283721967.52,1.31,-1.32,-1.32,0.58
2026-01-28,98.45,98.12,99.27,98.05,266767,2696600350.89,1.24,-0.33,-0.32,0.69
2026-01-29,98.12,108.19,108.19,97.92,986604,10450873885.52,10.47,10.26,10.07,2.54
2026-01-30,108.19,102.42,108.20,102.42,668171,7156298338.79,5.34,-5.33,-5.77,1.72
2026-02-02,102.50,104.71,108.18,102.50,531977,5754087576.64,5.55,2.24,2.29,1.37
2026-02-03,104.50,104.70,106.20,104.02,331643,3556634123.24,2.08,-0.01,-0.01,0.85
2026-02-04,103.92,105.94,106.83,103.70,378917,4088740226.48,2.99,1.18,1.24,0.98
2026-02-05,105.32,106.31,107.97,105.08,372846,4071834696.10,2.73,0.35,0.37,0.96
2026-02-06,106.32,104.42,107.15,104.23,276522,2975510011.68,2.75,-1.78,-1.89,0.71
2026-02-09,104.22,104.78,105.11,103.89,208892,2237802124.03,1.17,0.34,0.36,0.54
2026-02-10,104.60,103.92,104.60,103.21,185040,1967153218.00,1.33,-0.82,-0.86,0.48
2026-02-11,103.73,103.46,104.07,103.27,114996,1219688887.85,0.77,-0.44,-0.46,0.30
2026-02-12,103.32,102.04,103.53,101.82,181730,1906604083.34,1.65,-1.37,-1.42,0.47
2026-02-13,102.12,103.48,104.30,101.59,241240,2557578441.15,2.66,1.41,1.44,0.62
2026-02-24,105.60,102.58,106.61,102.42,210144,2233159175.11,4.05,-0.87,-0.90,0.54
2026-02-25,102.42,102.59,103.53,102.29,161529,1703140852.63,1.21,0.01,0.01,0.42
2026-02-26,102.42,101.30,102.75,101.02,192325,2004360013.44,1.69,-1.26,-1.29,0.50
2026-02-27,101.30,101.47,101.97,101.30,119188,1242973438.50,0.66,0.17,0.17,0.31
2026-03-02,100.42,100.64,102.02,99.76,204064,2106133136.07,2.23,-0.82,-0.83,0.53
2026-03-03,100.43,99.97,101.80,99.32,230595,2370559086.74,2.46,-0.67,-0.67,0.59
2026-03-04,99.42,98.44,99.43,98.17,183018,1850959672.31,1.26,-1.53,-1.53,0.47
2026-03-05,99.04,98.87,99.39,98.57,100521,1020367656.20,0.83,0.44,0.43,0.26
2026-03-06,98.76,99.82,99.91,98.47,112916,1150357291.89,1.46,0.96,0.95,0.29
2026-03-09,98.74,98.94,100.02,98.69,177781,1811068890.67,1.33,-0.88,-0.88,0.46
2026-03-10,99.30,99.47,99.81,99.18,111694,1139370871.52,0.64,0.54,0.53,0.29
2026-03-11,99.47,99.60,99.77,99.01,107801,1099529974.19,0.76,0.13,0.13,0.28
2026-03-12,99.42,99.69,100.15,99.02,116614,1189182247.40,1.13,0.09,0.09,0.30
2026-03-13,99.48,100.37,101.08,99.27,153187,1577733442.95,1.82,0.68,0.68,0.39
2026-03-16,100.22,101.96,102.73,100.12,203049,2119088706.00,2.60,1.58,1.59,0.52
2026-03-17,101.96,102.21,103.24,101.42,177702,1867733131.75,1.79,0.25,0.25,0.46
2026-03-18,102.21,101.14,102.41,100.82,117209,1217253899.66,1.56,-1.05,-1.07,0.30
2026-03-19,100.43,99.95,100.83,99.93,114373,1176973860.48,0.89,-1.18,-1.19,0.29
2026-03-20,99.95,99.82,100.60,99.32,102865,1053023021.84,1.28,-0.13,-0.13,0.27
2026-03-23,98.82,97.65,99.20,97.46,205190,2064661956.26,1.74,-2.17,-2.17,0.53
2026-03-24,98.30,98.76,98.88,97.46,117508,1184095484.19,1.45,1.14,1.11,0.30
2026-03-25,98.77,99.87,100.00,98.30,108590,1107451812.52,1.72,1.12,1.11,0.28
2026-03-26,99.62,98.70,100.31,98.70,95924,977853749.31,1.61,-1.17,-1.17,0.25
2026-03-27,97.92,100.07,100.30,97.83,102958,1052956367.65,2.50,1.39,1.37,0.27
2026-03-30,99.41,100.88,101.32,99.22,124907,1286843153.03,2.10,0.81,0.81,0.32
2026-03-31,102.42,100.69,103.22,100.69,178348,1865043694.12,2.51,-0.19,-0.19,0.46
2026-04-01,101.39,101.81,102.60,100.81,122667,1279526789.08,1.78,1.11,1.12,0.32
2026-04-02,101.42,102.42,102.68,101.30,151783,1589237202.13,1.36,0.60,0.61,0.39
2026-04-03,102.39,100.91,102.39,100.71,83089,864181133.42,1.64,-1.47,-1.51,0.21
2026-04-07,100.82,100.53,101.32,99.77,81548,839975542.86,1.54,-0.38,-0.38,0.21
2026-04-08,101.32,101.61,101.62,100.93,97740,1016515697.76,0.69,1.07,1.08,0.25
2026-04-09,100.80,100.02,101.11,99.92,98462,1012935759.78,1.17,-1.56,-1.59,0.25
2026-04-10,100.03,99.49,100.37,99.42,122424,1253630005.44,0.95,-0.53,-0.53,0.32
2026-04-13,99.06,99.84,99.87,98.50,122634,1247104400.52,1.38,0.35,0.35,0.32
2026-04-14,99.84,100.52,100.82,99.30,120696,1238173621.19,1.52,0.68,0.68,0.31
2026-04-15,100.32,100.97,101.41,100.10,115713,1196292314.27,1.30,0.45,0.45,0.30
2026-04-16,100.92,100.86,101.42,100.64,90166,934168917.94,0.77,-0.11,-0.11,0.23
2026-04-17,98.92,99.28,99.67,98.62,167432,1704502562.25,1.04,-1.57,-1.58,0.43
2026-04-20,99.24,98.77,99.37,98.47,116961,1186004538.23,0.91,-0.51,-0.51,0.30
2026-04-21,98.72,98.60,99.24,98.42,108281,1095969167.47,0.83,-0.17,-0.17,0.28
2026-04-22,98.42,98.06,98.50,97.88,144383,1452833704.75,0.63,-0.55,-0.54,0.37
2026-04-23,98.06,98.60,99.72,97.98,174023,1764308584.54,1.77,0.55,0.54,0.45
2026-04-24,98.07,98.69,99.34,97.72,134533,1361341944.74,1.64,0.09,0.09,0.35
2026-04-27,97.92,97.62,97.95,97.47,191048,1913778919.46,0.49,-1.08,-1.07,0.49
2026-04-28,97.50,97.62,97.71,97.32,123415,1234366126.32,0.40,0.00,0.00,0.32
2026-04-29,95.30,95.76,96.00,94.46,338635,3316572049.36,1.58,-1.91,-1.86,0.87
2026-04-30,95.16,94.50,95.37,94.42,248209,2413614788.69,0.99,-1.32,-1.26,0.64
2026-05-06,88.20,89.68,91.92,87.52,871599,7989429629.23,4.66,-5.10,-4.82,2.25
2026-05-07,89.85,90.02,91.27,89.85,536278,4986385438.04,1.58,0.38,0.34,1.38
2026-05-08,90.02,89.55,90.22,89.08,259641,2396026817.67,1.27,-0.52,-0.47,0.67
2026-05-11,89.45,89.23,89.71,88.79,269325,2469941064.28,1.03,-0.36,-0.32,0.69
2026-05-12,89.22,87.98,89.35,87.92,372974,3387693471.87,1.60,-1.40,-1.25,0.96
2026-05-13,87.99,86.57,88.25,86.16,467201,4173652012.86,2.38,-1.60,-1.41,1.20
2026-05-14,86.23,86.41,88.70,85.20,503148,4478188840.70,4.04,-0.18,-0.16,1.30
2026-05-15,85.42,84.29,85.50,84.04,361179,3145651221.47,1.69,-2.45,-2.12,0.93
2026-05-18,84.07,82.99,84.07,82.62,393631,3374154020.11,1.72,-1.54,-1.30,1.01
2026-05-19,83.22,83.20,84.67,82.83,304941,2630415263.70,2.22,0.25,0.21,0.79
2026-05-20,82.63,82.89,83.48,81.96,304617,2599236030.52,1.83,-0.37,-0.31,0.78
2026-05-21,82.93,82.77,84.62,82.65,326630,2812401965.41,2.38,-0.14,-0.12,0.84
2026-05-22,83.00,81.45,83.02,81.45,260371,2196206565.98,1.90,-1.59,-1.32,0.67
2026-05-25,81.05,81.56,82.41,80.44,292025,2456799767.19,2.42,0.14,0.11,0.75
2026-05-26,81.16,80.78,82.01,80.30,277304,2315776876.63,2.10,-0.96,-0.78,0.71
2026-05-27,80.42,81.31,83.67,79.12,603801,5045124428.93,5.63,0.66,0.53,1.56
2026-05-28,79.98,78.91,80.25,78.72,362379,2969342510.00,1.88,-2.95,-2.40,0.93
2026-05-29,78.41,82.31,83.01,78.30,601101,5028433894.52,5.97,4.31,3.40,1.55
2026-06-01,81.37,80.83,81.37,80.25,279987,2332216891.66,1.36,-1.80,-1.48,0.72
2026-06-02,80.80,80.13,81.40,79.84,238179,1977315316.38,1.93,-0.87,-0.70,0.61
2026-06-03,80.02,79.77,80.39,79.04,211544,1737250496.60,1.68,-0.45,-0.36,0.55
2026-06-04,79.77,78.52,80.21,78.52,204211,1668519853.96,2.12,-1.57,-1.25,0.53
2026-06-05,78.92,78.50,79.84,78.45,219364,1789684296.80,1.77,-0.03,-0.02,0.57
2026-06-08,78.43,77.38,79.11,76.98,275252,2207910676.40,2.71,-1.43,-1.12,0.71
2026-06-09,77.32,76.53,77.42,76.30,218412,1731012016.86,1.45,-1.10,-0.85,0.56
2026-06-10,76.45,76.56,77.17,76.02,230726,1830058907.75,1.50,0.04,0.03,0.59
2026-06-11,76.20,77.21,77.40,75.07,378196,2978558092.56,3.04,0.85,0.65,0.97
2026-06-12,76.81,77.34,78.34,76.63,358344,2870646294.71,2.21,0.17,0.13,0.92
2026-06-15,77.38,77.05,77.70,76.52,240611,1916505151.87,1.53,-0.37,-0.29,0.62
2026-06-16,76.81,75.75,76.92,75.57,217566,1708709321.74,1.75,-1.69,-1.30,0.56
2026-06-17,75.72,74.91,76.12,74.67,222588,1727945965.35,1.91,-1.11,-0.84,0.57
2026-06-18,74.70,73.27,74.78,73.27,326843,2499475187.41,2.02,-2.19,-1.64,0.84
2026-06-22,72.92,73.97,74.86,72.21,356276,2704470458.23,3.62,0.96,0.70,0.92
2026-06-23,73.57,72.18,75.74,71.79,466103,3550233244.40,5.34,-2.42,-1.79,1.20
2026-06-24,71.96,70.72,72.87,70.70,300078,2218704130.12,3.01,-2.02,-1.46,0.77
2026-06-25,70.47,72.42,73.10,70.32,491432,3656493221.54,3.93,2.40,1.70,1.27
2026-06-26,72.32,70.59,73.14,70.55,323521,2397332872.70,3.58,-2.53,-1.83,0.83
2026-06-29,70.45,71.42,72.72,69.17,427122,3149108201.35,5.03,1.18,0.83,1.10
2026-06-30,70.92,71.42,72.34,69.86,362653,2662167644.83,3.47,0.00,0.00,0.93
2026-07-01,71.29,71.94,72.30,70.00,380761,2817061597.80,3.22,0.73,0.52,0.98
2026-07-02,72.36,70.92,72.86,70.76,350206,2591988291.98,2.92,-1.42,-1.02,0.90
2026-07-03,71.06,70.63,72.13,70.02,338250,2488093356.99,2.98,-0.41,-0.29,0.87
2026-07-06,70.33,71.18,71.99,70.06,345843,2548673274.84,2.73,0.78,0.55,0.89
2026-07-07,71.01,69.14,71.02,69.10,356731,2580655043.23,2.70,-2.87,-2.04,0.92
2026-07-08,69.12,68.90,69.69,68.64,232078,1663105717.29,1.52,-0.35,-0.24,0.60
2026-07-09,68.42,68.32,68.92,67.94,241921,1713141688.85,1.42,-0.84,-0.58,0.62
2026-07-10,68.53,71.11,71.73,68.11,559655,4085872492.79,5.30,4.08,2.79,1.44
2026-07-13,70.48,70.24,70.87,69.57,306023,2224717872.55,1.83,-1.22,-0.87,0.79
2026-07-14,69.93,70.82,70.91,69.80,283568,2068769750.05,1.58,0.83,0.58,0.73
2026-07-15,69.86,73.82,73.89,69.43,637349,4805702853.56,6.30,4.24,3.00,1.64
2026-07-16,73.33,73.90,74.59,72.60,488921,3599045958.67,2.70,0.11,0.08,1.26
2026-07-17,74.60,72.76,75.06,72.35,427399,3130971198.30,3.67,-1.54,-1.14,1.10
2026-07-20,72.80,76.24,76.30,72.80,647586,4885488077.78,4.81,4.78,3.48,1.67
2026-07-21,76.00,74.38,76.76,74.14,633783,4759421669.21,3.44,-2.44,-1.86,1.63
2026-07-22,73.62,74.75,74.80,73.13,407823,3020174420.13,2.25,0.50,0.37,1.05
2026-07-23,74.00,74.84,74.95,73.32,370321,2746776997.16,2.18,0.12,0.09,0.95
2026-07-24,74.60,73.57,75.30,73.47,311399,2315849376.76,2.45,-1.70,-1.27,0.80
2026-07-27,73.66,73.90,74.46,73.51,203331,1502725286.20,1.29,0.45,0.33,0.52
2026-07-28,73.90,74.80,75.16,73.42,314815,2342923235.54,2.35,1.22,0.90,0.81
2026-07-29,74.92,75.17,75.86,74.69,407417,3070589175.91,1.56,0.49,0.37,1.05
2026-07-30,75.10,78.56,78.84,75.01,729039,5681290332.12,5.10,4.51,3.39,1.88
2026-07-31,76.99,78.00,78.68,76.59,497860,3882961624.94,2.66,-0.71,-0.56,1.28
2026-08-03,78.00,78.06,78.66,77.50,279082,2179962618.17,1.49,0.08,0.06,0.72
2026-08-04,78.06,76.88,78.10,76.67,352887,2720290471.88,1.83,-1.51,-1.18,0.91
2026-08-05,76.89,75.50,76.96,75.20,433273,3275120700.71,2.29,-1.80,-1.38,1.12