2026-02-10,63.11,58.93,75.13,58.88,139954,891900721.00,42.90,55.57,21.05,75.76
2026-02-11,53.59,53.66,55.96,52.22,98315,530208116.00,6.35,-8.94,-5.27,53.22
2026-02-12,52.65,53.20,57.69,51.66,81296,444231560.00,11.24,-0.86,-0.46,44.01
2026-02-13,52.05,55.06,57.60,52.05,84603,464896407.00,10.43,3.50,1.86,45.80
2026-02-24,54.00,50.87,54.50,50.80,78683,408641698.00,6.72,-7.61,-4.19,42.59
2026-02-25,50.15,51.62,53.47,49.51,66227,342140794.00,7.78,1.47,0.75,35.85
2026-02-26,51.00,54.10,56.78,51.00,89702,488200377.00,11.20,4.80,2.48,48.56
2026-02-27,53.60,51.97,54.50,51.71,63396,332715891.00,5.16,-3.94,-2.13,34.32
2026-03-02,50.70,49.39,51.00,49.25,52191,260520054.00,3.37,-4.96,-2.58,28.25
2026-03-03,49.17,47.70,49.80,47.60,38780,188568462.00,4.45,-3.42,-1.69,20.99
2026-03-04,47.06,48.00,48.00,46.66,23694,111869186.00,2.81,0.63,0.30,12.83
2026-03-05,48.11,48.00,49.00,47.70,24888,120345806.00,2.71,0.00,0.00,13.47
2026-03-06,47.98,48.32,48.96,47.29,18287,88105864.00,3.48,0.67,0.32,9.90
2026-03-09,47.51,48.24,48.24,47.20,15758,75283751.00,2.15,-0.17,-0.08,8.53
2026-03-10,48.39,48.80,49.22,48.25,19299,94137795.00,2.01,1.16,0.56,10.45
2026-03-11,48.81,48.79,49.29,48.61,21127,103445450.00,1.39,-0.02,-0.01,11.44
2026-03-12,48.79,49.82,50.12,48.51,32097,158937064.00,3.30,2.11,1.03,17.37
2026-03-13,49.40,49.27,49.93,48.88,18095,89306411.00,2.11,-1.10,-0.55,9.80
2026-03-16,49.09,49.20,49.46,48.42,16343,79815899.00,2.11,-0.14,-0.07,8.85
2026-03-17,49.19,51.01,51.67,49.12,45595,231070217.00,5.18,3.68,1.81,24.68
2026-03-18,50.50,50.24,50.93,49.24,28128,140256290.00,3.31,-1.51,-0.77,15.23
2026-03-19,49.70,48.21,49.94,48.01,24126,117938301.00,3.84,-4.04,-2.03,13.06
2026-03-20,48.21,47.33,48.75,47.10,29840,142628739.00,3.42,-1.83,-0.88,16.15
2026-03-23,46.48,44.15,46.48,43.90,25422,115509244.00,5.45,-6.72,-3.18,13.76
2026-03-24,44.97,45.33,45.50,44.25,19071,85427183.00,2.83,2.67,1.18,10.32
2026-03-25,45.34,45.70,45.89,45.34,16844,76982056.00,1.21,0.82,0.37,9.12
2026-03-26,45.60,45.14,46.12,44.93,12302,55859932.00,2.60,-1.23,-0.56,6.66
2026-03-27,44.40,45.16,45.21,44.33,11871,53339831.00,1.95,0.04,0.02,6.43
2026-03-30,44.35,45.36,45.85,44.15,15683,70367970.00,3.76,0.44,0.20,8.49
2026-03-31,45.32,46.65,46.80,45.32,30216,139078337.00,3.26,2.84,1.29,16.36
2026-04-01,46.71,47.07,47.32,46.21,26772,125551481.00,2.38,0.90,0.42,14.49
2026-04-02,46.82,49.88,50.21,46.60,48651,236767636.00,7.67,5.97,2.81,26.34
2026-04-03,49.56,50.88,50.93,49.50,49195,247037855.00,2.87,2.00,1.00,26.63
2026-04-07,50.78,51.31,51.36,49.80,43308,219797247.00,3.07,0.85,0.43,23.44
2026-04-08,51.45,52.90,53.15,50.88,59349,307964968.00,4.42,3.10,1.59,32.13
2026-04-09,52.48,54.66,54.76,52.22,55898,298721396.00,4.80,3.33,1.76,30.26
2026-04-10,55.05,56.24,56.50,53.72,66985,370061736.00,5.09,2.89,1.58,36.26
2026-04-13,56.23,56.24,56.98,55.45,54153,303667655.00,2.72,0.00,0.00,29.31
2026-04-14,56.24,56.36,57.57,55.90,41544,234315546.00,2.97,0.21,0.12,22.49
2026-04-15,56.33,56.39,56.65,55.70,32166,180922222.00,1.69,0.05,0.03,17.41
2026-04-16,56.33,56.93,57.30,56.05,30262,171306549.00,2.22,0.96,0.54,16.38
2026-04-17,56.63,56.00,57.17,55.69,25334,142577235.00,2.60,-1.63,-0.93,13.71
2026-04-20,55.86,56.37,56.40,54.52,31110,172882982.00,3.36,0.66,0.37,16.84
2026-04-21,55.98,56.49,57.50,55.60,30624,172240393.00,3.37,0.21,0.12,16.58
2026-04-22,56.51,55.80,56.76,55.66,17865,100166961.00,1.95,-1.22,-0.69,9.67
2026-04-23,55.90,54.20,56.78,53.62,24995,137305833.00,5.66,-2.87,-1.60,13.53
2026-04-24,53.01,53.89,54.51,53.01,16244,87529004.00,2.77,-0.57,-0.31,8.79
2026-04-27,54.28,48.50,54.30,48.50,36491,182122810.00,10.76,-10.00,-5.39,19.75
2026-04-28,47.00,46.97,48.50,46.36,27431,128781626.00,4.41,-3.15,-1.53,14.85
2026-04-29,46.90,47.33,47.72,46.78,19860,94001876.00,2.00,0.77,0.36,10.75
2026-04-30,47.25,47.02,47.30,46.46,14038,65928627.00,1.77,-0.65,-0.31,7.60
2026-05-06,47.10,47.20,47.60,46.63,25922,121928362.00,2.06,0.38,0.18,14.03
2026-05-07,47.27,46.90,47.27,46.65,18601,87269902.00,1.31,-0.64,-0.30,10.07
2026-05-08,46.90,48.49,48.79,46.71,30424,145304289.00,4.43,3.39,1.59,16.47
2026-05-11,48.20,48.00,48.90,47.72,22813,109549471.00,2.43,-1.01,-0.49,12.35
2026-05-12,47.93,46.89,48.20,46.65,19756,93111748.00,3.23,-2.31,-1.11,10.69
2026-05-13,46.80,47.34,47.62,46.70,16848,79622158.00,1.96,0.96,0.45,9.12
2026-05-14,47.20,46.04,47.31,45.80,16477,76179689.00,3.19,-2.75,-1.30,8.92
2026-05-15,46.07,46.16,46.78,45.88,12726,58807837.00,1.95,0.26,0.12,6.89
2026-05-18,46.13,45.48,46.13,44.97,14869,67490414.00,2.51,-1.47,-0.68,8.05
2026-05-19,45.58,45.61,46.89,45.32,11572,52907404.00,3.45,0.29,0.13,6.26
2026-05-20,45.50,44.97,45.55,44.12,13746,61368127.00,3.14,-1.40,-0.64,7.44
2026-05-21,44.80,44.52,45.74,44.45,14288,64574848.00,2.87,-1.00,-0.45,7.73
2026-05-22,44.52,44.61,44.85,43.88,12129,53787455.00,2.18,0.20,0.09,6.57
2026-05-25,44.65,43.47,44.75,43.26,13995,61248614.00,3.34,-2.56,-1.14,7.58
2026-05-26,43.40,42.44,43.40,42.00,14317,60818306.00,3.22,-2.37,-1.03,7.75
2026-05-27,42.43,41.27,42.61,41.00,13558,56383500.00,3.79,-2.76,-1.17,7.34
2026-05-28,41.25,42.26,42.69,41.12,15014,63298322.00,3.80,2.40,0.99,8.13
2026-05-29,42.18,41.58,42.82,41.00,11452,48240194.00,4.31,-1.61,-0.68,6.20
2026-06-01,41.58,42.20,42.72,41.42,12624,53275080.00,3.13,1.49,0.62,6.83
2026-06-02,42.40,42.04,42.59,41.36,12404,51726079.00,2.91,-0.38,-0.16,6.71
2026-06-03,42.00,41.26,42.00,41.03,10032,41548176.00,2.31,-1.86,-0.78,5.43
2026-06-04,41.26,40.73,41.50,40.33,10700,43687506.00,2.84,-1.28,-0.53,5.79
2026-06-05,40.53,40.69,41.26,40.01,8849,35947062.00,3.07,-0.10,-0.04,4.79
2026-06-08,40.02,39.04,40.37,38.61,13678,54083533.00,4.33,-4.06,-1.65,7.40
2026-06-09,39.04,39.24,39.93,38.68,7453,29216358.00,3.20,0.51,0.20,4.03
2026-06-10,39.00,38.64,39.34,38.00,9232,35643717.00,3.41,-1.53,-0.60,5.00
2026-06-11,38.26,38.58,38.68,38.00,6751,25874788.00,1.76,-0.16,-0.06,3.65
2026-06-12,38.75,39.07,39.20,38.48,8311,32356790.00,1.87,1.27,0.49,4.50