2026-01-05,22.11,22.02,22.37,21.84,38804,85591475.00,2.39,-0.59,-0.13,3.59
2026-01-06,22.00,21.73,22.12,21.68,48885,106850565.00,2.00,-1.32,-0.29,4.53
2026-01-07,21.68,21.78,22.18,21.55,50839,110940687.00,2.90,0.23,0.05,4.71
2026-01-08,21.68,21.96,22.18,21.60,40045,87988035.00,2.66,0.83,0.18,3.71
2026-01-09,21.96,22.18,22.18,21.88,41641,91765578.00,1.37,1.00,0.22,3.86
2026-01-12,22.15,22.54,22.69,21.95,51035,114043501.00,3.34,1.62,0.36,4.73
2026-01-13,22.56,21.73,22.56,21.66,53480,117818423.00,3.99,-3.59,-0.81,4.95
2026-01-14,21.75,22.42,22.59,21.68,54046,119645994.00,4.19,3.18,0.69,5.00
2026-01-15,22.26,22.96,23.88,21.90,85999,196445853.00,8.83,2.41,0.54,7.96
2026-01-16,22.75,22.18,22.85,21.96,57469,127679775.00,3.88,-3.40,-0.78,5.32
2026-01-19,22.19,22.64,22.84,21.99,47747,107501204.00,3.83,2.07,0.46,4.42
2026-01-20,22.76,22.48,23.05,22.26,43356,98079442.00,3.49,-0.71,-0.16,4.01
2026-01-21,22.25,23.30,23.40,21.91,75601,172677785.00,6.63,3.65,0.82,7.00
2026-01-22,23.25,23.19,23.40,23.00,38268,88602780.00,1.72,-0.47,-0.11,3.54
2026-01-23,23.25,24.06,24.30,23.01,65384,155993887.00,5.56,3.75,0.87,6.05
2026-01-26,24.00,23.33,24.06,23.15,40758,95741205.00,3.78,-3.03,-0.73,3.77
2026-01-27,23.34,23.30,23.62,22.41,34482,79443851.00,5.19,-0.13,-0.03,3.19
2026-01-28,22.69,22.16,22.78,21.51,61036,134253959.00,5.45,-4.89,-1.14,5.65
2026-01-29,22.00,21.85,22.68,21.58,44749,99093512.00,4.96,-1.40,-0.31,4.14
2026-01-30,21.70,22.59,22.84,21.70,42813,96314180.00,5.22,3.39,0.74,3.96
2026-02-02,22.25,22.24,22.90,22.21,24214,54739124.00,3.05,-1.55,-0.35,2.24
2026-02-03,22.46,22.57,22.69,22.21,22050,49560177.00,2.16,1.48,0.33,2.04
2026-02-04,22.50,22.95,23.05,22.46,23626,53934532.00,2.61,1.68,0.38,2.19
2026-02-05,22.81,22.99,23.21,22.69,21019,48377846.00,2.27,0.17,0.04,1.95
2026-02-06,22.88,22.93,23.44,22.70,26021,59995770.00,3.22,-0.26,-0.06,2.41
2026-02-09,22.98,23.49,23.67,22.98,27808,65303391.00,3.01,2.44,0.56,2.57
2026-02-10,23.58,23.17,23.67,23.17,18677,43579366.00,2.13,-1.36,-0.32,1.73
2026-02-11,23.22,23.01,23.44,22.99,17059,39514203.00,1.94,-0.69,-0.16,1.58
2026-02-12,23.04,22.61,23.30,22.59,23131,53079012.00,3.09,-1.74,-0.40,2.14
2026-02-13,22.75,22.53,23.05,22.48,20581,46937710.00,2.52,-0.35,-0.08,1.91
2026-02-24,22.77,23.13,23.20,22.77,21804,50283881.00,1.91,2.66,0.60,2.02
2026-02-25,23.23,22.96,23.37,22.85,20637,47632714.00,2.25,-0.73,-0.17,1.91
2026-02-26,23.10,22.66,23.19,22.59,20802,47576082.00,2.61,-1.31,-0.30,1.93
2026-02-27,22.70,22.80,22.89,22.55,16756,38012244.00,1.50,0.62,0.14,1.55
2026-03-02,22.19,21.45,22.81,21.35,42522,92646826.00,6.40,-5.92,-1.35,3.94
2026-03-03,21.66,20.74,21.80,20.73,28554,60508644.00,4.99,-3.31,-0.71,2.64
2026-03-04,20.24,20.44,20.90,20.20,19040,38992037.00,3.38,-1.45,-0.30,1.76
2026-03-05,20.76,20.71,21.14,20.50,17970,37371997.00,3.13,1.32,0.27,1.66
2026-03-06,20.68,21.44,21.47,20.59,18869,39930343.00,4.25,3.52,0.73,1.75
2026-03-09,21.09,21.15,21.43,20.81,18931,39982599.00,2.89,-1.35,-0.29,1.75
2026-03-10,21.33,23.15,24.07,21.33,76498,175846118.00,12.96,9.46,2.00,7.08
2026-03-11,23.01,23.49,24.12,23.01,67737,159651788.00,4.79,1.47,0.34,6.27
2026-03-12,23.55,22.62,23.73,22.51,36052,82318869.00,5.19,-3.70,-0.87,3.34
2026-03-13,22.62,23.42,23.83,22.23,45087,104317405.00,7.07,3.54,0.80,4.17
2026-03-16,23.30,23.31,23.63,22.71,35046,81641668.00,3.93,-0.47,-0.11,3.24
2026-03-17,23.35,22.67,23.87,22.51,28031,64861696.00,5.83,-2.75,-0.64,2.60
2026-03-18,22.70,23.85,23.99,22.47,47357,110457815.00,6.70,5.21,1.18,4.38
2026-03-19,24.09,23.76,24.80,23.55,68210,164427496.00,5.24,-0.38,-0.09,6.32
2026-03-20,23.85,22.50,24.07,22.16,44755,103254235.00,8.04,-5.30,-1.26,4.14
2026-03-23,22.02,20.54,22.26,20.29,51139,109079698.00,8.76,-8.71,-1.96,4.74
2026-03-24,20.94,21.96,21.98,20.33,36946,78238969.00,8.03,6.91,1.42,3.42
2026-03-25,22.13,21.98,22.82,21.63,40538,89803127.00,5.42,0.09,0.02,3.75
2026-03-26,21.87,21.64,22.37,21.58,26539,58123562.00,3.59,-1.55,-0.34,2.46
2026-03-27,21.67,21.90,22.07,21.00,26483,57529694.00,4.94,1.20,0.26,2.45
2026-03-30,21.61,22.02,22.13,21.35,16346,35626870.00,3.56,0.55,0.12,1.51
2026-03-31,22.30,21.36,22.37,21.24,24253,52797302.00,5.13,-3.00,-0.66,2.25
2026-04-01,21.91,21.79,22.00,21.50,15148,32873131.00,2.34,2.01,0.43,1.40
2026-04-02,21.80,20.64,21.92,20.58,20864,43835376.00,6.15,-5.28,-1.15,1.93
2026-04-03,20.76,20.23,20.93,20.23,20298,41470358.00,3.39,-1.99,-0.41,1.88
2026-04-07,20.26,20.90,21.27,20.25,19968,41829962.00,5.04,3.31,0.67,1.85
2026-04-08,21.48,21.98,22.07,21.22,18507,40394385.00,4.07,5.17,1.08,1.71
2026-04-09,22.00,21.18,22.00,21.11,18611,39878263.00,4.05,-3.64,-0.80,1.72
2026-04-10,21.39,21.49,21.84,21.20,13866,29964115.00,3.02,1.46,0.31,1.28
2026-04-13,21.55,20.98,21.55,20.73,20452,42932082.00,3.82,-2.37,-0.51,1.89
2026-04-14,21.11,20.85,21.24,20.62,18532,38625506.00,2.96,-0.62,-0.13,1.72
2026-04-15,20.95,20.75,21.01,20.69,11572,24136466.00,1.53,-0.48,-0.10,1.07
2026-04-16,20.86,21.56,21.69,20.54,20967,44560231.00,5.54,3.90,0.81,1.94
2026-04-17,21.56,21.48,21.69,20.95,16497,35089931.00,3.43,-0.37,-0.08,1.53
2026-04-20,21.46,21.61,21.68,21.17,16459,35328353.00,2.37,0.61,0.13,1.52
2026-04-21,21.54,21.22,21.64,21.05,15442,32844752.00,2.73,-1.80,-0.39,1.43
2026-04-22,21.22,21.39,21.44,20.95,12931,27468306.00,2.31,0.80,0.17,1.20
2026-04-23,21.45,20.36,21.45,20.28,28382,58738241.00,5.47,-4.82,-1.03,2.63
2026-04-24,20.29,20.60,20.79,19.96,23326,47694079.00,4.08,1.18,0.24,2.16
2026-04-27,20.81,21.34,21.43,19.96,34088,70721112.00,7.14,3.59,0.74,3.16
2026-04-28,21.18,21.50,21.80,21.08,29676,63957167.00,3.37,0.75,0.16,2.75
2026-04-29,21.51,21.87,22.13,21.11,19204,42005255.00,4.74,1.72,0.37,1.78
2026-04-30,21.98,22.12,22.39,21.95,17887,39680394.00,2.01,1.14,0.25,1.66
2026-05-06,22.29,22.38,22.80,22.25,33200,74904546.00,2.49,1.18,0.26,3.07
2026-05-07,22.47,22.76,23.13,22.47,26277,59979945.00,2.95,1.70,0.38,2.43
2026-05-08,22.79,22.89,23.15,22.70,25592,58594968.00,1.98,0.57,0.13,2.37
2026-05-11,22.93,23.07,23.34,22.34,29804,67742558.00,4.37,0.79,0.18,2.76
2026-05-12,23.04,22.48,23.22,22.31,19448,44035312.00,3.94,-2.56,-0.59,1.80
2026-05-13,22.62,22.30,22.62,22.11,19999,44645519.00,2.27,-0.80,-0.18,1.85
2026-05-14,22.35,22.88,23.68,22.06,37839,86293647.00,7.26,2.60,0.58,3.50
2026-05-15,22.82,22.58,23.06,22.33,27643,62658741.00,3.19,-1.31,-0.30,2.56
2026-05-18,22.55,22.94,23.30,22.19,24105,54832403.00,4.92,1.59,0.36,2.23
2026-05-19,22.91,23.07,23.19,22.60,21916,50211225.00,2.57,0.57,0.13,2.03
2026-05-20,23.09,23.79,23.99,22.35,47251,110170074.00,7.11,3.12,0.72,4.38
2026-05-21,23.79,22.33,23.85,22.30,44952,104127431.00,6.52,-6.14,-1.46,4.16
2026-05-22,22.50,22.76,22.95,22.30,24636,55772069.00,2.91,1.93,0.43,2.28
2026-05-25,22.99,21.79,23.23,21.35,34258,75169482.00,8.26,-4.26,-0.97,3.17
2026-05-26,21.76,21.24,21.92,20.93,26335,56107493.00,4.54,-2.52,-0.55,2.44
2026-05-27,21.37,20.54,21.59,20.10,32960,67809263.00,7.02,-3.30,-0.70,3.05
2026-05-28,20.55,20.67,20.95,20.00,27436,56304559.00,4.63,0.63,0.13,2.54
2026-05-29,20.62,19.74,21.00,19.50,27788,55931819.00,7.26,-4.50,-0.93,2.57
2026-06-01,19.53,20.71,21.14,19.32,28799,59435341.00,9.22,4.91,0.97,2.67
2026-06-02,20.63,19.86,20.76,19.61,26638,53071197.00,5.55,-4.10,-0.85,2.47
2026-06-03,19.91,19.35,20.16,19.16,18843,37029703.00,5.04,-2.57,-0.51,1.74
2026-06-04,19.47,18.99,19.60,18.70,18410,35087510.00,4.65,-1.86,-0.36,1.70
2026-06-05,18.98,19.43,19.76,18.66,21744,41911487.00,5.79,2.32,0.44,2.01
2026-06-08,18.87,18.54,19.43,18.21,21256,40073841.00,6.28,-4.58,-0.89,1.97
2026-06-09,18.86,18.86,19.30,18.62,21477,40688359.00,3.67,1.73,0.32,1.99
2026-06-10,18.68,18.51,19.05,18.02,16706,30820985.00,5.46,-1.86,-0.35,1.55
2026-06-11,18.40,18.28,18.70,17.98,17037,31119589.00,3.89,-1.24,-0.23,1.58
2026-06-12,18.64,18.36,18.76,18.08,17352,31934128.00,3.72,0.44,0.08,1.61
2026-06-15,18.43,18.09,18.93,17.96,20512,37796591.00,5.28,-1.47,-0.27,1.90
2026-06-16,18.09,18.04,18.31,17.61,14693,26323065.00,3.87,-0.28,-0.05,1.36
2026-06-17,18.14,17.58,18.48,17.38,21991,38946726.00,6.10,-2.55,-0.46,2.04
2026-06-18,17.28,17.23,17.73,17.08,21191,36810325.00,3.70,-1.99,-0.35,1.96
2026-06-22,17.33,17.55,17.66,16.50,26486,45204170.00,6.73,1.86,0.32,2.45
2026-06-23,17.32,17.80,18.16,17.24,19719,35166833.00,5.24,1.42,0.25,1.83
2026-06-24,17.82,17.19,17.94,16.83,18274,31418713.00,6.24,-3.43,-0.61,1.69
2026-06-25,17.16,16.80,17.47,16.52,21889,36804732.00,5.53,-2.27,-0.39,2.03
2026-06-26,16.72,16.21,16.77,16.08,17707,28918325.00,4.11,-3.51,-0.59,1.64
2026-06-29,16.09,16.16,16.39,15.58,22424,35930989.00,5.00,-0.31,-0.05,2.08
2026-06-30,16.11,16.29,16.50,15.82,19650,31936667.00,4.21,0.80,0.13,1.82
2026-07-01,16.29,16.36,16.69,15.96,24262,39597878.00,4.48,0.43,0.07,2.25
2026-07-02,16.38,16.28,16.96,16.12,22621,37464108.00,5.13,-0.49,-0.08,2.09
2026-07-03,16.38,16.75,16.89,16.28,23313,38819792.00,3.75,2.89,0.47,2.16
2026-07-06,16.75,16.55,16.99,16.36,19928,33136269.00,3.76,-1.19,-0.20,1.85
2026-07-07,16.50,15.98,16.66,15.81,17782,28659378.00,5.14,-3.44,-0.57,1.65
2026-07-08,16.34,15.75,16.42,15.50,14746,23169826.00,5.76,-1.44,-0.23,1.37
2026-07-09,15.66,15.41,15.84,15.00,16768,25835081.00,5.33,-2.16,-0.34,1.55
2026-07-10,15.45,15.77,16.14,15.18,20457,32339740.00,6.23,2.34,0.36,1.89
2026-07-13,15.77,15.20,15.77,15.12,20966,32258798.00,4.12,-3.61,-0.57,1.94
2026-07-14,15.16,15.64,15.71,15.02,16142,24844293.00,4.54,2.89,0.44,1.49
2026-07-15,15.61,15.86,16.27,15.46,18746,29848835.00,5.18,1.41,0.22,1.74
2026-07-16,15.86,16.01,16.27,15.56,16475,26329942.00,4.48,0.95,0.15,1.53
2026-07-17,15.91,15.39,16.39,15.30,18474,29063069.00,6.81,-3.87,-0.62,1.71
2026-07-20,15.57,14.52,15.94,14.22,31302,47083065.00,11.18,-5.65,-0.87,2.90
2026-07-21,14.52,14.50,14.65,13.20,31596,44507792.00,9.99,-0.14,-0.02,2.93
2026-07-22,14.38,14.08,14.64,14.01,21137,30212222.00,4.34,-2.90,-0.42,1.96
2026-07-23,13.90,14.64,14.70,13.90,20357,29201344.00,5.68,3.98,0.56,1.88
2026-07-24,14.49,14.34,14.67,14.10,18089,26012056.00,3.89,-2.05,-0.30,1.67
2026-07-27,14.34,14.81,14.92,14.21,17811,26237790.00,4.95,3.28,0.47,1.65
2026-07-28,14.76,14.95,15.28,14.65,17518,26358559.00,4.25,0.95,0.14,1.62
2026-07-29,14.97,15.42,15.45,14.80,24508,37242203.00,4.35,3.14,0.47,2.27
2026-07-30,15.39,15.33,15.75,15.15,18275,28281137.00,3.89,-0.58,-0.09,1.69
2026-07-31,15.65,15.77,15.83,15.18,18756,29379812.00,4.24,2.87,0.44,1.74
2026-08-03,15.95,16.41,16.49,15.85,19684,31839068.00,4.06,4.06,0.64,1.82
2026-08-04,16.45,16.60,16.84,16.43,25167,41810349.00,2.50,1.16,0.19,2.33
2026-08-05,16.66,16.61,16.94,16.42,17676,29465497.00,3.13,0.06,0.01,1.64
2026-08-06,16.61,16.68,16.82,16.33,13345,22096361.00,2.95,0.42,0.07,1.24
2026-08-07,16.67,16.63,16.74,16.20,14497,23847794.00,3.24,-0.30,-0.05,1.34
2026-08-10,16.64,17.34,17.50,16.35,20890,35676921.00,6.92,4.27,0.71,1.93
2026-08-11,17.30,17.60,18.00,17.03,28848,50427084.00,5.59,1.50,0.26,2.67
2026-08-12,17.51,17.55,17.72,17.20,18082,31687370.00,2.95,-0.28,-0.05,1.67
2026-08-13,17.57,17.25,17.77,17.25,17431,30412688.00,2.96,-1.71,-0.30,1.61
2026-08-14,17.36,17.20,17.44,17.10,8726,15035826.00,1.97,-0.29,-0.05,0.81