2026-01-05,36.09,36.83,36.95,35.91,213831,805083254.00,2.90,2.53,0.91,0.38
2026-01-06,36.89,37.28,37.35,36.66,168749,644351557.00,1.87,1.22,0.45,0.30
2026-01-07,37.25,37.09,37.54,37.04,121553,465480821.00,1.34,-0.51,-0.19,0.22
2026-01-08,36.98,36.92,37.00,36.67,96405,365508644.00,0.89,-0.46,-0.17,0.17
2026-01-09,37.02,36.79,37.17,36.62,105052,398360233.00,1.49,-0.35,-0.13,0.19
2026-01-12,36.79,37.22,37.46,36.70,176894,677186160.00,2.07,1.17,0.43,0.32
2026-01-13,37.57,37.08,37.58,37.02,143945,551573244.00,1.50,-0.38,-0.14,0.26
2026-01-14,37.05,36.69,37.23,36.56,185718,705444242.00,1.81,-1.05,-0.39,0.33
2026-01-15,36.60,36.49,36.90,36.37,120560,454289404.00,1.44,-0.55,-0.20,0.22
2026-01-16,36.60,35.89,36.64,35.60,181496,673657561.00,2.85,-1.64,-0.60,0.33
2026-01-19,35.70,35.76,35.89,35.62,111629,411483819.00,0.75,-0.36,-0.13,0.20
2026-01-20,35.78,35.78,36.05,35.71,115335,426005130.00,0.95,0.06,0.02,0.21
2026-01-21,35.78,35.40,35.78,35.39,142990,523998778.00,1.09,-1.06,-0.38,0.26
2026-01-22,35.45,35.04,35.57,35.02,204139,741372212.00,1.55,-1.02,-0.36,0.37
2026-01-23,35.17,34.74,35.19,34.71,249091,897447412.00,1.37,-0.86,-0.30,0.45
2026-01-26,34.73,34.58,34.84,34.31,235636,840131060.00,1.53,-0.46,-0.16,0.42
2026-01-27,34.57,34.31,34.70,34.31,152193,541084995.00,1.13,-0.78,-0.27,0.27
2026-01-28,34.34,33.87,34.40,33.78,236135,828553805.00,1.81,-1.28,-0.44,0.42
2026-01-29,33.75,35.30,35.30,33.73,384247,1370885498.00,4.64,4.22,1.43,0.69
2026-01-30,35.19,34.20,35.19,34.17,257497,916067976.00,2.89,-3.12,-1.10,0.46
2026-02-02,34.20,34.47,35.00,34.18,175864,627933173.00,2.40,0.79,0.27,0.32
2026-02-03,34.47,34.77,34.82,34.34,137767,491500427.00,1.39,0.87,0.30,0.25
2026-02-04,34.77,35.18,35.29,34.60,165588,598318943.00,1.98,1.18,0.41,0.30
2026-02-05,35.11,36.86,37.08,34.98,596458,2241775482.00,5.97,4.78,1.68,1.07
2026-02-06,36.80,36.29,36.95,36.21,257162,958091648.00,2.01,-1.55,-0.57,0.46
2026-02-09,36.20,36.36,36.66,36.05,158467,588552231.00,1.68,0.19,0.07,0.28
2026-02-10,36.55,35.82,36.55,35.80,143749,529214542.00,2.06,-1.49,-0.54,0.26
2026-02-11,35.80,35.62,35.82,35.50,113163,412042558.00,0.89,-0.56,-0.20,0.20
2026-02-12,35.70,35.14,35.70,35.00,167365,602244344.00,1.97,-1.35,-0.48,0.30
2026-02-13,35.12,34.84,35.27,34.81,115916,414800640.00,1.31,-0.85,-0.30,0.21
2026-02-24,35.15,35.37,35.56,35.12,171507,620271352.00,1.26,1.52,0.53,0.31
2026-02-25,35.41,35.08,35.48,35.05,135481,488149846.00,1.22,-0.82,-0.29,0.24
2026-02-26,35.12,35.04,35.14,34.73,109480,391723244.00,1.17,-0.11,-0.04,0.20
2026-02-27,35.18,35.16,35.36,35.04,118649,426781985.00,0.91,0.34,0.12,0.21
2026-03-02,34.84,34.85,34.96,34.45,144832,514275920.00,1.45,-0.88,-0.31,0.26
2026-03-03,34.84,35.26,35.82,34.70,220370,795851828.00,3.21,1.18,0.41,0.40
2026-03-04,35.13,34.70,35.29,34.55,148707,529923504.00,2.10,-1.59,-0.56,0.27
2026-03-05,34.80,35.18,35.56,34.80,128526,463840429.00,2.19,1.38,0.48,0.23
2026-03-06,35.20,36.22,36.28,35.10,230796,847356521.00,3.35,2.96,1.04,0.42
2026-03-09,35.98,36.51,36.71,35.76,253878,946079178.00,2.62,0.80,0.29,0.46
2026-03-10,36.36,36.48,36.60,36.21,135398,504533918.00,1.07,-0.08,-0.03,0.24
2026-03-11,36.49,36.59,36.70,36.22,122230,455628781.00,1.32,0.30,0.11,0.22
2026-03-12,36.59,36.22,36.69,36.11,117821,437211988.00,1.59,-1.01,-0.37,0.21
2026-03-13,36.20,36.99,37.50,36.17,287350,1090182469.00,3.67,2.13,0.77,0.52
2026-03-16,36.99,37.71,37.92,36.93,311045,1194722170.00,2.68,1.95,0.72,0.56
2026-03-17,37.95,38.15,38.90,37.80,348094,1366113933.00,2.92,1.17,0.44,0.63
2026-03-18,38.00,37.76,38.24,37.42,213641,823938704.00,2.15,-1.02,-0.39,0.38
2026-03-19,37.76,37.41,37.76,37.20,147094,562221909.00,1.48,-0.93,-0.35,0.26
2026-03-20,37.28,37.05,37.61,36.91,128328,487822407.00,1.87,-0.96,-0.36,0.23
2026-03-23,36.61,35.49,36.84,35.34,265561,975280585.00,4.05,-4.21,-1.56,0.48
2026-03-24,35.98,35.85,36.13,35.50,140616,514023296.00,1.78,1.01,0.36,0.25
2026-03-25,36.01,36.20,36.25,35.71,120920,444457586.00,1.51,0.98,0.35,0.22
2026-03-26,36.13,36.15,36.62,36.01,118501,439354100.00,1.69,-0.14,-0.05,0.21
2026-03-27,37.10,38.90,39.30,36.84,559478,2212477095.00,6.80,7.61,2.75,1.01
2026-03-30,39.01,39.54,39.79,38.26,388282,1557116165.00,3.93,1.65,0.64,0.70
2026-03-31,39.85,40.20,40.98,39.85,427337,1762741990.00,2.86,1.67,0.66,0.77
2026-04-01,40.53,40.96,41.28,39.80,292243,1216694686.00,3.68,1.89,0.76,0.53
2026-04-02,40.76,41.42,41.65,40.62,254353,1070287450.00,2.51,1.12,0.46,0.46
2026-04-03,41.29,40.89,41.34,40.70,184897,772579312.00,1.55,-1.28,-0.53,0.33
2026-04-07,40.86,40.73,41.50,40.50,240600,1004866024.00,2.45,-0.39,-0.16,0.43
2026-04-08,40.36,40.35,40.73,39.90,262577,1077371580.00,2.04,-0.93,-0.38,0.47
2026-04-09,40.41,40.35,40.84,40.19,137426,567217829.00,1.61,0.00,0.00,0.25
2026-04-10,40.40,40.55,41.00,40.18,169290,702155412.00,2.03,0.50,0.20,0.30
2026-04-13,40.50,40.19,40.50,40.09,117413,482144667.00,1.01,-0.89,-0.36,0.21
2026-04-14,40.35,39.97,40.48,39.32,161611,654919633.00,2.89,-0.55,-0.22,0.29
2026-04-15,39.77,40.12,40.26,39.73,103900,424563766.00,1.33,0.38,0.15,0.19
2026-04-16,40.09,39.94,40.60,39.70,116815,477683813.00,2.24,-0.45,-0.18,0.21
2026-04-17,39.70,39.14,39.92,38.81,181595,724662499.00,2.78,-2.00,-0.80,0.33
2026-04-20,39.10,39.49,39.65,38.92,140565,564909317.00,1.87,0.89,0.35,0.25
2026-04-21,39.61,39.85,40.35,39.44,163806,669179320.00,2.30,0.91,0.36,0.29
2026-04-22,39.95,39.03,40.18,38.91,152287,609888592.00,3.19,-2.06,-0.82,0.27
2026-04-23,38.85,38.78,39.23,38.25,150611,597525737.00,2.51,-0.64,-0.25,0.27
2026-04-24,39.00,39.12,39.69,39.00,119771,480221660.00,1.78,0.88,0.34,0.22
2026-04-27,39.05,39.05,39.62,38.79,123564,493013721.00,2.12,-0.18,-0.07,0.22
2026-04-28,39.40,38.46,39.79,38.39,157562,624385848.00,3.59,-1.51,-0.59,0.28
2026-04-29,38.57,38.47,38.99,38.00,170533,666974108.00,2.57,0.03,0.01,0.31
2026-04-30,38.20,37.84,38.36,37.61,184649,715280500.00,1.95,-1.64,-0.63,0.33
2026-05-06,37.84,37.94,38.26,37.54,232288,897997260.00,1.90,0.26,0.10,0.42
2026-05-07,37.91,37.93,38.21,37.72,217485,843665411.00,1.29,-0.03,-0.01,0.39
2026-05-08,37.88,37.38,37.98,37.29,164276,628604128.00,1.82,-1.45,-0.55,0.30
2026-05-11,37.32,37.35,37.48,36.96,223766,849664781.00,1.39,-0.08,-0.03,0.40
2026-05-12,37.38,37.04,37.65,37.02,151439,576301370.00,1.69,-0.83,-0.31,0.27
2026-05-13,36.92,36.94,37.43,36.69,132861,500604603.00,2.00,-0.27,-0.10,0.24
2026-05-14,36.91,36.55,37.15,36.53,140896,528765167.00,1.68,-1.06,-0.39,0.25
2026-05-15,36.40,36.01,36.53,35.93,153571,567701161.00,1.64,-1.48,-0.54,0.28
2026-05-18,36.01,35.58,36.01,35.37,143194,520941772.00,1.78,-1.19,-0.43,0.26
2026-05-19,35.55,35.39,36.19,35.32,143873,524301265.00,2.45,-0.53,-0.19,0.26
2026-05-20,35.32,35.08,35.59,35.06,145079,522387767.00,1.50,-0.88,-0.31,0.26
2026-05-21,35.08,34.54,35.33,34.49,169966,607076652.00,2.39,-1.54,-0.54,0.31
2026-05-22,34.57,34.49,34.70,34.08,162277,569606527.00,1.80,-0.14,-0.05,0.29
2026-05-25,34.49,34.85,35.14,34.13,197529,701964121.00,2.93,1.04,0.36,0.36
2026-05-26,34.86,34.83,35.25,34.57,164705,587432466.00,1.95,-0.06,-0.02,0.30
2026-05-27,34.88,35.05,35.55,34.13,244785,871098733.00,4.08,0.63,0.22,0.44
2026-05-28,35.00,34.49,35.00,34.21,175772,620448822.00,2.25,-1.60,-0.56,0.32
2026-05-29,34.49,35.12,35.55,34.20,311380,1116702286.00,3.91,1.83,0.63,0.56
2026-06-01,35.00,34.91,35.19,34.69,220742,787379956.00,1.42,-0.60,-0.21,0.40
2026-06-02,34.70,33.88,35.29,33.55,413502,1445670606.00,4.98,-2.95,-1.03,0.74
2026-06-03,33.69,33.60,33.80,33.00,242400,826998515.00,2.36,-0.83,-0.28,0.44
2026-06-04,33.32,33.00,33.53,33.00,152185,516891951.00,1.58,-1.79,-0.60,0.27
2026-06-05,33.04,33.23,33.55,33.04,138276,470834661.00,1.55,0.70,0.23,0.25
2026-06-08,33.01,33.27,33.32,32.57,169390,571555546.00,2.26,0.12,0.04,0.30
2026-06-09,33.27,34.09,34.20,33.07,226496,781975462.00,3.40,2.46,0.82,0.41
2026-06-10,33.97,34.30,34.76,33.86,174714,615585995.00,2.64,0.62,0.21,0.31
2026-06-11,34.10,34.37,34.60,33.80,133920,468736525.00,2.33,0.20,0.07,0.24
2026-06-12,34.20,34.73,34.88,33.98,196870,695757805.00,2.62,1.05,0.36,0.35
2026-06-15,34.69,34.14,35.08,34.04,200913,690750638.00,2.99,-1.70,-0.59,0.36
2026-06-16,34.03,33.79,34.16,33.64,131234,443405586.00,1.52,-1.03,-0.35,0.24
2026-06-17,33.73,33.32,33.99,33.27,126052,421166965.00,2.13,-1.39,-0.47,0.23
2026-06-18,33.10,32.44,33.27,32.41,232775,760051301.00,2.58,-2.64,-0.88,0.42
2026-06-22,32.28,33.04,33.65,31.60,236160,769244939.00,6.32,1.85,0.60,0.42
2026-06-23,34.50,34.18,35.43,33.96,457361,1582552852.00,4.45,3.45,1.14,0.82
2026-06-24,34.50,35.01,36.28,33.83,476628,1681159915.00,7.17,2.43,0.83,0.86
2026-06-25,34.70,33.92,34.70,33.46,340205,1148681024.00,3.54,-3.11,-1.09,0.61
2026-06-26,33.80,32.98,34.15,32.93,210800,701551142.00,3.60,-2.77,-0.94,0.38