2026-01-05,6.98,7.16,7.27,6.89,1233927,878028298.00,5.44,2.58,0.18,8.79
2026-01-06,7.12,7.20,7.22,7.02,1035453,741518217.00,2.79,0.56,0.04,7.37
2026-01-07,7.16,7.32,7.44,7.10,1296522,947987711.00,4.72,1.67,0.12,9.23
2026-01-08,7.27,7.21,7.37,7.15,1064199,772163600.00,3.01,-1.50,-0.11,7.58
2026-01-09,7.19,7.33,7.36,7.08,1189897,865058319.00,3.88,1.66,0.12,8.47
2026-01-12,7.33,7.39,7.56,7.24,1096981,809785522.00,4.37,0.82,0.06,7.81
2026-01-13,7.38,6.97,7.38,6.94,1149961,817140092.00,5.95,-5.68,-0.42,8.19
2026-01-14,7.00,7.23,7.45,6.93,1466936,1058610072.00,7.46,3.73,0.26,10.45
2026-01-15,7.44,7.74,8.24,7.43,2560222,2012921688.00,11.20,7.05,0.51,18.23
2026-01-16,7.93,7.59,8.33,7.51,2107413,1658663539.00,10.59,-1.94,-0.15,15.01
2026-01-19,7.43,8.03,8.31,7.32,2155142,1717391127.00,13.04,5.80,0.44,15.35
2026-01-20,7.91,7.39,8.07,7.30,1978960,1496968053.00,9.59,-7.97,-0.64,14.09
2026-01-21,7.36,8.10,8.78,7.33,2935807,2394734174.00,19.62,9.61,0.71,20.90
2026-01-22,8.21,8.67,8.71,8.04,2725349,2265973016.00,8.27,7.04,0.57,19.41
2026-01-23,8.44,8.21,8.58,8.18,2224783,1848610289.00,4.61,-5.31,-0.46,15.84
2026-01-26,8.21,7.95,8.44,7.95,1733779,1425730994.00,5.97,-3.17,-0.26,12.35
2026-01-27,7.93,7.85,7.97,7.46,1338601,1035973026.00,6.42,-1.26,-0.10,9.53
2026-01-28,7.88,8.31,8.54,7.82,2129791,1748760593.00,9.17,5.86,0.46,15.17
2026-01-29,8.80,8.64,9.77,8.60,3320817,3019081686.00,14.08,3.97,0.33,23.65
2026-01-30,8.51,8.72,8.91,8.03,2323575,1972075195.00,10.19,0.93,0.08,16.55
2026-02-02,8.99,8.63,9.08,8.61,1682835,1481303149.00,5.39,-1.03,-0.09,11.98
2026-02-03,8.80,9.47,9.73,8.79,2466396,2302583846.00,10.89,9.73,0.84,17.56
2026-02-04,9.40,9.74,10.00,8.91,3070188,2915701299.00,11.51,2.85,0.27,21.86
2026-02-05,9.39,9.38,9.93,9.28,1648284,1568910475.00,6.67,-3.70,-0.36,11.74
2026-02-06,9.28,9.01,9.58,8.95,1525571,1408605155.00,6.72,-3.94,-0.37,10.86
2026-02-09,9.23,9.73,9.94,9.14,1863218,1772116057.00,8.88,7.99,0.72,13.27
2026-02-10,9.55,9.81,10.13,9.35,1853934,1824780979.00,8.02,0.82,0.08,13.20
2026-02-11,10.41,11.78,11.78,10.38,1513190,1729129187.00,14.27,20.08,1.97,10.77
2026-02-12,11.48,12.75,13.16,11.30,3829393,4811723525.00,15.79,8.23,0.97,27.27
2026-02-13,12.69,12.64,13.38,12.46,2614245,3340139624.00,7.22,-0.86,-0.11,18.61
2026-02-24,13.35,15.17,15.17,13.33,2349237,3447520524.00,14.56,20.02,2.53,16.73
2026-02-25,15.78,15.74,16.14,15.02,3266299,5089120439.00,7.38,3.76,0.57,23.26
2026-02-26,15.14,15.58,15.63,14.49,2649408,4002846186.00,7.24,-1.02,-0.16,18.87
2026-02-27,14.58,14.07,14.83,13.69,3064228,4343473182.00,7.32,-9.69,-1.51,21.82
2026-03-02,13.99,13.86,14.53,13.80,2072507,2924191698.00,5.19,-1.49,-0.21,14.76
2026-03-03,14.13,12.79,14.31,12.66,1949942,2580914862.00,11.90,-7.72,-1.07,13.88
2026-03-04,12.61,13.05,13.30,12.58,1433328,1867226123.00,5.63,2.03,0.26,10.21
2026-03-05,13.38,12.94,13.46,12.79,1677348,2196432977.00,5.13,-0.84,-0.11,11.94
2026-03-06,12.85,12.52,12.97,12.42,1400437,1770926856.00,4.25,-3.25,-0.42,9.97
2026-03-09,12.21,12.49,12.58,11.88,1423866,1744509088.00,5.59,-0.24,-0.03,10.14
2026-03-10,12.68,12.97,13.29,12.63,2709505,3523819742.00,5.28,3.84,0.48,19.29
2026-03-11,13.18,12.58,13.38,12.53,1819658,2344535104.00,6.55,-3.01,-0.39,12.96
2026-03-12,12.40,12.20,12.96,12.06,1545012,1922134766.00,7.15,-3.02,-0.38,11.00
2026-03-13,12.11,12.04,12.33,11.73,1554263,1866692460.00,4.92,-1.31,-0.16,11.07
2026-03-16,12.21,12.12,12.23,11.53,1240084,1469311048.00,5.81,0.66,0.08,8.83
2026-03-17,12.04,11.34,12.13,11.30,1142646,1326151416.00,6.85,-6.44,-0.78,8.14
2026-03-18,11.55,11.78,11.83,11.37,848110,984838869.00,4.06,3.88,0.44,6.04
2026-03-19,11.50,11.27,11.66,11.20,753466,860005046.00,3.90,-4.33,-0.51,5.37
2026-03-20,11.47,10.93,11.53,10.86,773818,863621435.00,5.94,-3.02,-0.34,5.51
2026-03-23,10.59,10.23,10.76,10.14,905239,947579206.00,5.67,-6.40,-0.70,6.45
2026-03-24,10.52,10.78,10.79,10.23,787749,829725563.00,5.47,5.38,0.55,5.61
2026-03-25,11.42,11.10,11.87,10.97,1376702,1562430542.00,8.35,2.97,0.32,9.80
2026-03-26,11.05,10.92,11.30,10.83,710605,785004268.00,4.23,-1.62,-0.18,5.06
2026-03-27,10.72,10.98,11.16,10.58,629480,687101391.00,5.31,0.55,0.06,4.48
2026-03-30,10.78,11.66,11.93,10.78,1760978,2032032924.00,10.47,6.19,0.68,12.54
2026-03-31,11.52,11.26,11.65,11.20,1005727,1146495621.00,3.86,-3.43,-0.40,7.16
2026-04-01,12.36,11.81,12.78,11.66,2103227,2575543829.00,9.95,4.88,0.55,14.98
2026-04-02,11.57,11.31,11.71,11.21,1138234,1302285512.00,4.23,-4.23,-0.50,8.10
2026-04-03,11.38,11.04,11.61,10.98,1001139,1128355957.00,5.57,-2.39,-0.27,7.13
2026-04-07,11.26,11.43,11.89,11.25,1318913,1528610076.00,5.80,3.53,0.39,9.39
2026-04-08,12.15,12.28,12.29,11.75,1568977,1897842706.00,4.72,7.44,0.85,11.17
2026-04-09,12.07,12.50,12.76,11.97,1719215,2143942040.00,6.43,1.79,0.22,12.24
2026-04-10,12.83,12.76,13.72,12.76,2495542,3290710654.00,7.68,2.08,0.26,17.77
2026-04-13,12.65,14.81,15.13,12.65,3218202,4577455387.00,19.44,16.07,2.05,22.92
2026-04-14,14.08,14.84,15.26,14.08,2954479,4347184070.00,7.97,0.20,0.03,21.04
2026-04-15,14.61,14.24,15.26,14.18,2037204,2978683363.00,7.28,-4.04,-0.60,14.51
2026-04-16,14.38,14.36,14.56,13.83,1804011,2569977886.00,5.13,0.84,0.12,12.85
2026-04-17,13.98,13.98,14.53,13.88,1806774,2556971281.00,4.53,-2.65,-0.38,12.87
2026-04-20,13.91,13.85,14.27,13.66,1356455,1891902236.00,4.36,-0.93,-0.13,9.66
2026-04-21,13.86,14.01,14.13,13.64,1579716,2206155319.00,3.54,1.16,0.16,11.25
2026-04-22,13.82,13.97,14.23,13.51,1421097,1974056768.00,5.14,-0.29,-0.04,10.12
2026-04-23,14.89,14.97,15.46,14.52,2931866,4412885151.00,6.73,7.16,1.00,20.88
2026-04-24,14.57,14.72,15.28,14.18,1944200,2849910671.00,7.35,-1.67,-0.25,13.84
2026-04-27,14.70,15.41,15.96,14.69,2127065,3283820142.00,8.63,4.69,0.69,15.15
2026-04-28,14.98,15.90,16.78,14.52,2805042,4378960721.00,14.67,3.18,0.49,19.97
2026-04-29,15.58,17.02,17.35,15.28,2685252,4462465575.00,13.02,7.04,1.12,19.12
2026-04-30,16.78,16.06,17.08,15.70,2221739,3614373942.00,8.11,-5.64,-0.96,15.82
2026-05-06,16.50,18.95,19.26,16.50,2595082,4716713848.00,17.19,18.00,2.89,18.48
2026-05-07,18.86,19.18,19.62,18.48,1915872,3664447970.00,6.02,1.21,0.23,13.64
2026-05-08,18.82,18.58,19.28,18.29,1632147,3055218021.00,5.16,-3.13,-0.60,11.62
2026-05-11,18.88,18.39,19.25,17.58,1732519,3166135061.00,8.99,-1.02,-0.19,12.34
2026-05-12,18.17,17.73,18.18,17.03,1928452,3365451673.00,6.25,-3.59,-0.66,13.73
2026-05-13,17.38,20.30,20.56,17.25,2809642,5397148338.00,18.67,14.50,2.57,20.01
2026-05-14,19.98,19.08,20.18,19.08,1856959,3620608791.00,5.42,-6.01,-1.22,13.22
2026-05-15,19.48,18.69,20.34,18.41,2187025,4230592458.00,10.12,-2.04,-0.39,15.57
2026-05-18,18.37,18.68,19.42,17.88,1520501,2848912843.00,8.24,-0.05,-0.01,10.83
2026-05-19,18.50,18.68,18.82,17.65,1273301,2324344778.00,6.26,0.00,0.00,9.07
2026-05-20,18.35,18.76,19.43,17.89,1385615,2606293908.00,8.24,0.43,0.08,9.87
2026-05-21,19.00,17.79,19.72,17.74,1873542,3530935541.00,10.55,-5.17,-0.97,13.34
2026-05-22,17.91,20.47,20.62,17.88,2854616,5613060715.00,15.40,15.06,2.68,20.33
2026-05-25,20.99,21.54,21.81,20.43,2157632,4564348991.00,6.74,5.23,1.07,15.36
2026-05-26,20.79,22.78,23.05,20.53,2446577,5369027628.00,11.70,5.76,1.24,17.42
2026-05-27,22.08,21.56,22.77,21.30,1610196,3538366771.00,6.45,-5.36,-1.22,11.47
2026-05-28,21.18,24.76,24.98,21.18,2128080,5005847352.00,17.63,14.84,3.20,15.15
2026-05-29,24.74,23.33,24.85,23.00,1771335,4235908557.00,7.47,-5.78,-1.43,12.61
2026-06-01,22.84,21.34,22.98,20.78,1906086,4122515301.00,9.43,-8.53,-1.99,13.57
2026-06-02,21.26,23.16,23.64,20.93,1865977,4189805003.00,12.70,8.53,1.82,13.29
2026-06-03,22.91,21.99,23.09,21.58,2090548,4690173835.00,6.52,-5.05,-1.17,14.89
2026-06-04,21.60,22.67,23.28,21.48,1609184,3626885682.00,8.19,3.09,0.68,11.46
2026-06-05,22.98,21.73,23.68,21.44,1844223,4167756116.00,9.88,-4.15,-0.94,13.13
2026-06-08,19.98,21.96,22.13,19.98,1505727,3236023068.00,9.89,1.06,0.23,10.72
2026-06-09,23.48,25.34,25.38,22.86,2373422,5744456395.00,11.48,15.39,3.38,16.90
2026-06-10,24.79,25.19,25.87,24.53,1836460,4627286016.00,5.29,-0.59,-0.15,13.08
2026-06-11,25.06,26.43,27.20,24.28,1950801,5118857361.00,11.59,4.92,1.24,13.89
2026-06-12,26.93,28.42,30.29,26.90,2373924,6780576624.00,12.83,7.53,1.99,16.90
2026-06-15,29.43,34.11,34.11,29.43,1904432,6147257522.00,16.47,20.02,5.69,13.56
2026-06-16,35.70,38.66,39.57,35.70,2125701,8094026415.00,11.35,13.34,4.55,15.14
2026-06-17,37.18,40.21,43.58,37.16,2406839,9783266981.00,16.61,4.01,1.55,17.14
2026-06-18,39.49,40.87,41.76,38.73,1820937,7337557338.00,7.54,1.64,0.66,12.97
2026-06-22,41.18,41.58,42.47,39.86,1844445,7569241389.00,6.39,1.74,0.71,13.13
2026-06-23,40.98,38.23,41.48,37.82,1737662,6756641386.00,8.80,-8.06,-3.35,12.37
2026-06-24,38.24,44.96,45.88,38.24,2129880,9193061597.00,19.98,17.60,6.73,15.17
2026-06-25,42.93,47.86,49.18,42.58,1737232,8212473542.00,14.68,6.45,2.90,12.37
2026-06-26,48.83,52.25,54.08,48.82,1778775,9227403441.00,10.99,9.17,4.39,12.67
2026-06-29,52.25,47.80,52.25,45.68,2245847,10823434410.00,12.57,-8.52,-4.45,15.99
2026-06-30,47.34,46.65,48.97,45.28,1984956,9250187248.00,7.72,-2.41,-1.15,14.13
2026-07-01,47.98,46.73,48.90,45.66,1689901,7986267811.00,6.95,0.17,0.08,12.03
2026-07-02,43.50,45.19,47.70,42.90,1436440,6511072595.00,10.27,-3.30,-1.54,10.23
2026-07-03,45.00,46.99,50.41,43.87,2155540,10298830783.00,14.47,3.98,1.80,15.35
2026-07-06,47.64,40.66,48.53,40.32,2367343,10132277997.00,17.47,-13.47,-6.33,16.86
2026-07-07,41.47,40.30,42.31,39.51,1570707,6405635789.00,6.89,-0.89,-0.36,11.18
2026-07-08,40.90,37.16,41.75,37.02,1852004,7206187490.00,11.74,-7.79,-3.14,13.19
2026-07-09,37.91,38.85,39.77,36.33,1845158,7051626052.00,9.26,4.55,1.69,13.14
2026-07-10,40.12,37.77,43.00,37.50,1979192,7966116159.00,14.16,-2.78,-1.08,14.09
2026-07-13,36.41,33.96,37.45,33.22,1840849,6472147224.00,11.20,-10.09,-3.81,13.11
2026-07-14,33.67,39.08,40.00,33.61,1993001,7432506012.00,18.82,15.08,5.12,14.19
2026-07-15,40.09,37.00,41.28,36.71,1473310,5623610482.00,11.69,-5.32,-2.08,10.49
2026-07-16,35.39,34.80,37.12,33.82,1410418,4973081597.00,8.92,-5.95,-2.20,10.04
2026-07-17,34.20,31.59,34.99,31.00,1449885,4750639124.00,11.47,-9.22,-3.21,10.32
2026-07-20,33.00,26.70,33.47,25.44,2012075,5748692274.00,25.42,-15.48,-4.89,14.33
2026-07-21,27.55,29.80,30.36,24.05,2207243,6131921717.00,23.63,11.61,3.10,15.72
2026-07-22,29.02,27.29,30.28,27.16,1835087,5293691956.00,10.47,-8.42,-2.51,13.07
2026-07-23,27.78,26.71,29.20,26.51,1339341,3688211492.00,9.86,-2.13,-0.58,9.54
2026-07-24,26.23,25.70,26.79,25.35,1077856,2797878159.00,5.39,-3.78,-1.01,7.67
2026-07-27,26.13,30.84,30.84,25.99,2238269,6418205351.82,18.87,20.00,5.14,15.94