2026-01-05,921.81,931.88,940.93,902.87,65515,9038942469.00,4.19,2.54,23.12,1.57
2026-01-06,925.17,927.25,958.72,913.80,69600,9668802273.00,4.82,-0.50,-4.63,1.66
2026-01-07,918.46,935.15,938.54,909.65,68366,9416481263.00,3.12,0.85,7.90,1.63
2026-01-08,944.63,968.12,996.31,939.26,149221,21582860951.00,6.10,3.53,32.97,3.57
2026-01-09,952.01,999.66,1013.76,932.55,102205,14899518827.00,8.39,3.26,31.54,2.44
2026-01-12,1028.82,1012.41,1039.26,980.87,94844,14379497916.00,5.84,1.28,12.75,2.27
2026-01-13,995.64,944.02,1019.13,938.58,100030,14468557793.00,7.96,-6.76,-68.39,2.39
2026-01-14,952.01,964.85,972.13,930.60,89478,12769174184.00,4.40,2.21,20.83,2.14
2026-01-15,952.68,948.66,968.12,933.52,57839,8160415979.00,3.59,-1.68,-16.19,1.38
2026-01-16,952.01,954.73,968.79,943.98,72256,10308466086.00,2.62,0.64,6.07,1.73
2026-01-19,953.36,951.79,977.91,943.96,69119,9918274016.00,3.56,-0.31,-2.94,1.65
2026-01-20,950.00,900.36,955.37,892.30,87374,11952219696.00,6.63,-5.40,-51.43,2.09
2026-01-21,895.20,907.63,930.54,894.91,75750,10345072403.00,3.96,0.81,7.27,1.81
2026-01-22,901.01,907.05,917.11,893.62,59350,8030782537.00,2.59,-0.06,-0.58,1.42
2026-01-23,896.31,894.96,907.05,884.90,63511,8480917290.00,2.44,-1.33,-12.09,1.52
2026-01-26,888.26,871.48,891.56,868.79,67870,8871288504.00,2.54,-2.62,-23.48,1.62
2026-01-27,871.48,872.07,883.48,855.74,63384,8235075320.00,3.18,0.07,0.59,1.52
2026-01-28,878.11,859.92,878.19,857.38,69813,9013149130.00,2.39,-1.39,-12.15,1.67
2026-01-29,859.48,839.27,866.19,837.93,71582,9051850983.00,3.29,-2.40,-20.65,1.71
2026-01-30,839.26,843.89,856.62,831.28,63495,8018391889.00,3.02,0.55,4.62,1.52
2026-02-02,837.25,832.55,853.76,826.51,66690,8357731143.00,3.23,-1.34,-11.34,1.59
2026-02-03,841.28,756.04,843.14,712.42,226145,25622515727.00,15.70,-9.19,-76.51,5.41
2026-02-04,737.25,715.77,743.02,713.07,117351,12657885600.00,3.96,-5.33,-40.27,2.81
2026-02-05,703.70,709.28,719.11,694.99,79421,8357564076.00,3.37,-0.91,-6.49,1.90
2026-02-06,698.69,694.96,712.20,680.58,79813,8272185155.00,4.46,-2.02,-14.32,1.91
2026-02-09,710.40,728.39,741.23,707.72,96536,10462460032.00,4.82,4.81,33.43,2.31
2026-02-10,740.60,737.85,769.46,731.60,96601,10796371349.00,5.20,1.30,9.46,2.31
2026-02-11,729.79,723.09,739.26,719.13,55273,5983828108.00,2.73,-2.00,-14.76,1.32
2026-02-12,723.81,745.64,750.67,711.30,86857,9502364159.00,5.44,3.12,22.55,2.08
2026-02-13,737.25,751.13,766.11,732.62,70569,7918250312.00,4.49,0.74,5.49,1.69
2026-02-24,761.58,718.15,765.44,717.25,81877,8894584851.00,6.42,-4.39,-32.98,1.96
2026-02-25,723.82,725.60,743.29,719.80,57606,6266293048.00,3.27,1.04,7.45,1.38
2026-02-26,733.99,783.42,796.90,716.27,140838,16034677283.00,11.11,7.97,57.82,3.37
2026-02-27,767.46,789.60,812.50,764.99,121512,14322223946.00,6.06,0.79,6.18,2.90
2026-03-02,770.81,798.93,810.10,766.15,88220,10389211104.00,5.57,1.18,9.33,2.11
2026-03-03,802.35,759.43,803.61,757.38,75371,8732618337.00,5.79,-4.94,-39.50,1.80
2026-03-04,752.01,748.71,776.18,743.96,58987,6656512148.00,4.24,-1.41,-10.72,1.41
2026-03-05,769.92,782.89,801.69,752.03,85399,9922297387.00,6.63,4.57,34.18,2.04
2026-03-06,777.52,774.08,786.47,769.50,45235,5238659046.00,2.17,-1.13,-8.81,1.08
2026-03-09,750.67,754.69,759.90,732.54,60258,6690959588.00,3.53,-2.50,-19.39,1.44
2026-03-10,770.12,768.86,777.52,760.74,50203,5750878845.00,2.22,1.88,14.17,1.20
2026-03-11,774.16,736.58,776.85,732.79,76211,8594431103.00,5.73,-4.20,-32.28,1.82
2026-03-12,736.58,736.58,751.48,722.39,62625,6863561917.00,3.95,0.00,0.00,1.50
2026-03-13,744.70,734.63,755.40,727.16,92906,10301354225.00,3.83,-0.26,-1.95,2.22
2026-03-16,729.23,730.52,732.62,701.65,66957,7211654650.00,4.22,-0.56,-4.11,1.60
2026-03-17,730.45,723.82,750.66,717.79,55321,6045178216.00,4.50,-0.92,-6.70,1.32
2026-03-18,726.00,714.43,729.19,702.46,68393,7258997345.00,3.69,-1.30,-9.39,1.63
2026-03-19,700.34,694.98,705.56,691.73,48853,5089266821.00,1.94,-2.72,-19.45,1.17
2026-03-20,696.44,686.91,714.19,670.81,101952,10508394228.00,6.24,-1.16,-8.07,2.44
2026-03-23,671.81,650.87,683.89,648.66,81515,8094829806.00,5.13,-5.25,-36.04,1.95
2026-03-24,660.07,689.26,695.50,650.01,90596,9111327946.00,6.99,5.90,38.39,2.17
2026-03-25,690.27,696.31,711.68,685.54,89714,9359463115.00,3.79,1.02,7.05,2.14
2026-03-26,696.98,686.85,716.23,682.34,49947,5183511265.00,4.87,-1.36,-9.46,1.19
2026-03-27,673.49,686.24,695.67,673.49,50423,5154200457.00,3.23,-0.09,-0.61,1.21
2026-03-30,673.20,676.48,680.20,666.74,52269,5249779442.00,1.96,-1.42,-9.76,1.25
2026-03-31,670.85,658.72,683.54,658.72,50754,5072933425.00,3.67,-2.63,-17.76,1.21
2026-04-01,675.50,704.63,713.09,675.50,100009,10410610082.00,5.71,6.97,45.91,2.39
2026-04-02,700.34,669.46,706.01,668.03,70915,7184207986.00,5.39,-4.99,-35.17,1.70
2026-04-03,676.85,687.38,696.98,669.46,62245,6355115333.00,4.11,2.68,17.92,1.49
2026-04-07,685.57,750.00,768.12,684.23,140829,15532637045.00,12.20,9.11,62.62,3.37
2026-04-08,776.91,780.20,783.54,762.75,104833,12135960241.00,2.77,4.03,30.20,2.51
2026-04-09,777.52,803.02,819.28,771.48,97509,11687631029.00,6.13,2.92,22.82,2.33
2026-04-10,807.72,811.54,819.28,796.91,90037,10839608534.00,2.79,1.06,8.52,2.15
2026-04-13,805.71,817.53,839.66,805.65,78791,9684560234.00,4.19,0.74,5.99,1.88
2026-04-14,821.13,832.54,837.11,808.45,77032,9413266659.00,3.51,1.84,15.01,1.84
2026-04-15,832.55,854.03,889.74,830.59,124299,16061962461.00,7.10,2.58,21.49,2.97
2026-04-16,858.05,876.17,881.54,852.70,77965,10107382521.00,3.38,2.59,22.14,1.85
2026-04-17,871.39,894.30,904.68,864.77,72105,9612455944.00,4.56,2.07,18.13,1.71
2026-04-20,898.99,923.96,923.96,889.03,75196,10224177313.00,3.91,3.32,29.66,1.78
2026-04-21,912.42,891.61,917.19,876.85,81791,10897674222.00,4.37,-3.50,-32.35,1.94
2026-04-22,883.55,896.31,898.31,876.90,68082,9042046567.00,2.40,0.53,4.70,1.61
2026-04-23,895.61,886.91,911.69,868.79,77188,10258176454.00,4.79,-1.05,-9.40,1.83
2026-04-24,884.66,906.71,945.02,859.11,124071,16760993798.00,9.69,2.23,19.80,2.94
2026-04-27,905.07,909.54,929.19,899.18,70932,9653255998.00,3.31,0.31,2.83,1.68
2026-04-28,907.57,921.48,951.26,907.57,74535,10382787206.00,4.80,1.31,11.94,1.77
2026-04-29,915.77,949.75,952.01,902.93,90860,12679634307.00,5.33,3.07,28.27,2.15
2026-04-30,988.93,1139.91,1139.91,988.93,178843,28465682091.00,15.90,20.02,190.16,4.24
2026-05-06,1196.83,1223.83,1318.46,1187.58,197805,36853365889.00,11.48,7.36,83.92,4.69
2026-05-07,1223.79,1252.68,1264.45,1202.21,109983,20370937034.00,5.09,2.36,28.85,2.61
2026-05-08,1217.03,1182.53,1220.00,1158.01,191024,22579188932.00,4.95,-5.60,-70.15,3.04
2026-05-11,1201.00,1200.00,1205.99,1158.03,231722,27508753618.00,4.06,1.48,17.47,3.69
2026-05-12,1199.99,1277.87,1293.33,1189.81,209581,26179370124.00,8.63,6.49,77.87,3.34
2026-05-13,1239.00,1316.88,1316.88,1236.00,158778,20435334731.00,6.33,3.05,39.01,2.53
2026-05-14,1320.00,1260.58,1350.00,1232.32,181139,23168939110.00,8.94,-4.28,-56.30,2.88
2026-05-15,1234.88,1209.00,1276.89,1195.88,161750,19897266825.00,6.43,-4.09,-51.58,2.57
2026-05-18,1200.00,1216.99,1260.00,1183.04,125056,15362333167.00,6.37,0.66,7.99,1.99
2026-05-19,1216.89,1319.20,1326.00,1175.00,186352,23213525760.00,12.41,8.40,102.21,2.97
2026-05-20,1300.00,1362.41,1396.00,1291.99,183743,25016102648.00,7.88,3.28,43.21,2.92
2026-05-21,1370.04,1290.90,1386.00,1285.00,153395,20529652609.00,7.41,-5.25,-71.51,2.44
2026-05-22,1300.50,1286.00,1319.99,1270.43,112240,14472861259.00,3.84,-0.38,-4.90,1.79
2026-05-25,1321.01,1406.50,1435.00,1321.01,173384,24028347135.00,8.86,9.37,120.50,2.76
2026-05-26,1383.01,1410.96,1448.01,1375.00,153975,21675499047.00,5.19,0.32,4.46,2.45
2026-05-27,1385.00,1340.00,1412.99,1334.00,138029,18926941351.00,5.60,-5.03,-70.96,2.20
2026-05-28,1361.00,1391.50,1404.99,1349.01,126717,17472983177.00,4.18,3.84,51.50,2.02
2026-05-29,1400.00,1310.00,1414.00,1295.00,145030,19414820750.00,8.55,-5.86,-81.50,2.31
2026-06-01,1326.00,1238.00,1326.00,1238.00,134896,17200897814.00,6.72,-5.50,-72.00,2.15
2026-06-02,1246.00,1300.00,1319.58,1245.00,124339,16088931664.00,6.02,5.01,62.00,1.98
2026-06-03,1292.30,1378.10,1428.01,1291.00,165598,22683725029.00,10.54,6.01,78.10,2.64
2026-06-04,1365.00,1358.90,1400.00,1347.00,88416,12121114904.00,3.85,-1.39,-19.20,1.41
2026-06-05,1342.00,1299.20,1407.77,1287.34,116355,15620599199.00,8.86,-4.39,-59.70,1.85
2026-06-08,1239.30,1250.36,1298.88,1230.08,114171,14376345578.00,5.30,-3.76,-48.84,1.82
2026-06-09,1279.00,1270.01,1285.80,1239.02,106732,13514130551.00,3.74,1.57,19.65,1.70
2026-06-10,1300.00,1231.00,1349.90,1224.17,138327,17771830139.00,9.90,-3.07,-39.01,2.20
2026-06-11,1221.96,1219.50,1255.00,1199.00,111820,13632001124.00,4.55,-0.93,-11.50,1.78
2026-06-12,1258.00,1240.00,1260.00,1202.00,149766,18376258023.00,4.76,1.68,20.50,2.38
2026-06-15,1253.00,1335.00,1345.99,1238.88,154373,20204543688.00,8.64,7.66,95.00,2.46
2026-06-16,1335.50,1306.99,1335.91,1297.79,99672,13096230889.00,2.86,-2.10,-28.01,1.59
2026-06-17,1290.40,1320.00,1329.87,1271.10,133226,17255115422.00,4.50,1.00,13.01,2.12
2026-06-18,1319.72,1507.46,1540.00,1313.20,221694,32153278755.00,17.18,14.20,187.46,3.53
2026-06-22,1480.00,1456.99,1494.94,1420.00,150357,21882369235.00,4.97,-3.35,-50.47,2.39
2026-06-23,1453.00,1413.00,1506.00,1394.84,138376,20001635530.00,7.63,-3.02,-43.99,2.20
2026-06-24,1402.00,1453.00,1468.88,1378.00,140656,20184662912.00,6.43,2.83,40.00,2.24
2026-06-25,1460.00,1505.00,1536.25,1436.00,159822,23799059014.00,6.90,3.58,52.00,2.54
2026-06-26,1482.00,1458.00,1518.98,1415.00,124352,18243658225.00,6.91,-3.12,-47.00,1.98
2026-06-29,1462.33,1482.00,1541.94,1420.00,151178,22434932060.00,8.36,1.65,24.00,2.41
2026-06-30,1488.41,1595.55,1620.00,1488.37,162216,25487017441.00,8.88,7.66,113.55,2.58
2026-07-01,1560.00,1485.33,1588.97,1470.01,125802,19179504251.00,7.46,-6.91,-110.22,2.00
2026-07-02,1410.00,1372.00,1448.66,1348.00,140564,19615355231.00,6.78,-7.63,-113.33,2.24
2026-07-03,1344.14,1353.00,1412.00,1340.00,101922,14021878020.00,5.25,-1.38,-19.00,1.62
2026-07-06,1383.00,1369.75,1389.86,1291.00,103684,14045400474.00,7.31,1.24,16.75,1.65
2026-07-07,1355.00,1388.00,1439.98,1346.06,118753,16641769701.00,6.86,1.33,18.25,1.89
2026-07-08,1423.00,1413.55,1479.31,1400.01,117177,16775188064.00,5.71,1.84,25.55,1.87
2026-07-09,1442.70,1535.01,1548.00,1393.00,165449,24579250089.00,10.97,8.59,121.46,2.63
2026-07-10,1542.98,1400.00,1569.97,1400.00,131950,19901970613.00,11.07,-8.80,-135.01,2.10
2026-07-13,1421.40,1390.00,1504.96,1363.00,164764,23601713850.00,10.14,-0.71,-10.00,2.62
2026-07-14,1410.00,1411.00,1425.98,1315.00,136598,18832581270.00,7.98,1.51,21.00,2.17
2026-07-15,1420.00,1347.46,1425.00,1334.00,94703,12981052461.00,6.45,-4.50,-63.54,1.51
2026-07-16,1305.90,1279.22,1357.77,1261.00,132087,17259534161.00,7.18,-5.06,-68.24,2.10
2026-07-17,1268.00,1190.58,1278.00,1156.00,166501,20207709790.00,9.54,-6.93,-88.64,2.65
2026-07-20,1240.00,1210.51,1278.53,1167.00,157785,19316317775.00,9.37,1.67,19.93,2.51