2026-01-05,7.15,7.39,7.49,7.14,811169,591791405.00,4.89,3.21,0.23,5.49
2026-01-06,7.97,7.98,8.10,7.61,2929522,2323422806.00,6.63,7.98,0.59,19.81
2026-01-07,7.96,8.40,8.78,7.95,4208092,3522835235.00,10.40,5.26,0.42,28.46
2026-01-08,8.41,8.81,9.24,8.29,4364352,3895742719.00,11.31,4.88,0.41,29.52
2026-01-09,9.17,9.69,9.69,8.91,3022793,2852898354.00,8.85,9.99,0.88,20.45
2026-01-12,10.09,10.32,10.66,9.76,5222691,5384372414.00,9.29,6.50,0.63,35.32
2026-01-13,10.40,9.89,10.88,9.36,4299779,4380593455.00,14.73,-4.17,-0.43,29.08
2026-01-14,9.58,10.88,10.88,9.58,3879772,4044430390.00,13.14,10.01,0.99,26.24
2026-01-15,11.07,10.25,11.87,9.86,4420143,4622137945.00,18.47,-5.79,-0.63,29.90
2026-01-16,10.00,9.62,10.88,9.46,3553024,3523037771.00,13.85,-6.15,-0.63,24.03
2026-01-19,9.79,9.57,9.98,9.29,2297660,2222562238.00,7.17,-0.52,-0.05,15.54
2026-01-20,9.75,9.00,9.75,8.82,2442861,2224699951.00,9.72,-5.96,-0.57,16.52
2026-01-21,8.92,9.15,9.34,8.77,1547140,1406949455.00,6.33,1.67,0.15,10.46
2026-01-22,9.21,9.38,9.45,9.05,1533514,1425609052.00,4.37,2.51,0.23,10.37
2026-01-23,9.40,9.58,9.61,9.30,1588235,1504191051.00,3.30,2.13,0.20,10.74
2026-01-26,10.10,10.54,10.54,10.10,2046340,2144423535.00,4.59,10.02,0.96,13.84
2026-01-27,10.54,10.69,10.96,10.02,4274978,4497730689.00,8.92,1.42,0.15,28.91
2026-01-28,10.96,10.43,11.14,10.41,3262277,3488870254.00,6.83,-2.43,-0.26,22.07
2026-01-29,10.24,10.25,11.10,9.88,3204755,3382862275.00,11.70,-1.73,-0.18,21.68
2026-01-30,10.32,10.17,10.58,9.96,1862084,1905372999.00,6.05,-0.78,-0.08,12.59
2026-02-02,10.03,9.89,10.44,9.77,1862824,1876494460.00,6.59,-2.75,-0.28,12.60
2026-02-03,10.10,10.44,10.44,9.81,2108228,2151483531.00,6.37,5.56,0.55,14.26
2026-02-04,10.25,9.40,10.26,9.40,2250358,2159068407.00,8.24,-9.96,-1.04,15.22
2026-02-05,9.00,9.06,9.16,8.71,1807046,1617043078.00,4.79,-3.62,-0.34,12.22
2026-02-06,8.81,9.46,9.60,8.72,1803041,1676472800.00,9.71,4.42,0.40,12.20
2026-02-09,10.40,10.41,10.41,9.97,1338481,1382302704.00,4.65,10.04,0.95,9.05
2026-02-10,11.45,11.45,11.45,11.45,365695,418720225.00,0.00,9.99,1.04,2.47
2026-02-11,12.60,12.60,12.60,12.60,349292,440107466.00,0.00,10.04,1.15,2.36
2026-02-12,13.86,13.86,13.86,13.86,249054,345188747.00,0.00,10.00,1.26,1.68
2026-02-13,15.25,13.19,15.25,12.88,7295914,10367345536.00,17.10,-4.83,-0.67,49.35
2026-02-24,13.50,11.89,13.50,11.87,5227209,6414271874.00,12.36,-9.86,-1.30,35.36
2026-02-25,11.77,11.86,12.38,11.51,4063161,4883993392.00,7.32,-0.25,-0.03,27.48
2026-02-26,12.10,12.55,13.00,11.86,4986857,6175739620.00,9.61,5.82,0.69,33.73
2026-02-27,11.91,13.04,13.81,11.90,5194212,6743011411.00,15.22,3.90,0.49,35.13
2026-03-02,12.80,12.22,12.89,12.07,3324023,4099790507.00,6.29,-6.29,-0.82,22.48
2026-03-03,12.29,11.00,12.35,11.00,3257405,3691154338.00,11.05,-9.98,-1.22,22.03
2026-03-04,10.71,11.06,11.48,10.71,2040865,2270523642.00,7.00,0.55,0.06,13.80
2026-03-05,11.45,11.42,11.50,10.97,2579157,2909515502.00,4.79,3.25,0.36,17.44
2026-03-06,11.15,11.33,11.55,11.11,1850364,2093497692.00,3.85,-0.79,-0.09,12.52
2026-03-09,11.20,12.19,12.36,11.10,3881611,4579532436.00,11.12,7.59,0.86,26.25
2026-03-10,12.40,12.24,12.67,11.90,3556233,4339644713.00,6.32,0.41,0.05,24.05
2026-03-11,12.05,11.97,12.42,11.89,2424115,2937455375.00,4.33,-2.21,-0.27,16.40
2026-03-12,11.90,11.79,12.36,11.61,2241988,2682253580.00,6.27,-1.50,-0.18,15.16
2026-03-13,11.55,10.86,11.60,10.81,2187146,2427709492.00,6.70,-7.89,-0.93,14.79
2026-03-16,10.85,10.71,10.88,10.40,1390469,1473188520.00,4.42,-1.38,-0.15,9.40
2026-03-17,10.84,10.71,11.16,10.56,1624291,1768153139.00,5.60,0.00,0.00,10.99
2026-03-18,10.88,11.32,11.34,10.80,2112799,2346801080.00,5.04,5.70,0.61,14.29
2026-03-19,11.01,11.56,11.78,11.00,2392242,2748595169.00,6.89,2.12,0.24,16.18
2026-03-20,11.39,10.41,11.67,10.40,2339382,2520733804.00,10.99,-9.95,-1.15,15.82
2026-03-23,9.89,9.75,10.30,9.68,1446242,1445918040.00,5.96,-6.34,-0.66,9.78
2026-03-24,10.00,10.13,10.18,9.51,1396341,1383490278.00,6.87,3.90,0.38,9.44
2026-03-25,10.21,11.14,11.14,10.21,1085127,1189277201.00,9.18,9.97,1.01,7.34
2026-03-26,11.14,10.82,11.45,10.76,2372475,2629231237.00,6.19,-2.87,-0.32,16.05
2026-03-27,10.77,10.77,11.05,10.40,1500461,1622899332.00,6.01,-0.46,-0.05,10.15
2026-03-30,10.48,10.87,10.95,10.15,1304299,1385686927.00,7.43,0.93,0.10,8.82
2026-03-31,10.86,10.68,11.18,10.64,1304675,1417392491.00,4.97,-1.75,-0.19,8.82
2026-04-01,10.98,10.96,11.20,10.83,1582083,1745848421.00,3.46,2.62,0.28,10.70
2026-04-02,10.83,10.24,10.88,10.13,1433778,1489738597.00,6.84,-6.57,-0.72,9.70
2026-04-03,10.41,10.01,10.45,9.94,941376,953167181.00,4.98,-2.25,-0.23,6.37
2026-04-07,10.02,9.88,10.08,9.80,728264,723970209.00,2.80,-1.30,-0.13,4.93
2026-04-08,10.20,10.87,10.87,10.20,877006,937102503.00,6.78,10.02,0.99,5.93
2026-04-09,10.87,11.04,11.10,10.70,2330995,2552575509.00,3.68,1.56,0.17,15.77
2026-04-10,11.33,10.96,11.36,10.93,1677558,1860173656.00,3.89,-0.72,-0.08,11.35
2026-04-13,10.91,11.20,11.27,10.80,1642929,1829506467.00,4.29,2.19,0.24,11.11
2026-04-14,11.59,11.40,11.96,11.28,2229416,2562825172.00,6.07,1.79,0.20,15.08
2026-04-15,11.40,11.14,11.51,11.04,1540841,1722674576.00,4.12,-2.28,-0.26,10.42
2026-04-16,11.14,11.48,11.60,11.13,2163492,2469869529.00,4.22,3.05,0.34,14.63
2026-04-17,11.30,11.20,11.41,11.10,1467301,1644153196.00,2.70,-2.44,-0.28,9.92
2026-04-20,11.10,11.13,11.26,11.01,1181271,1311247232.00,2.23,-0.63,-0.07,7.99
2026-04-21,11.03,10.45,11.05,10.28,1660053,1738397625.00,6.92,-6.11,-0.68,11.23
2026-04-22,10.28,10.63,10.65,10.08,1675066,1734167407.00,5.45,1.72,0.18,11.33
2026-04-23,10.45,10.76,11.40,10.40,1849430,2021439956.00,9.41,1.22,0.13,12.51
2026-04-24,10.49,10.28,10.60,10.11,1376991,1413793636.00,4.55,-4.46,-0.48,9.31
2026-04-27,10.15,10.02,10.19,9.92,843115,846465976.00,2.63,-2.53,-0.26,5.70
2026-04-28,10.11,9.67,10.11,9.61,1063045,1039510221.00,4.99,-3.49,-0.35,7.19
2026-04-29,9.50,9.73,9.89,9.50,773681,753927560.00,4.03,0.62,0.06,5.23
2026-04-30,9.45,10.07,10.16,9.42,1637135,1608549300.00,7.61,3.49,0.34,11.07
2026-05-06,10.66,11.08,11.08,10.61,2345167,2553596062.00,4.67,10.03,1.01,15.86
2026-05-07,11.08,11.37,11.40,10.93,2403646,2690837731.00,4.24,2.62,0.29,16.26
2026-05-08,11.21,12.51,12.51,11.12,3586740,4296947897.00,12.23,10.03,1.14,24.26
2026-05-11,13.09,13.02,13.48,12.38,4049624,5251073171.00,8.79,4.08,0.51,27.39
2026-05-12,12.91,12.65,12.99,12.41,2531694,3200085254.00,4.45,-2.84,-0.37,17.12
2026-05-13,12.44,13.56,13.79,12.40,3097592,4073452791.00,10.99,7.19,0.91,20.95
2026-05-14,13.99,13.18,14.58,12.89,3011058,4064186536.00,12.46,-2.80,-0.38,20.37
2026-05-15,13.03,12.85,13.88,12.77,2417978,3198437223.00,8.42,-2.50,-0.33,16.35
2026-05-18,13.12,12.57,13.16,12.35,1655763,2092062600.00,6.30,-2.18,-0.28,11.20
2026-05-19,12.58,13.08,13.26,12.10,2232701,2842116695.00,9.23,4.06,0.51,15.10
2026-05-20,13.06,13.38,14.00,12.83,2639768,3540736513.00,8.94,2.29,0.30,17.85
2026-05-21,13.35,12.42,13.99,12.40,3048906,3975999642.00,11.88,-7.17,-0.96,20.62
2026-05-22,12.62,12.88,12.99,12.22,1913885,2422161226.00,6.20,3.70,0.46,12.95
2026-05-25,13.00,12.92,13.08,12.25,1873557,2373714610.00,6.44,0.31,0.04,12.67
2026-05-26,12.68,11.63,12.68,11.63,1364878,1614152488.00,8.13,-9.98,-1.29,9.23
2026-05-27,11.07,10.86,11.54,10.48,2313063,2519782196.00,9.11,-6.62,-0.77,15.64
2026-05-28,11.95,11.95,11.95,11.95,484672,579183602.00,0.00,10.04,1.09,3.28
2026-05-29,12.00,10.85,12.17,10.80,2280320,2597018086.00,11.46,-9.21,-1.10,15.42
2026-06-01,10.85,10.44,11.09,10.41,1429602,1528445268.00,6.27,-3.78,-0.41,9.67
2026-06-02,10.55,10.39,10.88,10.14,1282074,1342878836.00,7.09,-0.48,-0.05,8.67
2026-06-03,10.20,10.82,11.20,10.12,1996925,2153041130.00,10.39,4.14,0.43,13.51
2026-06-04,10.58,10.66,10.75,10.40,980456,1037146747.00,3.23,-1.48,-0.16,6.63
2026-06-05,10.61,10.57,11.05,10.12,1314274,1396621111.00,8.72,-0.84,-0.09,8.89
2026-06-08,10.15,9.98,10.42,9.80,1160764,1168647825.00,5.87,-5.58,-0.59,7.85
2026-06-09,10.18,10.19,10.29,9.93,937976,946876396.00,3.61,2.10,0.21,6.34
2026-06-10,10.02,9.95,10.52,9.85,1205107,1223425652.00,6.58,-2.36,-0.24,8.15
2026-06-11,9.72,9.43,9.84,9.32,1062204,1005917452.00,5.23,-5.23,-0.52,7.18
2026-06-12,9.60,9.35,9.68,9.32,868772,826060225.00,3.82,-0.85,-0.08,5.88
2026-06-15,9.53,10.08,10.13,9.45,1133785,1118114630.00,7.27,7.81,0.73,7.67
2026-06-16,10.08,10.02,10.13,9.90,777980,777750557.00,2.28,-0.60,-0.06,5.26
2026-06-17,10.01,10.24,10.58,9.82,1246656,1274031158.00,7.58,2.20,0.22,8.43
2026-06-18,10.40,10.21,10.54,10.05,1125727,1157510811.00,4.79,-0.29,-0.03,7.61
2026-06-22,10.06,10.37,10.69,10.05,1198025,1242775481.00,6.27,1.57,0.16,8.10
2026-06-23,10.30,9.80,10.30,9.65,1147393,1144608418.00,6.27,-5.50,-0.57,7.76
2026-06-24,9.78,10.26,10.50,9.25,1477453,1451815279.00,12.76,4.69,0.46,9.99
2026-06-25,10.20,10.10,10.55,9.84,1230255,1245359332.00,6.92,-1.56,-0.16,8.32
2026-06-26,9.94,9.40,9.95,9.35,1040840,988313788.00,5.94,-6.93,-0.70,7.04