2026-01-05,34.51,36.60,36.96,33.98,791655,2813056956.75,8.66,6.30,2.17,8.67
2026-01-06,37.55,37.06,37.89,36.20,793092,2938930957.64,4.62,1.26,0.46,8.69
2026-01-07,37.61,36.62,38.56,36.29,668877,2494181606.44,6.13,-1.19,-0.44,7.33
2026-01-08,36.66,35.86,38.19,35.02,659204,2411379074.67,8.66,-2.08,-0.76,7.22
2026-01-09,35.20,35.21,36.49,35.03,563255,2008552165.72,4.07,-1.81,-0.65,6.17
2026-01-12,36.36,37.10,37.45,36.10,690452,2543813023.47,3.83,5.37,1.89,7.56
2026-01-13,37.63,37.51,40.00,36.90,926205,3553176207.64,8.36,1.11,0.41,10.15
2026-01-14,36.80,35.21,37.96,34.86,906141,3289301672.57,8.26,-6.13,-2.30,9.93
2026-01-15,34.60,35.08,36.62,34.53,622986,2228280366.68,5.94,-0.37,-0.13,6.82
2026-01-16,35.13,33.13,35.53,33.00,660493,2230521364.41,7.21,-5.56,-1.95,7.24
2026-01-19,33.14,33.55,34.29,33.06,444529,1497822941.78,3.71,1.27,0.42,4.87
2026-01-20,34.02,33.94,34.98,33.01,603748,2063293293.57,5.87,1.16,0.39,6.61
2026-01-21,33.61,37.33,37.33,33.61,731883,2660587010.41,10.96,9.99,3.39,8.02
2026-01-22,37.49,39.13,39.80,37.23,1025076,3977462499.08,6.88,4.82,1.80,11.23
2026-01-23,39.15,41.87,41.99,38.71,826406,3345386354.94,8.38,7.00,2.74,9.05
2026-01-26,42.16,40.10,42.80,39.00,805706,3309289498.37,9.08,-4.23,-1.77,8.83
2026-01-27,40.11,39.43,41.40,37.61,610667,2373216892.65,9.45,-1.67,-0.67,6.69
2026-01-28,39.00,39.10,39.88,37.81,530396,2055144369.80,5.25,-0.84,-0.33,5.81
2026-01-29,38.00,37.80,38.85,37.36,529036,2011903246.31,3.81,-3.32,-1.30,5.80
2026-01-30,36.85,35.55,36.92,34.02,637872,2240755834.08,7.67,-5.95,-2.25,6.99
2026-02-02,34.48,34.96,36.80,34.47,428447,1531787410.63,6.55,-1.66,-0.59,4.69
2026-02-03,36.30,36.33,36.60,35.48,411711,1484691961.89,3.20,3.92,1.37,4.51
2026-02-04,36.55,36.15,36.72,35.60,296744,1070702634.34,3.08,-0.50,-0.18,3.25
2026-02-05,35.40,34.11,36.29,33.67,389478,1345608391.42,7.25,-5.64,-2.04,4.27
2026-02-06,33.42,36.43,36.95,32.83,543809,1936937214.10,12.08,6.80,2.32,5.96
2026-02-09,36.90,36.35,37.33,36.00,341761,1240750797.95,3.65,-0.22,-0.08,3.74
2026-02-10,36.15,35.57,36.15,34.41,368856,1304212850.80,4.79,-2.15,-0.78,4.04
2026-02-11,35.41,37.42,37.50,35.30,477053,1756410659.94,6.18,5.20,1.85,5.23
2026-02-12,37.40,38.85,39.17,37.01,495557,1881212633.97,5.77,3.82,1.43,5.43
2026-02-13,37.58,39.16,40.02,37.51,425800,1672885149.39,6.46,0.80,0.31,4.66
2026-02-24,40.97,41.98,42.00,40.38,525553,2172208580.13,4.14,7.20,2.82,5.76
2026-02-25,42.37,45.20,46.18,41.34,721991,3219502469.95,11.53,7.67,3.22,7.91
2026-02-26,45.50,42.26,46.00,41.80,1002979,4325310543.36,9.29,-6.50,-2.94,10.99
2026-02-27,41.00,42.61,42.98,41.00,516665,2169515547.41,4.69,0.83,0.35,5.66
2026-03-02,42.14,40.73,42.34,39.52,506418,2056200190.21,6.62,-4.41,-1.88,5.55
2026-03-03,39.97,39.39,41.29,39.15,491703,1973469829.44,5.25,-3.29,-1.34,5.39
2026-03-04,38.90,39.67,40.68,38.50,281729,1120496778.20,5.53,0.71,0.28,3.09
2026-03-05,40.60,39.83,41.39,39.00,320780,1290550868.56,6.02,0.40,0.16,3.51
2026-03-06,39.75,39.22,40.18,39.00,230017,904550745.57,2.96,-1.53,-0.61,2.52
2026-03-09,37.77,39.65,40.08,37.13,327278,1266154309.11,7.52,1.10,0.43,3.59
2026-03-10,40.25,40.35,41.10,39.82,259119,1047496786.47,3.23,1.77,0.70,2.84
2026-03-11,39.73,41.19,41.63,39.38,408103,1667192530.52,5.58,2.08,0.84,4.47
2026-03-12,41.10,39.91,41.28,39.09,350953,1399140996.42,5.32,-3.11,-1.28,3.84
2026-03-13,40.10,40.37,42.20,40.03,395611,1625493035.71,5.44,1.15,0.46,4.33
2026-03-16,39.97,39.03,40.98,37.53,412307,1604362174.46,8.55,-3.32,-1.34,4.52
2026-03-17,38.92,38.65,39.87,37.70,265182,1033167642.45,5.56,-0.97,-0.38,2.90
2026-03-18,38.63,38.03,38.97,36.82,341309,1286839908.38,5.56,-1.60,-0.62,3.74
2026-03-19,37.19,35.51,37.48,35.01,509000,1825153412.05,6.49,-6.63,-2.52,5.58
2026-03-20,35.66,35.17,36.99,34.88,468699,1681125487.93,5.94,-0.96,-0.34,5.13
2026-03-23,33.93,35.45,36.70,33.58,527614,1884496047.64,8.87,0.80,0.28,5.78
2026-03-24,36.00,35.95,36.45,34.01,422659,1486198918.84,6.88,1.41,0.50,4.63
2026-03-25,36.60,36.15,36.84,35.06,484918,1743999532.68,4.95,0.56,0.20,5.31
2026-03-26,35.81,38.39,38.87,35.70,671452,2550545548.85,8.77,6.20,2.24,7.36
2026-03-27,38.50,42.23,42.23,38.22,557384,2257649023.52,10.45,10.00,3.84,6.11
2026-03-30,43.00,42.08,44.00,41.58,796429,3389934871.83,5.73,-0.36,-0.15,8.72
2026-03-31,41.33,40.10,41.89,39.70,575287,2334373955.18,5.20,-4.71,-1.98,6.30
2026-04-01,40.20,39.43,40.77,38.41,435437,1720339924.11,5.89,-1.67,-0.67,4.77
2026-04-02,39.12,39.69,41.11,38.89,493364,1977196147.49,5.63,0.66,0.26,5.40
2026-04-03,39.69,38.99,40.15,37.54,415203,1609435748.77,6.58,-1.76,-0.70,4.55
2026-04-07,39.36,38.80,39.50,37.73,307269,1183500381.39,4.54,-0.49,-0.19,3.37
2026-04-08,38.69,39.54,39.70,38.13,482640,1884786958.25,4.05,1.91,0.74,5.29
2026-04-09,40.05,39.00,40.60,38.33,436652,1718874019.22,5.74,-1.37,-0.54,4.78
2026-04-10,39.20,40.78,41.00,38.97,616983,2485511749.66,5.21,4.56,1.78,6.76
2026-04-13,41.99,44.86,44.86,41.99,696917,3008559330.14,7.04,10.00,4.08,7.63
2026-04-14,46.01,48.48,48.57,45.32,943757,4459209900.22,7.24,8.07,3.62,10.34
2026-04-15,47.97,46.27,48.00,45.40,695178,3234261998.40,5.36,-4.56,-2.21,7.61
2026-04-16,47.74,49.80,50.90,47.13,867059,4306693584.84,8.15,7.63,3.53,9.50
2026-04-17,49.58,50.30,51.47,49.30,760555,3830582006.69,4.36,1.00,0.50,8.33
2026-04-20,50.13,49.70,50.83,49.04,491895,2448638884.66,3.56,-1.19,-0.60,5.39
2026-04-21,49.70,48.45,50.15,48.38,568120,2783435713.28,3.56,-2.52,-1.25,6.22
2026-04-22,47.94,48.00,49.43,47.40,451816,2166735549.80,4.19,-0.93,-0.45,4.95
2026-04-23,48.47,46.30,48.47,45.40,482824,2244574695.63,6.40,-3.54,-1.70,5.29
2026-04-24,46.01,50.93,50.93,46.01,650045,3174971096.58,10.63,10.00,4.63,7.12
2026-04-27,51.01,52.12,53.36,50.93,635613,3323849088.46,4.77,2.34,1.19,6.96
2026-04-28,52.23,51.03,52.77,50.06,404861,2071395624.28,5.20,-2.09,-1.09,4.43
2026-04-29,50.11,54.63,55.54,49.80,706490,3740906841.11,11.25,7.05,3.60,7.74
2026-04-30,55.26,60.09,60.09,55.26,889361,5239227873.95,8.84,9.99,5.46,9.74
2026-05-06,60.76,62.14,63.13,58.90,801019,4906771057.17,7.04,3.41,2.05,8.77
2026-05-07,61.81,59.60,62.00,58.06,750819,4459100876.17,6.34,-4.09,-2.54,8.22
2026-05-08,59.40,57.52,61.91,57.15,671107,3961980673.27,7.99,-3.49,-2.08,7.35
2026-05-11,58.66,57.81,59.30,56.80,577303,3332740746.84,4.35,0.50,0.29,6.32
2026-05-12,57.88,56.89,58.36,55.70,514534,2914920339.10,4.60,-1.59,-0.92,5.64
2026-05-13,57.00,55.00,57.32,54.16,678804,3749618042.77,5.55,-3.32,-1.89,7.44
2026-05-14,54.75,52.81,55.27,52.60,505136,2714907621.42,4.85,-3.98,-2.19,5.53
2026-05-15,52.70,51.06,53.95,50.66,563056,2939596916.11,6.23,-3.31,-1.75,6.17
2026-05-18,51.00,51.45,53.39,50.00,464393,2402106181.50,6.64,0.76,0.39,5.09
2026-05-19,50.53,48.82,50.60,48.22,547213,2675011588.78,4.63,-5.11,-2.63,5.99
2026-05-20,48.39,51.56,52.90,47.68,723659,3643791247.69,10.69,5.61,2.74,7.93
2026-05-21,50.80,48.98,52.10,48.82,573865,2895710088.65,6.36,-5.00,-2.58,6.29
2026-05-22,48.79,49.11,49.65,47.67,434792,2126576692.78,4.04,0.27,0.13,4.76
2026-05-25,49.45,48.51,50.20,48.00,436330,2136098541.68,4.48,-1.22,-0.60,4.78
2026-05-26,47.51,49.23,50.43,46.72,534085,2600844771.04,7.65,1.48,0.72,5.85
2026-05-27,49.18,47.74,49.99,47.35,417433,2028937128.63,5.36,-3.03,-1.49,4.57
2026-05-28,48.69,47.16,49.60,45.80,422359,1991317371.74,7.96,-1.21,-0.58,4.63
2026-05-29,47.48,45.45,47.98,45.20,464159,2142328653.38,5.89,-3.63,-1.71,5.08
2026-06-01,45.34,43.76,45.85,43.65,474651,2121172446.37,4.84,-3.72,-1.69,5.20
2026-06-02,43.83,43.16,43.98,41.60,413387,1760318190.18,5.44,-1.37,-0.60,4.53
2026-06-03,42.70,43.81,44.82,42.25,379003,1665681815.37,5.95,1.51,0.65,4.15
2026-06-04,43.44,42.49,43.65,42.00,313847,1335112194.14,3.77,-3.01,-1.32,3.44
2026-06-05,42.76,43.55,44.89,41.36,519801,2255473843.27,8.31,2.49,1.06,5.69
2026-06-08,43.00,42.62,45.02,41.56,497506,2154119741.63,7.94,-2.14,-0.93,5.45
2026-06-09,43.51,46.88,46.88,42.70,609148,2715166730.23,9.81,10.00,4.26,6.67
2026-06-10,47.70,47.70,49.08,47.10,916410,4408026276.63,4.22,1.75,0.82,10.04
2026-06-11,47.70,50.98,52.20,46.53,1024290,5110486936.13,11.89,6.88,3.28,11.22
2026-06-12,50.00,51.08,54.05,49.10,1014912,5251669611.20,9.71,0.20,0.10,11.12
2026-06-15,51.10,51.63,53.47,49.15,896591,4548388126.02,8.46,1.08,0.55,9.82
2026-06-16,50.52,48.81,50.55,48.80,839726,4148873438.04,3.39,-5.46,-2.82,9.20
2026-06-17,48.81,48.30,50.19,47.87,590618,2889088669.24,4.75,-1.04,-0.51,6.47
2026-06-18,47.00,45.74,49.08,45.57,810523,3785751224.19,7.27,-5.30,-2.56,8.88
2026-06-22,44.72,46.98,47.01,42.52,952597,4234024514.63,9.82,2.71,1.24,10.43
2026-06-23,46.01,43.05,46.20,42.90,691248,3046660570.70,7.02,-8.37,-3.93,7.57
2026-06-24,43.05,47.36,47.36,42.52,789165,3597475451.79,11.24,10.01,4.31,8.64
2026-06-25,46.88,46.51,49.50,46.30,822246,3920241617.86,6.76,-1.79,-0.85,9.01
2026-06-26,46.48,42.35,46.70,42.25,675590,2958615266.53,9.57,-8.94,-4.16,7.40
2026-06-29,41.53,42.57,43.29,40.05,591519,2477680426.51,7.65,0.52,0.22,6.48
2026-06-30,42.95,44.83,46.57,42.45,649251,2863152778.64,9.68,5.31,2.26,7.11