2026-01-05,6.57,6.54,6.62,6.50,557429,366169724.00,1.83,-0.30,-0.02,1.22
2026-01-06,6.50,6.68,6.77,6.50,772435,514840714.00,4.13,2.14,0.14,1.70
2026-01-07,6.65,6.71,6.90,6.58,773968,525424298.00,4.79,0.45,0.03,1.70
2026-01-08,6.75,7.38,7.38,6.71,727947,528900690.00,9.99,9.99,0.67,1.60
2026-01-09,7.98,7.47,7.99,7.41,3223742,2457402977.00,7.86,1.22,0.09,7.08
2026-01-12,7.59,7.69,7.87,7.53,2153163,1658661318.00,4.55,2.95,0.22,4.73
2026-01-13,7.67,7.30,7.67,7.27,1596946,1194527027.00,5.20,-5.07,-0.39,3.51
2026-01-14,7.27,7.11,7.33,7.02,1381757,997487135.00,4.25,-2.60,-0.19,3.04
2026-01-15,7.06,6.94,7.09,6.89,740122,517855744.00,2.81,-2.39,-0.17,1.63
2026-01-16,7.00,7.04,7.15,7.00,677681,480408932.00,2.16,1.44,0.10,1.49
2026-01-19,7.01,7.20,7.21,6.98,735422,528484237.00,3.27,2.27,0.16,1.61
2026-01-20,7.20,7.18,7.30,7.06,624930,448981698.00,3.33,-0.28,-0.02,1.36
2026-01-21,7.19,7.24,7.25,7.10,511057,368734855.00,2.09,0.84,0.06,1.12
2026-01-22,7.36,7.97,7.97,7.31,907662,714884737.00,9.12,10.08,0.73,1.98
2026-01-23,8.18,8.20,8.45,7.85,3051320,2489279881.00,7.53,2.89,0.23,6.66
2026-01-26,8.13,7.95,8.37,7.87,2208292,1799227361.00,6.10,-3.05,-0.25,4.82
2026-01-27,7.87,7.90,8.06,7.71,1209798,953585036.00,4.40,-0.63,-0.05,2.64
2026-01-28,7.86,7.90,7.97,7.61,1240119,970573148.00,4.56,0.00,0.00,2.71
2026-01-29,7.93,7.83,8.20,7.79,1155860,921827199.00,5.19,-0.89,-0.07,2.52
2026-01-30,7.77,7.57,7.91,7.39,1035000,788250137.00,6.64,-3.32,-0.26,2.26
2026-02-02,7.53,7.27,7.76,7.27,709731,531247358.00,6.47,-3.96,-0.30,1.55
2026-02-03,7.40,7.64,7.64,7.35,756750,570675794.00,3.99,5.09,0.37,1.65
2026-02-04,7.63,7.76,7.89,7.62,779741,606002583.00,3.53,1.57,0.12,1.70
2026-02-05,7.68,7.49,7.85,7.45,687173,523483421.00,5.15,-3.48,-0.27,1.50
2026-02-06,7.42,7.37,7.53,7.32,554607,413168299.00,2.80,-1.60,-0.12,1.21
2026-02-09,7.52,7.61,7.66,7.47,668201,509438935.00,2.58,3.26,0.24,1.46
2026-02-10,7.60,7.42,7.63,7.28,623971,463817399.00,4.60,-2.50,-0.19,1.36
2026-02-11,7.43,7.40,7.52,7.39,408210,305626523.00,1.75,-0.27,-0.02,0.89
2026-02-12,7.39,7.37,7.47,7.28,409385,303937060.00,2.57,-0.41,-0.03,0.89
2026-02-13,7.33,7.33,7.50,7.30,552782,408826736.00,2.71,-0.54,-0.04,1.21
2026-02-24,7.43,7.65,7.68,7.42,720087,548032687.00,3.55,4.37,0.32,1.57
2026-02-25,7.72,7.88,8.03,7.68,883694,700264521.00,4.58,3.01,0.23,1.93
2026-02-26,7.85,7.95,7.95,7.76,717188,568428747.00,2.41,0.89,0.07,1.57
2026-02-27,7.93,7.89,8.02,7.79,564399,445790212.00,2.89,-0.75,-0.06,1.23
2026-03-02,7.77,7.78,7.94,7.72,681515,534750552.00,2.79,-1.39,-0.11,1.49
2026-03-03,7.83,7.32,7.90,7.29,918643,694391424.00,7.84,-5.91,-0.46,2.01
2026-03-04,7.25,7.17,7.38,7.15,646086,470064205.00,3.14,-2.05,-0.15,1.41
2026-03-05,7.28,7.31,7.42,7.24,527916,388499925.00,2.51,1.95,0.14,1.15
2026-03-06,7.24,7.27,7.42,7.16,496502,363721232.00,3.56,-0.55,-0.04,1.08
2026-03-09,7.19,7.01,7.20,6.77,751160,521660845.00,5.91,-3.58,-0.26,1.64
2026-03-10,7.14,7.19,7.27,7.11,450206,324476735.00,2.28,2.57,0.18,0.98
2026-03-11,7.17,7.17,7.23,7.11,396507,284974051.00,1.67,-0.28,-0.02,0.87
2026-03-12,7.11,7.03,7.20,6.98,388118,275846078.00,3.07,-1.95,-0.14,0.85
2026-03-13,7.04,7.07,7.24,6.90,498412,355998277.00,4.84,0.57,0.04,1.09
2026-03-16,7.14,6.69,7.14,6.58,848652,575696650.00,7.92,-5.37,-0.38,1.85
2026-03-17,6.75,6.54,6.77,6.53,446229,297229318.00,3.59,-2.24,-0.15,0.97
2026-03-18,6.56,6.53,6.60,6.41,390015,254653896.00,2.91,-0.15,-0.01,0.85
2026-03-19,6.46,6.30,6.46,6.26,487701,311083943.00,3.06,-3.52,-0.23,1.06
2026-03-20,6.37,6.19,6.39,6.18,388011,244575264.00,3.33,-1.75,-0.11,0.85
2026-03-23,6.05,5.89,6.14,5.84,525133,316015649.00,4.85,-4.85,-0.30,1.15
2026-03-24,6.01,6.11,6.15,5.87,428995,258317868.00,4.75,3.74,0.22,0.94
2026-03-25,6.12,6.15,6.21,6.11,340328,210209969.00,1.64,0.65,0.04,0.74
2026-03-26,6.16,6.09,6.22,6.03,324443,199436831.00,3.09,-0.98,-0.06,0.71
2026-03-27,6.00,6.11,6.16,6.00,260327,159563872.00,2.63,0.33,0.02,0.57
2026-03-30,6.06,6.14,6.18,5.99,269725,164806447.00,3.11,0.49,0.03,0.59
2026-03-31,6.17,6.18,6.26,6.14,337462,210117073.00,1.95,0.65,0.04,0.74
2026-04-01,6.29,6.22,6.30,6.15,336409,209823800.00,2.43,0.65,0.04,0.73
2026-04-02,6.15,6.10,6.24,6.07,256497,158154786.00,2.73,-1.93,-0.12,0.56
2026-04-03,6.15,6.01,6.15,5.97,234325,142210195.00,2.95,-1.48,-0.09,0.51
2026-04-07,6.06,6.07,6.11,6.02,231959,141506432.00,1.50,1.00,0.06,0.51
2026-04-08,6.18,6.31,6.31,6.18,380063,238827232.00,2.14,3.95,0.24,0.83
2026-04-09,6.27,6.16,6.28,6.15,279946,173958486.00,2.06,-2.38,-0.15,0.61
2026-04-10,6.19,6.17,6.27,6.17,266167,166282283.00,1.62,0.16,0.01,0.58
2026-04-13,6.11,6.15,6.19,6.09,208044,128450048.00,1.62,-0.32,-0.02,0.45
2026-04-14,6.23,6.18,6.24,6.11,250376,154826804.00,2.11,0.49,0.03,0.55
2026-04-15,6.19,6.12,6.24,6.11,264946,164372319.00,2.10,-0.97,-0.06,0.58
2026-04-16,6.15,6.25,6.29,6.10,403078,251455145.00,3.10,2.12,0.13,0.88
2026-04-17,6.24,6.24,6.26,6.18,247366,154555914.00,1.28,-0.16,-0.01,0.54
2026-04-20,6.25,6.30,6.34,6.18,297970,188125306.00,2.56,0.96,0.06,0.65
2026-04-21,6.32,6.24,6.32,6.21,231447,145197459.00,1.75,-0.95,-0.06,0.51
2026-04-22,6.24,6.21,6.25,6.20,228608,142793025.00,0.80,-0.48,-0.03,0.50
2026-04-23,6.21,6.15,6.25,6.10,290722,179999528.00,2.42,-0.97,-0.06,0.63
2026-04-24,6.14,6.04,6.15,6.02,284653,173137744.00,2.11,-1.79,-0.11,0.62
2026-04-27,6.05,6.00,6.08,5.94,305511,184096841.00,2.32,-0.66,-0.04,0.67
2026-04-28,6.00,5.98,6.06,5.91,300616,180780675.00,2.50,-0.33,-0.02,0.66
2026-04-29,5.94,5.91,6.00,5.90,364148,217984585.00,1.67,-1.17,-0.07,0.80
2026-04-30,5.90,6.02,6.06,5.89,371245,223562851.00,2.88,1.86,0.11,0.81
2026-05-06,6.03,6.00,6.11,5.97,413813,250648273.00,2.33,-0.33,-0.02,0.90
2026-05-07,6.00,6.08,6.16,5.98,489561,299529752.00,3.00,1.33,0.08,1.07
2026-05-08,6.07,6.17,6.19,6.01,604572,371377418.00,2.96,1.48,0.09,1.32
2026-05-11,6.19,6.16,6.25,6.13,498732,309964181.00,1.94,-0.16,-0.01,1.09
2026-05-12,6.17,6.09,6.19,6.08,359647,221343782.00,1.79,-1.14,-0.07,0.79
2026-05-13,6.09,6.12,6.17,6.05,411072,252737575.00,1.97,0.49,0.03,0.90
2026-05-14,6.13,5.80,6.15,5.77,796007,471824851.00,6.21,-5.23,-0.32,1.74
2026-05-15,5.79,5.82,6.02,5.64,631793,368892924.00,6.55,0.34,0.02,1.38
2026-05-18,5.83,5.81,5.85,5.67,441142,256506502.00,3.09,-0.17,-0.01,0.96
2026-05-19,5.75,5.82,5.83,5.72,338743,196541202.00,1.89,0.17,0.01,0.74
2026-05-20,5.80,5.68,5.81,5.64,354894,202772791.00,2.92,-2.41,-0.14,0.77
2026-05-21,5.68,5.53,5.80,5.52,463133,265057617.00,4.93,-2.64,-0.15,1.01
2026-05-22,5.59,5.64,5.67,5.51,343523,193190221.00,2.89,1.99,0.11,0.75
2026-05-25,6.18,6.21,6.21,6.10,412757,256954703.00,1.95,10.11,0.57,0.90
2026-05-26,6.21,6.06,6.25,6.02,1311652,803606818.00,3.70,-2.42,-0.15,2.86
2026-05-27,5.98,5.80,6.11,5.75,865569,511253789.00,5.94,-4.29,-0.26,1.89
2026-05-28,5.77,5.76,5.91,5.67,600155,348235416.00,4.14,-0.69,-0.04,1.31
2026-05-29,5.75,5.53,5.83,5.52,683279,388182950.00,5.38,-3.99,-0.23,1.49
2026-06-01,5.49,5.52,5.54,5.40,607045,334652572.00,2.53,-0.18,-0.01,1.33
2026-06-02,5.51,5.38,5.51,5.26,478836,258208911.00,4.53,-2.54,-0.14,1.05
2026-06-03,5.33,5.35,5.47,5.31,387305,210504361.00,2.97,-0.56,-0.03,0.85
2026-06-04,5.32,5.30,5.37,5.24,341047,181647486.00,2.43,-0.93,-0.05,0.74
2026-06-05,5.31,5.35,5.44,5.20,481389,258192282.00,4.53,0.94,0.05,1.05
2026-06-08,5.23,5.24,5.41,5.18,538705,287016101.00,4.30,-2.06,-0.11,1.18
2026-06-09,5.26,5.32,5.34,5.21,354542,188245600.00,2.48,1.53,0.08,0.77
2026-06-10,5.28,5.24,5.31,5.09,493035,258063892.00,4.14,-1.50,-0.08,1.08
2026-06-11,5.17,5.12,5.29,5.10,359521,186480756.00,3.63,-2.29,-0.12,0.79
2026-06-12,5.14,5.20,5.27,5.12,520675,272210609.00,2.93,1.56,0.08,1.14
2026-06-15,5.21,5.24,5.29,5.20,378677,199445800.00,1.73,0.77,0.04,0.83
2026-06-16,5.24,5.24,5.30,5.17,382385,201989696.00,2.48,0.00,0.00,0.83
2026-06-17,5.24,5.14,5.24,5.11,365363,189345784.00,2.48,-1.91,-0.10,0.80
2026-06-18,5.12,5.06,5.14,5.03,334191,170850934.00,2.14,-1.56,-0.08,0.73
2026-06-22,5.04,5.13,5.13,4.92,495205,249804153.00,4.15,1.38,0.07,1.08
2026-06-23,5.14,5.04,5.18,5.01,406449,208623171.00,3.31,-1.75,-0.09,0.89
2026-06-24,5.02,4.93,5.04,4.84,425079,210427030.00,3.97,-2.18,-0.11,0.93
2026-06-25,4.92,4.88,4.99,4.87,351219,173866032.00,2.43,-1.01,-0.05,0.77
2026-06-26,4.87,4.69,4.88,4.67,461627,220872512.00,4.30,-3.89,-0.19,1.01
2026-06-29,4.66,4.64,4.70,4.57,440986,206178269.00,2.77,-1.07,-0.05,0.96
2026-06-30,4.63,4.74,4.82,4.58,384598,182962469.00,5.17,2.16,0.10,0.84
2026-07-01,4.75,4.73,4.79,4.70,349979,167153540.00,1.90,-0.21,-0.01,0.76
2026-07-02,4.71,4.74,4.83,4.70,443543,213088264.00,2.75,0.21,0.01,0.97
2026-07-03,4.76,4.92,4.96,4.74,472168,231470333.00,4.64,3.80,0.18,1.03
2026-07-06,4.93,4.78,4.93,4.73,438477,212501396.00,4.07,-2.85,-0.14,0.96
2026-07-07,4.77,4.58,4.81,4.56,352214,165781084.00,5.23,-4.18,-0.20,0.77
2026-07-08,4.57,4.50,4.61,4.50,323898,148023960.00,2.40,-1.75,-0.08,0.71
2026-07-09,4.50,4.55,4.56,4.39,382369,171938086.00,3.78,1.11,0.05,0.83
2026-07-10,4.53,5.01,5.01,4.47,779924,376969926.00,11.87,10.11,0.46,1.70
2026-07-13,5.51,5.51,5.51,5.27,2049143,1123061091.00,4.79,9.98,0.50,4.47
2026-07-14,5.39,5.10,5.39,4.96,1868863,945712439.00,7.80,-7.44,-0.41,4.08
2026-07-15,4.87,5.04,5.45,4.82,1669679,862977211.00,12.35,-1.18,-0.06,3.65
2026-07-16,4.87,4.77,4.98,4.75,1154341,564270710.00,4.56,-5.36,-0.27,2.52
2026-07-17,4.67,4.47,4.73,4.44,925069,426439466.00,6.08,-6.29,-0.30,2.02
2026-07-20,4.47,4.53,4.58,4.40,793444,359533903.00,4.03,1.34,0.06,1.73
2026-07-21,4.49,4.58,4.58,4.42,731962,332070897.00,3.53,1.10,0.05,1.60
2026-07-22,4.53,4.48,4.55,4.45,550427,248843706.00,2.18,-2.18,-0.10,1.20
2026-07-23,4.46,4.63,4.64,4.44,578997,266128484.00,4.46,3.35,0.15,1.26
2026-07-24,4.56,4.40,4.60,4.40,589022,265430269.00,4.32,-4.97,-0.23,1.29
2026-07-27,4.39,4.49,4.50,4.33,407480,182394383.00,3.86,2.05,0.09,0.89
2026-07-28,4.45,4.50,4.53,4.44,296911,133019157.00,2.00,0.22,0.01,0.65
2026-07-29,4.50,4.61,4.63,4.49,545979,249066435.00,3.11,2.44,0.11,1.19
2026-07-30,4.56,4.59,4.67,4.54,454247,209440772.00,2.82,-0.43,-0.02,0.99
2026-07-31,4.64,4.68,4.73,4.62,490568,229087553.00,2.40,1.96,0.09,1.07
2026-08-03,4.71,4.83,4.86,4.68,479119,229408721.00,3.85,3.21,0.15,1.05
2026-08-04,4.83,4.85,4.87,4.79,394520,191085704.00,1.66,0.41,0.02,0.86
2026-08-05,4.83,4.89,4.94,4.82,369068,180589857.00,2.47,0.82,0.04,0.81