2026-01-05,5.31,5.28,5.38,5.26,143233,76722198.00,2.26,-0.56,-0.03,1.64
2026-01-06,5.28,5.31,5.32,5.26,104768,55951648.00,1.14,0.57,0.03,1.20
2026-01-07,5.31,5.30,5.36,5.29,91722,49241764.00,1.32,-0.19,-0.01,1.05
2026-01-08,5.29,5.33,5.35,5.28,96169,51688041.00,1.32,0.57,0.03,1.10
2026-01-09,5.32,5.38,5.38,5.31,107618,58187439.00,1.31,0.94,0.05,1.23
2026-01-12,5.40,5.37,5.41,5.34,138821,75156954.00,1.30,-0.19,-0.01,1.59
2026-01-13,5.37,5.36,5.41,5.32,111030,60176479.00,1.68,-0.19,-0.01,1.27
2026-01-14,5.38,5.34,5.39,5.27,135393,73065884.00,2.24,-0.37,-0.02,1.55
2026-01-15,5.32,5.33,5.37,5.31,85400,46067421.00,1.12,-0.19,-0.01,0.98
2026-01-16,5.36,5.40,5.44,5.35,126692,69064174.00,1.69,1.31,0.07,1.45
2026-01-19,5.40,5.54,5.54,5.39,131700,73077768.00,2.78,2.59,0.14,1.51
2026-01-20,5.54,5.57,5.59,5.50,119999,67227387.00,1.62,0.54,0.03,1.37
2026-01-21,5.56,5.58,5.61,5.50,114898,64505722.00,1.97,0.18,0.01,1.32
2026-01-22,5.58,5.65,5.65,5.57,109862,62337347.00,1.43,1.25,0.07,1.26
2026-01-23,5.66,5.64,5.67,5.60,97445,55406912.00,1.24,-0.18,-0.01,1.12
2026-01-26,5.63,5.65,5.67,5.60,141868,80739067.00,1.24,0.18,0.01,1.63
2026-01-27,5.64,5.61,5.66,5.51,125737,70667310.00,2.65,-0.71,-0.04,1.44
2026-01-28,5.62,5.56,5.62,5.53,81883,46008783.00,1.60,-0.89,-0.05,0.94
2026-01-29,5.55,5.52,5.60,5.48,115176,64394269.00,2.16,-0.72,-0.04,1.32
2026-01-30,5.51,5.64,5.65,5.51,146587,82707866.00,2.54,2.17,0.12,1.68
2026-02-02,5.70,5.61,5.79,5.60,203915,116850153.00,3.37,-0.53,-0.03,2.34
2026-02-03,5.65,5.66,5.72,5.60,127026,72354484.00,2.14,0.89,0.05,1.46
2026-02-04,5.63,5.75,5.80,5.61,138251,79957098.00,3.36,1.59,0.09,1.58
2026-02-05,5.76,5.73,5.78,5.70,84117,48640854.00,1.39,-0.35,-0.02,0.96
2026-02-06,5.72,5.74,5.77,5.68,101762,58951850.00,1.57,0.17,0.01,1.17
2026-02-09,5.77,5.69,5.78,5.66,123242,70840896.00,2.09,-0.87,-0.05,1.41
2026-02-10,5.72,5.66,5.72,5.63,79893,45740727.00,1.58,-0.53,-0.03,0.92
2026-02-11,5.66,5.66,5.70,5.62,67968,38895775.00,1.41,0.00,0.00,0.78
2026-02-12,5.68,5.59,5.70,5.57,82100,46577502.00,2.30,-1.24,-0.07,0.94
2026-02-13,5.56,5.54,5.61,5.53,87838,49330706.00,1.43,-0.89,-0.05,1.01
2026-02-24,5.58,5.82,5.90,5.57,218567,127759774.00,5.96,5.05,0.28,2.50
2026-02-25,5.82,5.76,5.85,5.71,143871,83772051.00,2.41,-1.03,-0.06,1.65
2026-02-26,5.79,5.93,6.03,5.79,235097,139936369.00,4.17,2.95,0.17,2.69
2026-02-27,5.91,6.09,6.13,5.88,277337,168833396.00,4.22,2.70,0.16,3.18
2026-03-02,5.95,5.91,6.00,5.83,223725,133322762.00,2.79,-2.96,-0.18,2.56
2026-03-03,5.89,5.75,5.94,5.74,143402,84319647.00,3.38,-2.71,-0.16,1.64
2026-03-04,5.68,5.73,5.79,5.65,134162,77511219.00,2.43,-0.35,-0.02,1.54
2026-03-05,5.79,5.82,5.87,5.78,109260,64128450.00,1.57,1.57,0.09,1.25
2026-03-06,5.80,5.90,5.91,5.80,116181,68790448.00,1.89,1.37,0.08,1.33
2026-03-09,5.86,5.82,5.88,5.75,127987,74959157.00,2.20,-1.36,-0.08,1.47
2026-03-10,5.84,5.82,5.90,5.80,98798,58227656.00,1.72,0.00,0.00,1.13
2026-03-11,5.82,5.82,5.84,5.72,102365,59675918.00,2.06,0.00,0.00,1.17
2026-03-12,5.81,5.83,5.88,5.78,98386,57892243.00,1.72,0.17,0.01,1.13
2026-03-13,5.81,5.79,5.88,5.77,101624,59687743.00,1.89,-0.69,-0.04,1.16
2026-03-16,5.77,5.67,5.80,5.61,122270,69923586.00,3.28,-2.07,-0.12,1.40
2026-03-17,5.69,5.61,5.71,5.61,87360,49925953.00,1.76,-1.06,-0.06,1.00
2026-03-18,5.60,5.63,5.64,5.55,75240,42472675.00,1.60,0.36,0.02,0.86
2026-03-19,5.57,5.50,5.62,5.47,78745,44014735.00,2.66,-2.31,-0.13,0.90
2026-03-20,5.52,5.36,5.56,5.35,104691,57352355.00,3.82,-2.55,-0.14,1.20
2026-03-23,5.25,5.02,5.30,4.95,158728,82353870.00,6.53,-6.34,-0.34,1.82
2026-03-24,5.11,5.34,5.34,5.09,135214,70879024.00,4.98,6.37,0.32,1.55
2026-03-25,5.33,5.50,5.56,5.28,155052,85671902.00,5.24,3.00,0.16,1.78
2026-03-26,5.50,5.43,5.55,5.36,121541,66716846.00,3.45,-1.27,-0.07,1.39
2026-03-27,5.38,5.43,5.48,5.38,100461,54928111.00,1.84,0.00,0.00,1.15
2026-03-30,5.34,5.41,5.43,5.26,97392,52605517.00,3.13,-0.37,-0.02,1.12
2026-03-31,5.43,5.33,5.46,5.32,76044,41402670.00,2.59,-1.48,-0.08,0.87
2026-04-01,5.41,5.43,5.49,5.38,89169,48851130.00,2.06,1.88,0.10,1.02
2026-04-02,5.41,5.31,5.45,5.25,72370,38973429.00,3.68,-2.21,-0.12,0.83
2026-04-03,5.31,5.09,5.33,5.08,87834,45613283.00,4.71,-4.14,-0.22,1.01
2026-04-07,5.11,5.22,5.26,5.11,103668,54418565.00,2.95,2.55,0.13,1.19
2026-04-08,5.29,5.44,5.45,5.28,99981,54354711.00,3.26,4.21,0.22,1.15
2026-04-09,5.42,5.45,5.52,5.38,100846,55395062.00,2.57,0.18,0.01,1.16
2026-04-10,5.45,5.47,5.55,5.42,85078,47184297.00,2.39,0.37,0.02,0.97
2026-04-13,5.41,5.35,5.46,5.29,101369,54794745.00,3.11,-2.19,-0.12,1.16
2026-04-14,5.38,5.35,5.41,5.29,71124,38340711.00,2.24,0.00,0.00,0.81
2026-04-15,5.35,5.29,5.36,5.27,80795,43209732.00,1.68,-1.12,-0.06,0.93
2026-04-16,5.30,5.39,5.39,5.26,70921,38187816.00,2.46,1.89,0.10,0.81
2026-04-17,5.38,5.32,5.38,5.29,57595,31040725.00,1.67,-1.30,-0.07,0.66
2026-04-20,5.29,5.32,5.35,5.19,129034,68912928.00,3.01,0.00,0.00,1.48
2026-04-21,5.34,5.23,5.35,5.20,148275,78334102.00,2.82,-1.69,-0.09,1.70
2026-04-22,5.20,5.30,5.37,5.19,132376,70588775.00,3.44,1.34,0.07,1.52
2026-04-23,5.35,5.32,5.43,5.28,139459,74995755.00,2.83,0.38,0.02,1.60
2026-04-24,5.28,5.49,5.52,5.26,212513,117192225.00,4.89,3.20,0.17,2.43
2026-04-27,5.46,5.36,5.47,5.35,201606,109717186.00,2.19,-2.37,-0.13,2.31
2026-04-28,5.35,5.49,5.50,5.32,163536,89606842.00,3.36,2.43,0.13,1.87
2026-04-29,5.43,5.51,5.52,5.42,127421,70579865.00,1.82,0.36,0.02,1.46
2026-04-30,5.53,5.38,5.54,5.37,198381,108420504.00,3.09,-2.36,-0.13,2.27
2026-05-06,5.41,5.31,5.41,5.29,250641,134917568.00,2.23,-1.30,-0.07,2.87
2026-05-07,5.33,5.31,5.36,5.28,128509,68933999.00,1.51,0.00,0.00,1.47
2026-05-08,5.31,5.33,5.35,5.29,101404,54415175.00,1.13,0.38,0.02,1.16
2026-05-11,5.34,5.29,5.36,5.24,161821,86207570.00,2.25,-0.75,-0.04,1.85
2026-05-12,5.28,5.22,5.31,5.22,120516,63987056.00,1.70,-1.32,-0.07,1.38
2026-05-13,5.23,5.30,5.31,5.20,110327,58763098.00,2.11,1.53,0.08,1.26
2026-05-14,5.30,5.12,5.30,5.12,130899,68501432.00,3.40,-3.40,-0.18,1.50
2026-05-15,5.13,5.08,5.17,5.07,98913,51092481.00,1.95,-0.78,-0.04,1.13
2026-05-18,5.09,5.11,5.12,4.98,106433,54148683.00,2.76,0.59,0.03,1.22
2026-05-19,5.10,5.13,5.14,5.07,58776,30325672.00,1.37,0.39,0.02,0.67
2026-05-20,5.13,5.04,5.13,5.01,64159,32651054.00,2.34,-1.75,-0.09,0.73
2026-05-21,5.06,4.91,5.11,4.90,93574,47474541.00,4.17,-2.58,-0.13,1.07
2026-05-22,4.94,4.95,4.98,4.88,57252,28519387.00,2.04,0.81,0.04,0.66
2026-05-25,4.95,4.90,4.99,4.86,74930,37189726.00,2.63,-1.01,-0.05,0.86
2026-05-26,4.90,4.99,5.09,4.77,158426,78453988.00,6.53,1.84,0.09,1.81
2026-05-27,5.00,4.82,5.11,4.80,156476,77780363.00,6.21,-3.41,-0.17,1.79
2026-05-28,4.77,4.78,4.85,4.67,110111,53090344.00,3.73,-0.83,-0.04,1.26
2026-05-29,4.79,4.71,4.84,4.68,103880,49993890.00,3.35,-1.46,-0.07,1.19
2026-06-01,4.71,4.83,4.87,4.62,131344,63293105.00,5.31,2.55,0.12,1.50
2026-06-02,4.83,4.74,4.85,4.69,91934,44041348.00,3.31,-1.86,-0.09,1.05
2026-06-03,4.73,4.68,4.75,4.65,95218,45109888.00,2.11,-1.27,-0.06,1.09
2026-06-04,4.65,4.60,4.70,4.56,83721,39054653.00,2.99,-1.71,-0.08,0.96
2026-06-05,4.60,4.58,4.64,4.55,75290,34980406.00,1.96,-0.43,-0.02,0.86
2026-06-08,4.55,4.52,4.63,4.44,89024,40391565.00,4.15,-1.31,-0.06,1.02
2026-06-09,4.53,4.55,4.60,4.49,74863,33968154.00,2.43,0.66,0.03,0.86
2026-06-10,4.55,4.50,4.55,4.42,80141,35864459.00,2.86,-1.10,-0.05,0.92
2026-06-11,4.44,4.42,4.49,4.34,81614,35926570.00,3.33,-1.78,-0.08,0.93
2026-06-12,4.45,4.49,4.51,4.39,79674,35615060.00,2.71,1.58,0.07,0.91
2026-06-15,4.49,4.52,4.58,4.45,82633,37348428.00,2.90,0.67,0.03,0.95
2026-06-16,4.52,4.49,4.53,4.47,73384,33000493.00,1.33,-0.66,-0.03,0.84
2026-06-17,4.50,4.40,4.51,4.37,79210,34983278.00,3.12,-2.00,-0.09,0.91
2026-06-18,4.37,4.42,4.42,4.31,79213,34661137.00,2.50,0.45,0.02,0.91
2026-06-22,4.40,4.42,4.42,4.25,89320,38767385.00,3.85,0.00,0.00,1.02
2026-06-23,4.41,4.43,4.53,4.39,92474,41349969.00,3.17,0.23,0.01,1.06
2026-06-24,4.43,4.31,4.43,4.27,78607,34042015.00,3.61,-2.71,-0.12,0.90
2026-06-25,4.29,4.23,4.31,4.20,73679,31261754.00,2.55,-1.86,-0.08,0.84
2026-06-26,4.21,4.13,4.23,4.12,78485,32588274.00,2.60,-2.36,-0.10,0.90