2026-01-05,6.77,6.64,6.79,6.60,211612,140511560.26,2.83,-1.04,-0.07,2.15
2026-01-06,6.61,6.69,6.72,6.61,222123,147831695.88,1.66,0.75,0.05,2.26
2026-01-07,6.66,6.55,6.67,6.52,211279,139037310.00,2.24,-2.09,-0.14,2.15
2026-01-08,6.55,6.80,6.85,6.52,320766,215818164.81,5.04,3.82,0.25,3.26
2026-01-09,6.98,6.76,7.00,6.67,255249,172747972.21,4.85,-0.59,-0.04,2.59
2026-01-12,6.77,6.84,6.85,6.76,255859,174455262.01,1.33,1.18,0.08,2.60
2026-01-13,6.85,6.66,6.88,6.65,189983,128033189.94,3.36,-2.63,-0.18,1.93
2026-01-14,6.74,7.33,7.33,6.70,344273,248844605.94,9.46,10.06,0.67,3.50
2026-01-15,7.36,7.68,8.01,7.23,1170888,882108194.18,10.64,4.77,0.35,11.89
2026-01-16,7.36,7.24,7.46,7.14,557859,405543583.70,4.17,-5.73,-0.44,5.67
2026-01-19,7.19,7.62,7.87,7.06,617715,461495649.11,11.19,5.25,0.38,6.27
2026-01-20,7.54,7.99,8.27,7.50,888893,702500212.80,10.10,4.86,0.37,9.03
2026-01-21,7.80,7.86,8.20,7.62,751668,592912061.86,7.26,-1.63,-0.13,7.63
2026-01-22,7.68,7.62,7.85,7.55,489890,375779349.25,3.82,-3.05,-0.24,4.98
2026-01-23,7.56,7.60,7.75,7.53,409392,311524011.71,2.89,-0.26,-0.02,4.16
2026-01-26,7.53,7.87,7.88,7.52,571090,443273240.14,4.74,3.55,0.27,5.80
2026-01-27,7.80,7.51,7.80,7.30,389392,293954467.34,6.35,-4.57,-0.36,3.96
2026-01-28,7.46,7.53,7.85,7.35,317829,242227266.45,6.66,0.27,0.02,3.23
2026-01-29,7.46,7.60,7.80,7.35,406657,307250161.87,5.98,0.93,0.07,4.13
2026-01-30,7.51,7.29,7.51,7.22,305320,224914973.04,3.82,-4.08,-0.31,3.10
2026-02-02,7.29,6.97,7.46,6.96,276567,199380673.91,6.86,-4.39,-0.32,2.81
2026-02-03,7.04,7.43,7.58,7.00,423922,309794103.05,8.32,6.60,0.46,4.31
2026-02-04,7.36,7.59,7.72,7.36,398378,302871757.58,4.85,2.15,0.16,4.05
2026-02-05,7.52,7.52,7.66,7.46,221955,167184342.48,2.64,-0.92,-0.07,2.25
2026-02-06,7.43,7.66,7.79,7.36,366979,280954432.67,5.72,1.86,0.14,3.73
2026-02-09,7.70,7.79,7.84,7.60,373755,289872663.56,3.13,1.70,0.13,3.80
2026-02-10,7.80,7.72,7.84,7.70,273910,212500940.22,1.80,-0.90,-0.07,2.78
2026-02-11,7.68,7.77,8.10,7.65,493053,387289143.25,5.83,0.65,0.05,5.01
2026-02-12,7.62,7.49,7.73,7.48,397235,300672519.51,3.22,-3.60,-0.28,4.03
2026-02-13,7.60,7.35,7.60,7.34,188171,139672550.75,3.47,-1.87,-0.14,1.91
2026-02-24,7.38,7.62,7.64,7.32,234592,177127671.26,4.35,3.67,0.27,2.38
2026-02-25,7.62,7.74,7.81,7.60,248248,191913243.02,2.76,1.57,0.12,2.52
2026-02-26,7.74,7.67,7.84,7.62,184327,141410621.57,2.84,-0.90,-0.07,1.87
2026-02-27,7.66,7.69,7.71,7.60,146944,112410805.00,1.43,0.26,0.02,1.49
2026-03-02,7.60,7.50,7.69,7.45,225065,169475277.26,3.12,-2.47,-0.19,2.29
2026-03-03,7.51,7.00,7.56,6.99,311728,223187985.73,7.60,-6.67,-0.50,3.17
2026-03-04,6.93,6.83,7.01,6.81,175245,120775966.61,2.86,-2.43,-0.17,1.78
2026-03-05,6.95,6.96,7.05,6.86,151278,105318097.06,2.78,1.90,0.13,1.54
2026-03-06,6.92,7.33,7.36,6.90,242808,174995672.34,6.61,5.32,0.37,2.47
2026-03-09,7.16,7.11,7.37,6.98,234540,166766386.76,5.32,-3.00,-0.22,2.38
2026-03-10,7.16,7.16,7.21,7.11,131322,93896799.05,1.41,0.70,0.05,1.33
2026-03-11,7.18,7.18,7.25,7.10,125428,89898020.41,2.09,0.28,0.02,1.27
2026-03-12,7.45,7.24,7.80,7.20,533188,395536375.62,8.36,0.84,0.06,5.42
2026-03-13,7.20,6.99,7.35,6.99,412200,295193568.26,4.97,-3.45,-0.25,4.19
2026-03-16,7.13,7.69,7.69,7.11,375683,284497648.02,8.30,10.01,0.70,3.82
2026-03-17,7.62,7.96,8.16,7.42,1234111,967093395.68,9.62,3.51,0.27,12.54
2026-03-18,7.73,7.71,7.76,7.57,698700,535165275.45,2.39,-3.14,-0.25,7.10
2026-03-19,7.64,7.34,7.75,7.29,549517,411947625.97,5.97,-4.80,-0.37,5.58
2026-03-20,7.39,6.71,7.42,6.71,528774,367649362.37,9.67,-8.58,-0.63,5.37
2026-03-23,6.50,6.29,6.68,6.27,376238,242982127.37,6.11,-6.26,-0.42,3.82
2026-03-24,6.46,6.47,6.48,6.16,329434,208901704.59,5.09,2.86,0.18,3.35
2026-03-25,6.42,6.46,6.55,6.37,271574,175138490.82,2.78,-0.15,-0.01,2.76
2026-03-26,6.41,6.26,6.63,6.24,306312,196208421.31,6.04,-3.10,-0.20,3.11
2026-03-27,6.02,6.31,6.34,6.01,206211,129115729.00,5.27,0.80,0.05,2.09
2026-03-30,6.23,6.24,6.32,6.15,171301,106363101.19,2.69,-1.11,-0.07,1.74
2026-03-31,6.23,6.14,6.33,6.13,171759,106875467.00,3.21,-1.60,-0.10,1.74
2026-04-01,6.24,6.18,6.26,6.14,139453,86216905.00,1.95,0.65,0.04,1.42
2026-04-02,6.17,5.93,6.17,5.91,191443,115058900.82,4.21,-4.05,-0.25,1.94
2026-04-03,5.97,5.66,5.99,5.65,182449,104360863.80,5.73,-4.55,-0.27,1.85
2026-04-07,5.70,6.23,6.23,5.70,275942,167622587.51,9.36,10.07,0.57,2.80
2026-04-08,6.30,6.34,6.37,6.19,428194,269609699.09,2.89,1.77,0.11,4.35
2026-04-09,6.34,6.44,6.69,6.28,451268,292360480.04,6.47,1.58,0.10,4.58
2026-04-10,6.40,6.76,6.92,6.31,592677,393116885.20,9.47,4.97,0.32,6.02
2026-04-13,6.60,6.51,6.69,6.45,398830,259058402.12,3.55,-3.70,-0.25,4.05
2026-04-14,6.46,6.48,6.50,6.37,290603,186709320.40,2.00,-0.46,-0.03,2.95
2026-04-15,6.49,6.44,6.72,6.41,249289,161939238.00,4.78,-0.62,-0.04,2.53
2026-04-16,6.40,6.45,6.47,6.37,174892,112437016.68,1.55,0.16,0.01,1.78
2026-04-17,6.42,6.46,6.50,6.38,155988,100404107.75,1.86,0.16,0.01,1.58
2026-04-20,6.47,6.52,6.54,6.41,168003,109106498.50,2.01,0.93,0.06,1.71
2026-04-21,6.51,6.43,6.51,6.38,152856,98046002.91,1.99,-1.38,-0.09,1.55
2026-04-22,6.38,6.40,6.43,6.33,125960,80295701.00,1.56,-0.47,-0.03,1.28
2026-04-23,6.42,6.28,6.43,6.22,146674,92146876.88,3.28,-1.88,-0.12,1.49
2026-04-24,6.22,6.23,6.32,6.18,138569,86387197.00,2.23,-0.80,-0.05,1.41
2026-04-27,6.20,6.31,6.31,6.07,155992,96814632.50,3.85,1.28,0.08,1.58
2026-04-28,6.30,6.24,6.31,6.17,119544,74464005.50,2.22,-1.11,-0.07,1.21
2026-04-29,5.85,5.81,5.95,5.70,294324,172299168.34,4.01,-6.89,-0.43,2.99
2026-04-30,5.82,5.79,5.88,5.73,147673,85470430.86,2.58,-0.34,-0.02,1.50
2026-05-06,5.76,5.69,5.80,5.65,253813,144648890.19,2.59,-1.73,-0.10,2.58
2026-05-07,5.70,5.69,5.73,5.56,245115,137829946.00,2.99,0.00,0.00,2.49
2026-05-08,5.67,5.88,5.95,5.63,270124,157219201.00,5.62,3.34,0.19,2.74
2026-05-11,5.95,5.79,5.96,5.76,189656,110016978.18,3.40,-1.53,-0.09,1.93
2026-05-12,5.73,5.64,5.77,5.59,159792,90257765.75,3.11,-2.59,-0.15,1.62
2026-05-13,5.67,5.58,5.67,5.56,133004,74325889.59,1.95,-1.06,-0.06,1.35
2026-05-14,5.58,5.51,5.68,5.50,177370,99328788.19,3.23,-1.25,-0.07,1.80
2026-05-15,5.46,5.46,5.60,5.42,143541,79015990.49,3.27,-0.91,-0.05,1.46
2026-05-18,5.41,5.19,5.41,5.16,209125,109201279.17,4.58,-4.95,-0.27,2.12
2026-05-19,5.17,5.20,5.23,5.12,122201,63219360.91,2.12,0.19,0.01,1.24
2026-05-20,5.19,5.05,5.19,5.03,137663,69649708.29,3.08,-2.88,-0.15,1.40
2026-05-21,5.08,4.85,5.12,4.84,181618,90456725.74,5.54,-3.96,-0.20,1.84
2026-05-22,4.88,4.98,5.00,4.80,159519,78782634.63,4.12,2.68,0.13,1.62
2026-05-25,4.96,4.83,5.00,4.80,133985,65056650.84,4.02,-3.01,-0.15,1.36
2026-05-26,4.81,4.75,4.84,4.68,128053,60626150.04,3.31,-1.66,-0.08,1.30
2026-05-27,4.71,4.67,4.78,4.62,130516,61078269.22,3.37,-1.68,-0.08,1.33
2026-05-28,4.67,4.72,4.77,4.62,136989,64484118.66,3.21,1.07,0.05,1.39
2026-05-29,4.74,4.63,4.77,4.60,120133,56316086.44,3.60,-1.91,-0.09,1.22
2026-06-01,4.63,4.77,4.82,4.59,140607,66876163.32,4.97,3.02,0.14,1.43
2026-06-02,4.81,4.68,4.84,4.58,133893,62343003.41,5.45,-1.89,-0.09,1.36
2026-06-03,4.73,4.63,4.73,4.57,110891,51237049.30,3.42,-1.07,-0.05,1.13
2026-06-04,4.62,4.54,4.63,4.49,109454,49727786.81,3.02,-1.94,-0.09,1.11
2026-06-05,4.50,4.59,4.68,4.50,145732,67011665.73,3.96,1.10,0.05,1.48
2026-06-08,4.50,4.47,4.63,4.36,144301,65339929.67,5.88,-2.61,-0.12,1.47
2026-06-09,4.51,4.48,4.56,4.42,97410,43753168.44,3.13,0.22,0.01,0.99
2026-06-10,4.50,4.50,4.55,4.41,106314,47533998.24,3.13,0.45,0.02,1.08
2026-06-11,4.47,4.39,4.51,4.35,107636,47352905.91,3.56,-2.44,-0.11,1.09
2026-06-12,4.38,4.43,4.49,4.33,139799,62022039.26,3.64,0.91,0.04,1.42
2026-06-15,4.49,4.54,4.78,4.48,188738,86964024.01,6.77,2.48,0.11,1.92
2026-06-16,4.53,4.50,4.54,4.37,150434,67125709.91,3.74,-0.88,-0.04,1.53
2026-06-17,4.50,4.36,4.53,4.34,141393,61989392.99,4.22,-3.11,-0.14,1.44
2026-06-18,4.34,4.24,4.35,4.22,127465,54504865.59,2.98,-2.75,-0.12,1.29
2026-06-22,4.24,4.27,4.29,4.12,152981,64345021.76,4.01,0.71,0.03,1.55
2026-06-23,4.23,4.31,4.43,4.22,157115,68511409.15,4.92,0.94,0.04,1.60
2026-06-24,4.30,4.74,4.74,4.29,214993,98837232.61,10.44,9.98,0.43,2.18
2026-06-25,4.62,4.66,4.78,4.50,486042,225153383.52,5.91,-1.69,-0.08,4.94
2026-06-26,4.64,4.88,5.07,4.61,568319,275508113.25,9.87,4.72,0.22,5.77