2026-01-05,33.41,33.38,33.73,32.79,26245,88005911.00,2.83,0.51,0.17,5.43
2026-01-06,33.37,33.42,33.59,33.15,23759,79789990.00,1.32,0.12,0.04,4.91
2026-01-07,33.42,35.13,35.92,33.11,63534,221369671.00,8.41,5.12,1.71,13.14
2026-01-08,35.23,35.87,36.87,34.39,59618,212779941.00,7.06,2.11,0.74,12.33
2026-01-09,35.98,35.92,36.32,35.40,43929,157262848.00,2.56,0.14,0.05,9.09
2026-01-12,35.90,36.49,37.55,35.74,45961,168263214.00,5.04,1.59,0.57,9.51
2026-01-13,36.54,35.98,37.47,35.84,44534,163596217.00,4.47,-1.40,-0.51,9.21
2026-01-14,36.40,35.77,36.50,35.06,41727,149277346.00,4.00,-0.58,-0.21,8.63
2026-01-15,35.59,37.38,37.38,35.41,42884,157905893.00,5.51,4.50,1.61,8.87
2026-01-16,37.60,37.15,38.44,36.99,35471,132800067.00,3.88,-0.62,-0.23,7.34
2026-01-19,37.20,38.05,38.30,36.83,24820,93595458.00,3.96,2.42,0.90,5.13
2026-01-20,37.82,37.41,38.40,37.10,30140,113658784.00,3.42,-1.68,-0.64,6.23
2026-01-21,37.38,37.72,37.81,36.94,21570,80849861.00,2.33,0.83,0.31,4.46
2026-01-22,37.86,37.72,38.26,37.16,20894,78802762.00,2.92,0.00,0.00,4.32
2026-01-23,37.82,38.14,38.28,37.40,23891,90500377.00,2.33,1.11,0.42,4.94
2026-01-26,38.14,37.24,38.19,37.08,24845,93081462.00,2.91,-2.36,-0.90,5.14
2026-01-27,37.33,37.11,37.46,36.01,23635,86912693.00,3.89,-0.35,-0.13,4.89
2026-01-28,37.24,36.51,37.59,36.33,24836,91255249.00,3.40,-1.62,-0.60,5.14
2026-01-29,36.18,36.60,36.68,35.51,29973,108675563.00,3.20,0.25,0.09,6.20
2026-01-30,35.71,34.60,36.45,33.10,60417,207889963.00,9.15,-5.46,-2.00,12.50
2026-02-02,34.70,32.90,34.85,32.90,38085,128567467.00,5.64,-4.91,-1.70,7.88
2026-02-03,33.40,33.42,33.60,32.95,24932,82848376.00,1.98,1.58,0.52,5.16
2026-02-04,33.42,33.73,34.76,33.15,35422,120477012.00,4.82,0.93,0.31,7.33
2026-02-05,33.43,33.97,35.12,33.40,32765,112308980.00,5.10,0.71,0.24,6.78
2026-02-06,33.65,34.19,34.88,33.19,21666,74273621.00,4.97,0.65,0.22,4.48
2026-02-09,34.80,34.98,35.29,34.36,29946,104498884.00,2.72,2.31,0.79,6.19
2026-02-10,34.98,34.88,35.46,34.67,16253,56847273.00,2.26,-0.29,-0.10,3.36
2026-02-11,34.98,35.00,35.40,34.71,15650,54881978.00,1.98,0.34,0.12,3.24
2026-02-12,34.92,35.41,35.89,34.46,24746,87383878.00,4.09,1.17,0.41,5.12
2026-02-13,35.63,38.29,39.30,35.44,77607,292525214.00,10.90,8.13,2.88,16.05
2026-02-24,38.22,38.89,39.28,37.49,79830,307566414.00,4.67,1.57,0.60,16.51
2026-02-25,38.81,38.07,38.81,37.89,55874,213124716.00,2.37,-2.11,-0.82,11.56
2026-02-26,38.10,39.07,39.89,37.70,81728,318245406.00,5.75,2.63,1.00,16.91
2026-02-27,38.79,38.67,38.81,38.11,45714,176047705.00,1.79,-1.02,-0.40,9.46
2026-03-02,37.90,36.70,38.19,36.50,53669,198983216.00,4.37,-5.09,-1.97,11.10
2026-03-03,36.92,34.95,37.38,34.92,43079,154464361.00,6.70,-4.77,-1.75,8.91
2026-03-04,34.30,34.91,35.66,34.28,26940,94497647.00,3.95,-0.11,-0.04,5.57
2026-03-05,35.93,37.57,38.50,35.71,69254,260144362.00,7.99,7.62,2.66,14.32
2026-03-06,37.44,38.49,38.65,37.14,59294,226284264.00,4.02,2.45,0.92,12.26
2026-03-09,38.12,38.40,38.83,37.79,42889,164172478.00,2.70,-0.23,-0.09,8.87
2026-03-10,38.70,39.72,40.18,38.38,52110,205791774.00,4.69,3.44,1.32,10.78
2026-03-11,39.88,40.76,41.87,39.88,68529,279709139.00,5.01,2.62,1.04,14.18
2026-03-12,40.78,40.25,41.30,40.01,38322,154406171.00,3.16,-1.25,-0.51,7.93
2026-03-13,40.24,41.26,42.70,39.90,66034,273496451.00,6.96,2.51,1.01,13.66
2026-03-16,40.85,40.78,41.00,40.26,38522,156224206.00,1.79,-1.16,-0.48,7.97
2026-03-17,40.61,41.49,43.68,40.61,76785,324519160.00,7.53,1.74,0.71,15.88
2026-03-18,41.49,41.35,42.40,40.60,54102,223208916.00,4.34,-0.34,-0.14,11.19
2026-03-19,39.50,37.77,39.77,37.50,70636,272188870.00,5.49,-8.66,-3.58,14.61
2026-03-20,38.08,36.30,38.68,36.20,42692,159258118.00,6.57,-3.89,-1.47,8.83
2026-03-23,35.52,33.55,35.98,33.26,46451,159867520.00,7.49,-7.58,-2.75,9.61
2026-03-24,34.54,35.19,35.27,33.72,36450,125486264.00,4.62,4.89,1.64,7.54
2026-03-25,35.70,35.66,37.18,35.38,30720,111173294.00,5.12,1.34,0.47,6.35
2026-03-26,35.91,33.88,35.98,33.65,31023,107164593.00,6.53,-4.99,-1.78,6.42
2026-03-27,33.58,34.25,34.66,33.18,24363,82821612.00,4.37,1.09,0.37,5.04
2026-03-30,33.90,33.90,34.07,33.15,22797,76584013.00,2.69,-1.02,-0.35,4.72
2026-03-31,33.88,32.22,33.96,32.15,26177,86306284.00,5.34,-4.96,-1.68,5.41
2026-04-01,33.00,33.19,33.53,32.90,21474,71286506.00,1.96,3.01,0.97,4.44
2026-04-02,33.18,32.34,33.37,32.10,17416,56888784.00,3.83,-2.56,-0.85,3.60
2026-04-03,32.50,31.43,32.76,31.20,16802,53096625.00,4.82,-2.81,-0.91,3.48
2026-04-07,31.43,32.73,32.85,31.43,20576,66878796.00,4.52,4.14,1.30,4.26
2026-04-08,33.54,34.31,34.32,33.41,22067,74713096.00,2.78,4.83,1.58,4.56
2026-04-09,33.94,33.66,34.06,33.47,19241,64872579.00,1.72,-1.89,-0.65,3.98
2026-04-10,33.99,33.90,34.80,33.83,17628,60412082.00,2.88,0.71,0.24,3.65
2026-04-13,33.56,34.35,34.45,33.36,15209,51750812.00,3.22,1.33,0.45,3.15
2026-04-14,34.80,35.28,35.94,34.34,27901,98289633.00,4.66,2.71,0.93,5.77
2026-04-15,35.45,35.66,36.45,34.95,27156,97254197.00,4.25,1.08,0.38,5.62
2026-04-16,35.64,36.13,36.16,35.20,19868,71229147.00,2.69,1.32,0.47,4.11
2026-04-17,36.05,36.88,37.16,35.86,23713,86824821.00,3.60,2.08,0.75,4.90
2026-04-20,36.53,37.21,38.52,36.40,29701,111681339.00,5.75,0.89,0.33,6.14
2026-04-21,37.20,37.22,37.70,36.38,24239,89379827.00,3.55,0.03,0.01,5.01
2026-04-22,37.00,37.48,37.68,36.51,21939,81532242.00,3.14,0.70,0.26,4.54
2026-04-23,37.48,36.11,37.49,36.00,22662,82614803.00,3.98,-3.66,-1.37,4.69
2026-04-24,36.21,35.65,36.31,35.20,18167,64845055.00,3.07,-1.27,-0.46,3.76
2026-04-27,35.69,36.42,36.59,35.18,24718,88727896.00,3.96,2.16,0.77,5.11
2026-04-28,36.00,37.26,37.98,35.96,38345,143109041.00,5.55,2.31,0.84,7.93
2026-04-29,36.95,36.77,37.38,36.33,27071,99812864.00,2.82,-1.32,-0.49,5.60
2026-04-30,36.99,36.17,36.99,35.88,21694,78633509.00,3.02,-1.63,-0.60,4.49
2026-05-06,36.36,36.85,37.35,36.36,26877,98981824.00,2.74,1.88,0.68,5.56
2026-05-07,36.98,37.67,38.15,36.75,33710,126661467.00,3.80,2.23,0.82,6.97
2026-05-08,37.52,38.29,38.41,37.21,33434,126517175.00,3.19,1.65,0.62,6.92
2026-05-11,38.29,38.74,38.96,37.53,35462,135960858.00,3.73,1.18,0.45,7.34
2026-05-12,38.80,37.59,38.80,37.21,28337,106825463.00,4.10,-2.97,-1.15,5.86
2026-05-13,37.66,38.63,39.34,37.42,32452,125295247.00,5.11,2.77,1.04,6.71
2026-05-14,38.64,39.24,40.43,38.62,49824,197952136.00,4.69,1.58,0.61,10.31
2026-05-15,39.33,39.97,40.98,39.25,64711,261198213.00,4.41,1.86,0.73,13.39
2026-05-18,39.87,41.80,42.54,38.00,71035,290340489.00,11.36,4.58,1.83,14.69
2026-05-19,41.39,42.14,42.71,40.12,55805,230183279.00,6.20,0.81,0.34,11.54
2026-05-20,41.61,42.20,42.75,40.88,50382,210111765.00,4.44,0.14,0.06,10.42
2026-05-21,41.88,39.42,43.46,39.42,64948,268469549.00,9.57,-6.59,-2.78,13.43
2026-05-22,39.58,41.01,41.47,39.58,47520,193656025.00,4.79,4.03,1.59,9.83
2026-05-25,41.31,43.02,43.98,40.67,66310,282673293.00,8.07,4.90,2.01,13.72
2026-05-26,43.01,42.37,43.99,41.55,51853,221624358.00,5.67,-1.51,-0.65,10.73
2026-05-27,42.00,43.66,43.80,40.00,69571,291960163.00,8.97,3.04,1.29,14.39
2026-05-28,42.86,41.66,46.00,41.00,68616,290087342.00,11.45,-4.58,-2.00,14.19
2026-05-29,42.01,39.58,42.69,38.86,59910,242220169.00,9.19,-4.99,-2.08,12.39
2026-06-01,39.19,39.49,40.85,38.98,37085,148207077.00,4.72,-0.23,-0.09,7.67
2026-06-02,39.48,39.86,40.62,38.40,38609,153410230.00,5.62,0.94,0.37,7.99
2026-06-03,40.00,39.06,40.78,38.30,29897,118382901.00,6.22,-2.01,-0.80,6.18
2026-06-04,38.39,37.95,39.12,37.38,33368,126829727.00,4.45,-2.84,-1.11,6.90
2026-06-05,38.00,38.65,39.48,36.15,32924,125350572.00,8.77,1.84,0.70,6.81
2026-06-08,37.01,37.02,39.20,36.44,26056,97784748.00,7.14,-4.22,-1.63,5.39
2026-06-09,37.72,39.39,40.30,37.60,43831,173368757.00,7.29,6.40,2.37,9.07
2026-06-10,39.04,41.37,41.80,38.67,71541,292241703.00,7.95,5.03,1.98,14.80
2026-06-11,40.90,41.98,42.96,40.37,79818,333442981.00,6.26,1.47,0.61,16.51
2026-06-12,41.77,41.38,43.19,40.90,55507,231686883.00,5.45,-1.43,-0.60,11.48
2026-06-15,41.42,42.95,42.95,41.26,58768,248715453.00,4.08,3.79,1.57,12.16
2026-06-16,42.51,43.50,43.75,41.85,62475,269332146.00,4.42,1.28,0.55,12.92
2026-06-17,42.89,44.36,44.80,42.75,61922,272175330.00,4.71,1.98,0.86,12.81
2026-06-18,44.25,43.35,44.87,43.03,50940,221545127.00,4.15,-2.28,-1.01,10.54
2026-06-22,43.35,44.78,44.92,42.14,55748,240916679.00,6.41,3.30,1.43,11.53
2026-06-23,44.31,42.32,44.77,42.03,42698,183709179.00,6.12,-5.49,-2.46,8.83
2026-06-24,42.01,43.41,43.98,40.97,51277,219539722.00,7.11,2.58,1.09,10.61
2026-06-25,43.28,44.96,46.01,43.28,74933,338062660.00,6.29,3.57,1.55,15.50
2026-06-26,45.00,42.18,45.00,41.85,53263,228725282.00,7.01,-6.18,-2.78,11.02
2026-06-29,42.18,44.08,44.87,38.85,73409,306492801.00,14.27,4.50,1.90,15.18
2026-06-30,43.61,45.41,45.67,42.90,65837,291169160.00,6.28,3.02,1.33,13.62
2026-07-01,45.06,46.87,47.64,44.60,77393,359219658.00,6.69,3.22,1.46,16.01
2026-07-02,45.71,45.85,48.10,44.44,69150,323553124.00,7.81,-2.18,-1.02,14.30
2026-07-03,46.20,45.82,46.80,43.58,59317,269115901.00,7.02,-0.07,-0.03,12.27
2026-07-06,45.51,43.10,45.82,41.56,53172,231688260.00,9.30,-5.94,-2.72,11.00
2026-07-07,42.48,40.53,43.21,40.30,35437,146930955.00,6.75,-5.96,-2.57,7.33
2026-07-08,40.40,39.07,40.89,37.85,32925,129089629.00,7.50,-3.60,-1.46,6.81
2026-07-09,39.55,37.49,40.88,36.52,46121,175227922.00,11.16,-4.04,-1.58,9.54
2026-07-10,37.55,37.73,40.10,37.31,41685,160655224.00,7.44,0.64,0.24,8.62
2026-07-13,37.01,33.61,37.80,33.52,37524,131372596.00,11.34,-10.92,-4.12,7.76
2026-07-14,33.40,34.53,35.19,32.56,26682,90612779.00,7.83,2.74,0.92,5.52
2026-07-15,34.49,33.80,34.77,33.30,23829,80792006.00,4.26,-2.11,-0.73,4.93
2026-07-16,33.46,32.06,34.02,32.01,23882,78614609.00,5.95,-5.15,-1.74,4.94
2026-07-17,32.28,29.68,32.33,29.29,31056,95323933.00,9.48,-7.42,-2.38,6.42
2026-07-20,30.30,27.27,30.47,26.71,39829,113223710.00,12.67,-8.12,-2.41,8.24
2026-07-21,27.60,28.71,28.80,25.57,34836,95432397.00,11.84,5.28,1.44,7.21
2026-07-22,28.01,27.94,28.85,27.61,25617,72297590.00,4.32,-2.68,-0.77,5.30
2026-07-23,27.48,28.78,28.79,27.48,20795,58784807.00,4.69,3.01,0.84,4.30
2026-07-24,28.50,28.09,28.69,27.97,15516,43929173.00,2.50,-2.40,-0.69,3.21
2026-07-27,28.09,28.86,29.10,27.79,20265,57946998.00,4.66,2.74,0.77,4.19
2026-07-28,28.48,28.47,29.67,28.30,19450,56283717.00,4.75,-1.35,-0.39,4.02
2026-07-29,28.20,28.36,28.57,27.47,22053,61904095.00,3.86,-0.39,-0.11,4.56
2026-07-30,27.98,27.11,28.42,26.85,23653,64989016.00,5.54,-4.41,-1.25,4.89
2026-07-31,27.90,28.19,28.75,27.65,22176,62969849.00,4.06,3.98,1.08,4.59
2026-08-03,28.50,28.93,28.95,28.08,17353,49579653.00,3.09,2.63,0.74,3.59
2026-08-04,29.16,30.00,30.00,28.91,21740,64262327.00,3.77,3.70,1.07,4.50
2026-08-05,30.00,30.46,30.79,29.65,18857,57401828.11,3.80,1.53,0.46,3.90