2026-01-05,14.45,14.69,15.01,14.42,28511,42319539.00,4.07,1.45,0.21,1.69
2026-01-06,14.74,14.68,14.99,14.64,16590,24605862.00,2.38,-0.07,-0.01,0.98
2026-01-07,14.68,14.37,14.78,14.26,24146,35125125.00,3.54,-2.11,-0.31,1.43
2026-01-08,14.27,14.65,14.68,14.27,15882,23244906.00,2.85,1.95,0.28,0.94
2026-01-09,14.59,14.63,14.73,14.47,15370,22551031.00,1.77,-0.14,-0.02,0.91
2026-01-12,14.68,14.72,14.87,14.64,19706,29164084.00,1.57,0.62,0.09,1.17
2026-01-13,14.78,14.67,14.91,14.58,21888,32426805.00,2.24,-0.34,-0.05,1.30
2026-01-14,14.59,14.63,14.81,14.33,26495,38853177.00,3.27,-0.27,-0.04,1.57
2026-01-15,14.50,14.63,14.75,14.45,12588,18531911.00,2.05,0.00,0.00,0.74
2026-01-16,14.67,14.77,14.83,14.51,18839,27760981.00,2.19,0.96,0.14,1.11
2026-01-19,14.77,15.01,15.03,14.59,17289,25911715.00,2.98,1.62,0.24,1.02
2026-01-20,15.06,15.05,15.20,14.89,19777,29864829.00,2.07,0.27,0.04,1.17
2026-01-21,15.05,15.36,15.93,14.92,41064,63253405.00,6.71,2.06,0.31,2.43
2026-01-22,15.28,15.61,15.89,15.24,59230,92853787.00,4.23,1.63,0.25,3.50
2026-01-23,15.62,15.49,15.76,15.48,31409,49169232.00,1.79,-0.77,-0.12,1.86
2026-01-26,15.59,15.43,15.93,15.22,27403,42409695.00,4.58,-0.39,-0.06,1.62
2026-01-27,15.39,15.38,15.43,14.93,23214,35473672.00,3.24,-0.32,-0.05,1.37
2026-01-28,15.38,15.12,15.43,15.06,18417,28142372.00,2.41,-1.69,-0.26,1.09
2026-01-29,14.94,15.17,15.41,14.94,28316,43277913.00,3.11,0.33,0.05,1.68
2026-01-30,15.05,15.32,15.43,14.83,19556,29954421.00,3.96,0.99,0.15,1.16
2026-02-02,15.37,15.25,15.63,15.01,30045,46654867.00,4.05,-0.46,-0.07,1.78
2026-02-03,15.39,15.72,15.73,15.33,30527,47714464.00,2.62,3.08,0.47,1.81
2026-02-04,15.63,15.65,15.77,15.52,27255,42771933.00,1.59,-0.45,-0.07,1.61
2026-02-05,15.66,15.93,16.08,15.54,29471,46988215.00,3.45,1.79,0.28,1.74
2026-02-06,16.01,16.29,16.48,15.73,49151,80239757.00,4.71,2.26,0.36,2.91
2026-02-09,16.27,15.90,16.62,15.75,72162,116202251.00,5.34,-2.39,-0.39,4.27
2026-02-10,16.06,16.31,16.32,15.88,37798,61428132.00,2.77,2.58,0.41,2.24
2026-02-11,16.23,16.34,16.88,16.06,39544,65247195.00,5.03,0.18,0.03,2.34
2026-02-12,16.32,16.21,16.62,16.16,26938,44331097.00,2.82,-0.80,-0.13,1.59
2026-02-13,16.12,16.31,16.57,16.12,29840,49078579.00,2.78,0.62,0.10,1.77
2026-02-24,16.40,16.53,16.56,16.29,24011,39576627.00,1.66,1.35,0.22,1.42
2026-02-25,16.61,16.46,16.67,16.42,18281,30386008.00,1.51,-0.42,-0.07,1.08
2026-02-26,16.54,16.14,16.54,15.99,29026,47124856.00,3.34,-1.94,-0.32,1.72
2026-02-27,16.13,15.91,16.15,15.85,23938,38377907.00,1.86,-1.43,-0.23,1.42
2026-03-02,15.80,15.25,15.90,15.07,32682,50504086.00,5.22,-4.15,-0.66,1.93
2026-03-03,15.44,14.93,15.45,14.84,27772,42128607.00,4.00,-2.10,-0.32,1.64
2026-03-04,14.78,14.78,14.99,14.52,26860,39917286.00,3.15,-1.00,-0.15,1.59
2026-03-05,14.94,14.93,15.15,14.81,18293,27522307.00,2.30,1.01,0.15,1.08
2026-03-06,14.86,15.52,15.59,14.85,24367,37552418.00,4.96,3.95,0.59,1.44
2026-03-09,15.45,15.48,15.52,15.17,21857,33783619.00,2.26,-0.26,-0.04,1.29
2026-03-10,15.63,15.93,15.99,15.59,20404,32553117.00,2.58,2.91,0.45,1.21
2026-03-11,15.90,15.82,16.08,15.77,20554,32788775.00,1.95,-0.69,-0.11,1.22
2026-03-12,15.77,15.65,15.98,15.43,18245,28846120.00,3.48,-1.07,-0.17,1.08
2026-03-13,15.50,15.79,16.03,15.50,16030,25470714.00,3.39,0.89,0.14,0.95
2026-03-16,15.74,15.65,15.95,15.49,18510,29181649.00,2.91,-0.89,-0.14,1.10
2026-03-17,15.62,15.40,15.83,15.29,15653,24432163.00,3.45,-1.60,-0.25,0.93
2026-03-18,15.35,15.67,15.71,15.19,17965,27903080.00,3.38,1.75,0.27,1.06
2026-03-19,15.71,15.14,15.78,15.03,16824,25845582.00,4.79,-3.38,-0.53,1.00
2026-03-20,15.14,14.49,15.28,14.47,25485,37757325.00,5.35,-4.29,-0.65,1.51
2026-03-23,14.32,13.57,14.32,13.33,30646,42506246.00,6.83,-6.35,-0.92,1.81
2026-03-24,13.85,14.24,14.31,13.55,27998,39239479.00,5.60,4.94,0.67,1.66
2026-03-25,14.24,14.59,14.80,14.20,22860,33345580.00,4.21,2.46,0.35,1.35
2026-03-26,14.57,14.32,14.78,14.20,12266,17787648.00,3.98,-1.85,-0.27,0.73
2026-03-27,14.13,14.62,14.62,14.13,16854,24500457.00,3.42,2.09,0.30,1.00
2026-03-30,14.54,14.84,14.89,14.38,20807,30705110.00,3.49,1.50,0.22,1.23
2026-03-31,14.88,14.58,15.08,14.37,14393,21352148.00,4.78,-1.75,-0.26,0.85
2026-04-01,14.75,14.75,14.95,14.60,15316,22740284.00,2.40,1.17,0.17,0.91
2026-04-02,14.60,14.53,14.88,14.23,16526,24147124.00,4.41,-1.49,-0.22,0.98
2026-04-03,14.55,13.97,14.61,13.94,16556,23486737.00,4.61,-3.85,-0.56,0.98
2026-04-07,13.60,14.39,14.49,13.60,16963,24329392.00,6.37,3.01,0.42,1.00
2026-04-08,14.88,14.83,14.93,14.47,16138,24012855.00,3.20,3.06,0.44,0.95
2026-04-09,15.05,14.46,15.05,14.43,15944,23456757.00,4.18,-2.49,-0.37,0.94
2026-04-10,14.50,14.68,14.88,14.50,14299,21181831.00,2.63,1.52,0.22,0.85
2026-04-13,14.68,14.56,14.78,14.37,11317,16510255.00,2.79,-0.82,-0.12,0.67
2026-04-14,14.64,14.59,14.75,14.34,17329,25257374.00,2.82,0.21,0.03,1.03
2026-04-15,14.58,14.47,14.78,14.37,12011,17503239.00,2.81,-0.82,-0.12,0.71
2026-04-16,14.48,14.80,14.91,14.34,13705,20193847.00,3.94,2.28,0.33,0.81
2026-04-17,14.83,14.71,14.83,14.52,9631,14170194.00,2.09,-0.61,-0.09,0.57
2026-04-20,14.71,14.83,14.84,14.52,12847,19005476.00,2.18,0.82,0.12,0.76
2026-04-21,14.93,14.95,15.28,14.83,19141,28820748.00,3.03,0.81,0.12,1.13
2026-04-22,14.92,14.87,14.97,14.72,13022,19410851.00,1.67,-0.54,-0.08,0.77
2026-04-23,14.88,14.85,15.07,14.74,16132,24122926.00,2.22,-0.13,-0.02,0.95
2026-04-24,14.71,15.01,15.07,14.64,13532,20229151.00,2.90,1.08,0.16,0.80
2026-04-27,15.79,15.26,15.79,14.70,25296,38135363.00,7.26,1.67,0.25,1.50
2026-04-28,15.42,15.37,15.50,15.17,25183,38824191.00,2.16,0.72,0.11,1.49
2026-04-29,15.17,15.58,15.66,15.05,28645,44524674.00,3.97,1.37,0.21,1.69
2026-04-30,15.58,15.78,15.85,15.41,19898,31439110.00,2.82,1.28,0.20,1.18
2026-05-06,15.93,15.64,16.02,15.44,21079,33200339.00,3.68,-0.89,-0.14,1.25
2026-05-07,15.64,15.72,15.87,15.64,17370,27507770.00,1.47,0.51,0.08,1.03
2026-05-08,15.80,15.81,15.89,15.67,17846,28291551.00,1.40,0.57,0.09,1.06
2026-05-11,15.82,15.76,16.02,15.55,18104,28552880.00,2.97,-0.32,-0.05,1.07
2026-05-12,15.73,15.46,15.84,15.38,15740,24665938.00,2.92,-1.90,-0.30,0.93
2026-05-13,15.46,15.46,15.58,15.30,13586,21047602.00,1.81,0.00,0.00,0.80
2026-05-14,15.45,15.42,15.61,15.28,14386,22310642.00,2.13,-0.26,-0.04,0.85
2026-05-15,15.37,15.31,15.56,15.17,16759,25896412.00,2.53,-0.71,-0.11,0.99
2026-05-18,15.23,15.33,15.41,14.99,14657,22351951.00,2.74,0.13,0.02,0.87
2026-05-19,15.35,15.25,15.53,14.96,14503,22115615.00,3.72,-0.52,-0.08,0.86
2026-05-20,15.25,15.10,15.25,14.98,13059,19776311.00,1.77,-0.98,-0.15,0.77
2026-05-21,15.06,14.61,15.25,14.54,22185,33144933.00,4.70,-3.25,-0.49,1.31
2026-05-22,14.85,16.08,16.08,14.54,47772,74091452.00,10.54,10.06,1.47,2.83
2026-05-25,17.52,15.65,17.52,15.55,129580,211010463.00,12.25,-2.67,-0.43,7.67
2026-05-26,15.75,15.57,16.64,15.39,99595,159328161.00,7.99,-0.51,-0.08,5.89
2026-05-27,15.57,14.59,15.93,14.35,83480,125648292.00,10.15,-6.29,-0.98,4.94
2026-05-28,14.86,14.32,15.93,13.95,82425,122391944.00,13.57,-1.85,-0.27,4.88
2026-05-29,14.58,13.39,14.61,13.37,66871,92905858.00,8.66,-6.49,-0.93,3.96
2026-06-01,13.37,13.99,14.15,13.22,46238,64556172.00,6.95,4.48,0.60,2.74
2026-06-02,13.98,13.54,14.14,13.43,34787,47539258.00,5.08,-3.22,-0.45,2.06
2026-06-03,13.54,13.41,13.62,13.24,24858,33427223.00,2.81,-0.96,-0.13,1.47
2026-06-04,13.42,13.18,13.52,12.93,24028,31771625.00,4.40,-1.72,-0.23,1.42
2026-06-05,13.11,13.68,13.90,12.99,30784,41767304.00,6.90,3.79,0.50,1.82
2026-06-08,13.32,13.21,13.62,12.94,23420,31246545.00,4.97,-3.44,-0.47,1.39
2026-06-09,13.23,13.30,13.47,13.06,19665,26294320.00,3.10,0.68,0.09,1.16
2026-06-10,13.29,13.33,13.42,13.08,16583,22065569.00,2.56,0.23,0.03,0.98
2026-06-11,13.23,13.47,13.53,13.16,19875,26678631.00,2.78,1.05,0.14,1.18
2026-06-12,13.56,13.81,14.03,13.50,26425,36606982.00,3.93,2.52,0.34,1.56
2026-06-15,13.81,13.92,14.06,13.60,26209,36610352.00,3.33,0.80,0.11,1.55
2026-06-16,13.90,13.99,14.18,13.71,27573,38587930.00,3.38,0.50,0.07,1.63
2026-06-17,13.99,14.28,14.30,13.71,33294,46739636.00,4.22,2.07,0.29,1.97
2026-06-18,14.23,14.19,14.41,13.75,31954,45110154.00,4.62,-0.63,-0.09,1.89
2026-06-22,14.19,13.12,14.32,12.95,41482,55258415.00,9.65,-7.54,-1.07,2.45
2026-06-23,13.15,13.73,14.10,13.12,45424,62128884.00,7.47,4.65,0.61,2.69
2026-06-24,13.70,13.44,13.91,13.31,28227,38065269.00,4.37,-2.11,-0.29,1.67
2026-06-25,13.48,12.41,13.53,12.31,37167,47450789.00,9.08,-7.66,-1.03,2.20
2026-06-26,12.50,12.24,12.56,12.02,24672,30269169.00,4.35,-1.37,-0.17,1.46
2026-06-29,12.00,12.18,12.45,11.70,24390,29314528.00,6.13,-0.49,-0.06,1.44