2026-01-05,3344.06,3356.38,3357.11,3326.74,983906,1036941709.00,0.91,0.25,8.42,2.11
2026-01-06,3352.86,3386.24,3401.21,3352.86,1017255,1138374944.00,1.44,0.89,29.86,2.18
2026-01-07,3382.69,3415.97,3447.95,3376.37,1282978,1372902270.00,2.11,0.88,29.73,2.75
2026-01-08,3392.92,3396.15,3408.45,3369.60,885232,938923703.00,1.14,-0.58,-19.82,1.90
2026-01-09,3393.11,3432.75,3432.75,3391.44,1119821,1188983260.00,1.22,1.08,36.60,2.40
2026-01-12,3431.86,3478.91,3483.26,3427.36,1465712,1464140729.00,1.63,1.34,46.16,3.14
2026-01-13,3470.12,3429.98,3487.28,3425.79,1304528,1400394040.00,1.77,-1.41,-48.93,2.79
2026-01-14,3428.88,3502.65,3506.81,3428.88,2106180,2066704018.00,2.27,2.12,72.67,4.51
2026-01-15,3551.51,3614.93,3637.88,3537.94,2572227,2838691734.00,2.85,3.21,112.28,5.51
2026-01-16,3556.04,3459.59,3576.98,3453.94,1768587,2156349700.00,3.40,-4.30,-155.34,3.79
2026-01-19,3442.30,3603.36,3603.36,3426.54,1491366,2047861425.00,5.11,4.16,143.77,3.19
2026-01-20,3590.84,3616.83,3649.31,3585.67,1358038,2042939642.00,1.77,0.37,13.47,2.91
2026-01-21,3582.10,3576.39,3582.10,3523.88,959441,1289632270.00,1.61,-1.12,-40.44,2.05
2026-01-22,3549.31,3539.81,3562.02,3510.39,872905,1233634243.00,1.44,-1.02,-36.58,1.87
2026-01-23,3524.30,3546.65,3546.65,3519.78,934826,1076907774.00,0.76,0.19,6.84,2.00
2026-01-26,3532.30,3506.77,3532.30,3471.59,1150884,1258478054.00,1.71,-1.12,-39.88,2.46
2026-01-27,3504.41,3435.02,3516.59,3416.34,1007532,1104124395.00,2.86,-2.05,-71.75,2.16
2026-01-28,3427.51,3453.36,3468.73,3412.22,759765,980810433.00,1.65,0.53,18.34,1.63
2026-01-29,3449.20,3480.42,3485.34,3404.42,1015909,1103922713.00,2.34,0.78,27.06,2.17
2026-01-30,3504.78,3514.51,3582.14,3504.78,2064356,2153269981.00,2.22,0.98,34.09,4.42
2026-02-02,3451.28,3383.46,3492.72,3362.29,2219310,2177911482.00,3.71,-3.73,-131.05,4.75
2026-02-03,3382.67,3381.24,3410.75,3333.15,1355497,1463579247.00,2.29,-0.07,-2.22,2.90
2026-02-04,3366.56,3395.79,3404.38,3357.11,1000779,1044086176.00,1.40,0.43,14.55,2.14
2026-02-05,3397.11,3469.32,3501.17,3393.90,2223918,2169852944.00,3.16,2.17,73.53,4.76
2026-02-06,3433.31,3363.73,3433.31,3336.18,1444586,1484798429.00,2.80,-3.04,-105.59,3.09
2026-02-09,3378.87,3422.36,3432.32,3377.36,1410155,1416694355.00,1.63,1.74,58.63,3.02
2026-02-10,3413.89,3474.99,3481.86,3380.18,2124966,2059621609.00,2.97,1.54,52.63,4.55
2026-02-11,3465.87,3404.95,3465.87,3400.62,1226755,1201427065.00,1.88,-2.02,-70.04,2.63
2026-02-12,3397.79,3317.59,3397.79,3317.59,1402448,1300360472.00,2.36,-2.57,-87.36,3.00
2026-02-13,3341.91,3339.19,3376.75,3327.43,912500,923235137.00,1.49,0.65,21.60,1.95
2026-02-24,3354.20,3273.73,3354.20,3257.71,1344611,1253781637.00,2.89,-1.96,-65.46,2.88
2026-02-25,3273.53,3293.32,3313.12,3273.53,870466,840842240.00,1.21,0.60,19.59,1.86
2026-02-26,3294.03,3264.10,3308.86,3256.59,821885,744744735.00,1.59,-0.89,-29.22,1.76
2026-02-27,3266.72,3299.67,3300.62,3264.84,655327,664497916.00,1.10,1.09,35.57,1.40
2026-03-02,3250.33,3225.44,3286.89,3212.70,1118402,1114051550.00,2.25,-2.25,-74.23,2.39
2026-03-03,3230.87,3176.91,3261.76,3173.17,1114605,1059604314.00,2.75,-1.50,-48.53,2.39
2026-03-04,3141.35,3147.57,3186.68,3124.08,905955,823201961.00,1.97,-0.92,-29.34,1.94
2026-03-05,3181.38,3174.71,3204.84,3164.63,695863,661336091.00,1.28,0.86,27.14,1.49
2026-03-06,3173.63,3265.13,3268.68,3170.87,1028558,1029482467.00,3.08,2.85,90.42,2.20
2026-03-09,3226.26,3252.16,3265.41,3216.62,765870,821086893.00,1.49,-0.40,-12.97,1.64
2026-03-10,3271.73,3276.12,3299.78,3263.12,682238,734055772.00,1.13,0.74,23.96,1.46
2026-03-11,3287.35,3267.93,3287.35,3250.39,538452,576917200.00,1.13,-0.25,-8.19,1.15
2026-03-12,3263.46,3252.80,3281.60,3244.64,473575,511956692.00,1.13,-0.46,-15.13,1.01
2026-03-13,3245.55,3220.78,3270.69,3210.93,600344,650273633.00,1.84,-0.98,-32.02,1.29
2026-03-16,3223.60,3241.04,3247.56,3205.54,560673,597635341.00,1.30,0.63,20.26,1.20
2026-03-17,3242.40,3171.93,3259.05,3169.71,640067,747583610.00,2.76,-2.13,-69.11,1.37
2026-03-18,3170.38,3180.93,3180.99,3134.52,534411,528549968.00,1.47,0.28,9.00,1.14
2026-03-19,3155.69,3142.24,3184.28,3128.11,511533,511963948.00,1.77,-1.22,-38.69,1.10
2026-03-20,3156.02,3106.91,3170.23,3105.84,618401,598041460.00,2.05,-1.12,-35.33,1.32
2026-03-23,3072.33,2951.78,3072.33,2927.43,1013369,916712201.00,4.66,-4.99,-155.13,2.17
2026-03-24,3000.37,3067.63,3069.84,2971.56,650316,662955217.00,3.33,3.92,115.85,1.39
2026-03-25,3085.87,3153.30,3163.24,3065.51,637242,667189874.00,3.19,2.79,85.67,1.36
2026-03-26,3147.80,3144.76,3194.44,3134.83,534953,594620811.00,1.89,-0.27,-8.54,1.15
2026-03-27,3108.98,3164.92,3171.42,3106.89,476638,481249746.00,2.05,0.64,20.16,1.02
2026-03-30,3118.41,3127.09,3161.01,3104.01,444651,474506789.00,1.80,-1.20,-37.83,0.95
2026-03-31,3133.48,3122.43,3177.16,3113.86,620594,552052551.00,2.02,-0.15,-4.66,1.33
2026-04-01,3158.64,3160.43,3171.47,3102.99,622690,601200748.00,2.19,1.22,38.00,1.33
2026-04-02,3149.64,3085.41,3149.64,3064.21,495666,498774724.00,2.70,-2.37,-75.02,1.06
2026-04-03,3088.81,3020.06,3092.14,3016.74,426056,395968082.00,2.44,-2.12,-65.35,0.91
2026-04-07,3022.33,3068.47,3071.92,3020.96,364916,358441880.00,1.69,1.60,48.41,0.78
2026-04-08,3123.76,3173.99,3175.33,3121.02,762574,702328099.00,1.77,3.44,105.52,1.63
2026-04-09,3159.96,3097.39,3159.96,3090.27,541428,500783902.00,2.20,-2.41,-76.60,1.16
2026-04-10,3106.86,3122.63,3163.09,3103.74,526572,480886886.00,1.92,0.81,25.24,1.13
2026-04-13,3104.07,3107.61,3116.24,3086.55,393258,369536396.00,0.95,-0.48,-15.02,0.84
2026-04-14,3119.34,3101.46,3127.08,3069.87,467352,435573880.00,1.84,-0.20,-6.15,1.00
2026-04-15,3104.25,3120.03,3147.65,3086.35,723808,690916362.00,1.98,0.60,18.57,1.55
2026-04-16,3116.97,3175.53,3197.59,3110.41,1133024,951510512.00,2.79,1.78,55.50,2.43
2026-04-17,3165.01,3116.85,3165.26,3097.11,782864,675924767.00,2.15,-1.85,-58.68,1.68
2026-04-20,3109.02,3112.80,3118.52,3073.67,586597,503948652.00,1.44,-0.13,-4.05,1.26
2026-04-21,3106.18,3093.33,3135.18,3070.60,598420,567297223.00,2.07,-0.63,-19.47,1.28
2026-04-22,3076.57,3056.12,3081.66,3046.32,571248,515212645.00,1.14,-1.20,-37.21,1.22
2026-04-23,3055.82,3003.91,3058.02,2990.28,560788,541554222.00,2.22,-1.71,-52.21,1.20
2026-04-24,2992.42,3011.28,3017.34,2956.13,553512,489221443.00,2.04,0.25,7.37,1.18
2026-04-27,2993.83,3048.44,3049.94,2967.49,505161,485921475.00,2.74,1.23,37.16,1.08
2026-04-28,3030.33,2980.77,3030.33,2967.75,478288,449540367.00,2.05,-2.22,-67.67,1.02
2026-04-29,3006.21,3040.59,3071.40,3004.00,506665,578921264.00,2.26,2.01,59.82,1.08
2026-04-30,3034.48,3022.27,3040.91,3014.90,539433,507256135.00,0.86,-0.60,-18.32,1.15
2026-05-06,3015.79,2981.46,3022.55,2975.15,709991,624286314.00,1.57,-1.35,-40.81,1.52
2026-05-07,2984.67,2975.46,3006.47,2971.84,460424,434875797.00,1.16,-0.20,-6.00,0.99
2026-05-08,2971.74,2998.66,3003.61,2971.28,397459,383859631.00,1.09,0.78,23.20,0.85
2026-05-11,3001.66,2985.28,3002.46,2965.32,551331,492648669.00,1.24,-0.45,-13.38,1.18
2026-05-12,2985.63,2951.64,2997.21,2951.32,515219,497287398.00,1.54,-1.13,-33.64,1.10
2026-05-13,2958.98,2984.30,3005.17,2939.48,486052,577495539.00,2.23,1.11,32.66,1.04
2026-05-14,2986.47,2929.04,2986.95,2928.90,576969,542426827.00,1.95,-1.85,-55.26,1.24
2026-05-15,2935.41,2902.55,2944.28,2885.66,539823,489750018.00,2.00,-0.90,-26.49,1.16
2026-05-18,2902.55,2889.13,2902.55,2861.19,413606,370702423.00,1.42,-0.46,-13.42,0.89
2026-05-19,2885.53,2886.38,2918.08,2867.87,397501,359926489.00,1.74,-0.10,-2.75,0.85
2026-05-20,2880.97,2832.74,2880.97,2823.48,443950,368490616.00,1.99,-1.86,-53.64,0.95
2026-05-21,2837.54,2803.45,2887.22,2797.05,568275,508268778.00,3.18,-1.03,-29.29,1.22
2026-05-22,2802.09,2780.46,2824.71,2766.18,434351,375235670.00,2.09,-0.82,-22.99,0.93
2026-05-25,2783.37,2781.21,2806.77,2757.52,491959,395109128.00,1.77,0.03,0.75,1.05
2026-05-26,2752.39,2775.72,2791.42,2745.18,577746,595487220.00,1.66,-0.20,-5.49,1.24
2026-05-27,2781.02,2769.83,2807.32,2721.95,680391,595054838.00,3.08,-0.21,-5.89,1.46
2026-05-28,2766.90,2730.50,2771.91,2696.62,509687,436721629.00,2.72,-1.42,-39.33,1.09
2026-05-29,2729.91,2792.85,2823.85,2725.25,772870,750112149.00,3.61,2.28,62.35,1.65
2026-06-01,2778.53,2833.29,2837.83,2763.75,479784,496227226.00,2.65,1.45,40.44,1.03
2026-06-02,2829.28,2807.77,2836.82,2783.35,468200,524264237.00,1.89,-0.90,-25.52,1.00
2026-06-03,2796.46,2787.04,2820.11,2757.20,465286,571733995.00,2.24,-0.74,-20.73,1.00
2026-06-04,2776.49,2724.74,2793.23,2708.80,525039,548381382.00,3.03,-2.24,-62.30,1.12
2026-06-05,2732.92,2749.10,2790.60,2727.84,536336,561199179.00,2.30,0.89,24.36,1.15
2026-06-08,2704.13,2699.35,2764.35,2653.44,578644,518612374.00,4.03,-1.81,-49.75,1.24
2026-06-09,2700.29,2677.90,2722.85,2647.40,485878,433472709.00,2.80,-0.79,-21.45,1.04
2026-06-10,2668.18,2784.69,2796.46,2660.08,953360,862986050.00,5.09,3.99,106.79,2.04
2026-06-11,2770.07,2719.32,2770.07,2694.57,758061,816861474.00,2.71,-2.35,-65.37,1.62
2026-06-12,2726.48,2782.52,2806.98,2701.12,793136,909649947.00,3.89,2.32,63.20,1.70
2026-06-15,2777.27,2762.59,2823.71,2737.72,706378,738849271.00,3.09,-0.72,-19.93,1.51
2026-06-16,2750.01,2722.95,2752.19,2709.28,524495,546650068.00,1.55,-1.43,-39.64,1.12
2026-06-17,2713.77,2647.09,2717.28,2635.93,652741,648744012.00,2.99,-2.79,-75.86,1.40
2026-06-18,2639.55,2601.31,2645.42,2589.28,537929,488968613.00,2.12,-1.73,-45.78,1.15
2026-06-22,2592.75,2626.56,2627.28,2530.03,756250,653242611.00,3.74,0.97,25.25,1.62
2026-06-23,2610.55,2683.07,2705.66,2609.44,709578,721332348.00,3.66,2.15,56.51,1.52
2026-06-24,2667.43,2573.01,2671.71,2566.23,620707,610184089.00,3.93,-4.10,-110.06,1.33
2026-06-25,2558.06,2542.78,2574.87,2532.46,583955,494702288.00,1.65,-1.17,-30.23,1.25
2026-06-26,2531.94,2490.15,2544.95,2489.52,589294,480213619.00,2.18,-2.07,-52.63,1.26
2026-06-29,2479.78,2492.18,2516.14,2388.77,700013,599219418.00,5.11,0.08,2.03,1.50
2026-06-30,2479.59,2486.92,2517.23,2464.31,496479,417382599.00,2.12,-0.21,-5.26,1.06
2026-07-01,2484.66,2531.20,2550.76,2458.44,621339,496803729.00,3.71,1.78,44.28,1.33
2026-07-02,2529.17,2537.70,2585.20,2512.32,631333,508979765.00,2.88,0.26,6.50,1.35
2026-07-03,2536.73,2563.34,2582.14,2529.76,547743,436147703.00,2.06,1.01,25.64,1.17
2026-07-06,2567.00,2581.45,2602.79,2563.75,563765,522439031.00,1.52,0.71,18.11,1.21
2026-07-07,2580.88,2495.44,2580.88,2493.33,519698,455376275.00,3.39,-3.33,-86.01,1.11
2026-07-08,2570.81,2575.07,2619.25,2520.52,1242492,1000950347.00,3.96,3.19,79.63,2.66
2026-07-09,2528.41,2511.40,2566.18,2487.12,908125,723872262.00,3.07,-2.47,-63.67,1.94
2026-07-10,2507.73,2583.87,2604.27,2469.27,941663,786587131.00,5.38,2.89,72.47,2.02
2026-07-13,2564.62,2534.35,2596.10,2520.43,644406,571809215.00,2.93,-1.92,-49.52,1.38
2026-07-14,2539.40,2570.30,2576.52,2510.37,622993,580763149.00,2.61,1.42,35.95,1.33
2026-07-15,2553.42,2616.48,2636.81,2545.16,814341,681812193.00,3.57,1.80,46.18,1.74
2026-07-16,2606.58,2669.48,2684.74,2598.30,770957,695410883.00,3.30,2.03,53.00,1.65
2026-07-17,2659.84,2594.07,2699.82,2576.02,781105,676097365.00,4.64,-2.82,-75.41,1.67
2026-07-20,2589.44,2541.02,2621.47,2512.10,739495,681445614.00,4.22,-2.05,-53.05,1.58
2026-07-21,2535.88,2539.41,2573.94,2518.19,1009134,763596251.00,2.19,-0.06,-1.61,2.16
2026-07-22,2528.11,2550.05,2550.05,2512.05,663666,509337810.00,1.50,0.42,10.64,1.42
2026-07-23,2540.78,2579.88,2584.76,2523.75,598860,446835911.00,2.39,1.17,29.83,1.28
2026-07-24,2562.25,2488.61,2579.21,2485.29,587520,479705812.00,3.64,-3.54,-91.27,1.26
2026-07-27,2492.82,2569.26,2579.63,2492.82,768772,559211311.00,3.49,3.24,80.65,1.65
2026-07-28,2566.35,2594.89,2624.91,2566.35,606867,477207522.00,2.28,1.00,25.63,1.30
2026-07-29,2601.46,2627.74,2644.49,2601.46,722090,565798787.00,1.66,1.27,32.85,1.55