2026-01-05,30.32,30.70,31.00,29.18,368260,1118092068.01,5.98,0.82,0.25,2.80
2026-01-06,31.71,29.93,31.80,27.61,911188,2687109574.65,13.65,-2.51,-0.77,6.93
2026-01-07,29.70,29.03,30.95,28.70,540431,1609568178.94,7.52,-3.01,-0.90,4.11
2026-01-08,29.28,27.97,29.67,27.60,403120,1159292348.75,7.13,-3.65,-1.06,3.06
2026-01-09,27.50,27.72,28.29,27.34,322254,901747712.97,3.40,-0.89,-0.25,2.45
2026-01-12,28.45,29.55,30.30,28.45,464378,1378179288.00,6.67,6.60,1.83,3.53
2026-01-13,29.31,30.30,32.12,29.13,518068,1600959982.13,10.12,2.54,0.75,3.94
2026-01-14,29.80,28.87,30.09,28.36,456972,1340331261.32,5.71,-4.72,-1.43,3.47
2026-01-15,28.83,28.48,29.79,28.20,315479,921827374.40,5.51,-1.35,-0.39,2.40
2026-01-16,28.29,27.00,28.60,26.86,413183,1140542257.60,6.11,-5.20,-1.48,3.14
2026-01-19,26.80,28.22,28.90,26.71,399059,1136592408.53,8.11,4.52,1.22,3.03
2026-01-20,29.04,27.67,29.38,26.80,418931,1169697640.56,9.14,-1.95,-0.55,3.19
2026-01-21,28.30,30.46,30.46,28.07,329429,983231168.80,8.64,10.08,2.79,2.50
2026-01-22,31.71,29.94,33.06,29.60,598944,1846783870.12,11.36,-1.71,-0.52,4.55
2026-01-23,30.61,32.95,32.95,30.25,572646,1833966786.63,9.02,10.05,3.01,4.35
2026-01-26,32.80,32.22,34.78,31.91,760790,2563120424.78,8.71,-2.22,-0.73,5.78
2026-01-27,31.43,30.96,32.19,29.00,652274,1987510594.80,9.90,-3.91,-1.26,4.96
2026-01-28,30.96,30.62,31.28,29.82,339754,1036963219.67,4.72,-1.10,-0.34,2.58
2026-01-29,29.90,30.00,31.26,29.37,299221,907571289.07,6.17,-2.02,-0.62,2.27
2026-01-30,29.42,28.33,29.85,27.30,349263,990443385.35,8.50,-5.57,-1.67,2.66
2026-02-02,27.35,27.92,29.68,27.26,325766,938554900.13,8.54,-1.45,-0.41,2.48
2026-02-03,28.60,29.37,29.56,28.40,262449,767839799.92,4.15,5.19,1.45,2.00
2026-02-04,29.55,29.24,29.70,28.71,204721,601830745.71,3.37,-0.44,-0.13,1.56
2026-02-05,28.90,28.09,29.10,27.80,179722,513061007.00,4.45,-3.93,-1.15,1.37
2026-02-06,27.60,30.02,30.78,27.33,391763,1173511120.31,12.28,6.87,1.93,2.98
2026-02-09,30.37,30.14,30.80,29.92,191637,583311858.70,2.93,0.40,0.12,1.46
2026-02-10,30.00,30.31,30.32,29.09,174798,526298624.16,4.08,0.56,0.17,1.33
2026-02-11,30.20,32.83,33.16,29.80,421877,1363069636.33,11.09,8.31,2.52,3.21
2026-02-12,32.73,32.90,33.72,32.50,286892,954022774.64,3.72,0.21,0.07,2.18
2026-02-13,32.67,34.24,34.90,32.55,356621,1220551091.83,7.14,4.07,1.34,2.71
2026-02-24,35.30,36.02,36.97,35.08,323596,1170059158.77,5.52,5.20,1.78,2.46
2026-02-25,36.98,39.64,39.64,36.65,303137,1170469042.71,8.30,10.05,3.62,2.30
2026-02-26,42.42,41.14,43.62,39.71,705714,2936577546.47,9.86,3.78,1.50,5.37
2026-02-27,39.30,40.40,41.10,39.30,410031,1655289816.99,4.38,-1.80,-0.74,3.12
2026-03-02,40.25,37.24,40.25,36.55,601625,2280549305.39,9.16,-7.82,-3.16,4.57
2026-03-03,37.50,35.47,37.51,35.20,443294,1613727985.14,6.20,-4.75,-1.77,3.37
2026-03-04,34.80,35.33,36.10,34.61,284073,1009106846.15,4.20,-0.39,-0.14,2.16
2026-03-05,36.35,35.63,37.72,35.38,355050,1304963525.10,6.62,0.85,0.30,2.70
2026-03-06,35.38,35.61,36.19,35.04,200323,715968159.00,3.23,-0.06,-0.02,1.52
2026-03-09,35.11,37.68,38.18,33.90,376836,1372119388.72,12.02,5.81,2.07,2.86
2026-03-10,38.30,37.22,38.68,36.52,271188,1016018003.02,5.73,-1.22,-0.46,2.06
2026-03-11,36.91,37.80,39.00,36.66,386085,1473431906.91,6.29,1.56,0.58,2.94
2026-03-12,37.69,37.59,38.29,36.80,210954,796658849.36,3.94,-0.56,-0.21,1.60
2026-03-13,38.22,39.30,41.30,38.01,357503,1432566582.35,8.75,4.55,1.71,2.72
2026-03-16,39.10,38.75,39.87,37.39,290619,1125562554.39,6.31,-1.40,-0.55,2.21
2026-03-17,39.23,37.58,40.60,37.50,200346,775333261.65,8.00,-3.02,-1.17,1.52
2026-03-18,37.54,35.29,37.94,34.90,327929,1179771506.57,8.09,-6.09,-2.29,2.49
2026-03-19,35.20,32.80,35.25,32.42,291273,979498872.87,8.02,-7.06,-2.49,2.21
2026-03-20,32.92,34.56,35.98,32.92,413837,1430626001.92,9.33,5.37,1.76,3.15
2026-03-23,34.00,36.40,37.94,33.90,430117,1577273497.48,11.69,5.32,1.84,3.27
2026-03-24,36.97,40.06,40.06,35.82,664825,2551770680.12,11.65,10.05,3.66,5.05
2026-03-25,40.25,40.65,41.27,39.82,422091,1720996283.11,3.62,1.47,0.59,3.21
2026-03-26,40.24,40.60,42.93,39.84,388802,1618740639.60,7.60,-0.12,-0.05,2.96
2026-03-27,40.40,42.66,44.60,40.20,482506,2060329802.07,10.84,5.07,2.06,3.67
2026-03-30,42.81,41.84,43.00,40.80,353708,1482545115.24,5.16,-1.92,-0.82,2.69
2026-03-31,41.58,39.73,41.60,39.50,354114,1435927610.66,5.02,-5.04,-2.11,2.71
2026-04-01,40.53,39.38,40.68,38.97,202923,807290375.30,4.30,-0.88,-0.35,1.55
2026-04-02,39.37,40.51,41.18,38.66,294372,1188605012.72,6.40,2.87,1.13,2.25
2026-04-03,40.35,39.59,40.86,38.80,193845,770636496.88,5.09,-2.27,-0.92,1.48
2026-04-07,39.92,38.10,40.36,37.65,189678,728878310.24,6.85,-3.76,-1.49,1.45
2026-04-08,37.88,38.15,38.32,36.55,314039,1191270773.00,4.65,0.13,0.05,2.40
2026-04-09,38.00,37.99,39.52,37.17,273421,1056334313.16,6.16,-0.42,-0.16,2.09
2026-04-10,38.91,38.59,40.67,38.13,351194,1383828101.27,6.69,1.58,0.60,2.69
2026-04-13,37.80,42.47,42.47,37.79,407540,1663694768.53,12.13,10.05,3.88,3.12
2026-04-14,43.00,43.78,43.90,41.71,320037,1368073129.97,5.16,3.08,1.31,2.45
2026-04-15,43.80,41.97,43.81,41.05,273280,1156354483.62,6.30,-4.13,-1.81,2.09
2026-04-16,42.81,46.19,46.19,42.49,193176,876118529.16,8.82,10.05,4.22,1.48
2026-04-17,48.46,46.32,49.18,45.40,428774,2018160134.60,8.18,0.28,0.13,3.28
2026-04-20,46.32,45.46,46.52,44.70,276965,1261394604.50,3.93,-1.86,-0.86,2.12
2026-04-21,46.07,44.82,46.14,44.12,212659,966427912.56,4.44,-1.41,-0.64,1.63
2026-04-22,44.34,45.00,47.05,44.17,276864,1265550972.73,6.43,0.40,0.18,2.12
2026-04-23,45.10,44.57,45.79,42.64,262083,1165290577.11,7.00,-0.96,-0.43,2.01
2026-04-24,43.44,47.21,48.20,43.08,328367,1515556217.81,11.49,5.92,2.64,2.51
2026-04-27,47.80,47.07,48.85,45.40,334405,1578560178.41,7.31,-0.30,-0.14,2.56
2026-04-28,47.62,46.44,47.80,46.04,191199,899549786.55,3.74,-1.34,-0.63,1.46
2026-04-29,46.47,51.10,51.10,46.15,320637,1590719722.67,10.66,10.03,4.66,2.46
2026-04-30,51.80,52.11,54.45,50.88,460655,2419002679.27,6.99,1.98,1.01,3.53
2026-05-06,52.20,53.10,53.30,50.95,346295,1811310442.84,4.51,1.90,0.99,2.65
2026-05-07,52.51,49.89,52.51,47.80,512857,2527730643.95,8.87,-6.05,-3.21,3.93
2026-05-08,49.95,47.00,50.78,46.65,400883,1934069622.44,8.28,-5.79,-2.89,3.07
2026-05-11,46.96,46.20,48.20,45.09,456507,2121574344.67,6.62,-1.70,-0.80,3.50
2026-05-12,46.98,45.50,47.40,45.10,327447,1503623662.44,4.98,-1.52,-0.70,2.51
2026-05-13,45.93,44.10,46.60,43.48,398078,1782303566.15,6.86,-3.08,-1.40,3.05
2026-05-14,43.80,42.99,44.40,42.70,258526,1128145641.24,3.85,-2.52,-1.11,1.98
2026-05-15,42.82,42.17,44.25,41.95,290273,1254352155.51,5.35,-1.91,-0.82,2.22
2026-05-18,41.73,41.01,42.55,40.46,326179,1354002381.26,4.96,-2.75,-1.16,2.50
2026-05-19,40.80,39.88,40.91,39.00,333170,1327893255.55,4.66,-2.76,-1.13,2.55
2026-05-20,40.00,41.76,42.68,39.03,509392,2104845139.53,9.15,4.71,1.88,3.90
2026-05-21,41.76,41.16,42.94,40.95,317385,1342815422.25,4.77,-1.44,-0.60,2.43
2026-05-22,41.10,39.78,41.32,37.97,433128,1710654166.30,8.14,-3.35,-1.38,3.32
2026-05-25,39.70,38.37,40.18,38.17,284806,1110008196.56,5.05,-3.54,-1.41,2.18
2026-05-26,38.28,39.88,40.18,37.98,308732,1216502091.62,5.73,3.94,1.51,2.36
2026-05-27,40.18,38.31,41.38,37.80,262413,1028660668.56,8.98,-3.94,-1.57,2.01
2026-05-28,38.68,38.35,39.63,37.96,230482,891905166.46,4.36,0.10,0.04,1.76
2026-05-29,38.88,38.80,39.24,37.52,306338,1183411368.03,4.49,1.17,0.45,2.35
2026-06-01,38.80,37.46,38.93,37.18,238876,912085496.31,4.51,-3.45,-1.34,1.83
2026-06-02,37.46,37.26,37.63,35.81,216480,801224320.97,4.86,-0.53,-0.20,1.66
2026-06-03,36.87,37.24,38.78,36.87,212315,803340746.55,5.13,-0.05,-0.02,1.63
2026-06-04,37.17,36.78,37.66,36.14,215489,797057356.36,4.08,-1.24,-0.46,1.65
2026-06-05,36.60,37.53,38.90,36.05,301206,1138683275.89,7.75,2.04,0.75,2.31
2026-06-08,36.85,36.76,38.00,35.72,230428,853416128.84,6.08,-2.05,-0.77,1.76
2026-06-09,37.12,39.83,40.45,36.31,349650,1351989918.05,11.26,8.35,3.07,2.68
2026-06-10,39.40,39.10,41.13,38.37,260813,1041170502.90,6.93,-1.83,-0.73,2.00
2026-06-11,39.40,40.89,42.12,38.60,391752,1596720087.20,9.00,4.58,1.79,3.00
2026-06-12,40.80,42.91,43.10,40.40,433646,1832815792.42,6.60,4.94,2.02,3.32
2026-06-15,42.30,40.83,43.58,39.80,437492,1813675834.75,8.81,-4.85,-2.08,3.35
2026-06-16,39.61,37.13,39.78,36.80,380362,1439583416.82,7.30,-9.06,-3.70,2.91
2026-06-17,37.13,34.16,37.40,33.60,492819,1740525743.84,10.23,-8.00,-2.97,3.77
2026-06-18,33.66,32.26,34.29,32.10,533660,1764823063.52,6.41,-5.56,-1.90,4.09
2026-06-22,31.42,32.65,32.78,30.99,402273,1291744620.98,5.55,1.21,0.39,3.08
2026-06-23,32.10,30.29,32.31,30.18,372185,1157090868.08,6.52,-7.23,-2.36,2.85
2026-06-24,30.38,32.85,33.31,29.86,418289,1340265489.65,11.39,8.45,2.56,3.20
2026-06-25,32.35,31.60,34.16,31.36,319735,1034788100.24,8.52,-3.81,-1.25,2.45
2026-06-26,31.60,29.57,31.97,29.50,334231,1016748375.94,7.82,-6.42,-2.03,2.56
2026-06-29,29.57,29.93,30.38,28.90,275327,823717496.06,5.01,1.22,0.36,2.11
2026-06-30,30.20,29.95,32.30,29.10,334138,1006028695.58,10.69,0.07,0.02,2.56
2026-07-01,30.60,31.86,32.50,29.52,423624,1326183580.98,9.95,6.38,1.91,3.24
2026-07-02,31.91,32.11,32.83,31.10,347697,1116724894.04,5.43,0.78,0.25,2.66
2026-07-03,33.67,31.56,33.95,31.40,343457,1109892027.51,7.94,-1.71,-0.55,2.63
2026-07-06,31.56,30.50,32.88,30.44,266035,837332357.03,7.73,-3.36,-1.06,2.04
2026-07-07,30.45,30.09,31.09,29.82,184164,558530720.83,4.16,-1.34,-0.41,1.41
2026-07-08,30.04,30.23,31.58,29.16,339528,1035238776.37,8.04,0.47,0.14,2.60
2026-07-09,29.80,30.12,30.80,28.71,345158,1032213981.39,6.91,-0.36,-0.11,2.64
2026-07-10,30.20,28.90,30.20,27.75,340976,986209404.63,8.13,-4.05,-1.22,2.61
2026-07-13,28.80,28.12,28.99,27.77,230127,650565470.90,4.22,-2.70,-0.78,1.76