2026-01-05,29.18,28.23,29.18,27.44,95944,350096909.00,5.99,-2.86,-0.83,8.76
2026-01-06,28.15,29.02,30.07,28.06,56787,216326115.00,7.12,2.80,0.79,5.19
2026-01-07,29.28,29.38,29.86,28.84,35459,135761181.00,3.51,1.24,0.36,3.24
2026-01-08,29.22,29.35,29.84,28.75,28566,108959646.00,3.71,-0.10,-0.03,2.61
2026-01-09,29.47,30.47,30.64,29.18,32255,126442075.00,4.97,3.82,1.12,2.95
2026-01-12,30.78,29.73,31.07,29.32,41183,159826891.00,5.74,-2.43,-0.74,3.76
2026-01-13,29.85,29.34,30.28,29.13,29356,112820447.00,3.87,-1.31,-0.39,2.68
2026-01-14,29.78,29.98,30.43,29.35,52704,204194017.00,3.68,2.18,0.64,4.81
2026-01-15,29.89,30.47,30.58,29.70,49329,194617924.00,2.94,1.63,0.49,4.51
2026-01-16,29.12,29.94,30.39,28.34,54402,208275514.00,6.73,-1.74,-0.53,4.97
2026-01-19,29.59,30.86,31.21,29.54,48141,190546592.00,5.58,3.07,0.92,4.40
2026-01-20,30.85,29.38,30.86,28.95,35563,136490058.00,6.19,-4.80,-1.48,3.25
2026-01-21,29.58,31.89,32.55,28.94,40943,164782949.00,12.29,8.54,2.51,3.74
2026-01-22,31.56,31.97,32.45,31.08,39498,163384368.00,4.30,0.25,0.08,3.61
2026-01-23,32.01,33.85,34.12,31.86,33886,145875573.00,7.07,5.88,1.88,3.10
2026-01-26,35.35,38.88,39.55,35.30,87615,432795255.00,12.56,14.86,5.03,8.00
2026-01-27,36.58,38.00,38.86,36.08,74712,365283129.00,7.15,-2.26,-0.88,6.82
2026-01-28,38.06,43.23,45.32,37.66,99136,534265876.00,20.16,13.76,5.23,9.05
2026-01-29,46.00,41.89,46.05,39.85,119422,661228863.00,14.34,-3.10,-1.34,10.91
2026-01-30,36.88,38.07,39.54,35.94,80958,396595632.00,8.59,-9.12,-3.82,7.39
2026-02-02,36.96,35.34,37.57,35.15,91928,432784772.00,6.36,-7.17,-2.73,8.40
2026-02-03,36.39,37.79,38.01,35.16,56480,269426520.00,8.06,6.93,2.45,5.16
2026-02-04,33.56,31.36,34.55,30.22,169309,700556994.00,11.46,-17.02,-6.43,15.46
2026-02-05,29.78,30.78,31.20,29.62,96904,385428223.00,5.04,-1.85,-0.58,8.85
2026-02-06,30.19,31.75,32.05,29.92,63046,256820228.00,6.92,3.15,0.97,5.76
2026-02-09,32.39,32.20,32.79,31.24,56918,237137639.00,4.88,1.42,0.45,5.20
2026-02-10,32.02,31.29,32.12,31.12,43833,179834410.00,3.11,-2.83,-0.91,4.00
2026-02-11,31.32,32.19,33.01,30.94,43035,181480806.00,6.62,2.88,0.90,3.93
2026-02-12,32.25,34.12,34.70,32.25,63169,280823384.00,7.61,6.00,1.93,5.77
2026-02-13,33.94,33.06,34.00,33.02,28274,123007612.00,2.87,-3.11,-1.06,2.58
2026-02-24,33.48,34.05,34.55,33.43,28336,125114822.00,3.39,2.99,0.99,2.59
2026-02-25,34.08,34.78,35.65,33.39,44172,199227480.00,6.64,2.14,0.73,4.03
2026-02-26,34.92,33.94,35.26,33.78,35842,159491400.00,4.26,-2.42,-0.84,3.27
2026-02-27,33.68,35.63,35.82,33.55,43863,199315673.00,6.69,4.98,1.69,4.01
2026-03-02,35.26,34.32,35.42,34.01,34892,156160123.00,3.96,-3.68,-1.31,3.19
2026-03-03,34.15,32.31,34.78,32.24,36117,156459799.00,7.40,-5.86,-2.01,3.30
2026-03-04,31.82,32.06,33.25,31.47,27182,115015027.00,5.51,-0.77,-0.25,2.48
2026-03-05,32.58,32.98,34.48,32.58,29283,127712067.00,5.93,2.87,0.92,2.67
2026-03-06,32.80,33.43,34.10,32.44,19213,83624304.00,5.03,1.36,0.45,1.75
2026-03-09,32.98,32.10,33.48,31.40,32950,137428822.00,6.22,-3.98,-1.33,3.01
2026-03-10,32.58,32.46,32.89,32.23,22019,93117641.00,2.06,1.12,0.36,2.01
2026-03-11,32.62,32.18,32.69,31.98,19340,81448102.00,2.19,-0.86,-0.28,1.77
2026-03-12,32.45,31.70,33.01,31.39,21629,89968588.00,5.03,-1.49,-0.48,1.98
2026-03-13,31.62,30.98,32.14,30.93,19061,78117764.00,3.82,-2.27,-0.72,1.74
2026-03-16,30.98,29.84,31.15,29.38,38093,148705797.00,5.71,-3.68,-1.14,3.48
2026-03-17,29.85,29.97,31.45,29.73,34526,138621014.00,5.76,0.44,0.13,3.15
2026-03-18,30.08,29.95,30.11,29.38,21007,81288869.00,2.44,-0.07,-0.02,1.92
2026-03-19,29.74,28.40,29.74,28.16,27058,101735290.00,5.28,-5.18,-1.55,2.47
2026-03-20,28.39,28.21,29.08,28.05,24958,92878787.00,3.63,-0.67,-0.19,2.28
2026-03-23,27.49,25.66,28.12,25.42,46590,160258006.00,9.57,-9.04,-2.55,4.26
2026-03-24,26.78,26.91,27.78,25.98,45411,158402404.00,7.01,4.87,1.25,4.15
2026-03-25,27.68,26.99,27.75,26.69,31328,110703975.00,3.94,0.30,0.08,2.86
2026-03-26,26.85,26.66,27.45,26.43,25625,89962244.00,3.78,-1.22,-0.33,2.34
2026-03-27,26.45,27.01,27.08,26.08,24336,84638311.00,3.75,1.31,0.35,2.22
2026-03-30,26.74,26.66,26.85,26.08,21388,73800721.00,2.85,-1.30,-0.35,1.95
2026-03-31,26.75,26.15,26.92,25.88,20865,71784683.00,3.90,-1.91,-0.51,1.91
2026-04-01,27.24,26.88,27.45,26.52,18581,65030126.00,3.56,2.79,0.73,1.70
2026-04-02,26.71,26.46,26.82,26.08,18093,62459764.00,2.75,-1.56,-0.42,1.65
2026-04-03,26.28,26.08,26.75,25.81,12953,44179923.00,3.55,-1.44,-0.38,1.18
2026-04-07,26.08,26.40,26.56,25.98,10294,35319980.00,2.22,1.23,0.32,0.94
2026-04-08,27.14,28.02,28.15,26.86,24101,87467738.00,4.89,6.14,1.62,2.20
2026-04-09,27.77,27.70,28.00,27.47,15369,55580614.00,1.89,-1.14,-0.32,1.40
2026-04-10,27.98,28.35,29.00,27.70,19785,73461409.00,4.69,2.35,0.65,1.81
2026-04-13,28.32,27.75,28.88,27.32,20276,73236830.00,5.50,-2.12,-0.60,1.85
2026-04-14,27.89,27.68,28.15,27.32,21410,77291830.00,2.99,-0.25,-0.07,1.96
2026-04-15,27.89,26.52,28.34,26.39,48118,169944052.00,7.04,-4.19,-1.16,4.40
2026-04-16,26.71,26.93,27.15,25.97,44225,153339696.00,4.45,1.55,0.41,4.04
2026-04-17,26.90,27.22,28.12,26.33,58027,206276553.00,6.65,1.08,0.29,5.30
2026-04-20,27.15,28.32,29.29,26.86,42377,155043596.00,8.93,4.04,1.10,3.87
2026-04-21,28.32,28.12,28.67,27.62,29296,106728633.00,3.71,-0.71,-0.20,2.68
2026-04-22,27.98,28.01,28.27,27.84,19001,69440005.00,1.53,-0.39,-0.11,1.74
2026-04-23,28.05,26.85,28.08,26.48,33765,118091493.00,5.71,-4.14,-1.16,3.08
2026-04-24,26.62,26.72,28.46,26.58,38801,138111810.00,7.00,-0.48,-0.13,3.54
2026-04-27,26.85,26.63,26.87,26.12,19789,68371795.00,2.81,-0.34,-0.09,1.81
2026-04-28,26.45,25.38,26.45,25.16,30341,101081204.00,4.84,-4.69,-1.25,2.77
2026-04-29,25.29,25.52,25.77,24.94,21061,70030032.00,3.27,0.55,0.14,1.92
2026-04-30,25.83,25.35,26.25,25.18,32177,107380017.00,4.19,-0.67,-0.17,2.94
2026-05-06,25.66,24.84,25.68,24.65,35284,114906645.00,4.06,-2.01,-0.51,3.22
2026-05-07,24.84,25.12,25.49,24.72,31234,102110566.00,3.10,1.13,0.28,2.85
2026-05-08,25.12,25.68,26.18,24.58,39644,131432859.00,6.37,2.23,0.56,3.62
2026-05-11,25.75,25.27,25.88,24.67,50355,164724971.00,4.71,-1.60,-0.41,4.60
2026-05-12,25.31,24.05,25.47,24.04,34804,110850621.00,5.66,-4.83,-1.22,3.18
2026-05-13,24.35,26.72,26.80,24.22,82766,278330985.00,10.73,11.10,2.67,7.57
2026-05-14,26.72,25.85,27.00,25.82,51672,177431826.00,4.42,-3.26,-0.87,4.73
2026-05-15,25.73,26.61,27.89,24.94,55703,191529747.00,11.41,2.94,0.76,5.09
2026-05-18,26.92,25.40,26.92,24.98,53677,178997857.00,7.29,-4.55,-1.21,4.91
2026-05-19,25.08,26.22,26.55,25.08,49410,128771122.00,5.79,3.23,0.82,3.48
2026-05-20,26.00,25.90,27.05,25.73,46467,121736898.00,5.03,-1.22,-0.32,3.27
2026-05-21,25.90,24.98,27.22,24.64,67544,177035441.00,9.96,-3.55,-0.92,4.75
2026-05-22,25.30,25.20,26.17,24.70,75769,191481500.00,5.88,0.88,0.22,5.33
2026-05-25,25.42,25.33,26.28,24.91,52099,132292466.00,5.44,0.52,0.13,3.67
2026-05-26,25.16,25.73,26.15,24.11,67489,168853538.00,8.05,1.58,0.40,4.75
2026-05-27,25.58,24.86,27.06,24.70,77200,198404554.00,9.17,-3.38,-0.87,5.43
2026-05-28,24.79,25.20,25.77,24.30,54672,137509307.00,5.91,1.37,0.34,3.85
2026-05-29,25.16,23.88,25.40,23.50,48177,116601465.00,7.54,-5.24,-1.32,3.39
2026-06-01,24.27,24.45,25.88,24.00,55861,139935180.00,7.87,2.39,0.57,3.93
2026-06-02,24.46,24.61,25.46,24.06,60883,151052931.00,5.73,0.65,0.16,4.28
2026-06-03,24.50,24.49,26.09,24.23,58612,147961070.00,7.56,-0.49,-0.12,4.12
2026-06-04,24.25,23.54,24.50,23.42,43889,104562767.00,4.41,-3.88,-0.95,3.09
2026-06-05,23.31,23.25,23.85,22.51,50901,118097567.00,5.69,-1.23,-0.29,3.58
2026-06-08,22.72,21.73,23.00,21.38,50478,111633195.00,6.97,-6.54,-1.52,3.55
2026-06-09,22.14,22.05,22.16,21.26,34278,74794321.00,4.14,1.47,0.32,2.41
2026-06-10,21.79,21.86,22.02,21.06,35125,75648262.00,4.35,-0.86,-0.19,2.47
2026-06-11,21.65,21.25,21.94,21.03,24324,51739561.00,4.16,-2.79,-0.61,1.71
2026-06-12,21.42,21.76,22.06,21.23,35951,77614772.00,3.91,2.40,0.51,2.53
2026-06-15,21.95,23.07,24.15,21.50,54354,126086840.00,12.18,6.02,1.31,3.82
2026-06-16,23.00,23.09,23.62,22.68,32878,76103787.00,4.07,0.09,0.02,2.31
2026-06-17,22.89,22.40,23.25,22.33,25437,57516119.00,3.98,-2.99,-0.69,1.79
2026-06-18,22.40,22.40,23.45,22.11,28530,64603562.00,5.98,0.00,0.00,2.01
2026-06-22,22.18,22.40,22.88,21.51,43883,97040489.00,6.12,0.00,0.00,3.09
2026-06-23,22.39,21.37,22.39,21.20,37297,80680181.00,5.31,-4.60,-1.03,2.62
2026-06-24,21.19,20.68,21.59,20.50,29941,62189979.00,5.10,-3.23,-0.69,2.11
2026-06-25,20.68,20.16,20.91,19.88,39883,80466518.00,4.98,-2.51,-0.52,2.81
2026-06-26,20.03,19.29,20.36,19.29,29807,58561647.00,5.31,-4.32,-0.87,2.10
2026-06-29,19.10,18.88,19.48,18.53,32034,60539929.67,4.92,-2.13,-0.41,2.25