2026-01-05,3802.99,3868.74,3879.63,3802.99,9638730,16045151959.00,2.03,2.29,86.67,3.92
2026-01-06,3874.47,3918.72,3918.78,3865.52,10477057,17219060179.00,1.38,1.29,49.98,4.27
2026-01-07,3936.25,4018.32,4056.00,3926.92,13456784,22038472219.00,3.29,2.54,99.60,5.48
2026-01-08,4023.11,4044.70,4070.67,4022.70,16926350,24815194180.00,1.19,0.66,26.38,6.89
2026-01-09,4043.34,4086.85,4107.52,4040.66,15419013,25349980835.00,1.65,1.04,42.15,6.28
2026-01-12,4123.49,4170.90,4178.45,4095.05,16858206,28492250969.00,2.04,2.06,84.05,6.86
2026-01-13,4171.92,4370.14,4454.06,4060.76,28301380,48872432689.00,9.43,4.78,199.24,11.52
2026-01-14,4384.60,4400.66,4513.54,4358.84,32060954,63228579587.00,3.54,0.70,30.52,13.05
2026-01-15,4349.97,4473.72,4522.39,4312.14,23938362,46085455379.00,4.78,1.66,73.06,9.75
2026-01-16,4770.17,4504.36,4802.84,4504.36,30336573,63026723240.00,6.67,0.68,30.64,12.35
2026-01-19,4443.60,4852.38,4852.38,4443.60,28738393,62242370349.00,9.08,7.73,348.02,11.70
2026-01-20,4856.02,4896.14,5022.10,4816.55,33234427,74407399996.00,4.24,0.90,43.76,13.53
2026-01-21,4795.64,4766.07,4863.75,4706.04,27439540,54570504952.00,3.22,-2.66,-130.07,11.17
2026-01-22,4765.25,4757.63,4863.72,4715.69,22338001,44125976259.00,3.11,-0.18,-8.44,9.09
2026-01-23,4760.14,4889.24,4978.96,4760.14,24932007,49652368086.00,4.60,2.77,131.61,10.15
2026-01-26,4887.62,4852.88,5011.30,4835.79,23941151,49706924196.00,3.59,-0.74,-36.36,9.75
2026-01-27,4813.42,4754.83,4822.87,4641.00,18664998,36379355391.00,3.75,-2.02,-98.05,7.60
2026-01-28,4747.53,4693.32,4788.49,4679.91,13894784,28307356556.00,2.28,-1.29,-61.51,5.66
2026-01-29,4657.10,4563.31,4679.11,4548.37,13376032,27290827475.00,2.79,-2.77,-130.01,5.45
2026-01-30,4524.55,4487.49,4543.35,4376.32,11696663,23481565823.00,3.66,-1.66,-75.82,4.76
2026-02-02,4644.45,4695.67,4827.53,4644.45,20648695,44761348600.00,4.08,4.64,208.18,8.41
2026-02-03,4691.14,4847.97,4848.77,4679.90,22333025,45263117992.00,3.60,3.24,152.30,9.09
2026-02-04,4826.01,4915.44,4959.75,4826.01,16954245,35073852152.00,2.76,1.39,67.47,6.90
2026-02-05,4873.15,4682.03,4873.15,4663.94,16080249,31086534790.00,4.26,-4.75,-233.41,6.55
2026-02-06,4652.41,4747.28,4822.41,4632.90,14507156,26706010062.00,4.05,1.39,65.25,5.91
2026-02-09,4817.28,4841.93,4851.81,4771.04,13806751,27905602766.00,1.70,1.99,94.65,5.62
2026-02-10,4813.48,4814.82,4853.83,4777.14,9800539,20078942801.00,1.58,-0.56,-27.11,3.99
2026-02-11,4805.56,4778.39,4860.49,4777.92,8956363,17572406566.00,1.71,-0.76,-36.43,3.65
2026-02-12,4827.50,4945.72,5033.41,4777.76,16855891,35565269096.00,5.35,3.50,167.33,6.86
2026-02-13,4905.35,4826.63,4915.23,4823.36,11191841,22854034677.00,1.86,-2.41,-119.09,4.56
2026-02-24,4889.97,5046.85,5069.59,4888.20,14571185,32307743907.00,3.76,4.56,220.22,5.93
2026-02-25,5059.88,5119.02,5158.28,5031.59,15884562,33212915177.00,2.51,1.43,72.17,6.47
2026-02-26,5093.11,5212.92,5234.79,5077.06,16675401,36010354619.00,3.08,1.83,93.90,6.79
2026-02-27,5156.27,5198.33,5208.82,5126.33,14480104,32250909016.00,1.58,-0.28,-14.59,5.90
2026-03-02,5100.35,5146.61,5275.94,5100.35,16514610,37589982099.00,3.38,-0.99,-51.72,6.72
2026-03-03,5159.02,4926.35,5179.55,4920.00,16580307,35958313443.00,5.04,-4.28,-220.26,6.75
2026-03-04,4858.16,5194.71,5273.31,4858.16,20714294,45639524711.00,8.43,5.45,268.36,8.43
2026-03-05,5309.89,5413.69,5506.63,5309.89,24217896,57232963660.00,3.79,4.22,218.98,9.86
2026-03-06,5422.89,5557.98,5628.01,5417.96,23303470,54652954540.00,3.88,2.67,144.29,9.49
2026-03-09,5452.34,5701.97,5701.97,5452.34,23338276,55171079326.00,4.49,2.59,143.99,9.50
2026-03-10,5712.11,5719.84,5779.34,5640.47,22368113,51623951731.00,2.44,0.31,17.87,9.11
2026-03-11,5717.93,5676.80,5754.17,5619.64,23456902,52109833350.00,2.35,-0.75,-43.04,9.55
2026-03-12,5640.40,5581.09,5652.60,5503.62,19500881,43001300353.00,2.62,-1.69,-95.71,7.94
2026-03-13,5535.35,5350.47,5535.35,5335.05,15343749,32964815064.00,3.59,-4.13,-230.62,6.25
2026-03-16,5342.34,5297.74,5364.67,5214.34,13028859,29001648042.00,2.81,-0.99,-52.73,5.30
2026-03-17,5302.44,5144.65,5331.69,5136.84,15183494,32651423104.00,3.68,-2.89,-153.09,6.18
2026-03-18,5170.49,5238.87,5243.27,5115.05,14228118,30656987132.00,2.49,1.83,94.22,5.79
2026-03-19,5128.65,5028.70,5144.21,5000.30,12524283,26457234168.00,2.75,-4.01,-210.17,5.10
2026-03-20,5047.54,4885.93,5096.88,4883.78,12443116,25643873503.00,4.24,-2.84,-142.77,5.07
2026-03-23,4798.28,4750.97,4957.92,4707.82,13634975,28909806652.00,5.12,-2.76,-134.96,5.55
2026-03-24,4852.33,4931.05,4931.05,4737.95,12889385,25492589099.00,4.06,3.79,180.08,5.25
2026-03-25,4952.05,5016.08,5061.46,4949.95,12799624,26491723875.00,2.26,1.72,85.03,5.21
2026-03-26,4998.91,4825.04,4998.91,4809.57,9952868,19422279509.00,3.77,-3.81,-191.04,4.05
2026-03-27,4754.39,4865.21,4895.90,4746.87,8080284,15699836534.00,3.09,0.83,40.17,3.29
2026-03-30,4789.21,4783.58,4805.06,4675.06,8561976,17093868694.00,2.67,-1.68,-81.63,3.49
2026-03-31,4777.08,4666.47,4834.84,4666.47,8571828,18046564945.00,3.52,-2.45,-117.11,3.49
2026-04-01,4765.82,4739.98,4781.33,4707.54,7169372,14764630599.00,1.58,1.58,73.51,2.92
2026-04-02,4739.78,4621.16,4808.78,4596.19,8149412,16298563227.00,4.49,-2.51,-118.82,3.32
2026-04-03,4649.40,4485.02,4650.88,4469.78,7098485,13616342324.00,3.92,-2.95,-136.14,2.89
2026-04-07,4499.20,4490.83,4541.87,4471.80,5692015,12489086569.00,1.56,0.13,5.81,2.32
2026-04-08,4611.44,4753.05,4753.05,4611.44,9468100,21411683783.00,3.15,5.84,262.22,3.85
2026-04-09,4702.26,4698.30,4736.55,4659.97,7067953,16248709432.00,1.61,-1.15,-54.75,2.88
2026-04-10,4733.67,4743.94,4819.90,4723.55,8450102,19221293604.00,2.05,0.97,45.64,3.44
2026-04-13,4691.96,4702.65,4716.65,4634.48,8020820,18508695258.00,1.73,-0.87,-41.29,3.27
2026-04-14,4747.74,4749.87,4757.79,4700.28,8874584,19370874926.00,1.22,1.00,47.22,3.61
2026-04-15,4788.71,4872.94,4928.07,4770.19,16750677,34753506219.00,3.32,2.59,123.07,6.82
2026-04-16,4857.64,4913.90,4915.18,4768.26,12366168,26428074572.00,3.02,0.84,40.96,5.03
2026-04-17,4896.90,4904.09,4929.80,4854.76,9405020,21262336825.00,1.53,-0.20,-9.81,3.83
2026-04-20,4893.57,5038.60,5040.39,4875.11,13395816,30726213090.00,3.37,2.74,134.51,5.45
2026-04-21,5027.59,4975.51,5027.59,4919.63,9425763,20874411324.00,2.14,-1.25,-63.09,3.84
2026-04-22,4958.48,5026.78,5042.63,4945.40,9249623,22780156158.00,1.95,1.03,51.27,3.77
2026-04-23,5031.75,4965.46,5089.69,4882.32,10903059,26150531467.00,4.13,-1.22,-61.32,4.44
2026-04-24,4912.69,4861.71,4947.37,4840.64,10253410,22685072150.00,2.15,-2.09,-103.75,4.17
2026-04-27,4803.91,4818.99,4821.81,4751.26,8372479,21840115982.00,1.45,-0.88,-42.72,3.41
2026-04-28,4803.26,4815.74,4866.34,4771.51,9300845,22858314212.00,1.97,-0.07,-3.25,3.79
2026-04-29,4818.41,4865.05,4882.07,4808.17,8281524,17948206983.00,1.53,1.02,49.31,3.37
2026-04-30,4869.28,4815.11,4876.12,4802.25,7344553,16511802444.00,1.52,-1.03,-49.94,2.99
2026-05-06,4887.82,4972.26,4984.74,4887.47,10180973,24443454549.00,2.02,3.26,157.15,4.15
2026-05-07,5006.33,5060.29,5072.55,4971.38,11009420,24419424884.00,2.03,1.77,88.03,4.48
2026-05-08,5038.15,5013.12,5038.15,4970.14,10898677,23588720677.00,1.34,-0.93,-47.17,4.44
2026-05-11,5031.93,5071.60,5112.00,5031.93,13810511,30604242166.00,1.60,1.17,58.48,5.62
2026-05-12,5060.58,5164.89,5202.53,5018.88,18923077,41134083703.00,3.62,1.84,93.29,7.70
2026-05-13,5145.69,5381.01,5436.86,5139.62,20440668,48448466182.00,5.76,4.18,216.12,8.32
2026-05-14,5387.51,5185.20,5390.74,5185.20,17110548,39009028607.00,3.82,-3.64,-195.81,6.97
2026-05-15,5175.64,5068.88,5203.55,5009.30,12279797,28479311493.00,3.75,-2.24,-116.32,5.00
2026-05-18,5035.10,5093.41,5140.14,5025.13,9471637,22019071270.00,2.27,0.48,24.53,3.86
2026-05-19,5090.14,5241.18,5241.18,5044.07,11228293,25446264408.00,3.87,2.90,147.77,4.57
2026-05-20,5208.38,5158.50,5230.43,5093.78,10088626,24056198400.00,2.61,-1.58,-82.68,4.11
2026-05-21,5144.37,4914.38,5167.62,4903.19,11701536,26193080394.00,5.13,-4.73,-244.12,4.76
2026-05-22,4944.45,4977.18,4990.07,4907.72,6850307,16330461829.00,1.68,1.28,62.80,2.79
2026-05-25,5018.13,4986.71,5119.00,4940.76,8796451,21436505564.00,3.58,0.19,9.53,3.58
2026-05-26,4963.21,4848.15,4963.21,4791.45,8181024,18689201001.00,3.44,-2.78,-138.56,3.33
2026-05-27,4836.60,4876.60,4938.99,4817.85,9181035,23406391799.00,2.50,0.59,28.45,3.74
2026-05-28,4871.37,4954.41,4960.51,4836.06,7899805,20026280268.00,2.55,1.60,77.81,3.22
2026-05-29,4954.73,4853.54,4980.84,4829.12,8595538,21696636253.00,3.06,-2.04,-100.87,3.50
2026-06-01,4868.26,4941.97,5011.85,4850.13,9281771,24650215413.00,3.33,1.82,88.43,3.78
2026-06-02,4917.41,4801.63,4917.41,4675.76,8086064,18983332809.00,4.89,-2.84,-140.34,3.29
2026-06-03,4764.63,4734.89,4777.65,4695.38,7499215,19509348012.00,1.71,-1.39,-66.74,3.05
2026-06-04,4693.75,4630.43,4736.83,4613.35,7767736,17971522323.00,2.61,-2.21,-104.46,3.16
2026-06-05,4623.30,4585.85,4675.78,4510.12,7492753,19687357727.00,3.58,-0.96,-44.58,3.05
2026-06-08,4449.87,4389.50,4535.63,4331.81,8335514,20668796234.00,4.44,-4.28,-196.35,3.39
2026-06-09,4446.51,4433.20,4455.50,4357.45,6476346,15670215867.00,2.23,1.00,43.70,2.64
2026-06-10,4384.60,4249.79,4384.60,4207.01,7261468,16245732496.00,4.01,-4.14,-183.41,2.96
2026-06-11,4224.20,4177.74,4241.16,4153.00,5502188,11682728319.00,2.07,-1.70,-72.05,2.24
2026-06-12,4241.91,4223.77,4298.25,4178.16,6207573,13176685496.00,2.87,1.10,46.03,2.53
2026-06-15,4288.65,4393.96,4393.96,4286.56,7608548,16514270267.00,2.54,4.03,170.19,3.10
2026-06-16,4405.98,4540.37,4564.76,4382.11,9185025,19636583849.00,4.16,3.33,146.41,3.74
2026-06-17,4534.25,4481.16,4546.31,4457.66,9695571,21193531644.00,1.95,-1.30,-59.21,3.95
2026-06-18,4465.72,4401.86,4469.24,4382.25,7870203,17323800932.00,1.94,-1.77,-79.30,3.20
2026-06-22,4406.79,4502.28,4503.52,4327.73,10972266,25049117332.00,3.99,2.28,100.42,4.47
2026-06-23,4493.08,4420.24,4509.35,4389.11,9562482,20711045572.00,2.67,-1.82,-82.04,3.89
2026-06-24,4404.96,4389.48,4407.80,4307.50,7949190,16141334495.00,2.27,-0.70,-30.76,3.24
2026-06-25,4383.30,4294.10,4385.24,4274.87,7605238,14961355166.00,2.51,-2.17,-95.38,3.10
2026-06-26,4301.55,4133.37,4311.03,4133.37,8600494,18017604578.00,4.14,-3.74,-160.73,3.50
2026-06-29,4130.12,4092.10,4157.31,4009.76,7071012,14380785904.00,3.57,-1.00,-41.27,2.88
2026-06-30,4080.61,4142.04,4144.32,4051.40,5904501,12744479358.00,2.27,1.22,49.94,2.40
2026-07-01,4143.61,4164.36,4210.77,4083.30,8057540,16560862423.00,3.08,0.54,22.32,3.28
2026-07-02,4111.05,4073.62,4182.34,4065.75,6621700,13343809544.00,2.80,-2.18,-90.74,2.70
2026-07-03,4081.63,4157.38,4189.12,4077.92,6093364,12850829333.00,2.73,2.06,83.76,2.48
2026-07-06,4190.99,4113.48,4267.08,4111.63,6313986,13922705371.00,3.74,-1.06,-43.90,2.57
2026-07-07,4103.63,3984.84,4127.98,3971.82,5716348,12201524294.00,3.80,-3.13,-128.64,2.33
2026-07-08,3989.16,3833.21,3990.16,3833.21,4987331,10042162101.00,3.94,-3.81,-151.63,2.03
2026-07-09,3837.37,3864.81,3874.64,3708.68,6521010,12408883886.00,4.33,0.82,31.60,2.65
2026-07-10,3861.17,3900.60,3987.31,3831.64,6359651,12202036448.00,4.03,0.93,35.79,2.59
2026-07-13,3887.47,3697.91,3900.74,3691.55,6091960,12805980360.00,5.36,-5.20,-202.69,2.48
2026-07-14,3683.55,3703.54,3704.75,3573.05,5373070,10578274557.00,3.56,0.15,5.63,2.19
2026-07-15,3697.89,3671.25,3762.91,3654.92,5535063,10267105464.00,2.92,-0.87,-32.29,2.25
2026-07-16,3645.37,3628.39,3704.00,3601.11,5231405,9278713540.00,2.80,-1.17,-42.86,2.13
2026-07-17,3620.95,3542.48,3683.56,3519.13,7439065,12586712843.00,4.53,-2.37,-85.91,3.03
2026-07-20,3559.19,3499.80,3644.01,3426.51,8461911,14687358252.00,6.14,-1.20,-42.68,3.45
2026-07-21,3514.38,3561.70,3561.70,3335.27,8284283,14398624955.00,6.47,1.77,61.90,3.37
2026-07-22,3539.70,3545.48,3601.08,3525.73,6634002,11745439925.00,2.12,-0.46,-16.22,2.70
2026-07-23,3545.61,3854.50,3860.54,3545.61,11782131,21823099593.00,8.88,8.72,309.02,4.80
2026-07-24,3859.93,3796.41,3872.64,3786.50,14325683,22628319029.00,2.23,-1.51,-58.09,5.83
2026-07-27,3760.91,3946.82,3952.09,3751.33,12981474,20265653382.00,5.29,3.96,150.41,5.29
2026-07-28,3906.01,3858.19,3919.13,3843.98,11167286,17036756634.00,1.90,-2.25,-88.63,4.55
2026-07-29,3834.06,3961.55,3976.42,3809.86,12414634,18571975931.00,4.32,2.68,103.36,5.05