2026-01-05,21.51,22.19,22.40,21.40,11560,25856052.00,4.65,3.16,0.68,1.07
2026-01-06,22.10,22.13,22.29,22.01,7500,16771408.00,1.26,-0.27,-0.06,0.69
2026-01-07,22.13,22.15,22.33,21.92,6634,14874595.00,1.85,0.09,0.02,0.61
2026-01-08,22.20,22.50,22.58,22.15,7339,16637569.00,1.94,1.58,0.35,0.68
2026-01-09,22.49,22.90,22.90,22.41,9144,20962122.00,2.18,1.78,0.40,0.84
2026-01-12,23.02,23.10,23.37,22.82,14036,32829421.00,2.40,0.87,0.20,1.30
2026-01-13,23.11,23.66,24.05,23.11,18860,45183272.00,4.07,2.42,0.56,1.74
2026-01-14,23.44,23.73,24.02,23.35,15438,37085323.00,2.83,0.30,0.07,1.43
2026-01-15,23.74,23.90,24.48,23.48,13517,32839720.00,4.21,0.72,0.17,1.25
2026-01-16,23.94,24.44,24.60,23.73,16193,39559054.00,3.64,2.26,0.54,1.50
2026-01-19,24.62,25.29,25.50,24.26,25770,65311976.00,5.07,3.48,0.85,2.38
2026-01-20,25.29,24.84,25.39,24.65,18532,46647735.00,2.93,-1.78,-0.45,1.71
2026-01-21,24.84,24.84,25.39,24.70,13318,33544302.00,2.78,0.00,0.00,1.23
2026-01-22,25.02,24.93,25.02,24.59,11419,28622404.00,1.73,0.36,0.09,1.06
2026-01-23,24.93,24.86,25.37,24.72,11879,29886829.00,2.61,-0.28,-0.07,1.10
2026-01-26,25.09,25.08,25.34,24.81,14031,35541294.00,2.13,0.88,0.22,1.30
2026-01-27,25.09,25.04,25.29,24.34,17150,43027276.00,3.79,-0.16,-0.04,1.58
2026-01-28,25.04,24.39,25.11,24.34,12078,30007604.00,3.08,-2.60,-0.65,1.12
2026-01-29,24.39,24.16,24.75,23.76,10897,26821225.00,4.06,-0.94,-0.23,1.01
2026-01-30,24.44,24.60,24.78,24.00,11926,29441354.00,3.23,1.82,0.44,1.10
2026-02-02,24.58,24.24,25.13,24.16,17738,44228515.00,3.94,-1.46,-0.36,1.64
2026-02-03,24.36,24.79,24.80,24.32,9125,22665282.00,1.98,2.27,0.55,0.84
2026-02-04,24.84,24.78,25.09,24.42,8781,21944279.00,2.70,-0.04,-0.01,0.81
2026-02-05,24.81,25.92,26.02,24.64,27962,72053755.00,5.57,4.60,1.14,2.58
2026-02-06,25.74,25.28,27.44,25.16,40605,107200640.00,8.80,-2.47,-0.64,3.75
2026-02-09,25.97,25.61,25.97,25.00,25213,64676128.00,3.84,1.31,0.33,2.33
2026-02-10,25.27,26.77,27.51,25.27,28255,75701125.00,8.75,4.53,1.16,2.61
2026-02-11,26.82,26.29,27.03,26.24,17073,45593297.00,2.95,-1.79,-0.48,1.58
2026-02-12,26.59,25.79,26.59,25.74,15072,39442202.00,3.23,-1.90,-0.50,1.39
2026-02-13,25.89,25.77,26.20,25.66,9908,25956774.00,2.09,-0.08,-0.02,0.92
2026-02-24,25.90,25.81,26.03,25.44,9839,25653968.00,2.29,0.16,0.04,0.91
2026-02-25,25.94,25.74,26.21,25.64,10094,26295330.00,2.21,-0.27,-0.07,0.93
2026-02-26,26.13,25.66,26.13,25.44,11258,29217705.00,2.68,-0.31,-0.08,1.04
2026-02-27,25.06,25.24,25.53,24.90,16212,41186590.00,2.46,-1.64,-0.42,1.50
2026-03-02,25.17,24.49,25.88,24.47,21056,53168674.00,5.59,-2.97,-0.75,1.95
2026-03-03,24.56,23.76,24.83,23.67,14482,35460009.00,4.74,-2.98,-0.73,1.34
2026-03-04,23.65,23.06,23.88,22.94,12867,30267406.00,3.96,-2.95,-0.70,1.19
2026-03-05,23.31,23.15,23.70,23.03,9512,22467836.00,2.91,0.39,0.09,0.88
2026-03-06,23.15,24.01,24.08,22.91,10985,26317693.00,5.05,3.71,0.86,1.02
2026-03-09,23.64,23.76,23.96,23.35,11562,27598134.00,2.54,-1.04,-0.25,1.07
2026-03-10,23.83,24.64,24.66,23.83,9977,24590090.00,3.49,3.70,0.88,0.92
2026-03-11,24.71,24.16,24.92,24.12,9240,22838991.00,3.25,-1.95,-0.48,0.85
2026-03-12,24.05,24.03,24.40,23.77,8679,21061982.00,2.61,-0.54,-0.13,0.80
2026-03-13,23.75,23.77,24.21,23.62,8321,20086265.00,2.46,-1.08,-0.26,0.77
2026-03-16,23.27,23.60,24.12,23.27,9000,21596504.00,3.58,-0.72,-0.17,0.83
2026-03-17,23.62,23.16,23.91,23.07,8828,20945227.00,3.56,-1.86,-0.44,0.82
2026-03-18,23.05,23.64,23.73,22.98,9496,22389769.00,3.24,2.07,0.48,0.88
2026-03-19,22.97,22.90,24.13,22.90,13728,32294768.00,5.20,-3.13,-0.74,1.27
2026-03-20,22.91,22.45,23.32,22.45,16299,37561900.00,3.80,-1.97,-0.45,1.51
2026-03-23,22.15,21.77,22.47,21.62,21266,47214386.00,3.79,-3.03,-0.68,1.97
2026-03-24,21.91,22.73,22.86,21.81,19300,43524108.00,4.82,4.41,0.96,1.78
2026-03-25,22.73,23.30,24.23,22.73,14719,35032745.00,6.60,2.51,0.57,1.36
2026-03-26,23.36,23.85,24.10,23.05,19197,45724835.00,4.51,2.36,0.55,1.77
2026-03-27,23.46,25.15,25.29,23.40,28036,69728247.00,7.92,5.45,1.30,2.59
2026-03-30,24.99,26.69,26.92,24.99,38719,101907836.00,7.67,6.12,1.54,3.58
2026-03-31,26.67,27.41,27.78,26.43,43579,120148757.00,5.06,2.70,0.72,4.03
2026-04-01,27.26,27.81,28.32,27.11,38903,108328866.00,4.41,1.46,0.40,3.59
2026-04-02,28.13,27.94,28.13,27.50,27717,77828377.00,2.27,0.47,0.13,2.56
2026-04-03,27.84,27.58,27.90,27.24,19784,55030927.00,2.36,-1.29,-0.36,1.83
2026-04-07,28.10,28.62,30.24,27.35,42199,122650850.00,10.48,3.77,1.04,3.90
2026-04-08,28.62,28.89,29.71,28.61,29010,85000760.00,3.84,0.94,0.27,2.68
2026-04-09,29.00,29.66,29.90,28.63,23883,70833575.00,4.40,2.67,0.77,2.21
2026-04-10,29.65,30.29,30.71,29.14,24976,75442994.00,5.29,2.12,0.63,2.31
2026-04-13,30.32,31.09,31.90,29.73,39132,122110406.00,7.16,2.64,0.80,3.62
2026-04-14,31.07,30.70,31.33,30.25,24132,74486138.00,3.47,-1.25,-0.39,2.23
2026-04-15,31.33,32.74,33.19,30.79,36210,117415570.00,7.82,6.64,2.04,3.35
2026-04-16,33.04,33.73,33.74,31.39,32209,105198786.00,7.18,3.02,0.99,2.98
2026-04-17,33.74,35.04,37.02,33.66,55812,198918384.00,9.96,3.88,1.31,5.16
2026-04-20,35.04,37.99,38.12,34.04,41681,152224707.00,11.64,8.42,2.95,3.85
2026-04-21,37.99,39.53,39.73,37.29,40116,156344365.00,6.42,4.05,1.54,3.71
2026-04-22,39.51,41.53,41.58,39.35,39401,161491652.00,5.64,5.06,2.00,3.64
2026-04-23,41.84,40.49,42.24,38.72,44536,179302899.00,8.48,-2.50,-1.04,4.12
2026-04-24,39.76,36.74,40.74,36.32,53462,201573192.00,10.92,-9.26,-3.75,4.94
2026-04-27,36.05,34.81,36.16,32.46,55133,190025574.00,10.07,-5.25,-1.93,5.09
2026-04-28,34.39,34.52,36.10,34.30,28305,100145273.00,5.17,-0.83,-0.29,2.62
2026-04-29,34.40,34.99,35.71,34.18,24284,85776741.00,4.43,1.36,0.47,2.24
2026-04-30,33.75,34.94,36.52,33.75,22981,80873932.00,7.92,-0.14,-0.05,2.12
2026-05-06,35.64,35.09,36.30,34.55,22019,78623015.00,5.01,0.43,0.15,2.03
2026-05-07,34.93,35.74,36.03,34.84,19268,68928955.00,3.39,1.85,0.65,1.78
2026-05-08,36.22,36.68,38.02,34.89,35167,130531113.00,8.76,2.63,0.94,3.25
2026-05-11,36.97,38.83,38.88,36.65,33175,127034348.00,6.08,5.86,2.15,3.07
2026-05-12,38.83,39.72,39.74,37.34,31845,122733820.00,6.18,2.29,0.89,2.94
2026-05-13,39.55,37.55,39.55,36.64,40296,152019825.00,7.33,-5.46,-2.17,3.72
2026-05-14,37.55,39.11,42.74,37.54,53673,214857824.00,13.85,4.15,1.56,4.96
2026-05-15,39.90,38.74,40.35,38.09,23964,93388495.00,5.78,-0.95,-0.37,2.21
2026-05-18,39.13,39.87,40.14,38.35,23580,93369295.00,4.62,2.92,1.13,2.18
2026-05-19,40.67,39.54,40.67,37.84,23142,90111001.00,7.10,-0.83,-0.33,2.14
2026-05-20,38.63,41.18,42.74,38.63,24058,98144530.00,10.39,4.15,1.64,2.22
2026-05-21,41.18,39.64,41.81,39.64,19310,79182530.00,5.27,-3.74,-1.54,1.78
2026-05-22,39.75,39.32,41.49,37.75,17272,68415317.00,9.43,-0.81,-0.32,1.60
2026-05-25,40.11,38.38,40.15,37.14,23305,89768913.00,7.66,-2.39,-0.94,2.15
2026-05-26,38.35,36.66,38.35,35.86,19518,72131821.00,6.49,-4.48,-1.72,1.80
2026-05-27,37.13,36.24,37.62,36.05,15177,55822150.00,4.28,-1.15,-0.42,1.40
2026-05-28,36.07,36.60,37.02,35.82,9834,36055399.00,3.31,0.99,0.36,0.91
2026-05-29,36.49,35.13,37.31,35.00,16873,60196763.00,6.31,-4.02,-1.47,1.56
2026-06-01,35.66,35.47,36.35,34.50,11403,40783621.00,5.27,0.97,0.34,1.05
2026-06-02,35.42,36.06,36.52,34.51,13877,49348710.00,5.67,1.66,0.59,1.28
2026-06-03,36.36,36.49,37.10,35.71,13658,49762269.00,3.85,1.19,0.43,1.26
2026-06-04,36.48,36.50,37.22,35.08,15691,56238732.00,5.86,0.03,0.01,1.45
2026-06-05,36.49,36.52,37.12,35.55,13476,48971822.00,4.30,0.05,0.02,1.25
2026-06-08,36.11,37.77,40.50,33.30,27972,106931748.00,19.72,3.42,1.25,2.58
2026-06-09,37.87,38.00,39.50,36.68,25683,97289795.00,7.47,0.61,0.23,2.37
2026-06-10,38.31,38.47,38.90,37.10,13656,51941267.00,4.74,1.24,0.47,1.26
2026-06-11,38.30,37.53,39.00,37.16,12071,45958772.00,4.78,-2.44,-0.94,1.12
2026-06-12,37.80,45.04,45.04,36.75,55288,231793848.00,22.09,20.01,7.51,5.11
2026-06-15,45.00,46.25,48.84,43.60,52615,240101077.00,11.63,2.69,1.21,4.86
2026-06-16,46.02,44.31,46.25,42.18,43092,188271656.00,8.80,-4.19,-1.94,3.98
2026-06-17,44.03,47.68,49.27,42.25,72167,335330929.00,15.84,7.61,3.37,6.67
2026-06-18,47.14,47.73,48.50,45.08,36081,170413594.00,7.17,0.10,0.05,3.33
2026-06-22,47.59,44.87,47.89,43.50,37510,167103794.00,9.20,-5.99,-2.86,3.47
2026-06-23,44.42,44.56,45.60,43.86,20563,91990428.00,3.88,-0.69,-0.31,1.90
2026-06-24,44.12,45.79,46.53,42.80,27771,125666646.00,8.37,2.76,1.23,2.57
2026-06-25,45.15,44.20,45.78,43.48,19325,85274481.00,5.02,-3.47,-1.59,1.79
2026-06-26,43.92,43.54,45.18,43.13,13859,60942693.00,4.64,-1.49,-0.66,1.28