2026-01-05,88.11,86.89,89.03,84.62,24830,300559024.00,5.01,-1.38,-1.22,4.94
2026-01-06,90.20,92.86,93.74,88.74,44005,566237826.00,5.75,6.87,5.97,8.76
2026-01-07,91.90,98.32,99.75,88.44,48107,627604922.00,12.18,5.88,5.46,9.57
2026-01-08,96.89,95.64,98.68,95.00,26222,355360186.00,3.74,-2.73,-2.68,5.22
2026-01-09,95.46,99.81,105.46,95.01,38526,545908113.00,10.93,4.36,4.17,7.67
2026-01-12,101.75,98.37,103.24,96.75,30221,422626167.00,6.50,-1.44,-1.44,6.01
2026-01-13,98.52,99.68,105.46,94.84,31842,451325149.00,10.80,1.33,1.31,6.34
2026-01-14,98.39,93.32,101.16,91.36,38816,519217377.00,9.83,-6.38,-6.36,7.72
2026-01-15,91.89,100.46,106.75,91.89,41546,582339766.00,15.92,7.65,7.14,8.27
2026-01-16,100.46,111.18,113.54,100.46,44379,672441754.00,13.02,10.67,10.72,8.83
2026-01-19,112.89,109.82,114.68,108.86,29280,458390145.00,5.23,-1.22,-1.36,5.83
2026-01-20,109.98,102.32,110.21,101.61,32300,474572630.00,7.83,-6.83,-7.50,6.43
2026-01-21,102.41,103.32,108.55,101.53,30168,441988039.00,6.86,0.98,1.00,6.00
2026-01-22,102.42,106.89,110.45,99.88,32805,491399430.00,10.23,3.46,3.57,6.53
2026-01-23,106.36,103.46,108.31,102.64,23765,347770009.00,5.30,-3.21,-3.43,4.73
2026-01-26,102.81,97.56,106.09,96.89,30741,429487627.00,8.89,-5.70,-5.90,6.12
2026-01-27,99.19,98.39,99.75,94.40,20415,278108547.00,5.48,0.85,0.83,4.06
2026-01-28,97.99,99.87,103.00,96.89,23582,330970292.00,6.21,1.50,1.48,4.69
2026-01-29,99.42,96.03,100.41,95.49,20223,277454246.00,4.93,-3.84,-3.84,4.02
2026-01-30,95.78,98.02,101.16,94.31,16536,226841097.00,7.13,2.07,1.99,3.29
2026-02-02,97.93,93.81,98.96,93.68,20269,273014323.00,5.39,-4.30,-4.21,4.03
2026-02-03,96.16,96.89,96.89,93.11,15806,211425563.00,4.03,3.28,3.08,3.14
2026-02-04,95.99,102.20,102.21,95.86,26680,372623534.00,6.55,5.48,5.31,5.31
2026-02-05,103.27,100.31,104.26,97.89,23616,334191521.00,6.23,-1.85,-1.89,4.70
2026-02-06,99.39,100.05,104.18,95.22,27532,387366501.00,8.93,-0.26,-0.26,5.48
2026-02-09,100.79,108.81,111.16,96.87,51114,758656292.00,14.28,8.76,8.76,10.17
2026-02-10,108.79,112.11,116.66,107.63,45036,712483234.00,8.30,3.03,3.30,8.96
2026-02-11,110.81,107.03,111.89,103.32,44665,670927629.00,7.64,-4.53,-5.08,8.89
2026-02-12,107.26,105.18,113.24,104.40,44375,680912682.00,8.26,-1.73,-1.85,8.83
2026-02-13,105.23,103.39,107.34,102.78,29123,427879223.00,4.34,-1.70,-1.79,5.79
2026-02-24,104.91,102.11,105.34,98.52,24119,343053572.00,6.60,-1.24,-1.28,4.80
2026-02-25,102.04,108.06,108.11,99.43,23142,340434156.00,8.50,5.83,5.95,4.60
2026-02-26,106.89,107.45,108.86,105.65,19666,295638070.00,2.97,-0.56,-0.61,3.91
2026-02-27,106.51,101.39,106.84,100.14,26852,388003734.00,6.24,-5.64,-6.06,5.34
2026-03-02,98.78,101.25,104.45,97.61,24021,340108490.00,6.75,-0.14,-0.14,4.78
2026-03-03,103.32,96.62,103.64,96.46,23274,323950062.00,7.09,-4.57,-4.63,4.63
2026-03-04,95.36,92.94,97.46,92.61,22393,297671187.00,5.02,-3.81,-3.68,4.46
2026-03-05,94.81,91.54,95.31,91.31,21328,277195555.00,4.30,-1.51,-1.40,4.24
2026-03-06,91.38,93.41,95.11,90.11,21240,277349758.00,5.46,2.04,1.87,4.23
2026-03-09,91.01,90.46,91.29,86.59,20216,252194025.00,5.03,-3.16,-2.95,4.02
2026-03-10,92.61,99.91,100.51,91.74,35892,487380015.00,9.69,10.45,9.45,7.14
2026-03-11,99.96,98.88,101.64,98.32,22474,314600073.00,3.32,-1.03,-1.03,4.47
2026-03-12,98.29,97.53,99.65,95.89,14246,194599439.00,3.80,-1.37,-1.35,2.83
2026-03-13,96.89,97.05,100.00,95.33,16368,226037406.00,4.79,-0.49,-0.48,3.26
2026-03-16,96.88,100.68,100.86,96.19,19419,270107930.00,4.81,3.74,3.63,3.86
2026-03-17,100.83,98.84,104.02,98.64,21650,307701272.00,5.34,-1.83,-1.84,4.31
2026-03-18,99.55,99.42,101.69,98.32,13168,184203763.00,3.41,0.59,0.58,2.62
2026-03-19,97.42,94.02,99.39,93.54,20275,270909726.00,5.88,-5.43,-5.40,4.03
2026-03-20,94.32,92.60,97.74,92.60,14551,194949930.00,5.47,-1.51,-1.42,2.90
2026-03-23,90.92,89.04,93.56,87.05,16807,211708112.00,7.03,-3.84,-3.56,3.34
2026-03-24,91.38,89.46,94.39,86.18,26021,328049414.00,9.22,0.47,0.42,5.18
2026-03-25,88.96,91.99,95.45,88.51,23708,307901211.00,7.76,2.83,2.53,4.72
2026-03-26,92.01,86.98,94.04,85.82,25809,321544564.00,8.94,-5.45,-5.01,5.13
2026-03-27,84.67,89.89,91.18,84.04,21776,271937701.00,8.21,3.35,2.91,4.33
2026-03-30,87.18,90.46,91.15,87.18,11231,140858526.00,4.42,0.63,0.57,2.23
2026-03-31,90.45,87.36,91.14,87.36,12250,152612095.00,4.18,-3.43,-3.10,2.42
2026-04-01,89.75,90.01,93.04,88.54,16053,204317437.00,5.15,3.03,2.65,3.17
2026-04-02,89.69,85.10,89.70,84.76,15055,183208004.00,5.49,-5.45,-4.91,2.97
2026-04-03,85.10,82.16,86.59,82.03,14192,166982215.00,5.36,-3.45,-2.94,2.80
2026-04-07,83.01,81.29,83.68,79.75,14382,164124487.00,4.78,-1.06,-0.87,2.84
2026-04-08,85.18,87.89,88.67,83.76,22301,270730598.00,6.04,8.12,6.60,4.40
2026-04-09,87.01,85.12,87.60,84.91,14169,170540362.00,3.06,-3.15,-2.77,2.80
2026-04-10,85.47,86.52,90.30,85.19,18135,224407010.00,6.00,1.64,1.40,3.58
2026-04-13,85.46,84.27,86.52,82.96,15821,187999989.00,4.11,-2.60,-2.25,3.12
2026-04-14,85.27,89.73,92.61,84.64,29388,368654485.00,9.46,6.48,5.46,5.80
2026-04-15,90.46,89.57,92.82,89.44,19268,247156772.00,3.77,-0.18,-0.16,3.80
2026-04-16,95.17,93.07,95.96,91.19,26069,341053144.00,5.33,3.91,3.50,5.14
2026-04-17,92.13,94.37,96.15,89.99,22928,301800795.00,6.62,1.40,1.30,4.47
2026-04-20,94.86,93.25,96.14,93.04,19353,256490655.00,3.28,-1.19,-1.12,3.77
2026-04-21,95.47,94.85,96.89,92.37,36365,484466537.00,4.85,1.72,1.60,7.08
2026-04-22,92.84,93.14,95.50,92.43,28703,377141292.00,3.24,-1.80,-1.71,5.59
2026-04-23,92.79,89.04,93.04,87.81,27605,347417551.00,5.62,-4.40,-4.10,5.22
2026-04-24,88.04,87.43,90.25,86.46,22225,275781979.00,4.26,-1.81,-1.61,4.20
2026-04-27,87.06,86.18,88.24,85.08,17702,215341392.00,3.61,-1.43,-1.25,3.32
2026-04-28,86.38,83.09,86.63,82.61,16791,197870112.00,4.66,-3.59,-3.09,3.15
2026-04-29,82.96,84.93,87.16,82.61,18906,226263701.00,5.48,2.21,1.84,3.50
2026-04-30,85.04,87.18,88.74,84.46,19447,238453123.00,5.04,2.65,2.25,3.60
2026-05-06,87.97,93.12,98.04,87.48,46436,619705696.00,12.11,6.81,5.94,8.59
2026-05-07,92.61,98.30,99.04,91.26,44581,603865720.00,8.35,5.56,5.18,7.98
2026-05-08,97.82,101.80,102.88,96.89,46442,656447290.00,6.09,3.56,3.50,8.31
2026-05-11,101.70,104.71,106.89,98.33,48459,701099696.00,8.41,2.86,2.91,8.68
2026-05-12,107.77,105.26,108.95,102.96,32623,485834796.00,5.72,0.53,0.55,5.83
2026-05-13,104.66,105.22,107.26,102.68,27376,406500915.00,4.35,-0.04,-0.04,4.90
2026-05-14,106.53,101.57,106.88,100.06,32644,471396534.00,6.48,-3.47,-3.65,5.84
2026-05-15,101.54,106.89,110.46,100.71,40612,605932709.00,9.60,5.24,5.32,7.26
2026-05-18,106.91,108.32,110.68,105.14,38260,582823689.00,5.18,1.34,1.43,6.84
2026-05-19,110.74,112.94,114.46,109.24,35558,559054068.00,4.82,4.27,4.62,6.36
2026-05-20,111.89,116.18,117.41,109.18,35138,558214622.00,7.29,2.87,3.24,6.28
2026-05-21,115.83,113.56,119.53,112.79,45084,735954076.00,5.80,-2.26,-2.62,8.06
2026-05-22,113.40,120.23,121.18,111.89,45599,756002710.00,8.18,5.87,6.67,8.16
2026-05-25,122.61,120.79,123.68,119.04,36630,623438080.00,3.86,0.47,0.56,6.55
2026-05-26,120.09,116.56,123.32,114.75,38782,645241156.00,7.09,-3.50,-4.23,6.94
2026-05-27,117.32,113.82,121.54,112.27,32952,535999376.00,7.95,-2.35,-2.74,5.89
2026-05-28,116.21,110.85,117.28,108.60,50095,558897877.00,7.63,-2.61,-2.97,6.40
2026-05-29,112.55,107.45,114.85,105.50,39929,436338477.00,8.43,-3.07,-3.40,5.10
2026-06-01,106.78,102.28,110.00,101.77,35893,376507849.00,7.66,-4.81,-5.17,4.59
2026-06-02,103.99,101.15,106.22,100.55,29653,305187540.00,5.54,-1.10,-1.13,3.79
2026-06-03,100.55,101.55,104.80,100.20,33371,341737363.00,4.55,0.40,0.40,4.26
2026-06-04,101.50,107.80,110.87,100.66,45059,482793368.00,10.05,6.15,6.25,5.76
2026-06-05,107.00,107.69,112.30,102.70,46704,500977155.00,8.91,-0.10,-0.11,5.97
2026-06-08,104.79,113.10,117.00,104.01,72006,819764764.00,12.06,5.02,5.41,9.20
2026-06-09,113.44,111.00,113.69,106.93,57481,630759368.00,5.98,-1.86,-2.10,7.34
2026-06-10,110.43,104.66,110.43,103.19,36537,386736588.00,6.52,-5.71,-6.34,4.67
2026-06-11,103.15,100.30,104.58,99.01,29571,300553021.00,5.32,-4.17,-4.36,3.78
2026-06-12,101.93,98.28,103.00,96.00,37729,372790952.00,6.98,-2.01,-2.02,4.82
2026-06-15,96.14,100.48,100.91,96.08,35233,349547115.00,4.91,2.24,2.20,4.50
2026-06-16,99.59,99.02,101.57,97.58,38575,383840556.00,3.97,-1.45,-1.46,4.93
2026-06-17,99.54,99.50,102.37,98.13,27316,272511318.00,4.28,0.48,0.48,3.49
2026-06-18,100.00,101.20,104.98,98.50,44692,453868214.00,6.51,1.71,1.70,5.71
2026-06-22,100.19,96.04,100.99,93.90,43842,424573252.00,7.01,-5.10,-5.16,5.60
2026-06-23,95.77,93.65,97.21,92.58,26546,251112961.00,4.82,-2.49,-2.39,3.39
2026-06-24,93.10,95.36,98.82,92.08,30524,293171832.00,7.20,1.83,1.71,3.90
2026-06-25,95.00,93.81,97.99,93.10,26805,254661729.00,5.13,-1.63,-1.55,3.42
2026-06-26,92.91,93.51,96.56,89.60,39025,362534722.96,7.42,-0.32,-0.30,4.99