2026-01-05,42.12,44.96,44.96,42.12,47824,212741596.84,8.21,29.98,10.37,12.94
2026-01-06,58.44,58.44,58.44,58.44,34261,200219063.28,0.00,29.98,13.48,9.27
2026-01-07,66.95,55.69,67.99,53.50,123020,752171675.43,24.79,-4.71,-2.75,33.29
2026-01-08,55.90,56.69,61.64,52.51,100435,578721024.88,16.39,1.80,1.00,27.17
2026-01-09,51.58,50.19,54.70,50.05,82247,428664183.78,8.20,-11.47,-6.50,22.25
2026-01-12,51.55,56.16,59.59,50.18,84946,458784036.21,18.75,11.89,5.97,22.98
2026-01-13,54.00,49.80,55.53,49.68,61652,321254838.57,10.42,-11.32,-6.36,16.68
2026-01-14,49.30,48.71,52.50,47.51,53220,266583574.82,10.02,-2.19,-1.09,14.40
2026-01-15,47.45,45.55,50.08,45.03,42004,197627178.54,10.37,-6.49,-3.16,11.36
2026-01-16,45.55,44.29,46.66,43.88,30133,134500069.24,6.10,-2.77,-1.26,8.15
2026-01-19,45.00,44.35,45.30,43.90,19783,88028305.65,3.16,0.14,0.06,5.35
2026-01-20,44.85,46.45,46.45,44.20,34046,154395666.01,5.07,4.74,2.10,9.21
2026-01-21,46.45,44.86,46.80,44.80,24232,109941149.27,4.31,-3.42,-1.59,6.56
2026-01-22,45.10,45.32,45.93,44.44,20004,90304417.48,3.32,1.03,0.46,5.41
2026-01-23,47.80,46.52,48.68,46.34,36999,174509634.12,5.16,2.65,1.20,10.01
2026-01-26,45.12,43.09,46.00,43.00,32374,143005701.46,6.45,-7.37,-3.43,8.76
2026-01-27,43.00,44.00,44.48,41.71,22983,98723798.46,6.43,2.11,0.91,6.06
2026-01-28,44.00,42.40,44.43,42.40,16133,69553277.13,4.61,-3.64,-1.60,4.25
2026-01-29,42.20,43.04,44.85,41.80,25069,109236620.84,7.19,1.51,0.64,6.61
2026-01-30,42.44,41.99,42.77,41.12,19301,80487437.19,3.83,-2.44,-1.05,5.09
2026-02-02,41.51,40.53,42.43,40.30,15083,62292510.92,5.07,-3.48,-1.46,3.98
2026-02-03,41.00,41.31,41.53,40.63,14426,59474562.02,2.22,1.92,0.78,3.80
2026-02-04,41.35,41.74,43.10,40.50,24348,101784645.44,6.29,1.04,0.43,6.42
2026-02-05,41.40,42.60,42.85,40.36,28197,117882610.63,5.97,2.06,0.86,7.43
2026-02-06,42.01,41.04,42.29,40.68,19615,80883490.28,3.78,-3.66,-1.56,5.17
2026-02-09,41.84,42.75,43.90,41.15,29507,125678221.72,6.70,4.17,1.71,7.78
2026-02-10,42.92,43.18,43.25,42.03,17192,73061960.28,2.85,1.01,0.43,4.53
2026-02-11,43.18,41.90,43.55,41.70,16904,72094068.63,4.28,-2.96,-1.28,4.46
2026-02-12,41.70,42.06,42.92,41.50,14621,61801634.82,3.39,0.38,0.16,3.85
2026-02-13,42.01,43.29,43.95,41.80,24159,104533386.64,5.11,2.92,1.23,6.37
2026-02-24,43.06,41.87,43.06,41.60,17396,73094904.99,3.37,-3.28,-1.42,4.59
2026-02-25,41.63,42.16,42.79,41.61,10525,44498480.98,2.82,0.69,0.29,2.78
2026-02-26,42.11,41.34,42.16,41.31,9882,41148183.60,2.02,-1.94,-0.82,2.61
2026-02-27,41.88,43.26,43.27,41.33,22880,96971169.34,4.69,4.64,1.92,6.03
2026-03-02,42.66,42.28,43.16,41.51,17648,74478052.49,3.81,-2.27,-0.98,4.65
2026-03-03,42.88,38.02,42.88,37.80,25497,101772117.07,12.02,-10.08,-4.26,6.72
2026-03-04,37.00,39.00,39.17,37.00,15146,58551571.06,5.71,2.58,0.98,3.99
2026-03-05,39.57,41.98,45.10,39.38,45985,194787753.80,14.67,7.64,2.98,12.12
2026-03-06,41.44,43.02,45.81,41.10,49373,217842262.74,11.22,2.48,1.04,13.02
2026-03-09,40.86,44.00,44.07,40.76,34290,146134180.64,7.69,2.28,0.98,9.04
2026-03-10,43.85,42.86,44.41,42.47,22612,97351698.40,4.41,-2.59,-1.14,5.96
2026-03-11,43.00,44.38,45.55,42.43,45430,200409260.93,7.28,3.55,1.52,11.98
2026-03-12,43.16,43.54,44.50,42.48,28927,125256755.15,4.55,-1.89,-0.84,7.63
2026-03-13,43.07,46.66,47.20,42.40,58474,265669473.49,11.02,7.17,3.12,15.42
2026-03-16,45.01,44.65,48.83,44.53,52190,242393748.09,9.22,-4.31,-2.01,13.76
2026-03-17,44.25,42.27,45.42,42.27,29825,130869468.01,7.05,-5.33,-2.38,7.86
2026-03-18,42.20,41.73,43.49,41.00,23942,100648671.04,5.89,-1.28,-0.54,6.31
2026-03-19,40.89,40.46,41.38,40.04,18346,74139392.70,3.21,-3.04,-1.27,4.84
2026-03-20,40.30,38.63,41.09,38.63,16138,64253860.00,6.08,-4.52,-1.83,4.26
2026-03-23,37.22,35.78,38.52,35.65,17665,65281516.25,7.43,-7.38,-2.85,4.66
2026-03-24,36.33,37.18,37.88,36.33,16317,60311286.41,4.33,3.91,1.40,4.30
2026-03-25,37.40,37.33,37.77,36.70,14720,54911614.23,2.88,0.40,0.15,3.88
2026-03-26,37.72,36.68,38.29,36.21,13165,48959651.59,5.57,-1.74,-0.65,3.47
2026-03-27,36.02,37.12,37.35,35.82,9660,35531263.77,4.17,1.20,0.44,2.55
2026-03-30,36.24,36.68,36.99,36.15,8901,32604693.84,2.26,-1.19,-0.44,2.35
2026-03-31,36.68,35.11,37.18,35.03,12958,46848826.58,5.86,-4.28,-1.57,3.42
2026-04-01,35.99,36.15,36.46,35.40,11735,42240794.84,3.02,2.96,1.04,3.09
2026-04-02,37.85,36.02,38.30,35.87,24006,89387137.17,6.72,-0.36,-0.13,6.33
2026-04-03,35.68,33.96,36.32,33.84,18680,64845302.50,6.89,-5.72,-2.06,4.93
2026-04-07,34.18,33.93,34.48,33.70,7981,27258805.21,2.30,-0.09,-0.03,2.10
2026-04-08,34.78,36.08,36.16,34.55,15716,56034475.92,4.75,6.34,2.15,4.14
2026-04-09,35.64,35.21,35.77,35.02,9751,34459718.63,2.08,-2.41,-0.87,2.57
2026-04-10,35.88,35.18,35.88,35.11,9623,34178939.91,2.19,-0.09,-0.03,2.54
2026-04-13,35.00,34.75,35.27,34.46,7137,24860737.91,2.30,-1.22,-0.43,1.88
2026-04-14,34.96,35.01,35.35,34.77,7791,27280436.24,1.67,0.75,0.26,2.05
2026-04-15,35.23,34.72,35.80,34.70,9526,33354685.11,3.14,-0.83,-0.29,2.51
2026-04-16,34.84,34.35,34.84,34.02,10087,34525326.62,2.36,-1.07,-0.37,2.66
2026-04-17,34.35,35.39,35.51,33.33,21635,74460917.75,6.35,3.03,1.04,5.70
2026-04-20,35.18,35.87,36.37,34.92,16553,59352101.11,4.10,1.36,0.48,4.36
2026-04-21,35.20,35.14,36.60,34.49,20530,72355225.20,5.88,-2.04,-0.73,5.41
2026-04-22,34.97,35.19,35.34,34.45,9979,34992945.32,2.53,0.14,0.05,2.63
2026-04-23,35.10,33.87,36.16,33.75,14426,49968935.80,6.85,-3.75,-1.32,3.80
2026-04-24,33.49,32.73,33.62,32.40,11598,38088466.82,3.60,-3.37,-1.14,3.06
2026-04-27,32.50,32.14,32.88,31.91,8975,28897384.66,2.96,-1.80,-0.59,2.37
2026-04-28,32.01,31.06,32.46,31.02,9039,28614304.99,4.48,-3.36,-1.08,2.38
2026-04-29,31.40,31.58,31.78,31.08,6911,21828723.99,2.25,1.67,0.52,1.82
2026-04-30,31.98,32.93,33.50,31.67,10731,35118748.04,5.79,4.27,1.35,2.83
2026-05-06,32.94,33.78,34.60,32.70,13209,44479740.69,5.77,2.58,0.85,3.48
2026-05-07,33.80,34.25,34.99,33.52,12397,42552633.87,4.35,1.39,0.47,3.27
2026-05-08,34.95,34.90,35.10,34.21,14709,51092234.02,2.60,1.90,0.65,3.88
2026-05-11,34.56,34.20,34.58,34.04,13232,45314814.59,1.55,-2.01,-0.70,3.49
2026-05-12,34.04,33.56,34.79,33.30,9738,33044319.40,4.36,-1.87,-0.64,2.57
2026-05-13,33.49,33.80,34.30,33.30,8649,29236520.72,2.98,0.72,0.24,2.28
2026-05-14,33.79,32.36,34.28,32.10,9954,33014474.38,6.45,-4.26,-1.44,2.62
2026-05-15,32.36,32.66,33.28,32.23,8247,27051337.91,3.24,0.93,0.30,2.17
2026-05-18,32.31,32.20,32.57,31.91,6523,20943616.75,2.02,-1.41,-0.46,1.72
2026-05-19,33.99,35.88,37.36,33.99,43697,158264884.43,10.47,11.43,3.68,11.52
2026-05-20,34.11,33.53,35.33,33.50,31270,107051941.34,5.10,-6.55,-2.35,8.24
2026-05-21,33.10,32.50,34.13,32.21,16586,55221917.06,5.73,-3.07,-1.03,4.37
2026-05-22,33.00,31.91,33.06,31.66,12681,40492565.93,4.31,-1.82,-0.59,3.34
2026-05-25,31.91,31.99,32.29,31.32,8875,28060196.65,3.04,0.25,0.08,2.34
2026-05-26,31.73,29.92,31.73,29.48,15237,46021104.48,7.03,-6.47,-2.07,4.02
2026-05-27,29.00,24.61,29.24,23.99,43207,112537370.31,17.55,-17.75,-5.31,11.39
2026-05-28,24.69,24.86,25.18,23.99,17932,44025900.10,4.84,1.02,0.25,4.73
2026-05-29,24.86,24.33,25.32,24.33,12360,30689327.72,3.98,-2.13,-0.53,3.26
2026-06-01,24.57,25.48,25.86,24.50,15071,38391033.46,5.59,4.73,1.15,3.97
2026-06-02,25.90,26.01,26.16,25.21,11527,29726773.55,3.73,2.08,0.53,3.04
2026-06-03,25.76,25.90,26.44,25.49,10426,27096095.25,3.65,-0.42,-0.11,2.75
2026-06-04,25.56,24.95,25.90,24.67,9435,23594904.27,4.75,-3.67,-0.95,2.49
2026-06-05,24.80,25.44,26.29,24.36,11958,30403056.64,7.74,1.96,0.49,3.15
2026-06-08,25.81,26.10,27.48,25.11,22158,58125996.81,9.32,2.59,0.66,5.84
2026-06-09,25.75,25.88,26.51,25.20,14151,36387399.28,5.02,-0.84,-0.22,3.73
2026-06-10,25.14,24.50,25.74,24.40,10851,26994407.00,5.18,-5.33,-1.38,2.86
2026-06-11,24.45,23.02,24.45,23.00,11383,26535802.52,5.92,-6.04,-1.48,3.00
2026-06-12,23.71,23.61,23.88,22.85,8631,20356590.16,4.47,2.56,0.59,2.28
2026-06-15,23.64,23.77,24.38,23.64,7303,17487975.67,3.13,0.68,0.16,1.93
2026-06-16,23.81,23.58,24.18,23.34,8132,19305981.38,3.53,-0.80,-0.19,2.14
2026-06-17,23.64,23.38,23.94,23.02,7057,16626058.70,3.90,-0.85,-0.20,1.86
2026-06-18,23.60,23.22,25.01,23.05,12707,30290046.76,8.38,-0.68,-0.16,3.35
2026-06-22,22.91,24.00,24.05,22.10,16167,37024192.92,8.40,3.36,0.78,4.26
2026-06-23,24.09,24.42,25.66,23.64,15975,39702913.72,8.42,1.75,0.42,4.21
2026-06-24,25.49,27.29,29.46,25.30,48235,134155224.12,17.04,11.75,2.87,12.72
2026-06-25,25.75,25.80,26.30,24.88,37280,94140560.88,5.20,-5.46,-1.49,9.83
2026-06-26,25.09,22.74,25.47,22.60,25911,61566969.46,11.12,-11.86,-3.06,6.83
2026-06-29,22.99,23.65,23.86,21.42,23340,53446690.25,10.73,4.00,0.91,6.15