2026-01-05,6.21,6.19,6.28,6.17,89908,55905120.00,1.77,-0.32,-0.02,2.50
2026-01-06,6.20,6.21,6.31,6.13,94456,58875244.00,2.91,0.32,0.02,2.62
2026-01-07,6.22,6.11,6.27,6.10,83986,51736757.00,2.74,-1.61,-0.10,2.33
2026-01-08,6.12,6.22,6.24,6.06,86494,53419786.00,2.95,1.80,0.11,2.40
2026-01-09,6.22,6.22,6.28,6.14,84690,52486813.83,2.25,0.00,0.00,2.35
2026-01-12,6.22,6.29,6.30,6.19,106329,66473580.14,1.77,1.13,0.07,2.95
2026-01-13,6.29,6.24,6.33,6.22,105585,66270264.24,1.75,-0.79,-0.05,2.93
2026-01-14,6.22,6.19,6.28,6.10,127063,78927890.25,2.88,-0.80,-0.05,3.53
2026-01-15,6.16,6.14,6.21,6.11,67915,41739629.17,1.62,-0.81,-0.05,1.89
2026-01-16,6.15,6.08,6.19,6.04,82555,50342523.00,2.44,-0.98,-0.06,2.29
2026-01-19,6.07,6.30,6.32,6.06,103247,64253424.20,4.28,3.62,0.22,2.87
2026-01-20,6.33,6.38,6.39,6.26,95369,60570242.00,2.06,1.27,0.08,2.65
2026-01-21,6.33,6.46,6.48,6.31,93574,60006732.00,2.66,1.25,0.08,2.60
2026-01-22,6.50,6.55,6.56,6.43,82922,54026637.19,2.01,1.39,0.09,2.30
2026-01-23,6.54,6.54,6.56,6.47,86349,56312670.48,1.37,-0.15,-0.01,2.40
2026-01-26,6.55,6.55,6.61,6.48,113855,74409167.41,1.99,0.15,0.01,3.16
2026-01-27,6.55,6.60,6.81,6.36,155850,102106650.00,6.87,0.76,0.05,4.33
2026-01-28,6.56,6.49,6.61,6.47,136263,88788725.53,2.12,-1.67,-0.11,3.79
2026-01-29,6.49,6.48,6.60,6.42,96669,62985676.00,2.77,-0.15,-0.01,2.69
2026-01-30,6.43,6.52,6.55,6.36,111035,71834052.00,2.93,0.62,0.04,3.08
2026-02-02,6.55,6.37,6.56,6.37,105234,68275761.44,2.91,-2.30,-0.15,2.92
2026-02-03,6.43,6.50,6.53,6.38,96453,62470474.00,2.35,2.04,0.13,2.68
2026-02-04,6.53,6.66,6.68,6.50,109536,72620351.00,2.77,2.46,0.16,3.04
2026-02-05,6.68,6.60,6.70,6.60,89357,59442419.00,1.50,-0.90,-0.06,2.48
2026-02-06,6.59,6.56,6.67,6.55,74879,49564488.00,1.82,-0.61,-0.04,2.08
2026-02-09,6.64,6.61,6.68,6.59,78910,52298731.61,1.37,0.76,0.05,2.19
2026-02-10,6.67,6.60,6.68,6.58,90097,59686800.00,1.51,-0.15,-0.01,2.50
2026-02-11,6.61,6.63,6.68,6.58,65502,43479766.86,1.52,0.45,0.03,1.82
2026-02-12,6.62,6.49,6.64,6.48,72230,47316995.00,2.41,-2.11,-0.14,2.01
2026-02-13,6.50,6.41,6.53,6.39,57721,37303174.00,2.16,-1.23,-0.08,1.60
2026-02-24,6.45,6.59,6.59,6.45,84232,55053269.09,2.18,2.81,0.18,2.34
2026-02-25,6.60,6.62,6.72,6.59,74906,49881094.29,1.97,0.46,0.03,2.08
2026-02-26,6.62,6.55,6.66,6.53,67206,44165093.54,1.96,-1.06,-0.07,1.87
2026-02-27,6.50,6.50,6.55,6.45,62716,40705688.12,1.53,-0.76,-0.05,1.74
2026-03-02,6.44,6.28,6.52,6.22,110649,70115869.94,4.62,-3.38,-0.22,3.07
2026-03-03,6.32,6.19,6.39,6.19,99150,62442749.00,3.18,-1.43,-0.09,2.75
2026-03-04,6.15,6.16,6.26,6.11,79160,48881734.00,2.42,-0.48,-0.03,2.20
2026-03-05,6.26,6.25,6.35,6.21,72434,45441496.00,2.27,1.46,0.09,2.01
2026-03-06,6.23,6.48,6.49,6.20,122942,78555994.00,4.64,3.68,0.23,3.42
2026-03-09,6.48,6.39,6.52,6.34,82951,53101304.38,2.78,-1.39,-0.09,2.30
2026-03-10,6.45,6.54,6.54,6.40,69923,45417479.00,2.19,2.35,0.15,1.94
2026-03-11,6.57,6.45,6.57,6.43,72229,46703170.30,2.14,-1.38,-0.09,2.01
2026-03-12,6.48,6.35,6.49,6.32,72882,46592441.00,2.64,-1.55,-0.10,2.02
2026-03-13,6.35,6.37,6.50,6.33,81288,52137007.00,2.68,0.31,0.02,2.26
2026-03-16,6.37,6.35,6.47,6.30,81134,51663184.00,2.67,-0.31,-0.02,2.25
2026-03-17,6.37,6.26,6.43,6.25,70864,44873237.29,2.83,-1.42,-0.09,1.97
2026-03-18,6.26,6.32,6.33,6.20,58588,36618852.10,2.08,0.96,0.06,1.63
2026-03-19,6.28,6.11,6.32,6.06,75081,46424955.97,4.11,-3.32,-0.21,2.09
2026-03-20,6.11,5.87,6.18,5.86,98157,58578448.99,5.24,-3.93,-0.24,2.73
2026-03-23,5.80,5.44,5.82,5.40,127352,71405964.56,7.16,-7.33,-0.43,3.54
2026-03-24,5.70,5.79,5.80,5.49,130300,73632816.48,5.70,6.43,0.35,3.62
2026-03-25,5.80,5.93,5.95,5.78,68150,40137644.32,2.94,2.42,0.14,1.89
2026-03-26,5.89,5.86,6.02,5.82,55290,32571031.00,3.37,-1.18,-0.07,1.54
2026-03-27,5.79,5.97,5.99,5.79,62393,36968619.52,3.41,1.88,0.11,1.73
2026-03-30,5.73,6.03,6.05,5.73,151542,89873306.00,5.36,1.01,0.06,4.21
2026-03-31,6.04,5.96,6.25,5.95,109888,66962636.46,4.98,-1.16,-0.07,3.05
2026-04-01,6.10,5.95,6.15,5.90,83837,50229795.06,4.19,-0.17,-0.01,2.33
2026-04-02,6.00,5.89,6.02,5.79,79363,46724048.36,3.87,-1.01,-0.06,2.20
2026-04-03,5.89,5.52,5.89,5.50,116755,65430251.74,6.62,-6.28,-0.37,3.24
2026-04-07,5.54,5.76,5.78,5.42,119893,68250756.00,6.52,4.35,0.24,3.33
2026-04-08,5.88,5.88,5.92,5.81,97262,57154807.00,1.91,2.08,0.12,2.70
2026-04-09,5.89,5.77,5.90,5.74,80891,46925247.00,2.72,-1.87,-0.11,2.25
2026-04-10,5.79,5.88,5.93,5.79,79315,46611132.00,2.43,1.91,0.11,2.20
2026-04-13,5.90,5.90,5.90,5.76,75394,44035275.30,2.38,0.34,0.02,2.09
2026-04-14,6.00,5.84,6.00,5.75,87213,50791845.04,4.24,-1.02,-0.06,2.42
2026-04-15,5.86,5.71,5.87,5.71,70609,40700740.00,2.74,-2.23,-0.13,1.96
2026-04-16,5.76,5.88,5.89,5.68,81538,47326672.72,3.68,2.98,0.17,2.26
2026-04-17,5.85,5.81,5.90,5.80,83991,49010284.00,1.70,-1.19,-0.07,2.33
2026-04-20,5.83,5.86,5.88,5.79,57988,33872430.00,1.55,0.86,0.05,1.61
2026-04-21,5.89,5.86,5.90,5.80,57246,33524084.80,1.71,0.00,0.00,1.59
2026-04-22,5.85,5.90,5.93,5.79,62901,36969076.00,2.39,0.68,0.04,1.75
2026-04-23,5.94,5.88,5.96,5.83,58926,34668953.00,2.20,-0.34,-0.02,1.64
2026-04-24,5.89,5.95,5.98,5.81,72011,42574617.20,2.89,1.19,0.07,2.00
2026-04-27,5.90,6.02,6.05,5.74,106068,62609343.68,5.21,1.18,0.07,2.95
2026-04-28,6.02,6.01,6.06,5.95,75360,45275940.25,1.83,-0.17,-0.01,2.09
2026-04-29,6.03,6.13,6.18,5.96,90369,55321557.24,3.66,2.00,0.12,2.51
2026-04-30,6.08,6.18,6.24,6.08,75159,46506454.75,2.61,0.82,0.05,2.09
2026-05-06,6.18,6.19,6.25,6.12,100541,62253130.66,2.10,0.16,0.01,2.79
2026-05-07,6.22,6.19,6.22,6.14,77172,47702368.00,1.29,0.00,0.00,2.14
2026-05-08,6.20,6.19,6.21,6.13,65713,40528290.00,1.29,0.00,0.00,1.83
2026-05-11,6.20,6.24,6.25,6.14,86916,53940556.00,1.78,0.81,0.05,2.41
2026-05-12,6.25,6.13,6.27,6.08,62150,38224801.38,3.04,-1.76,-0.11,1.73
2026-05-13,6.13,6.07,6.14,6.06,71573,43619339.00,1.31,-0.98,-0.06,1.99
2026-05-14,6.09,6.06,6.13,6.00,65246,39645141.00,2.14,-0.16,-0.01,1.81
2026-05-15,6.05,6.00,6.10,5.94,77508,46715722.00,2.64,-0.99,-0.06,2.15
2026-05-18,5.96,6.12,6.14,5.88,78138,46875240.00,4.33,2.00,0.12,2.17
2026-05-19,6.12,6.10,6.17,5.98,75280,45619959.00,3.10,-0.33,-0.02,2.09
2026-05-20,6.09,5.97,6.09,5.91,66680,39732814.00,2.95,-2.13,-0.13,1.85
2026-05-21,6.04,5.76,6.10,5.74,83416,49611600.12,6.03,-3.52,-0.21,2.32
2026-05-22,5.78,5.96,5.99,5.71,68663,40310159.00,4.86,3.47,0.20,1.91
2026-05-25,5.95,5.86,6.03,5.80,72773,42897790.00,3.86,-1.68,-0.10,2.02
2026-05-26,5.85,5.70,5.86,5.64,80220,45836738.00,3.75,-2.73,-0.16,2.23
2026-05-27,5.73,5.52,5.74,5.46,63385,35192930.00,4.91,-3.16,-0.18,1.76
2026-05-28,5.51,5.62,5.64,5.47,58978,32830146.09,3.08,1.81,0.10,1.64
2026-05-29,5.65,5.55,6.00,5.52,99365,57016918.67,8.54,-1.25,-0.07,2.76
2026-06-01,5.56,5.77,5.92,5.47,138596,80182057.47,8.11,3.96,0.22,3.85
2026-06-02,5.77,5.61,5.89,5.57,86309,48752565.43,5.55,-2.77,-0.16,2.40
2026-06-03,5.60,5.50,5.61,5.45,75838,41793520.00,2.85,-1.96,-0.11,2.11
2026-06-04,5.46,5.40,5.53,5.34,66623,36106783.99,3.45,-1.82,-0.10,1.85
2026-06-05,5.40,5.45,5.55,5.28,80468,43561687.83,5.00,0.93,0.05,2.24
2026-06-08,5.34,5.28,5.50,5.19,77096,41148968.00,5.69,-3.12,-0.17,2.14
2026-06-09,5.31,5.23,5.38,5.18,55731,29241416.60,3.79,-0.95,-0.05,1.55
2026-06-10,5.21,5.18,5.23,5.05,66949,34368319.00,3.44,-0.96,-0.05,1.86
2026-06-11,5.13,5.11,5.18,5.03,47298,24079310.84,2.90,-1.35,-0.07,1.31
2026-06-12,5.23,5.15,5.23,5.05,56567,29204967.20,3.52,0.78,0.04,1.57
2026-06-15,5.20,4.97,5.30,4.93,137540,69608584.00,7.18,-3.50,-0.18,3.82
2026-06-16,4.97,4.89,4.97,4.79,122271,59499581.77,3.62,-1.61,-0.08,3.40
2026-06-17,4.90,4.82,4.92,4.76,99986,48247216.83,3.27,-1.43,-0.07,2.78
2026-06-18,4.79,4.80,4.83,4.70,78243,37327646.00,2.70,-0.41,-0.02,2.17
2026-06-22,4.80,4.82,4.83,4.54,112617,52531724.23,6.04,0.42,0.02,3.13
2026-06-23,4.82,4.93,4.99,4.81,102249,50319949.22,3.73,2.28,0.11,2.84
2026-06-24,4.93,4.67,4.98,4.65,92766,43953250.63,6.69,-5.27,-0.26,2.58
2026-06-25,4.66,4.57,4.69,4.49,77199,35247256.74,4.28,-2.14,-0.10,2.14
2026-06-26,4.55,4.48,4.55,4.39,68253,30538826.00,3.50,-1.97,-0.09,1.90
2026-06-29,4.48,4.46,4.53,4.25,93871,41223720.00,6.25,-0.45,-0.02,2.61