2026-01-05,81.89,87.88,88.56,81.24,29100,351970526.00,8.94,7.31,5.99,3.29
2026-01-06,86.44,88.16,90.74,86.44,27484,341386843.00,4.89,0.32,0.28,3.11
2026-01-07,88.23,89.52,94.45,88.23,35545,457356435.00,7.06,1.54,1.36,4.02
2026-01-08,89.44,88.13,92.72,87.47,22913,288624691.00,5.86,-1.55,-1.39,2.59
2026-01-09,87.14,87.35,88.38,86.59,17133,211053999.00,2.03,-0.89,-0.78,1.94
2026-01-12,88.33,89.28,91.10,86.27,26780,334039778.00,5.53,2.21,1.93,3.03
2026-01-13,88.23,86.16,89.30,85.97,17458,214174125.00,3.73,-3.49,-3.12,1.97
2026-01-14,86.80,97.61,99.32,85.87,47163,618411251.00,15.61,13.29,11.45,5.33
2026-01-15,97.61,93.96,97.61,91.13,27307,359034976.00,6.64,-3.74,-3.65,3.09
2026-01-16,94.46,101.45,103.26,93.74,43605,613181019.00,10.13,7.97,7.49,4.93
2026-01-19,99.98,99.48,101.09,95.06,26795,368043840.00,5.94,-1.94,-1.97,3.03
2026-01-20,98.28,94.26,101.62,93.03,24023,327390767.00,8.63,-5.25,-5.22,2.71
2026-01-21,93.26,97.71,98.24,92.73,19169,258361819.00,5.85,3.66,3.45,2.17
2026-01-22,98.75,102.42,105.91,94.22,33431,469882702.00,11.96,4.82,4.71,3.78
2026-01-23,99.83,99.75,101.62,98.27,17294,242148295.00,3.27,-2.61,-2.67,1.95
2026-01-26,98.75,99.47,104.08,98.25,19835,283651884.00,5.84,-0.28,-0.28,2.24
2026-01-27,101.60,111.11,115.93,100.55,41426,631259417.00,15.46,11.70,11.64,4.68
2026-01-28,113.35,119.48,130.86,113.35,49540,851624035.00,15.76,7.53,8.37,5.60
2026-01-29,120.25,121.36,128.81,120.25,42744,751736291.00,7.16,1.57,1.88,4.83
2026-01-30,121.65,118.43,123.80,115.35,29146,486032403.00,6.96,-2.41,-2.93,3.29
2026-02-02,117.36,105.84,117.93,105.59,38481,588995809.00,10.42,-10.63,-12.59,4.35
2026-02-03,109.39,108.63,112.26,105.92,24717,378760077.00,5.99,2.64,2.79,2.79
2026-02-04,106.62,105.23,106.80,102.91,19249,283325842.00,3.58,-3.13,-3.40,2.17
2026-02-05,103.05,107.84,108.98,102.33,21458,320415201.00,6.32,2.48,2.61,2.42
2026-02-06,103.22,100.68,105.55,100.54,18850,272268883.00,4.65,-6.64,-7.16,2.13
2026-02-09,101.61,100.09,103.97,99.95,17820,253816396.00,3.99,-0.59,-0.59,2.01
2026-02-10,101.91,97.28,102.15,96.84,22262,309013383.00,5.31,-2.81,-2.81,2.52
2026-02-11,97.33,95.96,98.57,95.60,16851,229423414.00,3.05,-1.36,-1.32,1.90
2026-02-12,98.04,99.14,102.04,96.61,25461,357124252.00,5.66,3.31,3.18,2.88
2026-02-13,97.94,98.93,101.24,97.92,17302,243776883.00,3.35,-0.21,-0.21,1.95
2026-02-24,100.81,95.38,100.81,95.10,19392,264297195.00,5.77,-3.59,-3.55,2.19
2026-02-25,95.38,95.74,96.96,93.94,16012,215365969.00,3.17,0.38,0.36,1.81
2026-02-26,95.74,94.97,96.46,93.44,16930,226059474.00,3.15,-0.80,-0.77,1.91
2026-02-27,93.67,95.46,96.14,92.76,12670,169139907.00,3.56,0.52,0.49,1.43
2026-03-02,94.60,93.03,96.27,91.83,14653,192719028.00,4.65,-2.55,-2.43,1.66
2026-03-03,95.17,89.61,95.17,89.20,20786,269245260.00,6.42,-3.68,-3.42,2.35
2026-03-04,87.86,87.73,90.43,87.32,11982,149687212.00,3.47,-2.10,-1.88,1.35
2026-03-05,89.45,91.93,94.57,89.45,23005,300805312.00,5.84,4.79,4.20,2.60
2026-03-06,90.90,93.03,94.25,90.88,15374,200591072.00,3.67,1.20,1.10,1.74
2026-03-09,91.27,90.60,91.27,87.36,17867,225554979.00,4.20,-2.61,-2.43,2.02
2026-03-10,92.31,94.80,95.60,92.25,16749,221867424.00,3.70,4.64,4.20,1.89
2026-03-11,95.05,93.16,96.79,92.94,14285,190157644.00,4.06,-1.73,-1.64,1.61
2026-03-12,92.68,91.67,94.39,90.20,14619,189419070.00,4.50,-1.60,-1.49,1.65
2026-03-13,90.92,89.31,91.55,89.15,9718,123340472.00,2.62,-2.57,-2.36,1.10
2026-03-16,89.31,90.38,90.67,86.27,14571,181816119.00,4.93,1.20,1.07,1.65
2026-03-17,90.74,86.99,90.74,86.59,9699,121104867.00,4.59,-3.75,-3.39,1.10
2026-03-18,87.36,91.47,93.59,87.36,19742,253250139.00,7.16,5.15,4.48,2.23
2026-03-19,89.05,87.95,89.81,87.31,13429,166926002.00,2.73,-3.85,-3.52,1.52
2026-03-20,87.95,86.39,90.59,86.29,13553,168629413.00,4.89,-1.77,-1.56,1.53
2026-03-23,84.44,79.79,85.16,79.30,19223,222077442.00,6.78,-7.64,-6.60,2.17
2026-03-24,81.94,81.42,82.29,78.72,11355,128624221.00,4.47,2.04,1.63,1.28
2026-03-25,81.31,84.79,85.39,81.31,14110,167200568.00,5.01,4.14,3.37,1.59
2026-03-26,85.01,83.13,85.01,82.15,10033,117914348.00,3.37,-1.96,-1.66,1.13
2026-03-27,81.74,87.72,90.52,81.00,21914,268408220.00,11.45,5.52,4.59,2.48
2026-03-30,85.97,92.00,93.44,85.97,25944,330572383.00,8.52,4.88,4.28,2.93
2026-03-31,92.03,88.73,93.21,88.73,17011,217802435.00,4.87,-3.55,-3.27,1.92
2026-04-01,90.88,91.60,94.39,89.81,20566,266487285.00,5.16,3.23,2.87,2.32
2026-04-02,90.74,89.14,90.74,87.37,14279,179049986.00,3.68,-2.69,-2.46,1.61
2026-04-03,90.54,91.16,93.51,89.36,17361,223096510.00,4.66,2.27,2.02,1.96
2026-04-07,91.35,93.03,95.31,90.72,18270,239810025.00,5.04,2.05,1.87,2.06
2026-04-08,95.80,95.27,96.31,92.52,25596,341468349.00,4.07,2.41,2.24,2.89
2026-04-09,94.47,98.49,100.37,93.46,25430,350797988.00,7.25,3.38,3.22,2.87
2026-04-10,99.47,100.04,105.44,98.75,25854,372255761.00,6.79,1.57,1.55,2.92
2026-04-13,99.09,102.99,103.65,99.09,20151,289574116.00,4.56,2.95,2.95,2.28
2026-04-14,102.90,103.27,106.27,101.99,21122,308902665.00,4.16,0.27,0.28,2.39
2026-04-15,103.27,101.49,105.03,101.18,19169,276971715.00,3.73,-1.72,-1.78,2.17
2026-04-16,100.38,103.89,105.41,99.47,18542,269623497.00,5.85,2.36,2.40,2.10
2026-04-17,104.66,109.06,111.49,103.76,24618,375169247.00,7.44,4.98,5.17,2.78
2026-04-20,108.77,99.18,108.77,97.75,47906,677436031.00,10.10,-9.06,-9.88,5.41
2026-04-21,99.68,111.17,113.76,94.68,63702,931944427.00,19.24,12.09,11.99,7.20
2026-04-22,109.16,108.44,110.59,105.54,49551,749572171.00,4.54,-2.46,-2.73,5.60
2026-04-23,108.47,101.35,109.39,100.76,38640,567053367.00,7.96,-6.54,-7.09,4.37
2026-04-24,103.75,104.05,108.66,103.05,42528,633514431.00,5.54,2.66,2.70,4.81
2026-04-27,104.77,110.27,112.35,102.33,42669,642479643.00,9.63,5.98,6.22,4.82
2026-04-28,107.34,105.25,110.17,103.40,36941,555718344.00,6.14,-4.55,-5.02,4.17
2026-04-29,103.40,103.94,105.13,101.49,19641,286560054.00,3.46,-1.24,-1.31,2.22
2026-04-30,104.49,109.70,111.42,104.49,43119,657688332.00,6.67,5.54,5.76,4.87
2026-05-06,113.06,116.75,122.37,110.92,48127,796208464.00,10.44,6.43,7.05,5.44
2026-05-07,117.36,118.05,120.71,115.22,30485,507588841.00,4.70,1.11,1.30,3.44
2026-05-08,118.12,116.10,119.13,113.95,27264,444773611.00,4.39,-1.65,-1.95,3.08
2026-05-11,119.22,119.70,121.34,115.60,34922,583711055.00,4.94,3.10,3.60,3.95
2026-05-12,118.90,121.65,123.71,115.93,33732,568041296.00,6.50,1.63,1.95,3.81
2026-05-13,116.14,117.53,118.50,115.25,30989,509283103.00,2.67,-3.39,-4.12,3.50
2026-05-14,118.78,133.74,138.82,118.07,70055,1254756859.00,17.66,13.79,16.21,7.92
2026-05-15,134.52,130.95,140.46,128.09,50599,952270473.00,9.25,-2.09,-2.79,5.72
2026-05-18,131.74,137.43,147.96,131.67,52762,1051782467.00,12.44,4.95,6.48,5.96
2026-05-19,136.00,138.22,139.53,130.97,40928,773171036.00,6.23,0.57,0.79,4.62
2026-05-20,142.37,150.37,155.12,141.85,54702,1145164504.00,9.60,8.79,12.15,6.18
2026-05-21,152.20,141.01,153.13,140.26,50459,1047518122.00,8.56,-6.22,-9.36,5.70
2026-05-22,142.75,146.03,154.48,141.69,45911,958171168.00,9.07,3.56,5.02,5.19
2026-05-25,146.07,165.80,174.52,146.04,51993,1193401708.00,19.50,13.54,19.77,5.87
2026-05-26,162.78,156.71,163.76,149.54,48116,1050365623.00,8.58,-5.48,-9.09,5.44
2026-05-27,159.58,169.24,178.00,159.58,58409,1385888502.00,11.75,8.00,12.53,6.60
2026-05-28,164.70,172.53,174.60,161.01,38090,904507268.00,8.03,1.94,3.29,4.30
2026-05-29,170.45,155.28,175.47,151.70,48749,1095744197.00,13.78,-10.00,-17.25,5.51
2026-06-01,157.43,145.33,160.87,144.91,47977,1024425591.00,10.28,-6.41,-9.95,5.42
2026-06-02,144.55,154.16,156.71,139.61,49662,1040299994.00,11.77,6.08,8.83,5.61
2026-06-03,153.85,151.34,160.00,148.98,41120,892615139.00,7.15,-1.83,-2.82,4.65
2026-06-04,148.13,152.76,156.67,147.41,24552,527506005.00,6.12,0.94,1.42,2.77
2026-06-05,151.22,151.95,161.72,146.02,35026,764998068.00,10.28,-0.53,-0.81,3.96
2026-06-08,136.56,143.69,148.78,136.56,27005,548473350.00,8.04,-5.44,-8.26,3.05
2026-06-09,148.00,172.43,172.43,145.03,53028,866222415.00,19.07,20.00,28.74,4.29
2026-06-10,166.89,175.84,178.00,166.88,64565,1114671007.00,6.45,1.98,3.41,5.23
2026-06-11,175.00,187.68,196.12,172.34,58994,1115372735.00,13.52,6.73,11.84,4.78
2026-06-12,190.00,182.53,191.18,177.53,49188,899776298.00,7.27,-2.74,-5.15,3.98
2026-06-15,187.28,201.02,203.79,180.20,52268,1008917880.00,12.92,10.13,18.49,4.23
2026-06-16,199.00,201.50,206.00,197.25,33629,674498965.00,4.35,0.24,0.48,2.72
2026-06-17,197.00,205.10,212.00,197.00,35303,727015312.00,7.44,1.79,3.60,2.86
2026-06-18,209.90,219.20,220.00,204.50,44230,952452898.00,7.56,6.87,14.10,3.58
2026-06-22,226.00,208.69,226.00,202.00,48816,1030028659.00,10.95,-4.79,-10.51,3.95
2026-06-23,206.66,207.36,216.80,200.00,36891,776647736.00,8.05,-0.64,-1.33,2.99
2026-06-24,206.00,222.10,224.88,202.00,35628,775561959.00,11.03,7.11,14.74,2.88
2026-06-25,219.81,225.58,231.20,212.90,35837,791000726.00,8.24,1.57,3.48,2.90
2026-06-26,222.00,219.79,228.06,213.02,28168,622339272.00,6.67,-2.57,-5.79,2.28
2026-06-29,220.00,208.90,227.68,198.00,50369,1051953632.00,13.50,-4.95,-10.89,4.08