2026-01-05,21.07,20.39,21.07,19.95,920917,1874159969.80,5.19,-5.51,-1.19,15.36
2026-01-06,20.13,20.71,20.97,20.05,831364,1713946573.29,4.51,1.57,0.32,13.86
2026-01-07,20.07,19.45,20.07,19.38,1035145,2036030025.07,3.33,-6.08,-1.26,17.26
2026-01-08,19.27,19.36,19.63,19.15,482105,935718426.52,2.47,-0.46,-0.09,8.04
2026-01-09,19.32,19.84,19.95,19.27,674232,1332787469.72,3.51,2.48,0.48,11.24
2026-01-12,19.86,20.26,20.27,19.77,718628,1446628598.35,2.52,2.12,0.42,11.98
2026-01-13,20.26,19.01,20.30,18.97,791829,1544321394.59,6.56,-6.17,-1.25,13.20
2026-01-14,18.92,19.97,20.47,18.92,1052349,2099014704.78,8.15,5.05,0.96,17.55
2026-01-15,19.81,19.14,19.83,18.98,618753,1189818838.27,4.26,-4.16,-0.83,10.32
2026-01-16,19.14,18.99,19.32,18.85,337667,642929002.65,2.46,-0.78,-0.15,5.63
2026-01-19,18.94,19.05,19.26,18.71,261447,497724929.14,2.90,0.32,0.06,4.36
2026-01-20,19.03,18.56,19.05,18.48,317408,593279467.45,2.99,-2.57,-0.49,5.29
2026-01-21,18.42,18.59,18.70,18.26,209864,389751424.57,2.37,0.16,0.03,3.50
2026-01-22,18.77,18.58,18.93,18.51,197331,368298870.33,2.26,-0.05,-0.01,3.29
2026-01-23,18.52,18.68,18.76,18.51,245151,458033010.25,1.35,0.54,0.10,4.09
2026-01-26,18.58,18.12,18.75,18.04,321192,588246374.24,3.80,-3.00,-0.56,5.36
2026-01-27,18.06,18.20,18.26,17.68,237954,428356955.35,3.20,0.44,0.08,3.97
2026-01-28,18.12,17.95,18.29,17.92,193996,350934841.06,2.03,-1.37,-0.25,3.23
2026-01-29,17.85,17.82,18.12,17.57,197229,353596235.21,3.06,-0.72,-0.13,3.29
2026-01-30,17.77,17.71,17.84,17.49,186880,330611218.10,1.96,-0.62,-0.11,3.12
2026-02-02,17.71,17.61,17.94,17.57,177965,316732521.00,2.09,-0.56,-0.10,2.97
2026-02-03,17.87,17.93,17.95,17.67,188371,336993572.27,1.59,1.82,0.32,3.14
2026-02-04,17.80,18.04,18.22,17.77,210330,379768233.32,2.51,0.61,0.11,3.51
2026-02-05,17.88,18.07,18.14,17.80,169538,306068495.20,1.88,0.17,0.03,2.83
2026-02-06,18.04,18.31,18.50,17.82,304142,555159389.96,3.76,1.33,0.24,5.07
2026-02-09,18.48,18.28,18.51,18.20,244223,448174947.87,1.69,-0.16,-0.03,4.07
2026-02-10,18.22,18.06,18.32,18.03,170687,309608827.52,1.59,-1.20,-0.22,2.85
2026-02-11,18.01,18.37,18.63,17.93,361991,664043631.09,3.88,1.72,0.31,6.04
2026-02-12,18.04,17.88,18.12,17.85,267701,480851701.32,1.47,-2.67,-0.49,4.46
2026-02-13,17.87,17.67,18.05,17.67,166458,298026560.93,2.13,-1.17,-0.21,2.78
2026-02-24,18.00,18.02,18.25,17.83,211790,383007896.99,2.38,1.98,0.35,3.53
2026-02-25,18.03,18.47,18.59,18.02,396909,732780811.10,3.16,2.50,0.45,6.62
2026-02-26,18.93,18.64,19.31,18.57,639472,1214974415.69,4.01,0.92,0.17,10.66
2026-02-27,18.67,18.92,19.26,18.57,435247,826193495.50,3.70,1.50,0.28,7.26
2026-03-02,18.17,17.92,18.35,17.67,458285,823231721.37,3.59,-5.29,-1.00,7.64
2026-03-03,18.00,17.73,18.49,17.68,408428,741956747.55,4.52,-1.06,-0.19,6.81
2026-03-04,17.49,17.27,17.80,17.18,291514,508792451.54,3.50,-2.59,-0.46,4.86
2026-03-05,17.67,17.57,17.97,17.43,296990,525802669.04,3.13,1.74,0.30,4.95
2026-03-06,17.37,17.91,18.02,17.37,243471,433588860.97,3.70,1.94,0.34,4.06
2026-03-09,17.58,17.41,17.60,16.90,342827,591252361.03,3.91,-2.79,-0.50,5.72
2026-03-10,17.59,17.56,17.75,17.30,222266,389817943.96,2.58,0.86,0.15,3.71
2026-03-11,17.56,17.64,17.93,17.55,266264,472858062.68,2.16,0.46,0.08,4.44
2026-03-12,17.57,18.18,18.25,17.53,529644,955468831.98,4.08,3.06,0.54,8.83
2026-03-13,17.89,17.25,17.93,17.16,446562,776125662.09,4.24,-5.12,-0.93,7.45
2026-03-16,17.29,17.58,17.94,17.29,348346,616988007.82,3.77,1.91,0.33,5.81
2026-03-17,17.33,17.03,17.41,16.97,300668,515612397.02,2.50,-3.13,-0.55,5.01
2026-03-18,16.98,16.76,17.03,16.51,237831,398608514.12,3.05,-1.59,-0.27,3.97
2026-03-19,16.39,16.67,16.95,16.37,232904,389935948.49,3.46,-0.54,-0.09,3.88
2026-03-20,16.91,15.97,16.93,15.97,263516,429557703.48,5.76,-4.20,-0.70,4.39
2026-03-23,15.46,15.00,15.62,14.89,287354,440081887.82,4.57,-6.07,-0.97,4.79
2026-03-24,15.25,15.49,15.54,15.00,263947,403664648.79,3.60,3.27,0.49,4.40
2026-03-25,15.57,15.76,15.82,15.55,182280,286745980.51,1.74,1.74,0.27,3.04
2026-03-26,15.71,15.47,15.82,15.38,142695,222642756.39,2.79,-1.84,-0.29,2.38
2026-03-27,15.28,15.74,15.81,15.16,147203,230604966.43,4.20,1.75,0.27,2.45
2026-03-30,15.47,15.68,15.72,15.40,126453,197477227.13,2.03,-0.38,-0.06,2.11
2026-03-31,15.68,15.38,15.79,15.36,139011,216703952.47,2.74,-1.91,-0.30,2.32
2026-04-01,15.68,15.54,15.74,15.44,120230,187169453.11,1.95,1.04,0.16,2.00
2026-04-02,15.46,15.25,15.53,15.16,126783,194630532.15,2.38,-1.87,-0.29,2.11
2026-04-03,15.72,15.10,15.97,15.08,268346,413756318.04,5.84,-0.98,-0.15,4.47
2026-04-07,14.99,15.32,15.55,14.99,267608,412635903.16,3.71,1.46,0.22,4.46
2026-04-08,15.53,15.78,15.84,15.45,305746,479138106.56,2.55,3.00,0.46,5.10
2026-04-09,15.59,15.36,15.69,15.31,200765,310261366.81,2.41,-2.66,-0.42,3.35
2026-04-10,15.42,16.27,16.90,15.34,735867,1196541750.17,10.16,5.92,0.91,12.27
2026-04-13,15.85,15.69,15.93,15.54,472157,742018673.55,2.40,-3.56,-0.58,7.87
2026-04-14,15.81,15.46,15.86,15.32,308675,479330665.47,3.44,-1.47,-0.23,5.15
2026-04-15,15.57,15.21,15.59,15.16,239623,367962489.00,2.78,-1.62,-0.25,4.00
2026-04-16,15.26,15.27,15.36,15.15,185868,284150526.15,1.38,0.39,0.06,3.10
2026-04-17,15.26,15.17,15.32,15.00,197147,299343427.49,2.10,-0.65,-0.10,3.29
2026-04-20,15.13,15.16,15.22,15.09,164001,249190716.86,0.86,-0.07,-0.01,2.73
2026-04-21,15.14,14.83,15.16,14.77,251803,375064755.53,2.57,-2.18,-0.33,4.20
2026-04-22,14.77,14.83,14.87,14.59,159004,235026842.56,1.89,0.00,0.00,2.65
2026-04-23,14.80,14.42,14.84,14.37,228942,332303240.88,3.17,-2.76,-0.41,3.82
2026-04-24,14.32,14.42,14.81,14.27,173842,253357192.42,3.74,0.00,0.00,2.90
2026-04-27,14.13,14.38,14.63,13.52,369966,517376195.97,7.70,-0.28,-0.04,6.17
2026-04-28,14.17,13.95,14.22,13.88,172852,242359098.86,2.36,-2.99,-0.43,2.88
2026-04-29,13.87,14.18,14.27,13.83,151678,215437828.18,3.15,1.65,0.23,2.53
2026-04-30,14.19,14.20,14.39,14.09,135838,193588700.47,2.12,0.14,0.02,2.27
2026-05-06,14.37,15.17,15.62,14.35,890829,1363189356.55,8.94,6.83,0.97,14.85
2026-05-07,15.17,14.75,15.22,14.73,586911,875046381.55,3.23,-2.77,-0.42,9.79
2026-05-08,14.67,14.85,14.95,14.62,239235,355768233.94,2.24,0.68,0.10,3.99
2026-05-11,14.88,14.76,15.01,14.65,226064,334654974.43,2.42,-0.61,-0.09,3.77
2026-05-12,14.76,14.38,14.76,14.34,207687,301371982.40,2.85,-2.57,-0.38,3.46
2026-05-13,14.35,14.30,14.38,14.17,184878,263997887.37,1.46,-0.56,-0.08,3.08
2026-05-14,14.37,13.85,14.38,13.85,210283,295387466.36,3.71,-3.15,-0.45,3.51
2026-05-15,13.85,13.56,13.91,13.51,225386,308540158.07,2.89,-2.09,-0.29,3.76
2026-05-18,13.45,13.65,13.77,13.32,173703,235875734.96,3.32,0.66,0.09,2.90
2026-05-19,13.52,13.72,13.72,13.48,148828,203130689.60,1.76,0.51,0.07,2.48
2026-05-20,13.65,13.76,13.86,13.50,182864,251466301.62,2.62,0.29,0.04,3.05
2026-05-21,13.77,13.22,13.87,13.20,210268,285736237.60,4.87,-3.92,-0.54,3.51
2026-05-22,13.46,13.14,13.50,13.03,163959,216407572.51,3.56,-0.61,-0.08,2.73
2026-05-25,13.29,12.88,13.90,12.79,434297,580842372.38,8.45,-1.98,-0.26,7.24
2026-05-26,12.90,12.92,13.21,12.62,245645,316507246.18,4.58,0.31,0.04,4.10
2026-05-27,12.80,12.43,12.93,12.30,237635,298141038.43,4.88,-3.79,-0.49,3.96
2026-05-28,12.39,12.41,12.49,12.01,237446,291605908.13,3.86,-0.16,-0.02,3.96
2026-05-29,12.39,11.94,12.45,11.90,212944,258268000.96,4.43,-3.79,-0.47,3.55
2026-06-01,11.87,12.16,12.46,11.86,295000,361321114.23,5.03,1.84,0.22,4.92
2026-06-02,12.14,11.79,12.23,11.65,219428,260021987.87,4.77,-3.04,-0.37,3.66
2026-06-03,11.83,11.79,12.11,11.69,199251,237740253.06,3.56,0.00,0.00,3.32
2026-06-04,11.68,11.74,12.01,11.62,160011,189270693.93,3.31,-0.42,-0.05,2.67
2026-06-05,11.73,11.80,11.99,11.64,221186,262745916.51,2.98,0.51,0.06,3.69
2026-06-08,11.54,11.30,11.85,11.09,220595,252796600.06,6.44,-4.24,-0.50,3.68
2026-06-09,11.38,11.30,11.42,11.09,219998,247940888.98,2.92,0.00,0.00,3.67
2026-06-10,11.19,11.31,11.49,11.15,219611,248855434.98,3.01,0.09,0.01,3.66
2026-06-11,11.20,11.11,11.29,10.92,212224,234603224.66,3.27,-1.77,-0.20,3.54
2026-06-12,11.33,11.33,11.49,11.09,239697,272349270.95,3.60,1.98,0.22,4.00
2026-06-15,11.41,11.55,11.68,11.31,198911,229755889.72,3.27,1.94,0.22,3.32
2026-06-16,11.48,11.60,11.69,11.37,171133,198025995.89,2.77,0.43,0.05,2.85
2026-06-17,11.71,11.31,11.71,11.23,300322,343551747.68,4.14,-2.50,-0.29,5.01
2026-06-18,11.30,11.08,11.34,11.07,206691,231631977.72,2.39,-2.03,-0.23,3.45
2026-06-22,11.01,11.43,11.47,10.85,324532,363109817.67,5.60,3.16,0.35,5.41
2026-06-23,11.52,11.24,11.95,11.17,295495,340176052.58,6.82,-1.66,-0.19,4.93
2026-06-24,11.24,10.73,11.32,10.60,281566,306151148.31,6.41,-4.54,-0.51,4.70
2026-06-25,10.65,10.62,10.79,10.43,227624,241867062.03,3.36,-1.03,-0.11,3.80
2026-06-26,10.53,10.27,10.70,10.26,239834,251742146.69,4.14,-3.30,-0.35,4.00
2026-06-29,10.27,10.10,10.29,9.97,231313,234634754.34,3.12,-1.66,-0.17,3.86
2026-06-30,10.16,10.28,10.38,10.02,205353,211743673.96,3.56,1.78,0.18,3.42
2026-07-01,10.32,10.67,10.90,10.17,312571,331112893.32,7.10,3.79,0.39,5.21
2026-07-02,10.61,10.36,10.76,10.30,222753,235322733.92,4.31,-2.91,-0.31,3.71
2026-07-03,10.47,10.25,10.52,10.20,171975,178334246.15,3.09,-1.06,-0.11,2.87
2026-07-06,10.25,10.11,10.88,10.10,380209,399322087.39,7.61,-1.37,-0.14,6.34
2026-07-07,10.36,9.76,10.43,9.65,269986,267829710.42,7.72,-3.46,-0.35,4.50
2026-07-08,9.85,10.40,10.74,9.67,866839,909706739.98,10.96,6.56,0.64,14.45
2026-07-09,10.35,9.63,10.35,9.37,776371,756091355.80,9.42,-7.40,-0.77,12.95
2026-07-10,9.63,10.03,10.45,9.46,674931,680208260.03,10.28,4.15,0.40,11.25
2026-07-13,10.04,9.47,10.24,9.47,373770,363757159.72,7.68,-5.58,-0.56,6.23
2026-07-14,9.48,9.49,9.56,9.20,271739,254995770.09,3.80,0.21,0.02,4.53
2026-07-15,9.40,9.49,9.79,9.38,258800,247986122.28,4.32,0.00,0.00,4.32
2026-07-16,9.41,9.54,9.74,9.23,257470,246575860.07,5.37,0.53,0.05,4.29
2026-07-17,9.46,9.06,9.64,8.98,315644,293330547.28,6.92,-5.03,-0.48,5.26
2026-07-20,9.07,9.17,9.59,9.00,403384,375950260.75,6.51,1.21,0.11,6.73
2026-07-21,9.12,9.50,9.90,9.07,544929,519170608.54,9.05,3.60,0.33,9.09
2026-07-22,9.35,9.21,9.53,9.16,401078,373976154.65,3.89,-3.05,-0.29,6.69
2026-07-23,9.17,9.41,9.44,9.10,324920,302408412.16,3.69,2.17,0.20,5.42
2026-07-24,9.30,9.04,9.39,9.04,272074,249980951.08,3.72,-3.93,-0.37,4.54
2026-07-27,9.03,9.62,9.65,8.88,421720,400241294.14,8.52,6.42,0.58,7.03
2026-07-28,9.57,9.99,10.10,9.54,525518,523284607.78,5.82,3.85,0.37,8.76
2026-07-29,9.94,10.08,10.19,9.78,440033,440438309.22,4.10,0.90,0.09,7.34