2026-01-05,20.21,20.63,20.80,20.01,276532,568735530.00,3.91,2.08,0.42,11.76
2026-01-06,20.35,20.63,21.14,20.17,328234,678136353.00,4.70,0.00,0.00,13.96
2026-01-07,20.60,20.98,21.50,20.23,313361,655378903.00,6.16,1.70,0.35,13.32
2026-01-08,21.06,23.09,23.09,20.63,406409,888916514.00,11.73,10.06,2.11,17.28
2026-01-09,23.09,23.93,25.31,22.49,546742,1311564377.00,12.21,3.64,0.84,23.25
2026-01-12,23.81,26.33,26.33,22.82,504981,1237157228.00,14.67,10.03,2.40,21.47
2026-01-13,25.54,25.43,28.43,25.01,536513,1413303445.00,12.99,-3.42,-0.90,22.81
2026-01-14,22.88,22.88,24.21,22.88,352340,823832881.00,5.23,-10.03,-2.55,14.98
2026-01-15,22.03,22.04,23.61,22.03,238677,543878493.00,6.91,-3.67,-0.84,10.15
2026-01-16,22.27,22.90,23.26,21.51,259159,582073467.00,7.94,3.90,0.86,11.02
2026-01-19,22.62,22.09,23.02,22.08,186231,420478606.00,4.10,-3.54,-0.81,7.92
2026-01-20,21.83,21.43,22.92,20.93,228452,499487340.00,9.01,-2.99,-0.66,9.71
2026-01-21,21.05,20.82,21.49,20.29,167749,351356479.00,5.60,-2.85,-0.61,7.13
2026-01-22,20.81,21.65,21.86,20.73,173328,372782596.00,5.43,3.99,0.83,7.37
2026-01-23,21.63,21.87,22.12,21.44,150971,329850230.00,3.14,1.02,0.22,6.42
2026-01-26,20.93,19.68,21.27,19.68,225708,458326411.00,7.27,-10.01,-2.19,9.60
2026-01-27,19.52,19.47,19.91,18.93,141435,273672735.00,4.98,-1.07,-0.21,6.01
2026-01-28,19.38,18.98,19.54,18.83,116762,222857200.00,3.65,-2.52,-0.49,4.96
2026-01-29,19.03,19.09,19.32,18.34,145120,276214992.00,5.16,0.58,0.11,6.17
2026-01-30,18.99,18.79,19.43,18.59,124343,236551223.00,4.40,-1.57,-0.30,5.29
2026-02-02,18.52,18.84,19.11,18.33,96556,183394884.00,4.15,0.27,0.05,4.11
2026-02-03,18.84,19.33,19.33,18.71,106266,203410315.00,3.29,2.60,0.49,4.52
2026-02-04,19.27,19.35,19.58,19.07,100868,195454215.00,2.64,0.10,0.02,4.29
2026-02-05,19.35,21.29,21.29,19.22,219560,456413069.00,10.70,10.03,1.94,9.34
2026-02-06,21.29,20.33,21.93,20.13,329492,688167788.00,8.45,-4.51,-0.96,14.01
2026-02-09,20.23,20.44,20.56,20.03,190900,389187028.00,2.61,0.54,0.11,8.12
2026-02-10,20.45,19.62,20.48,19.60,151226,300047359.00,4.31,-4.01,-0.82,6.43
2026-02-11,19.90,19.17,19.98,19.15,124397,243082797.00,4.23,-2.29,-0.45,5.29
2026-02-12,19.32,18.67,19.32,18.64,96246,181222205.00,3.55,-2.61,-0.50,4.09
2026-02-13,18.73,18.46,19.18,18.46,77896,146881126.00,3.86,-1.12,-0.21,3.31
2026-02-24,18.68,18.66,18.90,18.60,67743,127308466.00,1.63,1.08,0.20,2.88
2026-02-25,18.73,18.81,18.83,18.57,64481,121243014.00,1.39,0.80,0.15,2.74
2026-02-26,18.88,18.42,18.88,18.30,90283,167318935.00,3.08,-2.07,-0.39,3.84
2026-02-27,18.43,18.69,18.81,18.33,96825,180344303.00,2.61,1.47,0.27,4.12
2026-03-02,18.20,18.06,18.43,17.96,87703,159494520.00,2.51,-3.37,-0.63,3.73
2026-03-03,18.05,17.50,18.31,17.47,78257,140125507.00,4.65,-3.10,-0.56,3.33
2026-03-04,17.43,17.42,17.59,17.15,56342,98261023.00,2.51,-0.46,-0.08,2.40
2026-03-05,17.58,17.51,17.73,17.41,46359,81806033.00,1.84,0.52,0.09,1.97
2026-03-06,17.36,17.68,17.70,17.36,41403,73263213.00,1.94,0.97,0.17,1.76
2026-03-09,17.42,17.26,17.67,17.04,54289,93881099.00,3.56,-2.38,-0.42,2.31
2026-03-10,17.36,17.30,17.50,17.21,51800,90058796.00,1.68,0.23,0.04,2.20
2026-03-11,17.34,17.06,17.34,16.99,55303,94901519.00,2.02,-1.39,-0.24,2.35
2026-03-12,16.94,16.67,17.05,16.61,59855,100714993.00,2.58,-2.29,-0.39,2.54
2026-03-13,16.65,16.63,16.81,16.51,46557,77964404.00,1.80,-0.24,-0.04,1.98
2026-03-16,16.58,16.96,17.00,16.47,63879,108167203.00,3.19,1.98,0.33,2.72
2026-03-17,17.01,16.73,17.14,16.64,45604,77416183.00,2.95,-1.36,-0.23,1.94
2026-03-18,16.65,16.70,16.73,16.41,38070,63309081.00,1.91,-0.18,-0.03,1.62
2026-03-19,16.60,16.29,16.66,16.18,35896,59068556.00,2.87,-2.46,-0.41,1.53
2026-03-20,16.28,16.00,16.46,15.94,34922,56725357.00,3.19,-1.78,-0.29,1.48
2026-03-23,15.83,15.25,15.85,15.06,66066,102597562.00,4.94,-4.69,-0.75,2.81
2026-03-24,15.43,15.86,15.87,15.34,59623,93450570.00,3.48,4.00,0.61,2.53
2026-03-25,15.88,16.19,16.20,15.84,43339,69715884.00,2.27,2.08,0.33,1.84
2026-03-26,16.12,16.20,16.37,15.99,38070,61779233.00,2.35,0.06,0.01,1.62
2026-03-27,15.86,16.24,16.38,15.86,38634,62964879.00,3.21,0.25,0.04,1.64
2026-03-30,16.13,16.79,16.96,16.07,95002,158716586.00,5.48,3.39,0.55,4.04
2026-03-31,16.58,16.96,17.73,16.55,187682,321306161.00,7.03,1.01,0.17,7.98
2026-04-01,16.85,16.22,17.03,16.03,135217,220774802.00,5.90,-4.36,-0.74,5.75
2026-04-02,16.02,16.07,16.37,16.02,76353,124083807.00,2.16,-0.92,-0.15,3.25
2026-04-03,16.14,15.39,16.14,15.36,82786,129422744.00,4.85,-4.23,-0.68,3.52
2026-04-07,15.35,15.76,15.97,15.35,58748,92501725.00,4.03,2.40,0.37,2.50
2026-04-08,16.03,16.08,16.09,15.78,55554,89077451.00,1.97,2.03,0.32,2.36
2026-04-09,16.00,15.83,16.00,15.71,47422,75339440.00,1.80,-1.55,-0.25,2.02
2026-04-10,15.86,15.86,16.11,15.83,42128,67563634.00,1.77,0.19,0.03,1.79
2026-04-13,15.74,15.78,15.95,15.70,40664,64500290.00,1.58,-0.50,-0.08,1.73
2026-04-14,15.56,15.64,15.79,15.35,57301,89202685.00,2.79,-0.89,-0.14,2.44
2026-04-15,15.64,15.58,15.66,15.40,48268,75176534.00,1.66,-0.38,-0.06,2.05
2026-04-16,15.52,15.80,15.84,15.29,56706,89145805.00,3.53,1.41,0.22,2.41
2026-04-17,15.87,15.84,15.91,15.48,53741,84981241.00,2.72,0.25,0.04,2.28
2026-04-20,15.87,15.90,15.93,15.60,42597,67699894.00,2.08,0.38,0.06,1.81
2026-04-21,15.90,15.71,16.31,15.53,78344,124535886.00,4.91,-1.19,-0.19,3.33
2026-04-22,15.67,15.40,15.67,15.29,55338,85565930.00,2.42,-1.97,-0.31,2.35
2026-04-23,15.34,15.53,15.83,15.25,67852,105756472.00,3.77,0.84,0.13,2.88
2026-04-24,15.35,15.24,15.41,15.11,47552,72851066.00,1.93,-1.87,-0.29,2.02
2026-04-27,15.24,15.48,15.56,14.82,63625,97633266.00,4.86,1.57,0.24,2.71
2026-04-28,15.33,15.31,15.53,15.14,46156,70925212.00,2.52,-1.10,-0.17,1.96
2026-04-29,15.16,15.51,15.64,15.16,48083,75020244.00,3.14,1.31,0.20,2.04
2026-04-30,15.95,15.85,16.20,15.71,80017,127874535.00,3.16,2.19,0.34,3.40
2026-05-06,15.85,15.93,15.97,15.44,67256,106676954.00,3.34,0.50,0.08,2.86
2026-05-07,15.79,15.94,16.29,15.65,46935,75478519.00,4.02,0.06,0.01,2.00
2026-05-08,15.89,16.15,16.18,15.84,52829,85342687.00,2.13,1.32,0.21,2.25
2026-05-11,16.12,15.78,16.12,15.54,67095,105868380.00,3.59,-2.29,-0.37,2.85
2026-05-12,15.87,15.50,15.87,15.39,44720,70006531.00,3.04,-1.77,-0.28,1.90
2026-05-13,15.53,15.62,15.69,15.34,37951,59330821.00,2.26,0.77,0.12,1.61
2026-05-14,15.62,15.19,15.72,15.14,48929,75348570.00,3.71,-2.75,-0.43,2.08
2026-05-15,15.17,14.98,15.17,14.82,45324,68155145.00,2.30,-1.38,-0.21,1.93
2026-05-18,14.93,14.93,14.96,14.68,31852,47382283.00,1.87,-0.33,-0.05,1.35
2026-05-19,14.96,14.90,15.13,14.63,32656,48744753.00,3.35,-0.20,-0.03,1.39
2026-05-20,14.86,14.66,14.86,14.52,30660,45156382.00,2.28,-1.61,-0.24,1.30
2026-05-21,14.78,14.09,14.79,14.04,43986,63583366.00,5.12,-3.89,-0.57,1.87
2026-05-22,14.13,14.21,14.33,14.01,35449,50462537.00,2.27,0.85,0.12,1.51
2026-05-25,14.27,13.94,14.34,13.86,33618,47372999.00,3.38,-1.90,-0.27,1.43
2026-05-26,13.98,13.71,14.06,13.54,51026,70457268.00,3.73,-1.65,-0.23,2.17
2026-05-27,13.86,13.54,13.86,13.29,57292,77922495.00,4.16,-1.24,-0.17,2.44
2026-05-28,13.68,13.41,13.68,13.15,49157,65940200.00,3.91,-0.96,-0.13,2.09
2026-05-29,13.52,13.71,14.25,13.44,98949,138325685.00,6.04,2.24,0.30,4.21
2026-06-01,13.41,13.87,13.98,13.41,63966,89095882.00,4.16,1.17,0.16,2.72
2026-06-02,13.87,13.35,13.91,13.26,59293,79732337.00,4.69,-3.75,-0.52,2.52
2026-06-03,13.31,13.19,13.33,13.05,40356,53391648.00,2.10,-1.20,-0.16,1.72
2026-06-04,13.04,12.83,13.23,12.79,37601,48870971.00,3.34,-2.73,-0.36,1.60
2026-06-05,12.84,13.08,13.24,12.81,49099,63952169.00,3.35,1.95,0.25,2.09
2026-06-08,13.20,12.76,13.70,12.62,72967,95603165.00,8.26,-2.45,-0.32,3.10
2026-06-09,12.74,12.77,12.94,12.55,51405,65563935.00,3.06,0.08,0.01,2.19
2026-06-10,12.69,12.67,12.83,12.50,37243,47074743.00,2.58,-0.78,-0.10,1.58
2026-06-11,12.53,12.48,12.73,12.34,29999,37475416.00,3.08,-1.50,-0.19,1.28
2026-06-12,12.50,12.80,12.85,12.44,39436,50078160.00,3.29,2.56,0.32,1.68