2026-01-05,8.64,8.68,8.77,8.63,54716,47632173.00,1.63,0.81,0.07,2.30
2026-01-06,8.72,8.72,8.82,8.64,65943,57487211.00,2.07,0.46,0.04,2.77
2026-01-07,8.74,8.60,8.74,8.55,60205,51811485.00,2.18,-1.38,-0.12,2.53
2026-01-08,8.60,8.79,8.83,8.58,76274,66615199.00,2.91,2.21,0.19,3.21
2026-01-09,8.83,8.81,8.85,8.70,69566,61121055.00,1.71,0.23,0.02,2.93
2026-01-12,8.88,8.98,9.04,8.82,81264,72698424.00,2.50,1.93,0.17,3.42
2026-01-13,8.98,8.93,9.05,8.85,73197,65605795.00,2.23,-0.56,-0.05,3.08
2026-01-14,8.96,8.99,9.15,8.70,106430,95690832.00,5.04,0.67,0.06,4.48
2026-01-15,8.98,8.94,9.04,8.88,65404,58479741.00,1.78,-0.56,-0.05,2.75
2026-01-16,8.99,9.05,9.12,8.88,71520,64387160.00,2.68,1.23,0.11,3.01
2026-01-19,9.00,9.16,9.17,8.97,67562,61573382.00,2.21,1.22,0.11,2.84
2026-01-20,9.18,9.12,9.20,9.04,66480,60658926.00,1.75,-0.44,-0.04,2.80
2026-01-21,9.07,9.20,9.24,9.04,61168,56106011.00,2.19,0.88,0.08,2.57
2026-01-22,9.24,9.32,9.35,9.17,58069,53896278.00,1.96,1.30,0.12,2.44
2026-01-23,9.32,9.38,9.40,9.24,56664,52857119.00,1.72,0.64,0.06,2.38
2026-01-26,9.39,9.21,9.41,9.12,72573,67052237.00,3.09,-1.81,-0.17,3.05
2026-01-27,9.23,9.19,9.28,8.91,72867,66366531.00,4.02,-0.22,-0.02,3.07
2026-01-28,9.15,9.07,9.24,9.02,54672,49741725.00,2.39,-1.31,-0.12,2.30
2026-01-29,9.05,8.97,9.23,8.91,67377,61110632.00,3.53,-1.10,-0.10,2.84
2026-01-30,8.97,9.11,9.15,8.92,72032,65217782.00,2.56,1.56,0.14,3.03
2026-02-02,9.04,8.95,9.16,8.92,103656,93779320.00,2.63,-1.76,-0.16,4.36
2026-02-03,9.05,9.02,9.15,8.94,91387,82545220.00,2.35,0.78,0.07,3.85
2026-02-04,9.05,9.04,9.17,8.95,89337,80951001.00,2.44,0.22,0.02,3.76
2026-02-05,8.98,8.90,9.10,8.85,70322,63175544.00,2.77,-1.55,-0.14,2.96
2026-02-06,8.89,8.99,9.10,8.78,71250,64247005.00,3.60,1.01,0.09,3.00
2026-02-09,9.13,9.17,9.19,9.04,73966,67634212.00,1.67,2.00,0.18,3.11
2026-02-10,9.21,9.21,9.33,9.11,73055,67490859.00,2.40,0.44,0.04,3.07
2026-02-11,9.25,9.20,9.28,9.15,46677,43034827.00,1.41,-0.11,-0.01,1.96
2026-02-12,9.20,9.19,9.29,9.09,58736,54111293.00,2.17,-0.11,-0.01,2.47
2026-02-13,9.17,9.20,9.31,9.10,87505,80787044.00,2.29,0.11,0.01,3.68
2026-02-24,9.24,9.32,9.36,9.23,68374,63644109.00,1.41,1.30,0.12,2.88
2026-02-25,9.28,9.26,9.35,9.24,65384,60790267.00,1.18,-0.64,-0.06,2.75
2026-02-26,9.30,9.29,9.31,9.23,53116,49254512.00,0.86,0.32,0.03,2.24
2026-02-27,9.23,9.22,9.28,9.15,58516,53790581.00,1.40,-0.75,-0.07,2.46
2026-03-02,9.15,8.78,9.23,8.75,104663,93218578.00,5.21,-4.77,-0.44,4.40
2026-03-03,8.82,8.42,8.86,8.40,109243,94228485.00,5.24,-4.10,-0.36,4.60
2026-03-04,8.40,8.41,8.49,8.22,101311,84828849.00,3.21,-0.12,-0.01,4.26
2026-03-05,8.53,8.64,8.76,8.53,108676,94069759.00,2.73,2.73,0.23,4.57
2026-03-06,8.56,8.90,8.91,8.56,87923,77493140.00,4.05,3.01,0.26,3.70
2026-03-09,8.77,8.75,8.84,8.61,74602,65088324.00,2.58,-1.69,-0.15,3.14
2026-03-10,8.87,9.05,9.06,8.79,70365,63167430.00,3.09,3.43,0.30,2.96
2026-03-11,9.11,8.98,9.14,8.92,60643,54664301.00,2.43,-0.77,-0.07,2.55
2026-03-12,8.98,8.74,9.00,8.71,58802,51975017.00,3.23,-2.67,-0.24,2.47
2026-03-13,8.73,8.70,8.90,8.66,53599,46961126.00,2.75,-0.46,-0.04,2.26
2026-03-16,8.70,8.81,8.88,8.60,59003,51655820.00,3.22,1.26,0.11,2.48
2026-03-17,8.84,8.54,8.85,8.50,52460,45436513.00,3.97,-3.06,-0.27,2.21
2026-03-18,8.60,8.74,8.76,8.47,59539,51355148.00,3.40,2.34,0.20,2.51
2026-03-19,8.66,8.48,8.73,8.42,61958,53091363.00,3.55,-2.97,-0.26,2.61
2026-03-20,8.47,8.02,8.59,8.00,87760,72046892.00,6.96,-5.42,-0.46,3.69
2026-03-23,7.90,7.42,7.90,7.25,125952,95909354.00,8.10,-7.48,-0.60,5.30
2026-03-24,7.58,7.73,7.74,7.35,123489,93173766.00,5.26,4.18,0.31,5.20
2026-03-25,7.79,7.86,8.01,7.79,91569,72331913.00,2.85,1.68,0.13,3.85
2026-03-26,7.88,7.69,7.98,7.62,73140,56697496.00,4.58,-2.16,-0.17,3.08
2026-03-27,7.63,7.85,7.89,7.57,66535,51850197.00,4.16,2.08,0.16,2.80
2026-03-30,7.80,7.95,7.97,7.64,81921,64135780.00,4.20,1.27,0.10,3.45
2026-03-31,7.94,7.77,8.08,7.75,69985,55332530.00,4.15,-2.26,-0.18,2.95
2026-04-01,7.97,7.87,8.00,7.77,50634,39808028.00,2.96,1.29,0.10,2.13
2026-04-02,7.83,7.68,7.92,7.58,61613,47661873.00,4.32,-2.41,-0.19,2.59
2026-04-03,7.74,7.50,7.77,7.40,74828,56515643.00,4.82,-2.34,-0.18,3.15
2026-04-07,7.50,7.66,7.77,7.47,72555,55562689.00,4.00,2.13,0.16,3.05
2026-04-08,7.84,8.04,8.07,7.84,69837,55783491.00,3.00,4.96,0.38,2.94
2026-04-09,8.01,7.84,8.04,7.80,60408,47675493.00,2.99,-2.49,-0.20,2.54
2026-04-10,7.90,7.94,8.03,7.86,49205,39210897.00,2.17,1.28,0.10,2.07
2026-04-13,7.88,7.88,7.96,7.80,40436,31824825.00,2.02,-0.76,-0.06,1.70
2026-04-14,7.99,7.85,7.99,7.75,53024,41556065.00,3.05,-0.38,-0.03,2.23
2026-04-15,7.90,7.79,7.95,7.74,55111,43142809.00,2.68,-0.76,-0.06,2.32
2026-04-16,7.83,8.01,8.07,7.73,79959,63445250.00,4.36,2.82,0.22,3.37
2026-04-17,8.00,8.02,8.08,7.93,64660,51743146.00,1.87,0.12,0.01,2.72
2026-04-20,8.02,8.04,8.05,7.95,51357,41146659.00,1.25,0.25,0.02,2.16
2026-04-21,8.00,8.02,8.07,7.92,71291,56989233.00,1.87,-0.25,-0.02,3.00
2026-04-22,8.02,8.11,8.17,7.91,73312,59270945.00,3.24,1.12,0.09,3.09
2026-04-23,8.06,7.83,8.10,7.77,87232,68556254.00,4.07,-3.45,-0.28,3.67
2026-04-24,7.81,7.99,8.05,7.76,85742,67717050.00,3.70,2.04,0.16,3.61
2026-04-27,7.99,8.17,8.19,7.80,85930,68824863.00,4.88,2.25,0.18,3.62
2026-04-28,8.12,8.11,8.25,8.02,74324,60361767.00,2.82,-0.73,-0.06,3.13
2026-04-29,8.12,8.29,8.34,8.06,78045,64538953.00,3.45,2.22,0.18,3.28
2026-04-30,8.29,8.40,8.41,8.26,62717,52470928.00,1.81,1.33,0.11,2.64
2026-05-06,8.45,8.40,8.56,8.32,69290,58487850.00,2.86,0.00,0.00,2.92
2026-05-07,8.45,8.50,8.68,8.40,83021,70929759.00,3.33,1.19,0.10,3.49
2026-05-08,8.50,8.59,8.67,8.46,55893,47982949.00,2.47,1.06,0.09,2.35
2026-05-11,8.69,8.60,8.69,8.50,55680,47634897.00,2.21,0.12,0.01,2.34
2026-05-12,8.56,8.47,8.65,8.42,60181,51275164.00,2.67,-1.51,-0.13,2.53
2026-05-13,8.45,8.49,8.55,8.42,49618,42080208.00,1.53,0.24,0.02,2.09
2026-05-14,8.53,8.35,8.53,8.35,53182,44843257.00,2.12,-1.65,-0.14,2.24
2026-05-15,8.39,8.43,8.57,8.36,73072,61854004.00,2.51,0.96,0.08,3.08
2026-05-18,8.42,8.52,8.53,8.27,72889,61238500.00,3.08,1.07,0.09,3.07
2026-05-19,8.52,8.56,8.62,8.41,57097,48592087.00,2.46,0.47,0.04,2.40
2026-05-20,8.50,8.40,8.53,8.35,62311,52352295.00,2.10,-1.87,-0.16,2.62
2026-05-21,8.45,8.11,8.54,8.07,73533,61492660.00,5.60,-3.45,-0.29,3.09
2026-05-22,7.73,8.12,8.22,7.71,111982,89298784.00,6.29,0.12,0.01,4.71
2026-05-25,8.15,7.84,8.23,7.68,111074,87406550.00,6.77,-3.45,-0.28,4.67
2026-05-26,7.81,7.70,7.88,7.63,90623,70396449.00,3.19,-1.79,-0.14,3.81
2026-05-27,7.66,7.33,7.69,7.28,105938,78390518.00,5.32,-4.81,-0.37,4.46
2026-05-28,7.33,7.35,7.43,7.12,99955,73042092.00,4.23,0.27,0.02,4.21
2026-05-29,7.35,6.98,7.43,6.90,118653,84633748.00,7.21,-5.03,-0.37,4.99
2026-06-01,7.03,7.25,7.36,6.98,105889,76510511.00,5.44,3.87,0.27,4.46
2026-06-02,7.34,7.01,7.38,6.98,82180,58151925.00,5.52,-3.31,-0.24,3.46
2026-06-03,7.04,6.92,7.08,6.88,75213,52270881.00,2.85,-1.28,-0.09,3.17
2026-06-04,6.91,6.84,6.99,6.77,67045,45877233.00,3.18,-1.16,-0.08,2.82
2026-06-05,6.83,7.10,7.26,6.68,94903,66438675.00,8.48,3.80,0.26,3.99
2026-06-08,6.97,6.93,7.22,6.75,102658,71961879.00,6.62,-2.39,-0.17,4.32
2026-06-09,6.97,6.99,7.15,6.88,95915,67222431.00,3.90,0.87,0.06,4.04
2026-06-10,6.93,6.82,7.02,6.68,72414,49359047.00,4.86,-2.43,-0.17,3.05
2026-06-11,6.77,6.75,6.84,6.62,59492,39977787.00,3.23,-1.03,-0.07,2.50
2026-06-12,6.80,6.76,6.92,6.63,69346,47177967.00,4.30,0.15,0.01,2.92
2026-06-15,6.79,6.84,6.99,6.73,79903,54787027.00,3.85,1.18,0.08,3.36
2026-06-16,6.80,6.90,6.92,6.62,93053,63068741.00,4.39,0.88,0.06,3.92
2026-06-17,6.84,6.63,6.87,6.60,81790,54746388.00,3.91,-3.91,-0.27,3.44
2026-06-18,6.54,6.58,6.68,6.42,71799,47156149.00,3.92,-0.75,-0.05,3.02
2026-06-22,6.47,6.68,6.70,6.27,85576,55314336.00,6.53,1.52,0.10,3.60
2026-06-23,6.64,6.74,6.82,6.57,71225,48093482.00,3.74,0.90,0.06,3.00
2026-06-24,6.74,6.44,6.79,6.34,83372,54013714.00,6.68,-4.45,-0.30,3.51
2026-06-25,6.44,6.33,6.51,6.24,63820,40393759.00,4.19,-1.71,-0.11,2.69
2026-06-26,6.26,6.16,6.30,6.07,63559,39270498.08,3.63,-2.69,-0.17,2.68