2026-01-05,31.90,32.44,32.79,30.97,46430,148644352.97,5.81,3.48,1.09,9.14
2026-01-06,31.88,33.32,33.53,31.88,54260,177836211.65,5.09,2.71,0.88,10.68
2026-01-07,33.00,33.01,34.50,32.66,53875,179492269.09,5.52,-0.93,-0.31,10.60
2026-01-08,33.00,34.93,35.99,32.71,85019,295200018.83,9.94,5.82,1.92,16.74
2026-01-09,37.58,33.89,38.10,33.81,100593,356364383.89,12.28,-2.98,-1.04,19.80
2026-01-12,33.89,38.19,39.70,33.60,125459,460519060.92,18.00,12.69,4.30,24.70
2026-01-13,37.03,35.50,38.00,35.23,82284,296978732.48,7.25,-7.04,-2.69,16.20
2026-01-14,35.05,46.15,46.15,34.36,208777,884377278.03,33.21,30.00,10.65,41.10
2026-01-15,41.98,45.30,53.35,41.30,179792,821997806.65,26.11,-1.84,-0.85,35.39
2026-01-16,48.00,42.93,49.88,42.28,123621,571234029.95,16.78,-5.23,-2.37,24.33
2026-01-19,40.00,42.50,44.66,39.00,104502,436093464.50,13.18,-1.00,-0.43,20.57
2026-01-20,42.79,38.19,43.96,37.01,110261,437967006.54,16.35,-10.14,-4.31,21.70
2026-01-21,37.77,36.82,38.37,36.77,63388,236291312.84,4.19,-3.59,-1.37,12.48
2026-01-22,36.59,38.47,39.66,36.59,82248,316464384.32,8.34,4.48,1.65,16.19
2026-01-23,38.20,41.10,43.66,38.00,118898,485024040.26,14.71,6.84,2.63,23.40
2026-01-26,40.36,38.50,40.47,38.00,76709,300028127.21,6.01,-6.33,-2.60,15.10
2026-01-27,38.30,38.65,39.55,37.59,50779,195611239.75,5.09,0.39,0.15,10.00
2026-01-28,38.89,38.34,39.98,38.23,55151,215742251.98,4.53,-0.80,-0.31,10.86
2026-01-29,37.87,38.36,39.77,37.87,50487,195895238.20,4.96,0.05,0.02,9.94
2026-01-30,38.25,37.30,38.72,36.67,48286,181635234.46,5.34,-2.76,-1.06,9.50
2026-02-02,37.02,37.26,38.30,37.02,29713,111612383.03,3.43,-0.11,-0.04,5.85
2026-02-03,37.98,38.85,38.98,37.10,45749,174432328.39,5.05,4.27,1.59,9.01
2026-02-04,38.80,39.60,40.85,38.39,61916,245800634.66,6.33,1.93,0.75,12.19
2026-02-05,39.00,40.97,41.68,38.38,78693,319957031.49,8.33,3.46,1.37,15.49
2026-02-06,40.05,39.85,43.00,39.52,74809,308312739.40,8.49,-2.73,-1.12,14.73
2026-02-09,40.95,40.28,40.98,38.85,53466,212515218.59,5.35,1.08,0.43,10.52
2026-02-10,39.98,38.49,40.00,38.27,46086,178535320.96,4.29,-4.44,-1.79,9.07
2026-02-11,38.67,37.61,38.97,37.53,37312,142526649.72,3.74,-2.29,-0.88,7.34
2026-02-12,37.26,37.22,38.18,37.06,27466,103165806.23,2.98,-1.04,-0.39,5.41
2026-02-13,37.55,37.89,38.15,37.25,26151,98781670.84,2.42,1.80,0.67,5.15
2026-02-24,38.24,37.60,38.46,37.37,24507,92386919.90,2.88,-0.77,-0.29,4.82
2026-02-25,37.80,38.15,38.40,37.22,27566,104543859.67,3.14,1.46,0.55,5.43
2026-02-26,37.77,37.46,38.00,37.42,22347,83980013.68,1.52,-1.81,-0.69,4.40
2026-02-27,37.48,37.02,37.85,36.75,28255,104971648.93,2.94,-1.17,-0.44,5.56
2026-03-02,38.19,39.43,40.30,38.19,78553,309640792.56,5.70,6.51,2.41,15.46
2026-03-03,38.88,36.69,39.30,36.63,56082,211521386.05,6.77,-6.95,-2.74,11.04
2026-03-04,35.86,37.02,38.17,35.86,38087,141439435.31,6.30,0.90,0.33,7.50
2026-03-05,37.02,36.21,37.39,36.01,35244,128559923.08,3.73,-2.19,-0.81,6.94
2026-03-06,36.18,35.13,36.18,35.05,25317,89733642.89,3.12,-2.98,-1.08,4.98
2026-03-09,34.40,33.75,34.95,33.29,32531,109875228.61,4.73,-3.93,-1.38,6.40
2026-03-10,33.92,34.49,34.65,33.92,17315,59392673.32,2.16,2.19,0.74,3.41
2026-03-11,34.40,34.23,34.77,34.16,14514,49958640.25,1.77,-0.75,-0.26,2.86
2026-03-12,34.23,33.06,34.27,32.87,18962,63316340.30,4.09,-3.42,-1.17,3.73
2026-03-13,32.92,32.33,33.29,32.06,17983,58699403.36,3.72,-2.21,-0.73,3.54
2026-03-16,32.27,32.66,32.68,32.10,11187,36244280.36,1.79,1.02,0.33,2.20
2026-03-17,32.63,31.52,32.91,31.50,13689,43998887.79,4.32,-3.49,-1.14,2.69
2026-03-18,31.52,31.72,31.85,31.05,13461,42341091.54,2.54,0.63,0.20,2.65
2026-03-19,31.05,30.21,31.49,30.03,15292,46823590.51,4.60,-4.76,-1.51,3.01
2026-03-20,30.22,29.39,30.80,29.38,12877,38722666.34,4.70,-2.71,-0.82,2.53
2026-03-23,29.98,27.66,29.98,27.56,17560,50514038.49,8.23,-5.89,-1.73,3.46
2026-03-24,28.06,28.65,29.53,27.80,36872,106375870.56,6.25,3.58,0.99,7.26
2026-03-25,28.55,29.71,30.20,28.33,35850,105172352.92,6.53,3.70,1.06,7.06
2026-03-26,29.76,28.63,29.91,28.58,22012,64123681.87,4.48,-3.64,-1.08,4.33
2026-03-27,28.12,29.08,29.29,28.08,17041,49213358.57,4.23,1.57,0.45,3.35
2026-03-30,28.20,29.44,29.56,28.20,16316,47418878.85,4.68,1.24,0.36,3.21
2026-03-31,29.41,29.55,30.60,29.17,28984,87170209.01,4.86,0.37,0.11,5.71
2026-04-01,29.99,29.08,30.40,28.96,21505,63186144.14,4.87,-1.59,-0.47,4.23
2026-04-02,29.10,28.46,29.45,28.40,18227,52761957.08,3.61,-2.13,-0.62,3.59
2026-04-03,28.67,27.65,28.85,27.38,15956,44721176.87,5.17,-2.85,-0.81,3.14
2026-04-07,27.84,27.16,27.84,27.02,11411,31226521.27,2.97,-1.77,-0.49,2.25
2026-04-08,27.60,28.90,28.96,27.60,21481,61094056.20,5.01,6.41,1.74,4.23
2026-04-09,28.43,28.68,29.38,28.40,15191,43878635.79,3.39,-0.76,-0.22,2.99
2026-04-10,29.19,28.78,29.20,28.75,11183,32397474.90,1.57,0.35,0.10,2.20
2026-04-13,29.00,29.27,29.96,28.85,19560,57297164.54,3.86,1.70,0.49,3.85
2026-04-14,29.19,29.63,29.70,29.03,18521,54423263.69,2.29,1.23,0.36,3.65
2026-04-15,29.75,29.50,30.66,29.16,26134,78377720.88,5.06,-0.44,-0.13,5.14
2026-04-16,29.60,29.47,29.65,29.09,15849,46591205.86,1.90,-0.10,-0.03,3.12
2026-04-17,29.75,30.80,31.49,28.95,34691,104738324.80,8.62,4.51,1.33,6.83
2026-04-20,30.52,31.80,32.39,30.52,38709,122896633.76,6.07,3.25,1.00,7.62
2026-04-21,31.89,30.72,31.97,30.52,24407,75570927.06,4.56,-3.40,-1.08,4.80
2026-04-22,30.82,30.61,31.28,30.42,17930,55002882.54,2.80,-0.36,-0.11,3.53
2026-04-23,30.70,29.78,30.80,29.54,16242,48702424.06,4.12,-2.71,-0.83,3.20
2026-04-24,29.94,29.19,29.94,29.09,13790,40415381.47,2.85,-1.98,-0.59,2.71
2026-04-27,29.55,29.20,29.55,28.51,13530,39268710.95,3.56,0.03,0.01,2.66
2026-04-28,28.84,27.52,29.01,27.51,17111,48276571.91,5.14,-5.75,-1.68,3.37
2026-04-29,26.57,26.93,27.30,26.42,15552,41952205.01,3.20,-2.14,-0.59,3.06
2026-04-30,26.77,27.41,27.70,26.66,14436,39594169.57,3.86,1.78,0.48,2.84
2026-05-06,27.46,28.01,28.49,27.46,13077,36838753.50,3.76,2.19,0.60,2.57
2026-05-07,28.10,28.81,29.34,28.10,15747,45283662.45,4.43,2.86,0.80,3.10
2026-05-08,28.82,29.75,29.88,28.40,25139,73725129.95,5.14,3.26,0.94,4.95
2026-05-11,31.23,29.16,31.28,28.89,33182,98494032.72,8.03,-1.98,-0.59,6.53
2026-05-12,29.16,30.13,30.90,29.16,38727,116790542.94,5.97,3.33,0.97,7.62
2026-05-13,29.72,29.73,29.95,29.31,25430,75220029.74,2.12,-1.33,-0.40,5.01
2026-05-14,29.66,28.33,29.94,28.20,21859,63309318.22,5.85,-4.71,-1.40,4.30
2026-05-15,28.56,27.53,28.58,27.51,14762,41309252.62,3.78,-2.82,-0.80,2.91
2026-05-18,27.23,27.71,28.08,27.18,10786,29864931.16,3.27,0.65,0.18,2.12
2026-05-19,27.72,27.77,28.44,27.60,11604,32424963.30,3.03,0.22,0.06,2.28
2026-05-20,27.77,26.50,27.79,26.43,17174,45966717.61,4.90,-4.57,-1.27,3.38
2026-05-21,26.81,25.60,26.94,25.55,13851,36369638.05,5.25,-3.40,-0.90,2.72
2026-05-22,25.48,25.35,25.87,25.21,11796,30032561.70,2.58,-0.98,-0.25,2.32
2026-05-25,25.29,24.66,25.70,24.55,15565,38825732.80,4.54,-2.72,-0.69,3.06
2026-05-26,24.85,23.63,24.85,23.22,16879,39996286.23,6.61,-4.18,-1.03,3.32
2026-05-27,23.36,22.11,23.80,21.92,19668,44328065.13,7.96,-6.43,-1.52,3.87
2026-05-28,22.18,23.59,23.64,22.13,23918,54708338.49,6.83,6.69,1.48,4.70
2026-05-29,24.01,23.95,26.48,23.66,34204,85773285.16,11.95,1.53,0.36,6.73
2026-06-01,23.41,24.27,25.20,23.41,20797,51060424.67,7.47,1.34,0.32,4.09
2026-06-02,24.24,24.88,25.28,23.86,19306,47745354.19,5.85,2.51,0.61,3.80
2026-06-03,24.88,24.00,25.25,23.75,19866,48230573.27,6.03,-3.54,-0.88,3.91
2026-06-04,23.70,23.05,24.18,22.58,16404,37694704.38,6.67,-3.96,-0.95,3.23
2026-06-05,23.21,24.80,25.10,22.60,33183,80312766.45,10.85,7.59,1.75,6.53
2026-06-08,24.24,25.65,26.80,24.00,45544,118488726.11,11.29,3.43,0.85,8.96
2026-06-09,24.68,25.17,25.66,24.68,23673,59211816.03,3.82,-1.87,-0.48,4.66
2026-06-10,25.26,24.18,26.47,24.08,24365,61721412.83,9.50,-3.93,-0.99,4.79
2026-06-11,23.60,22.97,23.98,22.80,22829,52967419.85,4.88,-5.00,-1.21,4.49
2026-06-12,23.04,25.58,26.66,23.04,48684,123402323.09,15.76,11.36,2.61,9.58
2026-06-15,24.83,25.00,25.68,24.50,28142,70385647.40,4.61,-2.27,-0.58,5.54
2026-06-16,25.30,24.50,26.26,24.30,24246,60679816.79,7.84,-2.00,-0.50,4.77
2026-06-17,24.01,24.49,24.92,24.01,17700,43378088.91,3.71,-0.04,-0.01,3.48
2026-06-18,24.34,23.63,24.57,23.42,17514,41673121.60,4.70,-3.51,-0.86,3.44
2026-06-22,23.43,23.62,23.89,22.67,16158,37515556.65,5.16,-0.04,-0.01,3.18
2026-06-23,23.62,23.25,24.49,23.18,14839,35420183.55,5.55,-1.57,-0.37,2.92
2026-06-24,23.49,22.60,23.49,22.28,15679,35436140.86,5.20,-2.80,-0.65,3.08
2026-06-25,22.43,21.74,22.43,21.61,16072,35263833.35,3.63,-3.81,-0.86,3.16
2026-06-26,21.88,21.30,22.20,20.68,14947,32085393.38,6.99,-2.02,-0.44,2.94
2026-06-29,21.21,20.15,21.33,20.13,13814,28185938.07,5.63,-5.40,-1.15,2.72
2026-06-30,20.30,20.40,20.85,20.25,10352,21273741.63,2.98,1.24,0.25,2.04
2026-07-01,20.51,20.84,20.94,20.45,13000,27025416.62,2.40,2.16,0.44,2.56
2026-07-02,20.85,20.86,21.26,20.35,11274,23590595.13,4.37,0.10,0.02,2.22
2026-07-03,20.69,21.79,21.90,20.66,21681,46762884.52,5.94,4.46,0.93,4.26
2026-07-06,21.40,20.53,21.86,20.44,15833,33436080.86,6.52,-5.78,-1.26,3.11
2026-07-07,20.73,19.88,20.90,19.85,10794,21895771.32,5.11,-3.17,-0.65,2.12
2026-07-08,19.90,18.67,20.00,18.60,14224,27169472.12,7.04,-6.09,-1.21,2.80
2026-07-09,18.63,18.23,19.00,17.84,16508,29994914.03,6.21,-2.36,-0.44,3.25
2026-07-10,18.55,20.48,21.99,17.97,43993,89424846.27,22.05,12.34,2.25,8.65
2026-07-13,20.03,18.81,20.16,18.75,26617,51328047.92,6.88,-8.15,-1.67,5.24
2026-07-14,19.45,18.96,19.46,17.95,15472,28763984.14,8.03,0.80,0.15,3.04
2026-07-15,18.67,18.18,19.39,18.15,14569,27291664.79,6.54,-4.11,-0.78,2.87
2026-07-16,18.18,18.88,19.30,17.71,17598,32859889.44,8.75,3.85,0.70,3.46
2026-07-17,19.55,18.98,19.55,17.86,15059,28191783.80,8.95,0.53,0.10,2.96
2026-07-20,18.98,16.23,18.99,16.00,27333,47206007.89,15.75,-14.49,-2.75,5.38
2026-07-21,16.23,16.47,16.49,14.70,23982,37578112.17,11.03,1.48,0.24,4.72
2026-07-22,16.62,16.81,17.46,16.32,18383,31055219.60,6.92,2.06,0.34,3.62
2026-07-23,17.65,18.10,18.81,16.70,39392,69579831.22,12.55,7.67,1.29,7.75
2026-07-24,17.54,17.58,19.50,17.51,46924,87978967.95,10.99,-2.87,-0.52,9.23
2026-07-27,16.69,17.66,18.44,16.60,33287,58718333.02,10.47,0.46,0.08,6.55
2026-07-28,17.61,16.96,18.08,16.85,23484,40291148.67,6.96,-3.96,-0.70,4.62
2026-07-29,17.03,17.26,17.35,16.75,16134,27533663.84,3.54,1.77,0.30,3.17
2026-07-30,17.35,16.80,17.92,16.59,21530,37461711.55,7.71,-2.67,-0.46,4.23
2026-07-31,16.90,17.46,17.90,16.85,24935,43587416.74,6.25,3.93,0.66,4.90
2026-08-03,17.73,17.67,18.08,17.47,19613,34968636.59,3.49,1.20,0.21,3.86
2026-08-04,18.10,18.34,18.68,17.95,22300,40764598.53,4.13,3.79,0.67,4.39
2026-08-05,18.74,18.68,18.82,18.22,18026,33514649.38,3.27,1.85,0.34,3.55