2026-01-05,186.10,185.30,188.66,183.76,17754,330041554.00,2.63,-0.43,-0.80,3.37
2026-01-06,187.29,185.60,189.30,184.10,12195,227274641.00,2.81,0.16,0.30,2.32
2026-01-07,185.62,186.81,190.23,184.80,14247,267156022.00,2.93,0.65,1.21,2.71
2026-01-08,187.70,183.11,189.80,182.11,13212,245678874.00,4.12,-1.98,-3.70,2.51
2026-01-09,183.80,186.96,187.80,181.81,13700,253984011.00,3.27,2.10,3.85,2.60
2026-01-12,186.50,181.35,186.80,180.15,20405,371372248.00,3.56,-3.00,-5.61,3.88
2026-01-13,180.80,178.12,183.30,175.80,12489,224437804.00,4.14,-1.78,-3.23,2.37
2026-01-14,177.15,178.79,181.29,175.80,13549,242070972.00,3.08,0.38,0.67,2.57
2026-01-15,178.11,185.66,187.30,176.80,16733,306618120.00,5.87,3.84,6.87,3.18
2026-01-16,186.28,186.83,189.20,183.93,12080,226131392.00,2.84,0.63,1.17,2.30
2026-01-19,184.96,183.30,188.36,182.30,10213,188149379.00,3.24,-1.89,-3.53,1.94
2026-01-20,183.66,178.80,185.00,177.57,9432,169763815.00,4.05,-2.45,-4.50,1.79
2026-01-21,177.80,184.28,189.70,176.38,17416,322572299.00,7.45,3.06,5.48,3.31
2026-01-22,185.71,180.16,186.79,179.00,10955,198509382.00,4.23,-2.24,-4.12,2.08
2026-01-23,180.71,182.29,183.70,179.40,10973,199305916.00,2.39,1.18,2.13,2.09
2026-01-26,182.28,182.00,186.40,177.80,18256,332577965.00,4.72,-0.16,-0.29,3.47
2026-01-27,181.40,194.78,200.80,179.03,33591,643614668.00,11.96,7.02,12.78,6.38
2026-01-28,193.35,179.33,194.60,179.10,32031,589562080.00,7.96,-7.93,-15.45,6.09
2026-01-29,178.81,174.79,182.80,174.33,18424,327851793.00,4.72,-2.53,-4.54,3.50
2026-01-30,173.88,180.80,183.30,171.93,17897,322053435.00,6.50,3.44,6.01,3.40
2026-02-02,180.80,169.22,182.60,168.60,21304,367957177.00,7.74,-6.40,-11.58,4.05
2026-02-03,170.32,178.90,180.80,169.62,18340,322351680.00,6.61,5.72,9.68,3.49
2026-02-04,178.70,182.30,183.13,175.38,10968,196131870.00,4.33,1.90,3.40,2.08
2026-02-05,180.47,174.54,181.24,173.19,15732,276663788.00,4.42,-4.26,-7.76,2.99
2026-02-06,173.19,175.30,177.30,171.58,8379,146634713.00,3.28,0.44,0.76,1.59
2026-02-09,177.06,175.60,178.80,173.59,11483,202184321.00,2.97,0.17,0.30,2.18
2026-02-10,177.05,175.37,179.13,174.36,10677,188353256.00,2.72,-0.13,-0.23,2.03
2026-02-11,175.16,173.40,175.37,171.60,8804,152483554.00,2.15,-1.12,-1.97,1.67
2026-02-12,172.80,174.26,175.30,171.09,13300,230676711.00,2.43,0.50,0.86,2.53
2026-02-13,173.93,176.88,178.90,172.30,13196,233866692.00,3.79,1.50,2.62,2.51
2026-02-24,179.90,178.80,182.58,175.80,12188,218344743.00,3.83,1.09,1.92,2.32
2026-02-25,178.56,185.01,187.78,177.80,20223,373450507.00,5.58,3.47,6.21,3.84
2026-02-26,185.50,190.00,191.68,183.80,18438,348898965.00,4.26,2.70,4.99,3.50
2026-02-27,188.10,197.30,200.70,184.37,29893,582371906.00,8.59,3.84,7.30,5.68
2026-03-02,197.30,226.99,229.90,196.80,67874,1500776467.00,16.78,15.05,29.69,12.90
2026-03-03,235.49,240.68,254.80,235.49,77790,1915688915.00,8.51,6.03,13.69,14.78
2026-03-04,240.04,246.82,251.57,229.82,46803,1138603715.00,9.04,2.55,6.14,8.89
2026-03-05,249.81,248.79,258.68,242.92,43630,1097871404.00,6.39,0.80,1.97,8.29
2026-03-06,254.60,264.68,271.80,250.80,51412,1344608451.00,8.44,6.39,15.89,9.77
2026-03-09,256.71,251.79,258.03,228.80,66687,1617602363.00,11.04,-4.87,-12.89,12.67
2026-03-10,257.80,253.90,257.80,240.80,30385,763020170.00,6.75,0.84,2.11,5.77
2026-03-11,253.91,262.30,262.30,253.80,25288,653740946.00,3.35,3.31,8.40,4.81
2026-03-12,261.13,250.86,263.91,246.85,24532,622051006.00,6.50,-4.36,-11.44,4.66
2026-03-13,252.62,244.26,256.79,243.20,22557,559765472.00,5.42,-2.63,-6.60,4.29
2026-03-16,250.81,253.77,257.57,240.96,35128,875531135.00,6.80,3.89,9.51,6.68
2026-03-17,258.48,239.95,258.89,239.90,22583,553851131.00,7.48,-5.45,-13.82,4.29
2026-03-18,243.05,237.65,244.35,235.47,23260,557087271.00,3.70,-0.96,-2.30,4.42
2026-03-19,237.80,241.80,245.30,227.80,33138,778945516.00,7.36,1.75,4.15,6.30
2026-03-20,253.43,246.80,274.53,243.90,51989,1338106025.00,12.67,2.07,5.00,9.88
2026-03-23,236.80,222.00,238.79,217.33,52045,1170725969.00,8.70,-10.05,-24.80,9.89
2026-03-24,226.22,231.65,236.46,220.01,26895,613908276.00,7.41,4.35,9.65,5.11
2026-03-25,233.19,243.10,249.79,231.80,29260,708518740.00,7.77,4.94,11.45,5.56
2026-03-26,243.11,237.88,246.58,236.20,16865,405643221.00,4.27,-2.15,-5.22,3.21
2026-03-27,232.60,256.80,257.60,230.03,34513,862654005.00,11.59,7.95,18.92,6.56
2026-03-30,253.81,257.00,260.72,245.15,27847,703828659.00,6.06,0.08,0.20,5.29
2026-03-31,257.06,245.30,258.80,243.68,24495,614216585.00,5.88,-4.55,-11.70,4.66
2026-04-01,252.31,248.10,254.80,245.83,16018,399185618.00,3.66,1.14,2.80,3.04
2026-04-02,249.80,242.79,259.67,241.80,19953,498958117.00,7.20,-2.14,-5.31,3.79
2026-04-03,244.80,253.00,256.80,233.71,32668,804594968.00,9.51,4.21,10.21,6.21
2026-04-07,252.98,242.40,255.05,241.08,25044,620540465.00,5.52,-4.19,-10.60,4.76
2026-04-08,247.42,259.60,261.52,247.42,30999,790501501.00,5.82,7.10,17.20,5.89
2026-04-09,255.32,263.80,266.70,252.46,23000,603308049.00,5.49,1.62,4.20,4.37
2026-04-10,265.13,279.80,290.79,264.80,35084,976408765.00,9.85,6.07,16.00,6.67
2026-04-13,274.76,274.80,281.80,273.88,21629,600285143.00,2.83,-1.79,-5.00,4.11
2026-04-14,276.69,275.80,277.58,270.93,17263,475099836.00,2.42,0.36,1.00,3.28
2026-04-15,275.80,274.98,277.60,265.81,18068,493116066.00,4.27,-0.30,-0.82,3.43
2026-04-16,275.84,276.28,277.18,270.97,15584,426784924.00,2.26,0.47,1.30,2.96
2026-04-17,274.98,266.60,289.68,265.41,37965,1047909774.00,8.78,-3.50,-9.68,7.22
2026-04-20,265.30,260.80,268.68,256.80,23020,605222636.00,4.46,-2.18,-5.80,4.37
2026-04-21,260.80,258.64,269.80,256.80,23663,620404103.00,4.98,-0.83,-2.16,4.50
2026-04-22,257.80,262.30,269.49,255.68,22603,596790020.00,5.34,1.42,3.66,4.30
2026-04-23,263.63,264.79,267.08,255.46,21800,569682800.00,4.43,0.95,2.49,4.14
2026-04-24,264.78,259.46,268.00,257.10,14935,390876093.00,4.12,-2.01,-5.33,2.84
2026-04-27,260.49,266.66,267.80,259.87,21360,566815188.00,3.06,2.77,7.20,4.06
2026-04-28,251.80,263.59,273.80,249.80,26060,689360191.00,9.00,-1.15,-3.07,4.95
2026-04-29,263.60,269.16,279.80,263.60,27415,753300392.00,6.15,2.11,5.57,5.21
2026-04-30,270.80,278.96,279.80,266.09,22562,617957465.00,5.09,3.64,9.80,4.29
2026-05-06,281.81,285.30,295.35,280.98,28190,811547613.00,5.15,2.27,6.34,5.36
2026-05-07,286.80,287.80,289.80,279.80,16956,486446151.00,3.51,0.88,2.50,3.22
2026-05-08,287.79,296.27,301.80,287.38,24617,734002563.00,5.01,2.94,8.47,4.68
2026-05-11,299.80,298.78,304.78,286.80,30130,890468464.00,6.07,0.85,2.51,5.73
2026-05-12,298.06,288.44,298.80,287.91,18263,532489744.00,3.64,-3.46,-10.34,3.47
2026-05-13,288.78,288.68,299.63,283.30,26448,771483296.00,5.66,0.08,0.24,5.03
2026-05-14,288.74,287.87,295.79,284.20,22080,640030262.00,4.01,-0.28,-0.81,4.20
2026-05-15,287.92,278.80,291.79,276.42,21126,600669308.00,5.34,-3.15,-9.07,4.01
2026-05-18,276.02,270.08,278.80,267.50,21451,581910265.00,4.05,-3.13,-8.72,4.08
2026-05-19,268.32,273.48,274.64,260.88,17634,473149495.00,5.09,1.26,3.40,3.35
2026-05-20,274.80,290.98,293.21,273.80,23051,661486144.00,7.10,6.40,17.50,4.38
2026-05-21,293.60,276.90,301.79,275.90,21340,621991804.00,8.90,-4.84,-14.08,4.06
2026-05-22,282.81,288.42,292.80,273.69,19981,565172627.00,6.90,4.16,11.52,3.80
2026-05-25,291.52,309.77,313.30,287.60,33761,1018012298.00,8.91,7.40,21.35,6.42
2026-05-26,315.97,325.60,332.80,309.80,39400,1273756029.00,7.42,5.11,15.83,7.49
2026-05-27,326.97,332.84,346.80,326.97,36024,1213807661.00,6.09,2.22,7.24,6.85
2026-05-28,331.00,337.55,338.60,324.80,21452,714104458.00,4.15,1.42,4.71,4.08
2026-05-29,336.90,333.99,347.75,330.00,22769,771059123.00,5.26,-1.05,-3.56,4.33
2026-06-01,335.00,321.79,356.68,318.18,32078,1080609874.00,11.53,-3.65,-12.20,6.10
2026-06-02,320.30,317.68,325.66,309.02,21770,693906089.00,5.17,-1.28,-4.11,4.14
2026-06-03,321.05,323.01,335.65,313.00,23861,770304220.00,7.13,1.68,5.33,4.53
2026-06-04,319.50,316.66,320.00,310.88,17193,540951336.00,2.82,-1.97,-6.35,3.27
2026-06-05,316.18,315.02,320.93,308.00,15493,488209328.00,4.08,-0.52,-1.64,2.94
2026-06-08,307.88,295.01,311.99,290.95,23639,710522563.00,6.68,-6.35,-20.01,4.49
2026-06-09,300.00,300.02,303.88,295.18,13799,413455764.00,2.95,1.70,5.01,2.62
2026-06-10,296.39,290.68,297.48,286.49,15878,461375016.00,3.66,-3.11,-9.34,3.02
2026-06-11,286.89,296.85,300.98,286.89,18909,559610079.00,4.85,2.12,6.17,3.59
2026-06-12,303.00,291.72,305.98,284.00,18142,530646857.00,7.40,-1.73,-5.13,3.45
2026-06-15,290.54,313.00,314.00,286.00,26866,809783963.00,9.60,7.29,21.28,5.11
2026-06-16,315.15,316.91,323.00,307.31,18530,583286617.00,5.01,1.25,3.91,3.52
2026-06-17,313.36,322.64,325.00,312.00,16964,542884937.00,4.10,1.81,5.73,3.22
2026-06-18,322.64,337.12,339.66,320.00,21577,712473821.00,6.09,4.49,14.48,4.10
2026-06-22,335.97,337.97,340.88,325.50,21976,732623797.00,4.56,0.25,0.85,4.18
2026-06-23,340.65,322.50,344.66,316.00,24328,793429029.00,8.48,-4.58,-15.47,4.62
2026-06-24,320.99,344.37,346.66,316.88,26393,872879587.00,9.23,6.78,21.87,5.02
2026-06-25,350.00,363.29,373.50,346.78,32231,1162706753.00,7.76,5.49,18.92,6.13
2026-06-26,360.00,345.20,360.00,335.50,31017,1070853334.00,6.74,-4.98,-18.09,5.89
2026-06-29,351.00,347.50,356.00,334.00,20319,700451458.00,6.37,0.67,2.30,3.86
2026-06-30,352.00,383.96,386.21,350.00,33133,1241884966.58,10.42,10.49,36.46,6.30