2026-01-05,10.12,9.91,10.18,9.85,284023,283342362.52,3.26,-2.08,-0.21,5.32
2026-01-06,9.94,10.90,10.90,9.93,482892,520032376.59,9.79,9.99,0.99,9.04
2026-01-07,10.77,10.45,10.99,10.40,564567,600332220.94,5.41,-4.13,-0.45,10.57
2026-01-08,10.51,10.45,10.55,10.34,274287,286004850.42,2.01,0.00,0.00,5.14
2026-01-09,10.43,10.45,10.69,10.42,269360,283448656.63,2.58,0.00,0.00,5.04
2026-01-12,10.46,10.76,10.79,10.46,322479,343359308.60,3.16,2.97,0.31,6.04
2026-01-13,10.81,10.50,11.00,10.47,317373,340129373.07,4.93,-2.42,-0.26,5.94
2026-01-14,10.56,11.00,11.29,10.52,644420,708581861.57,7.33,4.76,0.50,12.07
2026-01-15,10.91,10.67,10.95,10.50,346011,370070935.72,4.09,-3.00,-0.33,6.48
2026-01-16,10.72,10.21,10.76,10.12,370564,381481803.52,6.00,-4.31,-0.46,6.94
2026-01-19,10.11,9.97,10.13,9.90,220137,220487669.73,2.25,-2.35,-0.24,4.12
2026-01-20,10.00,9.45,10.00,9.37,301705,290318565.34,6.32,-5.22,-0.52,5.65
2026-01-21,9.41,9.48,9.62,9.39,154510,147189730.50,2.43,0.32,0.03,2.89
2026-01-22,9.53,9.69,9.76,9.45,167363,160603064.87,3.27,2.22,0.21,3.13
2026-01-23,9.69,9.72,9.75,9.59,167967,162812181.66,1.65,0.31,0.03,3.15
2026-01-26,9.72,9.39,9.90,9.39,253262,243400465.52,5.25,-3.40,-0.33,4.74
2026-01-27,9.38,9.27,9.38,8.98,284294,259675057.39,4.26,-1.28,-0.12,5.32
2026-01-28,9.33,9.28,9.60,9.26,178195,167004610.69,3.67,0.11,0.01,3.34
2026-01-29,9.18,8.70,9.33,8.67,300212,269606781.70,7.11,-6.25,-0.58,5.62
2026-01-30,8.69,8.51,8.75,8.37,291001,248446377.36,4.37,-2.18,-0.19,5.45
2026-02-02,8.49,8.51,8.74,8.41,223217,192445916.89,3.88,0.00,0.00,4.18
2026-02-03,8.66,8.71,8.77,8.58,149323,129558709.32,2.23,2.35,0.20,2.80
2026-02-04,8.75,8.70,8.88,8.64,171590,149793309.31,2.76,-0.11,-0.01,3.21
2026-02-05,8.66,8.63,8.69,8.57,153424,132357627.32,1.38,-0.80,-0.07,2.87
2026-02-06,8.60,8.79,8.94,8.51,193103,169557964.66,4.98,1.85,0.16,3.62
2026-02-09,9.00,9.00,9.45,8.95,265060,242217091.26,5.69,2.39,0.21,4.96
2026-02-10,9.03,9.24,9.43,9.00,249856,230179446.04,4.78,2.67,0.24,4.68
2026-02-11,9.20,9.31,9.64,9.20,291192,274558747.37,4.76,0.76,0.07,5.45
2026-02-12,9.50,9.20,9.59,9.12,240405,223544137.20,5.05,-1.18,-0.11,4.50
2026-02-13,9.25,9.15,9.50,9.15,238519,221953085.93,3.80,-0.54,-0.05,4.47
2026-02-24,9.20,9.05,9.30,9.04,155463,141488222.00,2.84,-1.09,-0.10,2.91
2026-02-25,9.08,9.04,9.14,8.98,134563,121662122.06,1.77,-0.11,-0.01,2.52
2026-02-26,9.08,9.03,9.19,9.00,134452,122165670.00,2.10,-0.11,-0.01,2.52
2026-02-27,9.00,9.29,9.47,8.97,262361,242538105.57,5.54,2.88,0.26,4.91
2026-03-02,9.08,8.71,9.13,8.70,271802,241562085.74,4.63,-6.24,-0.58,5.09
2026-03-03,8.72,8.25,8.77,8.24,254012,215262675.50,6.08,-5.28,-0.46,4.76
2026-03-04,8.10,8.25,8.38,8.09,208702,172134487.66,3.52,0.00,0.00,3.91
2026-03-05,8.40,8.50,8.58,8.36,209378,177498985.80,2.67,3.03,0.25,3.92
2026-03-06,8.44,8.55,8.61,8.40,120324,103001603.00,2.47,0.59,0.05,2.25
2026-03-09,8.65,8.88,8.94,8.42,290566,251470689.86,6.08,3.86,0.33,5.44
2026-03-10,8.96,9.14,9.25,8.80,291022,262106623.28,5.07,2.93,0.26,5.45
2026-03-11,9.11,8.95,9.18,8.93,228104,206855434.86,2.74,-2.08,-0.19,4.27
2026-03-12,8.97,8.70,9.05,8.70,180463,159845134.00,3.91,-2.79,-0.25,3.38
2026-03-13,8.65,8.33,8.65,8.31,214999,181913859.81,3.91,-4.25,-0.37,4.03
2026-03-16,8.32,8.49,8.50,8.24,159540,133401663.41,3.12,1.92,0.16,2.99
2026-03-17,8.52,8.23,8.56,8.22,161562,135341841.03,4.00,-3.06,-0.26,3.03
2026-03-18,8.28,8.65,8.68,8.22,220337,186704430.10,5.59,5.10,0.42,4.13
2026-03-19,8.50,8.69,9.12,8.50,280262,246042095.32,7.17,0.46,0.04,5.25
2026-03-20,8.73,8.26,8.88,8.24,243022,206269015.00,7.36,-4.95,-0.43,4.55
2026-03-23,8.01,7.60,8.03,7.49,276154,214959343.75,6.54,-7.99,-0.66,5.17
2026-03-24,7.77,7.96,7.97,7.51,228571,177155454.06,6.05,4.74,0.36,4.28
2026-03-25,8.04,8.45,8.68,8.01,322629,273122201.80,8.42,6.16,0.49,6.04
2026-03-26,8.40,8.09,8.45,8.04,211113,173860854.60,4.85,-4.26,-0.36,3.95
2026-03-27,7.96,8.11,8.19,7.87,135487,109611602.20,3.96,0.25,0.02,2.54
2026-03-30,7.94,8.09,8.12,7.73,156644,124599137.60,4.81,-0.25,-0.02,2.93
2026-03-31,8.10,7.83,8.19,7.82,171090,136131574.00,4.57,-3.21,-0.26,3.20
2026-04-01,8.00,7.91,8.18,7.88,189598,151576448.92,3.83,1.02,0.08,3.55
2026-04-02,7.91,7.54,7.91,7.48,184984,140988558.75,5.44,-4.68,-0.37,3.46
2026-04-03,7.62,7.40,7.68,7.35,139488,103540116.00,4.38,-1.86,-0.14,2.61
2026-04-07,7.45,7.44,7.52,7.31,122626,91211514.00,2.84,0.54,0.04,2.30
2026-04-08,7.69,7.96,7.98,7.69,199896,157236784.67,3.90,6.99,0.52,3.74
2026-04-09,7.83,7.66,8.02,7.63,182862,142265314.07,4.90,-3.77,-0.30,3.42
2026-04-10,7.73,7.60,7.79,7.60,158732,122203277.98,2.48,-0.78,-0.06,2.97
2026-04-13,7.55,7.64,7.75,7.50,134046,102615041.80,3.29,0.53,0.04,2.51
2026-04-14,7.80,7.77,8.40,7.60,444667,351705976.28,10.47,1.70,0.13,8.33
2026-04-15,7.85,7.92,8.25,7.75,376200,299699986.72,6.44,1.93,0.15,7.04
2026-04-16,7.87,8.22,8.28,7.85,340719,277690193.68,5.43,3.79,0.30,6.38
2026-04-17,8.18,8.00,8.24,7.97,239909,193122876.50,3.28,-2.68,-0.22,4.49
2026-04-20,7.96,7.88,8.03,7.85,176941,140009521.40,2.25,-1.50,-0.12,3.31
2026-04-21,7.86,7.45,7.86,7.41,270450,203604498.56,5.71,-5.46,-0.43,5.06
2026-04-22,7.40,7.64,7.65,7.31,203970,152708511.38,4.56,2.55,0.19,3.82
2026-04-23,7.60,7.55,7.69,7.45,180740,136532656.40,3.14,-1.18,-0.09,3.38
2026-04-24,7.55,7.69,7.77,7.47,200895,153249354.29,3.97,1.85,0.14,3.76
2026-04-27,7.90,7.90,8.19,7.88,266670,212712240.69,4.03,2.73,0.21,4.99
2026-04-28,7.90,7.81,7.99,7.78,165955,130145326.94,2.66,-1.14,-0.09,3.11
2026-04-29,7.75,7.99,8.15,7.75,187381,150693805.16,5.12,2.30,0.18,3.51
2026-04-30,7.98,8.05,8.07,7.92,133949,107233069.90,1.88,0.75,0.06,2.51
2026-05-06,8.06,8.37,8.45,8.06,248471,206785697.00,4.84,3.98,0.32,4.65
2026-05-07,8.40,8.44,8.49,8.33,213004,179183940.38,1.91,0.84,0.07,3.99
2026-05-08,8.38,8.62,8.71,8.34,252319,215819644.80,4.38,2.13,0.18,4.73
2026-05-11,8.76,8.51,8.76,8.46,217452,185781675.53,3.48,-1.28,-0.11,4.07
2026-05-12,8.46,8.21,8.51,8.16,269943,223850316.21,4.11,-3.53,-0.30,5.06
2026-05-13,8.22,8.31,8.40,8.13,254373,210656063.85,3.29,1.22,0.10,4.76
2026-05-14,8.33,8.08,8.50,8.06,233305,191452430.57,5.29,-2.77,-0.23,4.37
2026-05-15,8.12,7.88,8.15,7.85,238869,191435734.04,3.71,-2.48,-0.20,4.47
2026-05-18,7.93,7.90,8.05,7.79,218667,172795984.39,3.30,0.25,0.02,4.09
2026-05-19,7.90,8.14,8.15,7.85,203856,163628484.29,3.80,3.04,0.24,3.82
2026-05-20,8.06,7.68,8.12,7.60,247460,192507218.49,6.39,-5.65,-0.46,4.63
2026-05-21,7.73,7.26,7.77,7.20,274923,207115515.26,7.42,-5.47,-0.42,5.15
2026-05-22,7.31,7.45,7.51,7.08,229554,167339299.62,5.92,2.62,0.19,4.30
2026-05-25,7.45,7.31,7.55,7.20,167426,122472580.00,4.70,-1.88,-0.14,3.14
2026-05-26,7.25,7.08,7.35,6.98,201127,142961672.89,5.06,-3.15,-0.23,3.77
2026-05-27,7.09,6.85,7.11,6.82,167402,115638742.00,4.10,-3.25,-0.23,3.13
2026-05-28,6.87,6.86,6.94,6.79,147478,101401200.24,2.19,0.15,0.01,2.76
2026-05-29,6.90,6.53,6.95,6.50,221033,147621359.24,6.56,-4.81,-0.33,4.14
2026-06-01,6.53,6.81,6.98,6.50,196335,133366483.64,7.35,4.29,0.28,3.68
2026-06-02,6.85,6.81,6.88,6.57,207649,139680371.25,4.55,0.00,0.00,3.89
2026-06-03,6.75,6.60,6.81,6.55,176220,117803249.68,3.82,-3.08,-0.21,3.30
2026-06-04,6.59,6.47,6.68,6.41,154922,100578206.00,4.09,-1.97,-0.13,2.90
2026-06-05,6.47,6.55,6.69,6.40,172023,112447459.30,4.48,1.24,0.08,3.22
2026-06-08,6.42,6.28,6.56,6.18,167759,106913074.69,5.80,-4.12,-0.27,3.14
2026-06-09,6.33,6.31,6.43,6.23,134036,84708689.91,3.18,0.48,0.03,2.51
2026-06-10,6.46,6.24,6.46,6.13,163466,102221835.00,5.23,-1.11,-0.07,3.06
2026-06-11,6.10,6.04,6.22,5.97,171583,103689177.45,4.01,-3.21,-0.20,3.21
2026-06-12,6.20,6.09,6.25,6.06,161981,99899998.60,3.15,0.83,0.05,3.03
2026-06-15,6.15,6.26,6.35,6.15,177754,110949107.10,3.28,2.79,0.17,3.33
2026-06-16,6.26,6.27,6.32,6.16,144793,90267169.00,2.56,0.16,0.01,2.71
2026-06-17,6.29,6.21,6.29,6.13,130148,80760369.00,2.55,-0.96,-0.06,2.44
2026-06-18,6.21,6.24,6.32,6.10,151531,94437407.96,3.54,0.48,0.03,2.84
2026-06-22,6.39,6.39,6.39,6.14,247808,155000984.30,4.01,2.40,0.15,4.64
2026-06-23,6.31,6.41,6.68,6.30,272511,177770005.03,5.95,0.31,0.02,5.10
2026-06-24,6.33,6.18,6.42,6.11,182308,113456828.00,4.84,-3.59,-0.23,3.41
2026-06-25,6.16,5.99,6.19,5.94,174162,105000415.96,4.05,-3.07,-0.19,3.26
2026-06-26,5.93,5.73,5.94,5.72,175912,102470664.00,3.67,-4.34,-0.26,3.29
2026-06-29,5.75,5.65,5.79,5.54,189373,106790378.81,4.36,-1.40,-0.08,3.55