2026-01-05,13.45,13.48,13.59,13.38,39125,53302104.85,1.56,-0.15,-0.02,4.96
2026-01-06,13.48,13.90,14.02,13.48,62092,86562796.99,4.01,3.12,0.42,7.88
2026-01-07,13.85,13.63,13.96,13.56,52020,72200694.10,2.88,-1.94,-0.27,6.60
2026-01-08,13.64,13.64,13.78,13.53,38857,53600065.57,1.83,0.07,0.01,4.93
2026-01-09,13.73,13.77,13.82,13.54,40742,56353801.24,2.05,0.95,0.13,5.17
2026-01-12,13.83,14.14,14.14,13.71,59286,83461760.45,3.12,2.69,0.37,7.52
2026-01-13,14.22,13.85,14.33,13.70,55697,79179896.59,4.46,-2.05,-0.29,7.07
2026-01-14,13.75,13.72,14.13,13.55,57448,80234350.11,4.19,-0.94,-0.13,7.29
2026-01-15,13.61,13.65,14.03,13.61,44219,61652193.93,3.06,-0.51,-0.07,5.61
2026-01-16,13.61,13.46,13.79,13.38,36483,49901195.05,3.00,-1.39,-0.19,4.63
2026-01-19,13.39,13.72,13.72,13.32,37054,50838057.31,2.97,1.93,0.26,4.70
2026-01-20,13.68,15.17,16.10,13.68,200577,300552029.15,17.64,10.57,1.45,25.44
2026-01-21,14.73,14.65,15.70,14.35,140981,211511123.60,8.90,-3.43,-0.52,17.88
2026-01-22,14.35,14.92,15.29,14.35,115718,173929457.16,6.42,1.84,0.27,14.68
2026-01-23,14.85,14.85,15.13,14.67,87616,131428029.20,3.08,-0.47,-0.07,11.11
2026-01-26,14.75,14.55,15.25,14.40,88024,131141202.21,5.72,-2.02,-0.30,11.17
2026-01-27,14.44,14.03,14.51,13.81,67642,96054109.45,4.81,-3.57,-0.52,8.58
2026-01-28,13.97,14.25,14.70,13.96,73813,107360819.18,5.27,1.57,0.22,5.41
2026-01-29,14.05,14.65,14.90,14.05,90689,133148432.15,5.96,2.81,0.40,6.65
2026-01-30,14.40,14.19,14.53,13.73,91601,130870808.78,5.46,-3.14,-0.46,6.71
2026-02-02,14.01,13.30,14.14,13.28,59989,82193253.82,6.06,-6.27,-0.89,4.40
2026-02-03,13.40,13.60,13.66,13.26,39557,54049191.22,3.01,2.26,0.30,2.90
2026-02-04,13.61,13.63,13.82,13.51,31340,43240250.02,2.28,0.22,0.03,2.30
2026-02-05,13.69,13.20,13.72,13.20,34668,46957315.39,3.82,-3.15,-0.43,2.54
2026-02-06,13.07,13.27,13.66,13.01,36496,49562325.56,4.92,0.53,0.07,2.67
2026-02-09,13.29,13.78,13.82,13.29,46596,64021361.75,3.99,3.84,0.51,3.41
2026-02-10,13.64,13.54,13.81,13.50,35373,48787208.27,2.25,-1.74,-0.24,2.59
2026-02-11,13.39,13.77,14.02,13.36,43256,60265752.01,4.87,1.70,0.23,3.17
2026-02-12,13.68,13.35,13.68,13.35,36696,50096546.77,2.40,-3.05,-0.42,2.69
2026-02-13,13.40,13.05,13.46,13.05,30934,41404075.39,3.07,-2.25,-0.30,2.27
2026-02-24,13.15,13.60,13.69,13.10,29535,40152837.07,4.52,4.21,0.55,2.16
2026-02-25,13.61,13.77,14.12,13.61,47533,66678992.25,3.75,1.25,0.17,3.48
2026-02-26,13.74,13.57,14.04,13.52,34370,47587749.49,3.78,-1.45,-0.20,2.52
2026-02-27,13.50,13.44,13.57,13.38,23215,31576399.05,1.40,-0.96,-0.13,1.70
2026-03-02,13.73,13.85,14.05,13.44,52775,73362773.83,4.54,3.05,0.41,3.87
2026-03-03,13.83,14.44,14.93,13.71,126142,184247586.36,8.81,4.26,0.59,9.24
2026-03-04,14.25,13.57,14.27,13.49,76886,107288490.91,5.40,-6.02,-0.87,5.63
2026-03-05,13.53,13.26,13.65,13.24,52395,70808669.25,3.02,-2.28,-0.31,3.84
2026-03-06,13.39,13.98,14.11,13.18,74065,103408826.20,7.01,5.43,0.72,5.43
2026-03-09,14.60,13.69,14.81,13.61,90028,129294438.02,8.58,-2.07,-0.29,6.60
2026-03-10,13.24,13.44,13.57,13.23,53133,72029565.88,2.48,-1.83,-0.25,3.89
2026-03-11,13.49,13.85,13.97,13.26,57088,78820423.55,5.28,3.05,0.41,4.18
2026-03-12,14.60,13.86,14.79,13.80,118613,172298249.41,7.15,0.07,0.01,8.69
2026-03-13,13.82,14.31,15.04,13.82,117545,172185224.97,8.80,3.25,0.45,8.61
2026-03-16,14.10,13.99,14.88,13.82,89894,129917358.00,7.41,-2.24,-0.32,6.59
2026-03-17,13.97,13.67,14.25,13.45,65594,91003651.21,5.72,-2.29,-0.32,4.81
2026-03-18,13.60,13.43,13.63,13.25,43312,58559251.56,2.78,-1.76,-0.24,3.17
2026-03-19,13.63,13.17,13.69,13.09,40593,54735911.06,4.47,-1.94,-0.26,2.97
2026-03-20,13.05,12.62,13.29,12.62,36320,47551949.05,5.09,-4.18,-0.55,2.66
2026-03-23,12.19,11.86,12.44,11.86,43998,53833380.11,4.60,-6.02,-0.76,3.22
2026-03-24,12.03,12.09,12.21,11.87,22468,27346279.14,2.87,1.94,0.23,1.65
2026-03-25,12.09,12.56,12.66,12.09,28931,36328713.16,4.71,3.89,0.47,2.12
2026-03-26,12.44,12.21,12.75,12.21,22957,28996174.01,4.30,-2.79,-0.35,1.68
2026-03-27,12.16,12.56,12.76,12.10,28064,35762600.53,5.41,2.87,0.35,2.06
2026-03-30,12.48,12.34,12.75,12.32,25475,32212800.56,3.42,-1.75,-0.22,1.87
2026-03-31,12.45,11.99,12.45,11.95,23053,28328494.97,4.05,-2.84,-0.35,1.69
2026-04-01,12.07,12.12,12.22,12.01,14324,17521579.93,1.75,1.08,0.13,1.05
2026-04-02,12.13,12.14,12.31,11.96,21190,26054924.74,2.89,0.17,0.02,1.55
2026-04-03,12.06,11.65,12.14,11.65,22980,27556178.86,4.04,-4.04,-0.49,1.68
2026-04-07,11.64,12.29,12.31,11.62,27422,33506351.48,5.92,5.49,0.64,2.01
2026-04-08,12.11,12.37,12.39,11.90,31618,39069708.44,3.99,0.65,0.08,2.32
2026-04-09,12.25,11.99,12.45,11.98,17653,21738993.54,3.80,-3.07,-0.38,1.29
2026-04-10,12.15,12.20,12.30,12.03,12974,16006006.53,2.25,1.75,0.21,0.95
2026-04-13,12.30,12.14,12.30,12.05,9687,11899211.58,2.05,-0.49,-0.06,0.71
2026-04-14,12.10,12.02,12.25,11.93,16857,20504724.19,2.64,-0.99,-0.12,1.24
2026-04-15,12.12,11.99,12.12,11.89,12453,15122571.71,1.91,-0.25,-0.03,0.91
2026-04-16,12.08,12.01,12.08,11.94,11387,13846841.18,1.17,0.17,0.02,0.83
2026-04-17,12.10,12.39,12.72,11.82,36183,44849107.80,7.49,3.16,0.38,2.65
2026-04-20,12.39,12.42,12.66,12.21,29509,37272058.74,3.63,0.24,0.03,2.16
2026-04-21,12.15,12.01,12.29,11.90,28247,34397922.36,3.14,-3.30,-0.41,2.07
2026-04-22,12.01,12.00,12.22,11.95,18868,23025457.24,2.25,-0.08,-0.01,1.38
2026-04-23,12.05,11.84,12.10,11.75,19326,23249430.93,2.92,-1.33,-0.16,1.42
2026-04-24,11.95,11.85,12.10,11.75,20480,24733160.49,2.96,0.08,0.01,1.50
2026-04-27,11.78,11.48,11.80,11.35,23428,27279749.55,3.80,-3.12,-0.37,1.72
2026-04-28,11.51,11.52,11.67,11.36,14873,17312273.72,2.70,0.35,0.04,1.09
2026-04-29,11.46,11.42,11.61,11.39,17083,19910824.79,1.91,-0.87,-0.10,1.25
2026-04-30,11.43,11.15,11.50,11.14,20145,23121725.97,3.15,-2.36,-0.27,1.48
2026-05-06,11.15,11.28,11.34,11.13,15837,18060437.21,1.88,1.17,0.13,1.16
2026-05-07,11.29,11.38,11.57,11.26,18715,21691193.74,2.75,0.89,0.10,1.37
2026-05-08,11.43,11.59,11.66,11.26,20332,23686199.16,3.51,1.85,0.21,1.49
2026-05-11,11.54,11.45,11.63,11.43,13802,16067029.08,1.73,-1.21,-0.14,1.01
2026-05-12,11.55,11.38,11.58,11.35,8812,10232514.45,2.01,-0.61,-0.07,0.65
2026-05-13,11.36,11.36,11.48,11.30,12408,14301327.81,1.58,-0.18,-0.02,0.91
2026-05-14,11.34,11.25,11.53,11.23,18246,21021607.76,2.64,-0.97,-0.11,1.34
2026-05-15,11.27,11.12,11.34,11.07,11629,13171100.34,2.40,-1.16,-0.13,0.85
2026-05-18,11.24,10.74,11.24,10.64,21349,23413681.39,5.40,-3.42,-0.38,1.56
2026-05-19,10.77,11.02,11.07,10.74,12359,13674551.22,3.07,2.61,0.28,0.91
2026-05-20,11.01,10.83,11.05,10.76,12260,13465597.35,2.63,-1.72,-0.19,0.90
2026-05-21,10.86,10.81,10.95,10.75,15570,17089284.82,1.85,-0.18,-0.02,1.14
2026-05-22,10.79,10.94,10.97,10.72,9255,10170935.22,2.31,1.20,0.13,0.68
2026-05-25,10.97,10.34,10.97,10.18,21437,22784004.00,7.22,-5.48,-0.60,1.57
2026-05-26,10.27,9.85,10.27,9.79,16875,16983566.04,4.64,-4.74,-0.49,1.24
2026-05-27,9.79,9.52,9.92,9.37,19390,18873425.51,5.58,-3.35,-0.33,1.42
2026-05-28,9.50,9.71,9.75,9.42,11479,11142610.41,3.47,2.00,0.19,0.84
2026-05-29,9.69,9.79,9.89,9.64,14398,14045678.82,2.57,0.82,0.08,1.06
2026-06-01,9.72,10.09,10.09,9.72,12603,12583123.25,3.78,3.06,0.30,0.92
2026-06-02,10.11,9.98,10.18,9.82,9221,9191595.69,3.57,-1.09,-0.11,0.68
2026-06-03,9.98,9.80,10.04,9.66,8174,8037047.90,3.81,-1.80,-0.18,0.60
2026-06-04,9.68,9.46,9.74,9.44,9115,8695912.03,3.06,-3.47,-0.34,0.67
2026-06-05,9.45,9.74,10.05,9.45,13724,13453618.49,6.34,2.96,0.28,1.01
2026-06-08,9.60,9.88,10.21,9.51,18520,18399696.54,7.19,1.44,0.14,1.36
2026-06-09,9.92,9.87,10.02,9.76,9435,9321295.55,2.63,-0.10,-0.01,0.69
2026-06-10,9.90,11.08,11.88,9.75,75702,82849551.19,21.58,12.26,1.21,5.55
2026-06-11,11.52,10.84,12.21,10.70,70695,81444151.36,13.63,-2.17,-0.24,5.18
2026-06-12,10.00,10.31,10.81,10.00,55521,57670971.61,7.47,-4.89,-0.53,4.07
2026-06-15,10.33,9.98,10.46,9.87,37088,37225720.95,5.72,-3.20,-0.33,2.72
2026-06-16,9.99,9.66,9.99,9.63,25170,24560974.60,3.61,-3.21,-0.32,1.84
2026-06-17,9.63,9.59,9.73,9.48,21309,20352670.33,2.59,-0.72,-0.07,1.56
2026-06-18,9.64,9.29,9.64,9.29,16302,15338912.66,3.65,-3.13,-0.30,1.19
2026-06-22,9.23,9.54,9.56,8.96,23066,21349260.13,6.46,2.69,0.25,1.69
2026-06-23,9.64,9.41,9.88,9.39,21122,20399880.02,5.14,-1.36,-0.13,1.55
2026-06-24,9.39,9.09,9.41,9.05,15194,13899462.23,3.83,-3.40,-0.32,1.11
2026-06-25,9.00,8.78,9.09,8.78,21764,19316644.27,3.41,-3.41,-0.31,1.59
2026-06-26,8.70,8.76,8.87,8.45,14594,12653271.17,4.78,-0.23,-0.02,1.07
2026-06-29,8.69,8.23,8.78,8.23,14500,12264205.14,6.28,-6.05,-0.53,1.06
2026-06-30,8.30,8.24,8.42,8.22,10682,8865701.72,2.43,0.12,0.01,0.79
2026-07-01,8.32,8.64,8.77,8.24,18167,15573878.90,6.43,4.85,0.40,1.34
2026-07-02,8.69,8.58,8.81,8.58,13083,11416378.10,2.66,-0.69,-0.06,0.97
2026-07-03,8.65,8.70,8.77,8.52,10022,8657535.78,2.91,1.40,0.12,0.74
2026-07-06,8.74,8.46,8.78,8.43,9245,7963105.51,4.02,-2.76,-0.24,0.68
2026-07-07,8.50,8.52,8.62,8.41,6577,5619721.82,2.48,0.71,0.06,0.49
2026-07-08,8.60,8.50,8.61,8.38,7993,6775072.39,2.70,-0.23,-0.02,0.59
2026-07-09,8.46,8.30,8.49,8.20,9589,7962778.11,3.41,-2.35,-0.20,0.71
2026-07-10,8.28,8.59,8.67,8.18,11379,9663804.75,5.90,3.49,0.29,0.84
2026-07-13,8.57,8.06,8.57,8.04,12786,10530680.48,6.17,-6.17,-0.53,0.94
2026-07-14,8.11,8.26,8.28,8.00,8957,7297928.09,3.47,2.48,0.20,0.66
2026-07-15,8.24,8.24,8.48,8.17,6759,5644054.40,3.75,-0.24,-0.02,0.50
2026-07-16,8.24,8.20,8.38,8.16,6529,5389731.70,2.67,-0.49,-0.04,0.48
2026-07-17,8.27,8.20,8.38,8.10,9350,7713583.07,3.41,0.00,0.00,0.69
2026-07-20,8.27,7.92,8.37,7.91,11969,9734528.35,5.61,-3.41,-0.28,0.88
2026-07-21,7.92,7.99,8.00,7.36,13846,10648464.00,8.08,0.88,0.07,1.02
2026-07-22,7.95,8.15,8.28,7.95,10844,8854539.07,4.13,2.00,0.16,0.80
2026-07-23,8.22,8.41,8.47,7.98,16474,13640124.97,6.01,3.19,0.26,1.22
2026-07-24,8.34,8.39,8.45,8.25,11907,9950788.05,2.38,-0.24,-0.02,0.88
2026-07-27,8.32,8.36,8.49,8.23,11805,9874416.41,3.10,-0.36,-0.03,0.87
2026-07-28,8.36,8.53,8.59,8.28,14498,12292520.72,3.71,2.03,0.17,1.07
2026-07-29,8.50,8.66,8.70,8.44,13637,11703249.24,3.05,1.52,0.13,1.01
2026-07-30,8.63,8.50,8.71,8.46,10584,9107365.32,2.89,-1.85,-0.16,0.78
2026-07-31,8.49,8.53,8.67,8.49,11830,10157600.45,2.12,0.35,0.03,0.87
2026-08-03,8.55,8.51,8.62,8.46,6493,5533072.94,1.88,-0.23,-0.02,0.48
2026-08-04,8.60,8.58,8.60,8.46,8239,7035009.65,1.65,0.82,0.07,0.61
2026-08-05,8.58,8.70,8.74,8.50,11838,10247133.69,2.80,1.40,0.12,0.87
2026-08-06,8.70,8.63,8.75,8.52,10421,8996785.65,2.64,-0.80,-0.07,0.77
2026-08-07,8.77,8.63,8.77,8.50,10658,9180851.14,3.13,0.00,0.00,0.79
2026-08-10,8.68,8.95,9.09,8.61,24798,22108753.41,5.56,3.71,0.32,1.83
2026-08-11,8.86,8.73,8.91,8.69,17599,15471729.43,2.46,-2.46,-0.22,1.30
2026-08-12,8.68,8.79,8.79,8.68,8749,7644481.91,1.26,0.69,0.06,0.65
2026-08-13,8.79,8.53,8.86,8.51,10230,8828263.16,3.98,-2.96,-0.26,0.76
2026-08-14,8.53,8.48,8.57,8.40,8002,6779739.61,1.99,-0.59,-0.05,0.59
2026-08-17,8.45,8.65,8.71,8.45,12539,10826729.35,3.07,2.00,0.17,0.93
2026-08-18,8.65,9.04,9.12,8.53,29712,26495107.98,6.82,4.51,0.39,2.19
2026-08-19,8.93,9.48,9.91,8.75,52694,49728239.80,12.83,4.87,0.44,3.89
2026-08-20,9.14,9.28,9.50,9.05,33518,31197781.37,4.75,-2.11,-0.20,2.47
2026-08-21,9.20,9.44,9.88,9.09,34969,33021107.47,8.51,1.72,0.16,2.58
2026-08-24,9.35,9.89,9.89,9.33,44858,43428046.87,5.93,4.77,0.45,3.31
2026-08-25,9.80,9.70,10.40,9.53,58736,58777733.48,8.80,-1.92,-0.19,4.34
2026-08-26,9.52,9.36,9.74,9.30,38819,36750502.10,4.54,-3.51,-0.34,2.87
2026-08-27,9.44,9.33,9.52,9.25,26534,24808790.51,2.88,-0.32,-0.03,1.96
2026-08-28,9.42,10.75,11.05,9.27,102377,104135376.21,19.08,15.22,1.42,7.56