2026-01-05,6.27,6.43,6.72,6.27,459160,297668417.74,7.21,3.04,0.19,2.84
2026-01-06,6.46,6.51,6.58,6.36,337680,217912358.00,3.42,1.24,0.08,2.09
2026-01-07,6.51,6.67,6.85,6.36,493375,325536944.62,7.53,2.46,0.16,3.05
2026-01-08,6.65,6.86,6.87,6.52,398722,267382994.04,5.25,2.85,0.19,2.47
2026-01-09,7.01,7.18,7.43,7.00,704961,510316923.33,6.27,4.66,0.32,4.36
2026-01-12,7.24,7.40,7.51,7.12,582925,427938909.94,5.43,3.06,0.22,3.61
2026-01-13,7.56,7.12,7.71,7.07,502569,365786124.27,8.65,-3.78,-0.28,3.11
2026-01-14,7.15,6.96,7.19,6.80,500943,350153447.90,5.48,-2.25,-0.16,3.10
2026-01-15,6.87,6.69,6.91,6.61,291216,196091177.76,4.31,-3.88,-0.27,1.80
2026-01-16,6.74,6.52,6.75,6.49,207025,135877358.17,3.89,-2.54,-0.17,1.28
2026-01-19,6.50,6.54,6.56,6.42,196705,128021980.36,2.15,0.31,0.02,1.22
2026-01-20,6.56,6.46,6.59,6.41,199034,128800595.22,2.75,-1.22,-0.08,1.23
2026-01-21,6.41,6.37,6.47,6.35,165435,105929613.48,1.86,-1.39,-0.09,1.02
2026-01-22,6.37,6.43,6.49,6.31,167688,107594425.56,2.83,0.94,0.06,1.04
2026-01-23,6.44,6.57,6.64,6.44,242613,158486666.47,3.11,2.18,0.14,1.50
2026-01-26,6.54,6.40,6.56,6.35,232087,148642000.68,3.20,-2.59,-0.17,1.44
2026-01-27,6.42,6.27,6.42,6.18,217428,135983106.77,3.75,-2.03,-0.13,1.35
2026-01-28,6.27,6.35,6.47,6.22,336928,214185701.01,3.99,1.28,0.08,2.09
2026-01-29,6.22,6.41,6.42,6.14,310705,195534814.47,4.41,0.94,0.06,1.92
2026-01-30,6.35,6.33,6.54,6.32,225281,144300727.83,3.43,-1.25,-0.08,1.39
2026-02-02,6.30,6.81,6.96,6.25,1018704,688427534.44,11.22,7.58,0.48,6.31
2026-02-03,6.96,6.92,6.99,6.60,747072,509109951.30,5.73,1.62,0.11,4.62
2026-02-04,6.88,6.98,7.29,6.85,679300,479885461.14,6.36,0.87,0.06,4.21
2026-02-05,6.98,6.83,7.05,6.82,303826,209999545.28,3.30,-2.15,-0.15,1.88
2026-02-06,6.88,7.51,7.51,6.77,1011343,736110807.56,10.83,9.96,0.68,6.26
2026-02-09,8.26,8.26,8.26,7.83,1108386,909991383.08,5.73,9.99,0.75,6.86
2026-02-10,8.26,8.38,9.09,7.96,2519520,2162311583.38,13.68,1.45,0.12,15.60
2026-02-11,8.51,8.20,8.69,8.17,1571690,1318953274.27,6.21,-2.15,-0.18,9.73
2026-02-12,7.99,8.29,8.54,7.99,1113980,926498068.77,6.71,1.10,0.09,6.90
2026-02-13,8.29,7.48,8.37,7.46,1065751,824012786.31,10.98,-9.77,-0.81,6.60
2026-02-24,7.65,7.67,7.81,7.49,855152,654920527.64,4.28,2.54,0.19,5.29
2026-02-25,7.72,8.03,8.25,7.52,942369,743630168.05,9.52,4.69,0.36,5.83
2026-02-26,8.27,8.83,8.83,8.27,432279,376102444.36,6.97,9.96,0.80,2.68
2026-02-27,8.33,8.10,8.40,7.95,1497427,1210490506.32,5.10,-8.27,-0.73,9.27
2026-03-02,7.95,7.99,8.06,7.72,833082,657442445.85,4.20,-1.36,-0.11,5.16
2026-03-03,7.93,7.45,8.03,7.40,727846,553758352.02,7.88,-6.76,-0.54,4.51
2026-03-04,7.36,7.63,7.70,7.30,462402,350619924.74,5.37,2.42,0.18,2.86
2026-03-05,7.64,7.33,7.70,7.22,509084,376941809.66,6.29,-3.93,-0.30,3.15
2026-03-06,7.26,7.50,7.54,7.20,347770,257971345.62,4.64,2.32,0.17,2.15
2026-03-09,7.30,7.53,7.54,7.17,384079,282251749.23,4.93,0.40,0.03,2.38
2026-03-10,7.60,7.46,7.75,7.43,345604,261459574.57,4.25,-0.93,-0.07,2.14
2026-03-11,7.49,7.55,7.58,7.39,331925,248566945.26,2.55,1.21,0.09,2.05
2026-03-12,7.54,7.48,7.62,7.37,228757,171511822.44,3.31,-0.93,-0.07,1.42
2026-03-13,7.51,7.38,7.63,7.37,320853,240221585.95,3.48,-1.34,-0.10,1.99
2026-03-16,7.37,7.26,7.40,7.15,296585,214980528.27,3.39,-1.63,-0.12,1.84
2026-03-17,7.26,7.13,7.28,7.12,223005,160555496.30,2.20,-1.79,-0.13,1.38
2026-03-18,7.13,7.20,7.24,7.09,183143,131260058.32,2.10,0.98,0.07,1.13
2026-03-19,7.13,6.90,7.16,6.86,260285,182048402.48,4.17,-4.17,-0.30,1.61
2026-03-20,6.91,6.73,6.99,6.72,196722,134920465.65,3.91,-2.46,-0.17,1.22
2026-03-23,6.60,6.43,6.76,6.35,276320,181178700.19,6.09,-4.46,-0.30,1.71
2026-03-24,6.53,6.88,6.93,6.45,372124,248461332.50,7.47,7.00,0.45,2.30
2026-03-25,6.82,6.94,7.00,6.78,250954,173242976.79,3.20,0.87,0.06,1.55
2026-03-26,6.91,6.93,7.08,6.86,193811,134894177.00,3.17,-0.14,-0.01,1.20
2026-03-27,6.85,7.17,7.28,6.82,288399,205237671.24,6.64,3.46,0.24,1.79
2026-03-30,7.11,7.18,7.32,6.94,376363,266954715.26,5.30,0.14,0.01,2.33
2026-03-31,7.25,7.11,7.32,7.09,309142,222114208.10,3.20,-0.97,-0.07,1.91
2026-04-01,7.17,7.27,7.35,7.15,351755,254916635.70,2.81,2.25,0.16,2.18
2026-04-02,7.25,7.29,7.36,7.20,298250,216845455.86,2.20,0.28,0.02,1.85
2026-04-03,7.22,6.81,7.23,6.76,445919,309367090.56,6.45,-6.58,-0.48,2.76
2026-04-07,6.81,7.02,7.08,6.74,273857,190885877.42,4.99,3.08,0.21,1.70
2026-04-08,7.14,7.11,7.21,7.03,263442,187028931.73,2.56,1.28,0.09,1.63
2026-04-09,7.04,7.12,7.17,7.02,183087,129957369.94,2.11,0.14,0.01,1.13
2026-04-10,7.23,7.31,7.40,7.17,359076,262711269.50,3.23,2.67,0.19,2.22
2026-04-13,7.33,7.34,7.40,7.19,254317,186106835.60,2.87,0.41,0.03,1.57
2026-04-14,7.35,7.20,7.41,7.09,236233,170044906.19,4.36,-1.91,-0.14,1.46
2026-04-15,7.22,7.11,7.25,7.06,176234,125505555.43,2.64,-1.25,-0.09,1.09
2026-04-16,7.08,7.08,7.13,6.98,179567,127052758.28,2.11,-0.42,-0.03,1.11
2026-04-17,7.07,7.16,7.37,7.01,303967,219819284.29,5.08,1.13,0.08,1.88
2026-04-20,7.17,7.29,7.65,7.17,364466,267879738.93,6.70,1.82,0.13,2.26
2026-04-21,7.25,7.17,7.29,7.15,179100,129066278.00,1.92,-1.65,-0.12,1.11
2026-04-22,7.15,7.05,7.19,7.01,214255,151373309.41,2.51,-1.67,-0.12,1.33
2026-04-23,7.06,6.93,7.13,6.92,182283,127535664.91,2.98,-1.70,-0.12,1.13
2026-04-24,6.87,6.97,7.11,6.86,175778,122587771.70,3.61,0.58,0.04,1.09
2026-04-27,7.05,7.21,7.35,7.03,381713,275315723.45,4.59,3.44,0.24,2.36
2026-04-28,7.24,7.31,7.35,7.19,254398,184943680.42,2.22,1.39,0.10,1.57
2026-04-29,6.60,6.58,6.79,6.58,537854,355104874.50,2.87,-9.99,-0.73,3.33
2026-04-30,6.48,6.34,6.55,6.28,481612,308625816.46,4.10,-3.65,-0.24,2.98
2026-05-06,6.33,6.25,6.45,6.25,353397,223437698.72,3.15,-1.42,-0.09,2.19
2026-05-07,6.26,6.13,6.29,6.08,328616,201853402.95,3.36,-1.92,-0.12,2.03
2026-05-08,6.15,6.10,6.17,6.02,266355,161979515.73,2.45,-0.49,-0.03,1.65
2026-05-11,6.11,6.16,6.19,6.08,283742,174349336.42,1.80,0.98,0.06,1.76
2026-05-12,6.11,6.10,6.19,5.98,432710,262561462.69,3.41,-0.97,-0.06,2.68
2026-05-13,6.07,5.98,6.11,5.97,262908,158022804.68,2.30,-1.97,-0.12,1.63
2026-05-14,5.98,5.73,5.98,5.72,313834,182222484.00,4.35,-4.18,-0.25,1.94
2026-05-15,5.71,5.67,5.73,5.60,202022,114663845.70,2.27,-1.05,-0.06,1.25
2026-05-18,5.67,5.89,5.93,5.54,328011,188512227.93,6.88,3.88,0.22,2.03
2026-05-19,5.84,5.79,5.93,5.68,220455,128002653.38,4.24,-1.70,-0.10,1.36
2026-05-20,5.75,5.69,5.76,5.65,111033,63174417.44,1.90,-1.73,-0.10,0.69
2026-05-21,5.69,5.56,5.80,5.56,156153,88700703.00,4.22,-2.28,-0.13,0.97
2026-05-22,5.60,5.53,5.60,5.50,152227,84486492.00,1.80,-0.54,-0.03,0.94
2026-05-25,5.59,5.60,5.72,5.53,176884,99516707.99,3.44,1.27,0.07,1.10
2026-05-26,5.63,5.48,5.64,5.40,150189,82137277.62,4.29,-2.14,-0.12,0.93
2026-05-27,5.48,5.35,5.51,5.33,137502,74094191.00,3.28,-2.37,-0.13,0.85
2026-05-28,5.35,5.41,5.55,5.34,173104,94337577.36,3.93,1.12,0.06,1.07
2026-05-29,5.41,5.52,5.58,5.35,185471,101600350.00,4.25,2.03,0.11,1.15
2026-06-01,5.52,6.07,6.07,5.48,545305,321150043.43,10.69,9.96,0.55,3.38
2026-06-02,6.15,5.97,6.35,5.94,618200,380866433.40,6.75,-1.65,-0.10,3.83
2026-06-03,5.99,5.77,6.04,5.73,345168,201082813.96,5.19,-3.35,-0.20,2.14
2026-06-04,5.82,5.72,5.82,5.66,187734,107406477.53,2.77,-0.87,-0.05,1.16
2026-06-05,5.79,5.58,5.84,5.55,285752,161695749.37,5.07,-2.45,-0.14,1.77
2026-06-08,5.44,5.30,5.57,5.22,260293,139795369.10,6.27,-5.02,-0.28,1.61
2026-06-09,5.30,5.21,5.32,5.16,218999,114496011.30,3.02,-1.70,-0.09,1.36
2026-06-10,5.18,5.21,5.23,5.12,171888,88917170.34,2.11,0.00,0.00,1.06
2026-06-11,5.18,5.35,5.42,5.13,231222,121965760.64,5.57,2.69,0.14,1.43
2026-06-12,5.34,5.37,5.42,5.17,199153,105776255.66,4.67,0.37,0.02,1.23