2026-01-05,13.70,13.86,13.87,13.68,216438,300814295.62,1.39,1.09,0.15,2.02
2026-01-06,13.90,13.96,13.99,13.81,246615,345100746.86,1.30,0.72,0.10,2.30
2026-01-07,13.97,13.87,14.10,13.83,258118,362123535.91,1.93,-0.64,-0.09,2.41
2026-01-08,13.80,13.87,13.97,13.79,251799,351908001.21,1.30,0.00,0.00,2.35
2026-01-09,13.78,13.97,14.05,13.78,257811,361538564.49,1.95,0.72,0.10,2.41
2026-01-12,13.97,14.34,14.35,13.97,456530,651153476.34,2.72,2.65,0.37,4.26
2026-01-13,14.41,13.92,14.42,13.89,366032,518583973.91,3.70,-2.93,-0.42,3.42
2026-01-14,13.93,13.95,14.21,13.78,379296,535497737.97,3.09,0.22,0.03,3.54
2026-01-15,13.84,13.87,13.98,13.75,206222,286984659.98,1.65,-0.57,-0.08,1.93
2026-01-16,13.93,14.14,14.17,13.89,300067,424124554.32,2.02,1.95,0.27,2.80
2026-01-19,14.25,14.11,14.25,14.06,236979,336917055.95,1.34,-0.21,-0.03,2.21
2026-01-20,14.15,14.42,14.58,14.15,530067,768432764.85,3.05,2.20,0.31,4.95
2026-01-21,14.28,14.34,14.42,14.22,312645,450238513.95,1.39,-0.55,-0.08,2.92
2026-01-22,14.38,14.27,14.42,14.20,266598,382870976.99,1.53,-0.49,-0.07,2.49
2026-01-23,14.29,14.34,14.40,14.22,305939,439774963.77,1.26,0.49,0.07,2.86
2026-01-26,14.36,13.84,14.41,13.80,451515,635703301.18,4.25,-3.49,-0.50,4.22
2026-01-27,13.83,13.93,13.98,13.44,297248,410513768.79,3.90,0.65,0.09,2.78
2026-01-28,13.89,13.76,14.03,13.73,222865,309162856.68,2.15,-1.22,-0.17,2.08
2026-01-29,13.74,13.47,13.81,13.43,236978,323613079.52,2.76,-2.11,-0.29,2.21
2026-01-30,13.08,12.79,13.09,12.69,481636,622179909.73,2.97,-5.05,-0.68,4.50
2026-02-02,12.72,12.63,12.86,12.63,219941,281525870.58,1.80,-1.25,-0.16,2.05
2026-02-03,12.74,12.81,12.81,12.63,149920,192020211.25,1.43,1.43,0.18,1.40
2026-02-04,12.75,12.80,12.81,12.65,140949,180264712.18,1.25,-0.08,-0.01,1.32
2026-02-05,12.79,12.66,12.79,12.63,132609,169126374.43,1.25,-1.09,-0.14,1.24
2026-02-06,12.58,12.63,12.76,12.48,143086,182077921.99,2.21,-0.24,-0.03,1.34
2026-02-09,12.76,12.87,12.88,12.72,146460,188599180.75,1.27,1.90,0.24,1.37
2026-02-10,12.88,12.96,13.01,12.81,133814,174183228.97,1.55,0.70,0.09,1.25
2026-02-11,12.96,12.97,13.07,12.90,97112,126796129.76,1.31,0.08,0.01,0.91
2026-02-12,12.96,12.99,13.05,12.88,114720,149865468.87,1.31,0.15,0.02,1.07
2026-02-13,12.96,13.02,13.10,12.92,143519,187939983.80,1.39,0.23,0.03,1.34
2026-02-24,13.38,13.13,13.47,13.13,223790,298460225.32,2.61,0.84,0.11,2.09
2026-02-25,13.22,13.25,13.39,13.17,188710,252106789.44,1.68,0.91,0.12,1.76
2026-02-26,13.28,13.25,13.33,13.19,151287,201588206.08,1.06,0.00,0.00,1.41
2026-02-27,13.23,13.19,13.26,13.15,135393,179577812.27,0.83,-0.45,-0.06,1.26
2026-03-02,12.96,12.84,13.06,12.79,226702,294169599.65,2.05,-2.65,-0.35,2.12
2026-03-03,12.87,12.46,12.93,12.43,229256,290738564.82,3.89,-2.96,-0.38,2.14
2026-03-04,12.50,12.27,12.59,12.26,171502,214009591.19,2.65,-1.52,-0.19,1.60
2026-03-05,12.46,12.50,12.63,12.44,160153,201804881.37,1.55,1.87,0.23,1.50
2026-03-06,12.47,12.60,12.62,12.44,106224,133992696.22,1.44,0.80,0.10,0.99
2026-03-09,12.48,12.44,12.51,12.21,156064,193449626.90,2.38,-1.27,-0.16,1.46
2026-03-10,12.73,12.69,12.76,12.60,132859,169294078.33,1.29,2.01,0.25,1.24
2026-03-11,12.63,12.73,12.80,12.63,129478,165859521.85,1.34,0.32,0.04,1.21
2026-03-12,12.74,12.95,13.06,12.73,280288,364179770.61,2.59,1.73,0.22,2.62
2026-03-13,12.84,12.73,12.93,12.67,167215,215467654.37,2.01,-1.70,-0.22,1.56
2026-03-16,12.68,12.96,12.97,12.55,156639,201808866.37,3.30,1.81,0.23,1.46
2026-03-17,12.98,12.84,13.03,12.78,113440,146974015.14,1.93,-0.93,-0.12,1.06
2026-03-18,12.86,12.81,12.88,12.69,99225,127475139.74,1.48,-0.23,-0.03,0.93
2026-03-19,12.67,12.52,12.73,12.45,125876,159265663.89,2.19,-2.26,-0.29,1.18
2026-03-20,12.55,12.41,12.73,12.37,123533,155419438.70,2.88,-0.88,-0.11,1.15
2026-03-23,12.53,12.41,12.92,12.38,368216,469624287.14,4.35,0.00,0.00,3.44
2026-03-24,12.61,12.43,12.67,11.99,278360,343237679.61,5.48,0.16,0.02,2.60
2026-03-25,12.48,12.53,12.62,12.43,147193,185429651.66,1.53,0.80,0.10,1.37
2026-03-26,12.57,12.33,12.57,12.26,114584,143152810.48,2.47,-1.60,-0.20,1.07
2026-03-27,12.18,12.30,12.39,12.17,99491,123016437.24,1.78,-0.24,-0.03,0.93
2026-03-30,12.21,12.11,12.22,11.92,122048,148033840.31,2.44,-1.54,-0.19,1.14
2026-03-31,12.08,11.98,12.17,11.96,97704,118369790.36,1.73,-1.07,-0.13,0.91
2026-04-01,12.19,12.23,12.29,12.11,137568,168839879.25,1.50,2.09,0.25,1.28
2026-04-02,12.21,12.01,12.33,11.94,114162,138862521.68,3.19,-1.80,-0.22,1.07
2026-04-03,12.04,11.72,12.06,11.69,99750,118623159.90,3.08,-2.41,-0.29,0.93
2026-04-07,11.72,11.70,11.78,11.56,82326,96886494.06,1.88,-0.17,-0.02,0.77
2026-04-08,11.93,12.17,12.19,11.93,164151,199344320.33,2.22,4.02,0.47,1.53
2026-04-09,12.05,12.01,12.06,11.95,98556,119042134.08,0.90,-1.31,-0.16,0.92
2026-04-10,12.06,12.23,12.34,12.06,130804,160898168.19,2.33,1.83,0.22,1.22
2026-04-13,12.21,12.32,12.43,12.14,124389,154148104.47,2.37,0.74,0.09,1.16
2026-04-14,12.39,12.41,12.46,12.29,123715,154031020.20,1.38,0.73,0.09,1.16
2026-04-15,12.43,12.31,12.48,12.26,100111,124411342.34,1.77,-0.81,-0.10,0.93
2026-04-16,12.35,12.33,12.40,12.28,92661,114933922.28,0.97,0.16,0.02,0.87
2026-04-17,12.30,12.36,12.40,12.25,107257,132887116.13,1.22,0.24,0.03,1.00
2026-04-20,12.40,12.29,12.46,12.27,144026,179127144.85,1.54,-0.57,-0.07,1.34
2026-04-21,12.31,12.03,12.32,11.98,173210,210005639.49,2.77,-2.12,-0.26,1.62
2026-04-22,11.99,12.19,12.22,11.98,127566,155957522.91,2.00,1.33,0.16,1.19
2026-04-23,12.19,12.03,12.23,11.96,150468,181897623.25,2.21,-1.31,-0.16,1.40
2026-04-24,11.95,11.83,12.03,11.80,127724,152307714.02,1.91,-1.66,-0.20,1.19
2026-04-27,11.84,11.95,12.05,11.79,129603,155568737.64,2.20,1.01,0.12,1.21
2026-04-28,11.33,10.78,11.33,10.75,574286,634185693.33,4.85,-9.79,-1.17,5.36
2026-04-29,10.73,10.79,10.89,10.68,170504,185533923.33,1.95,0.09,0.01,1.59
2026-04-30,10.77,10.64,10.88,10.58,190397,204464470.47,2.78,-1.39,-0.15,1.78
2026-05-06,10.71,10.81,10.90,10.71,194589,211910050.33,1.79,1.60,0.17,1.82
2026-05-07,10.89,10.99,11.02,10.76,186817,205366612.29,2.41,1.67,0.18,1.74
2026-05-08,10.93,11.26,11.36,10.87,247808,278816972.82,4.46,2.46,0.27,2.31
2026-05-11,11.27,11.12,11.33,11.07,219806,246297996.55,2.31,-1.24,-0.14,2.05
2026-05-12,11.09,10.90,11.12,10.85,194281,214070840.34,2.43,-1.98,-0.22,1.81
2026-05-13,10.93,10.94,11.01,10.82,180210,198464039.53,1.74,0.37,0.04,1.68
2026-05-14,11.00,10.83,11.02,10.78,192010,209276651.52,2.19,-1.01,-0.11,1.79
2026-05-15,10.84,11.02,11.22,10.76,293250,322431156.16,4.25,1.75,0.19,2.74
2026-05-18,11.08,11.07,11.22,10.93,231609,256880207.55,2.63,0.45,0.05,2.16
2026-05-19,11.08,11.24,11.25,11.04,214767,239714754.92,1.90,1.54,0.17,2.01
2026-05-20,11.19,11.00,11.45,10.97,213211,236724914.00,4.27,-2.14,-0.24,1.99
2026-05-21,11.11,11.04,11.36,11.00,344458,385485389.31,3.27,0.36,0.04,3.22