2026-01-05,12.68,12.79,12.81,12.59,132354,169072060.91,1.77,3.15,0.39,2.93
2026-01-06,12.84,12.83,12.89,12.77,109193,140447403.11,0.94,0.31,0.04,2.42
2026-01-07,12.87,12.74,12.93,12.70,109596,140700405.21,1.79,-0.70,-0.09,2.42
2026-01-08,12.70,12.82,12.85,12.63,104218,133670612.02,1.73,0.63,0.08,2.31
2026-01-09,12.82,13.18,13.41,12.74,257278,335942877.34,5.23,2.81,0.36,5.69
2026-01-12,13.18,13.23,13.25,13.00,197577,260002895.39,1.90,0.38,0.05,4.37
2026-01-13,13.23,12.93,13.23,12.88,152321,199352878.06,2.65,-2.27,-0.30,3.37
2026-01-14,12.92,13.00,13.15,12.77,152500,198940015.78,2.94,0.54,0.07,3.37
2026-01-15,12.95,13.21,13.34,12.89,178203,235833459.10,3.46,1.62,0.21,3.94
2026-01-16,13.32,13.25,13.39,13.11,118094,156456256.70,2.12,0.30,0.04,2.61
2026-01-19,13.17,13.37,13.40,13.14,116072,155027969.80,1.96,0.91,0.12,2.57
2026-01-20,13.41,13.20,13.41,13.11,99279,131464523.87,2.24,-1.27,-0.17,2.20
2026-01-21,13.14,13.13,13.22,13.05,73331,96728795.33,1.29,-0.53,-0.07,1.62
2026-01-22,13.14,13.12,13.25,13.08,78336,103210086.75,1.29,-0.08,-0.01,1.73
2026-01-23,13.11,13.43,13.44,13.11,188619,251941266.29,2.52,2.36,0.31,4.17
2026-01-26,13.45,13.20,13.49,13.11,118348,157451352.09,2.83,-1.71,-0.23,2.62
2026-01-27,13.14,13.04,13.25,12.66,130607,168931923.37,4.47,-1.21,-0.16,2.89
2026-01-28,13.02,12.82,13.14,12.78,84115,108657354.80,2.76,-1.69,-0.22,1.86
2026-01-29,12.83,12.53,12.85,12.47,110768,140568128.50,2.96,-2.26,-0.29,2.45
2026-01-30,12.49,12.57,12.65,12.37,77348,97315731.14,2.23,0.32,0.04,1.71
2026-02-02,12.51,12.41,12.65,12.40,57601,72396553.18,1.99,-1.27,-0.16,1.27
2026-02-03,12.47,12.64,12.64,12.38,70260,88194589.20,2.10,1.85,0.23,1.55
2026-02-04,12.63,13.05,13.06,12.57,137903,178185699.00,3.88,3.24,0.41,3.05
2026-02-05,12.94,12.65,12.97,12.62,111313,142038732.81,2.68,-3.07,-0.40,2.46
2026-02-06,12.54,12.84,13.01,12.54,112895,145492251.80,3.72,1.50,0.19,2.50
2026-02-09,12.95,13.13,13.15,12.88,109298,143268822.00,2.10,2.26,0.29,2.42
2026-02-10,13.12,13.14,13.35,13.07,104850,139054299.91,2.13,0.08,0.01,2.32
2026-02-11,13.17,13.23,13.32,13.14,78198,103818014.46,1.37,0.68,0.09,1.73
2026-02-12,13.23,13.32,13.40,13.09,89536,119248021.23,2.34,0.68,0.09,1.98
2026-02-13,13.26,13.09,13.32,13.09,74859,99069596.80,1.73,-1.73,-0.23,1.66
2026-02-24,13.27,13.16,13.30,13.11,78097,103210751.66,1.45,0.53,0.07,1.73
2026-02-25,13.21,13.38,13.41,13.19,108303,144947520.72,1.67,1.67,0.22,2.40
2026-02-26,13.37,13.41,13.41,13.27,86918,116440374.22,1.05,0.22,0.03,1.92
2026-02-27,13.38,13.53,13.53,13.35,104608,141526395.09,1.34,0.89,0.12,2.31
2026-03-02,13.37,13.16,13.43,13.08,148377,196744855.11,2.59,-2.73,-0.37,3.28
2026-03-03,13.24,12.86,13.35,12.84,134521,176459691.22,3.88,-2.28,-0.30,2.98
2026-03-04,12.67,12.77,13.04,12.65,79784,102756054.76,3.03,-0.70,-0.09,1.77
2026-03-05,12.94,13.01,13.21,12.93,88914,116518394.72,2.19,1.88,0.24,1.97
2026-03-06,12.95,13.28,13.38,12.95,103685,137691615.74,3.31,2.08,0.27,2.29
2026-03-09,13.15,13.36,13.40,13.04,111797,148314869.54,2.71,0.60,0.08,2.47
2026-03-10,13.45,13.50,13.65,13.41,125895,170951798.95,1.80,1.05,0.14,2.79
2026-03-11,13.51,13.71,13.79,13.45,231981,318057614.11,2.52,1.56,0.21,5.13
2026-03-12,13.67,13.61,13.76,13.47,156990,214028853.98,2.12,-0.73,-0.10,3.47
2026-03-13,13.56,13.47,13.71,13.41,126122,171531307.68,2.20,-1.03,-0.14,2.79
2026-03-16,13.46,13.54,13.59,13.34,105107,142138742.59,1.86,0.52,0.07,2.33
2026-03-17,13.54,13.07,13.66,13.06,109656,146424630.62,4.43,-3.47,-0.47,2.43
2026-03-18,13.03,12.83,13.10,12.51,159900,204252615.68,4.51,-1.84,-0.24,3.54
2026-03-19,12.63,13.47,14.12,12.57,389398,526518608.64,12.08,4.99,0.64,8.62
2026-03-20,13.76,13.98,14.67,13.13,639458,888459385.24,11.43,3.79,0.51,14.15
2026-03-23,13.91,13.82,14.14,13.65,418543,581962076.38,3.51,-1.14,-0.16,9.26
2026-03-24,13.96,14.09,14.23,13.67,417087,585225864.51,4.05,1.95,0.27,9.23
2026-03-25,14.13,15.50,15.50,13.96,810630,1203528141.25,10.93,10.01,1.41,17.93
2026-03-26,14.96,15.76,16.94,14.85,1193090,1896592678.87,13.48,1.68,0.26,26.40
2026-03-27,15.57,16.23,16.84,15.17,1002422,1610763070.95,10.60,2.98,0.47,22.18
2026-03-30,17.72,15.97,17.72,15.79,1150541,1916939222.09,11.89,-1.60,-0.26,25.45
2026-03-31,16.08,17.57,17.57,16.02,1149131,1916010532.70,9.71,10.02,1.60,25.42
2026-04-01,17.88,18.32,19.33,16.93,1714118,3199870862.13,13.66,4.27,0.75,37.92
2026-04-02,17.56,17.04,17.96,16.77,1340792,2323493060.03,6.50,-6.99,-1.28,29.66
2026-04-03,16.66,15.33,16.68,15.33,1025832,1604942158.88,7.92,-10.04,-1.71,22.70
2026-04-07,15.01,16.05,16.46,14.80,1102648,1751259018.05,10.83,4.70,0.72,24.39
2026-04-08,15.76,15.64,16.08,15.44,1002720,1576966817.91,3.99,-2.55,-0.41,22.18
2026-04-09,15.46,17.21,17.21,14.98,1136714,1824513315.28,14.26,10.04,1.57,25.15
2026-04-10,17.21,18.94,18.94,16.80,1879909,3464758656.57,12.43,10.05,1.73,41.59
2026-04-13,19.41,20.84,20.84,19.31,1021391,2074911511.16,8.08,10.03,1.90,22.60
2026-04-14,22.75,22.93,22.93,21.29,1765415,3926483802.76,7.87,10.03,2.09,39.06
2026-04-15,24.44,25.23,25.23,24.44,1079066,2708185811.96,3.45,10.03,2.30,23.87
2026-04-16,26.53,27.76,27.76,26.22,670389,1830774754.19,6.10,10.03,2.53,14.83
2026-04-17,29.09,30.54,30.54,29.03,822376,2496919988.73,5.44,10.01,2.78,18.19
2026-04-20,33.54,32.96,33.60,32.16,1048991,3503538278.73,4.72,7.92,2.42,23.19
2026-04-21,29.86,29.66,31.15,29.66,399977,1198170278.77,4.52,-10.01,-3.30,8.84
2026-04-22,26.69,26.69,28.25,26.69,1898208,5168025657.52,5.26,-10.01,-2.97,41.96
2026-04-23,25.97,26.93,27.98,25.59,1627255,4399824510.23,8.95,0.90,0.24,35.97
2026-04-24,26.66,27.66,28.30,25.82,1456544,3992001996.60,9.21,2.71,0.73,32.20
2026-04-27,27.22,28.78,30.11,26.46,1591833,4453488994.39,13.20,4.05,1.12,35.19
2026-04-28,28.41,29.46,29.76,27.98,1327648,3862970622.42,6.18,2.36,0.68,29.35
2026-04-29,29.06,28.56,29.92,28.27,1271919,3688235841.09,5.60,-3.05,-0.90,28.12
2026-04-30,28.46,27.44,29.14,26.97,1134722,3179633355.91,7.60,-3.92,-1.12,25.09
2026-05-06,27.91,29.74,29.79,27.46,1157785,3341574777.37,8.49,8.38,2.30,25.60
2026-05-07,29.36,29.87,31.15,29.16,1229116,3718609670.69,6.69,0.44,0.13,27.17
2026-05-08,30.26,32.86,32.86,30.26,858447,2778576643.84,8.70,10.01,2.99,18.98
2026-05-11,32.97,34.23,36.15,30.99,1743188,5799739210.66,15.70,4.17,1.37,38.54
2026-05-12,34.55,34.13,35.76,33.20,1356187,4688656426.57,7.48,-0.29,-0.10,29.98
2026-05-13,33.16,34.76,35.01,30.85,1211433,4056970582.19,12.19,1.85,0.63,26.78
2026-05-14,35.76,31.28,36.46,31.28,1153950,3878570712.15,14.90,-10.01,-3.48,25.51
2026-05-15,29.63,28.15,30.25,28.15,1056885,3051621478.50,6.71,-10.01,-3.13,23.36
2026-05-18,27.98,26.41,28.13,26.26,1054419,2842785442.54,6.64,-6.18,-1.74,23.31
2026-05-19,27.01,27.46,27.96,25.45,1116645,2977358887.10,9.50,3.98,1.05,24.69
2026-05-20,26.63,26.17,27.16,25.63,796807,2092353289.48,5.57,-4.70,-1.29,17.62
2026-05-21,26.35,26.87,27.65,25.70,1007040,2688933183.97,7.45,2.67,0.70,22.26
2026-05-22,26.33,26.04,26.84,25.82,725760,1907574822.12,3.80,-3.09,-0.83,16.04
2026-05-25,26.06,24.15,26.22,23.85,884830,2167215028.02,9.10,-7.26,-1.89,19.56
2026-05-26,23.87,23.28,23.96,23.00,667738,1563769663.34,3.98,-3.60,-0.87,14.76
2026-05-27,23.29,22.99,23.81,22.68,519748,1210163540.30,4.85,-1.25,-0.29,11.49
2026-05-28,23.22,23.41,23.62,22.76,476258,1108362263.64,3.74,1.83,0.42,10.53
2026-05-29,23.58,24.24,24.85,22.86,977056,2347663010.81,8.50,3.55,0.83,21.60
2026-06-01,24.27,26.67,26.67,24.27,553760,1445251132.12,9.90,10.02,2.43,12.24
2026-06-02,27.96,26.92,28.45,25.96,1594545,4350657766.89,9.34,0.94,0.25,35.25
2026-06-03,24.97,24.27,25.74,24.26,1159377,2873944792.12,5.50,-9.84,-2.65,25.63
2026-06-04,23.53,23.05,23.99,22.79,808386,1883109577.66,4.94,-5.03,-1.22,17.87
2026-06-05,23.06,21.81,23.18,21.72,752100,1667634018.93,6.33,-5.38,-1.24,16.63
2026-06-08,21.06,20.76,21.81,20.42,502455,1060666974.84,6.37,-4.81,-1.05,11.11
2026-06-09,21.07,21.34,21.40,20.37,511719,1075498362.15,4.96,2.79,0.58,11.31
2026-06-10,21.13,20.66,21.62,20.47,425546,890726479.64,5.39,-3.19,-0.68,9.41
2026-06-11,20.51,20.48,21.56,20.02,557327,1149950341.28,7.45,-0.87,-0.18,12.32
2026-06-12,20.70,20.73,21.24,20.53,468274,977006621.24,3.47,1.22,0.25,10.35