2026-01-05,156.64,164.14,164.92,156.22,56173,1273939880.00,5.52,4.12,6.50,5.11
2026-01-06,162.82,162.62,166.21,157.64,55718,1255706897.00,5.22,-0.93,-1.52,5.07
2026-01-07,160.34,170.50,170.50,158.78,75764,1770813087.00,7.21,4.85,7.88,6.90
2026-01-08,169.07,174.87,181.57,167.00,76489,1879498661.00,8.55,2.56,4.37,6.96
2026-01-09,173.99,179.44,184.78,168.35,69605,1743995816.00,9.40,2.61,4.57,6.34
2026-01-12,180.46,171.21,180.49,169.19,81437,1980313902.00,6.30,-4.59,-8.23,7.41
2026-01-13,170.49,164.86,174.28,162.77,58928,1380761982.00,6.72,-3.71,-6.35,5.36
2026-01-14,166.21,168.35,173.92,161.53,68553,1608572305.00,7.52,2.12,3.49,6.24
2026-01-15,164.42,168.47,169.06,163.42,36723,855289520.00,3.35,0.07,0.12,3.34
2026-01-16,170.59,164.78,171.52,163.42,46706,1086504749.00,4.81,-2.19,-3.69,4.25
2026-01-19,162.64,168.34,169.07,158.92,56102,1293353929.00,6.16,2.16,3.56,5.11
2026-01-20,166.21,155.14,166.54,153.72,54914,1227428834.00,7.62,-7.84,-13.20,5.00
2026-01-21,153.33,161.84,162.62,152.02,46002,1031484279.00,6.83,4.32,6.70,4.19
2026-01-22,164.07,161.07,166.34,157.86,40940,919319678.00,5.24,-0.48,-0.77,3.73
2026-01-23,159.78,155.49,159.78,154.12,46489,1017642401.00,3.51,-3.46,-5.58,4.23
2026-01-26,156.92,157.53,160.35,155.49,44829,994083805.00,3.13,1.31,2.04,4.08
2026-01-27,157.57,162.59,162.59,152.28,51136,1135449649.00,6.54,3.21,5.06,4.65
2026-01-28,169.07,190.29,194.07,168.35,139861,3600930398.00,15.82,17.04,27.70,12.73
2026-01-29,187.27,177.16,192.34,175.08,81244,2093534561.00,9.07,-6.90,-13.13,7.40
2026-01-30,174.53,178.04,184.78,167.64,66077,1631955564.00,9.67,0.50,0.88,6.01
2026-02-02,180.56,172.99,184.52,172.81,63242,1589495206.00,6.58,-2.84,-5.05,5.76
2026-02-03,175.00,179.42,181.89,169.07,57317,1420407410.00,7.41,3.72,6.43,5.18
2026-02-04,176.19,171.87,179.69,166.92,48697,1163792985.00,7.12,-4.21,-7.55,4.40
2026-02-05,172.64,158.49,172.64,156.92,57877,1306006429.00,9.15,-7.78,-13.38,5.23
2026-02-06,156.21,156.85,162.49,154.10,39731,883878213.00,5.29,-1.03,-1.64,3.59
2026-02-09,161.21,165.72,168.87,157.99,56699,1311683974.00,6.94,5.66,8.87,5.12
2026-02-10,164.91,170.08,172.54,163.49,53339,1262989507.00,5.46,2.63,4.36,4.82
2026-02-11,168.82,163.73,171.19,162.64,31136,723478987.00,5.03,-3.73,-6.35,2.81
2026-02-12,165.60,176.44,181.06,165.60,64763,1574837910.00,9.44,7.76,12.71,5.85
2026-02-13,171.92,170.37,176.21,169.99,39139,946915582.00,3.53,-3.44,-6.07,3.54
2026-02-24,174.04,171.18,176.57,167.35,43352,1047329573.00,5.41,0.48,0.81,3.92
2026-02-25,172.04,170.14,172.89,164.07,41237,969772442.00,5.15,-0.61,-1.04,3.73
2026-02-26,170.21,185.88,189.49,166.68,100568,2550589199.00,13.41,9.25,15.74,9.09
2026-02-27,181.92,184.22,186.12,177.17,49019,1253992774.00,4.81,-0.89,-1.66,4.43
2026-03-02,181.19,199.32,203.34,180.91,91915,2513933166.00,12.18,8.20,15.10,8.30
2026-03-03,202.62,191.59,204.69,189.98,71636,1970261583.00,7.38,-3.88,-7.73,6.47
2026-03-04,188.33,190.49,194.13,185.14,54114,1433617005.00,4.69,-0.57,-1.10,4.89
2026-03-05,201.21,209.22,216.37,197.37,95355,2753455248.00,9.97,9.83,18.73,8.75
2026-03-06,211.22,214.78,223.91,204.07,76241,2274708608.00,9.48,2.66,5.56,6.99
2026-03-09,203.54,198.81,206.14,184.84,87368,2360755916.00,9.92,-7.44,-15.97,8.01
2026-03-10,210.50,214.78,216.44,206.21,62979,1868167607.00,5.15,8.03,15.97,5.78
2026-03-11,214.77,203.94,218.98,202.65,60045,1764963167.00,7.60,-5.05,-10.84,5.51
2026-03-12,203.93,191.57,204.69,188.71,62674,1706392165.00,7.84,-6.07,-12.37,5.75
2026-03-13,188.84,188.09,193.26,186.23,37552,997775256.00,3.67,-1.82,-3.48,3.44
2026-03-16,185.51,187.14,189.71,179.62,45220,1164365292.00,5.36,-0.51,-0.95,4.15
2026-03-17,190.47,176.57,191.57,176.19,48453,1240727626.00,8.22,-5.65,-10.57,4.44
2026-03-18,180.21,187.49,188.11,177.57,50047,1285706830.00,5.97,6.18,10.92,4.59
2026-03-19,183.35,181.35,188.34,179.64,46634,1198242079.00,4.64,-3.27,-6.14,4.28
2026-03-20,183.35,180.93,188.35,180.82,55751,1440048783.00,4.15,-0.23,-0.42,5.11
2026-03-23,172.64,168.71,177.35,167.64,40868,990689040.00,5.37,-6.75,-12.22,3.75
2026-03-24,172.62,167.78,172.64,162.55,41517,966267745.00,5.98,-0.55,-0.93,3.81
2026-03-25,171.03,184.64,185.49,170.85,76453,1923525734.00,8.73,10.05,16.86,7.01
2026-03-26,181.92,174.74,182.56,173.71,44353,1106096390.00,4.79,-5.36,-9.90,4.07
2026-03-27,171.21,176.70,182.52,169.20,42271,1045398219.00,7.62,1.12,1.96,3.88
2026-03-30,172.64,179.27,183.35,170.98,37794,936494937.00,7.00,1.45,2.57,3.47
2026-03-31,178.64,173.48,181.77,171.64,32113,790191229.00,5.65,-3.23,-5.79,2.95
2026-04-01,178.52,183.51,185.48,178.35,48764,1251643158.00,4.11,5.78,10.03,4.47
2026-04-02,181.79,189.92,194.78,178.35,70039,1872087641.00,8.95,3.49,6.41,6.42
2026-04-03,192.74,186.24,194.64,185.81,39163,1042585902.00,4.65,-1.94,-3.68,3.59
2026-04-07,189.07,191.86,205.49,188.11,58158,1612472463.00,9.33,3.02,5.62,5.33
2026-04-08,205.48,207.35,208.46,197.78,56652,1618585592.00,5.57,8.07,15.49,5.20
2026-04-09,206.21,214.07,222.63,203.35,78707,2383926541.00,9.30,3.24,6.72,7.22
2026-04-10,210.22,224.07,230.85,210.22,69083,2145595515.00,9.64,4.67,10.00,6.34
2026-04-13,224.07,221.28,231.33,218.76,58358,1825508231.00,5.61,-1.25,-2.79,5.35
2026-04-14,224.77,227.57,230.81,220.32,56354,1777965592.00,4.74,2.84,6.29,5.17
2026-04-15,229.78,241.21,252.39,228.92,74482,2523079518.00,10.31,5.99,13.64,6.83
2026-04-16,245.11,252.99,259.78,245.11,49495,1759212944.00,6.08,4.88,11.78,4.54
2026-04-17,252.32,256.12,267.32,247.68,56620,2047300657.00,7.76,1.24,3.13,5.19
2026-04-20,258.35,275.49,288.33,257.21,79556,3051138220.00,12.15,7.56,19.37,7.30
2026-04-21,274.87,262.44,275.92,257.35,61479,2259003763.00,6.74,-4.74,-13.05,5.64
2026-04-22,260.84,266.17,267.64,250.97,65885,2395899560.00,6.35,1.42,3.73,6.04
2026-04-23,270.44,254.78,272.64,250.57,69391,2500836042.00,8.29,-4.28,-11.39,6.37
2026-04-24,252.72,247.78,256.76,246.18,53950,1893802539.00,4.15,-2.75,-7.00,4.95
2026-04-27,250.74,279.24,280.77,250.74,89863,3406348825.00,12.12,12.70,31.46,8.24
2026-04-28,280.42,270.07,281.92,266.22,45831,1741991627.00,5.62,-3.28,-9.17,4.20
2026-04-29,271.04,268.34,278.35,265.76,36863,1397809807.00,4.66,-0.64,-1.73,3.38
2026-04-30,274.14,288.35,294.29,272.14,56651,2244711746.00,8.25,7.46,20.01,5.20
2026-05-06,292.97,289.28,303.27,288.49,51025,2102567050.00,5.13,0.32,0.93,4.68
2026-05-07,286.92,282.16,289.09,278.39,43906,1739727362.00,3.70,-2.46,-7.12,4.03
2026-05-08,277.64,274.62,281.07,271.35,33935,1313866504.00,3.44,-2.67,-7.54,3.11
2026-05-11,280.45,277.27,284.99,270.59,41694,1625958308.00,5.24,0.96,2.65,3.82
2026-05-12,279.40,281.49,285.41,273.36,35459,1394391136.00,4.35,1.52,4.22,3.25
2026-05-13,280.28,314.07,316.71,277.03,54955,2343966180.00,14.10,11.57,32.58,5.04
2026-05-14,320.35,300.69,321.21,300.23,48475,2100033750.00,6.68,-4.26,-13.38,4.45
2026-05-15,303.47,290.11,305.28,279.23,52517,2141055674.00,8.66,-3.52,-10.58,4.82
2026-05-18,289.19,300.49,311.57,285.64,44765,1871416746.00,8.94,3.58,10.38,4.11
2026-05-19,299.78,293.00,301.46,287.05,46981,1934126624.00,4.80,-2.49,-7.49,4.31
2026-05-20,294.78,296.93,299.19,286.35,35526,1455950347.00,4.38,1.34,3.93,3.26
2026-05-21,300.63,279.07,306.34,277.64,38901,1587667597.00,9.67,-6.01,-17.86,3.57
2026-05-22,284.07,293.49,294.48,281.21,41608,1680778697.00,4.76,5.17,14.42,3.82
2026-05-25,297.98,301.92,308.34,289.78,32683,1376555718.00,6.32,2.87,8.43,3.00
2026-05-26,299.39,303.31,306.21,290.34,35438,1486397261.00,5.26,0.46,1.39,3.25
2026-05-27,306.91,297.64,317.74,293.49,36061,1532227015.00,8.00,-1.87,-5.67,3.31
2026-05-28,298.89,298.39,302.00,288.80,45441,1345458397.00,4.43,0.25,0.75,2.98
2026-05-29,299.99,275.00,300.48,272.00,70294,1995422997.00,9.54,-7.84,-23.39,4.61
2026-06-01,281.31,254.00,282.89,252.22,69901,1843397212.00,11.15,-7.64,-21.00,4.58
2026-06-02,257.00,271.61,276.70,251.98,53357,1413223307.00,9.73,6.93,17.61,3.50
2026-06-03,274.00,271.00,282.99,267.20,45692,1253646137.00,5.81,-0.22,-0.61,2.99
2026-06-04,266.99,275.00,280.25,266.47,39765,1093911088.00,5.08,1.48,4.00,2.61
2026-06-05,275.61,267.42,278.49,265.35,35154,952662434.00,4.78,-2.76,-7.58,2.30
2026-06-08,254.99,259.00,275.80,250.30,45453,1201224965.00,9.54,-3.15,-8.42,2.98
2026-06-09,266.66,295.10,296.58,263.00,67784,1939302763.00,12.97,13.94,36.10,4.44
2026-06-10,289.73,265.06,289.73,261.55,61233,1672758849.00,9.55,-10.18,-30.04,4.01
2026-06-11,267.46,258.60,271.00,253.88,35999,936437360.00,6.46,-2.44,-6.46,2.36
2026-06-12,267.00,273.87,285.75,267.00,61870,1696324812.00,7.25,5.90,15.27,4.05
2026-06-15,280.51,321.22,324.41,280.51,81967,2486316008.00,16.03,17.29,47.35,5.37
2026-06-16,323.41,373.00,376.00,316.00,97867,3466888635.00,18.68,16.12,51.78,6.41
2026-06-17,370.00,374.01,379.99,360.00,56018,2073951502.00,5.36,0.27,1.01,3.67
2026-06-18,374.02,380.06,387.00,364.29,52191,1970469901.00,6.07,1.62,6.05,3.42
2026-06-22,387.28,380.00,394.68,360.00,61576,2293210519.00,9.12,-0.02,-0.06,4.03
2026-06-23,391.00,356.50,403.00,354.20,75417,2826288157.00,12.84,-6.18,-23.50,4.94
2026-06-24,355.56,355.80,366.98,348.00,57499,2042405458.00,5.32,-0.20,-0.70,3.77
2026-06-25,357.57,350.29,365.00,348.71,51106,1810476142.00,4.58,-1.55,-5.51,3.35
2026-06-26,356.59,324.10,359.04,322.00,65210,2182925242.00,10.57,-7.48,-26.19,4.27
2026-06-29,328.96,332.80,351.64,323.21,73651,2471411252.00,8.77,2.68,8.70,4.83
2026-06-30,333.10,345.69,351.78,326.00,68327,2328059072.00,7.75,3.87,12.89,4.48
2026-07-01,343.22,324.71,345.50,321.35,53950,1784414772.00,6.99,-6.07,-20.98,3.53
2026-07-02,316.00,293.19,324.00,290.19,59798,1832150011.00,10.41,-9.71,-31.52,3.92
2026-07-03,296.51,295.90,319.33,295.00,49157,1509001700.00,8.30,0.92,2.71,3.22
2026-07-06,301.39,294.00,318.00,293.26,52582,1587444152.00,8.36,-0.64,-1.90,3.45
2026-07-07,298.00,280.72,305.00,278.38,43032,1231723546.00,9.05,-4.52,-13.28,2.82
2026-07-08,289.19,266.10,290.12,261.38,48681,1337706220.00,10.24,-5.21,-14.62,3.19
2026-07-09,274.01,292.00,292.68,262.22,67916,1874310068.00,11.45,9.73,25.90,4.45
2026-07-10,292.51,273.60,301.80,273.00,62478,1798310454.00,9.86,-6.30,-18.40,4.09
2026-07-13,273.60,251.27,276.00,248.00,52392,1365373579.00,10.23,-8.16,-22.33,3.43
2026-07-14,251.99,264.00,265.53,241.64,46689,1190829626.00,9.51,5.07,12.73,3.06
2026-07-15,270.00,249.20,273.00,246.45,32150,822609589.00,10.06,-5.61,-14.80,2.11
2026-07-16,245.00,236.00,249.01,232.20,40769,979193001.00,6.75,-5.30,-13.20,2.67
2026-07-17,236.00,203.40,237.00,199.51,63094,1345628543.00,15.89,-13.81,-32.60,4.13
2026-07-20,213.01,185.50,214.00,173.58,76773,1477533763.00,19.87,-8.80,-17.90,5.03
2026-07-21,190.00,218.00,218.00,171.24,109066,2145846632.00,25.21,17.52,32.50,7.15
2026-07-22,220.00,220.44,239.70,216.20,96609,2207167249.00,10.78,1.12,2.44,6.33
2026-07-23,225.00,213.20,230.50,210.06,57807,1256230476.00,9.27,-3.28,-7.24,3.79
2026-07-24,214.43,202.97,215.90,201.00,45718,949108428.00,6.99,-4.80,-10.23,3.00
2026-07-27,204.00,212.50,213.33,198.37,55455,1136461794.00,7.37,4.70,9.53,3.63
2026-07-28,203.00,183.61,205.80,181.74,72621,1401942690.00,11.32,-13.60,-28.89,4.76
2026-07-29,184.21,187.63,192.96,174.67,100100,1840894320.00,9.96,2.19,4.02,6.56
2026-07-30,188.73,167.10,190.63,161.89,93196,1615008805.00,15.32,-10.94,-20.53,6.11
2026-07-31,189.00,176.68,197.60,175.46,100332,1874850088.00,13.25,5.73,9.58,6.57
2026-08-03,178.21,171.25,179.32,169.00,57968,998870071.00,5.84,-3.07,-5.43,3.80
2026-08-04,172.87,184.68,188.08,170.00,61010,1113700464.00,10.56,7.84,13.43,4.00
2026-08-05,178.10,204.02,209.39,178.10,79736,1563351724.99,16.94,10.47,19.34,5.22