2026-01-05,50.30,51.58,52.77,49.93,62413,445030560.00,5.62,2.04,1.03,11.07
2026-01-06,50.61,51.03,51.92,49.61,54874,387389217.00,4.48,-1.07,-0.55,9.73
2026-01-07,53.84,53.83,55.52,52.25,89384,669676059.00,6.41,5.49,2.80,15.85
2026-01-08,53.84,54.69,58.70,51.59,90402,681944377.00,13.21,1.60,0.86,16.03
2026-01-09,53.91,54.36,56.40,53.17,61824,471728225.00,5.91,-0.60,-0.33,10.96
2026-01-12,53.61,54.19,55.68,52.90,67183,506128639.00,5.11,-0.31,-0.17,11.92
2026-01-13,54.45,51.15,54.73,51.14,55850,407636115.00,6.62,-5.61,-3.04,9.91
2026-01-14,51.20,53.45,54.19,50.91,57814,422697254.00,6.41,4.50,2.30,10.25
2026-01-15,52.44,58.03,58.17,51.79,73505,567500625.00,11.94,8.57,4.58,13.04
2026-01-16,59.10,62.15,65.60,58.04,71680,608033961.00,13.03,7.10,4.12,12.71
2026-01-19,62.12,59.94,62.73,59.55,44100,372486901.00,5.12,-3.56,-2.21,7.82
2026-01-20,59.31,61.80,63.98,58.70,62412,533575768.00,8.81,3.10,1.86,11.07
2026-01-21,60.67,59.42,61.71,59.35,42804,357186554.00,3.82,-3.85,-2.38,7.59
2026-01-22,60.05,59.31,61.89,57.84,33256,273131062.00,6.82,-0.19,-0.11,5.90
2026-01-23,59.65,59.49,59.66,57.62,28418,231917474.00,3.44,0.30,0.18,5.04
2026-01-26,59.47,58.93,60.71,56.94,30375,248583663.00,6.34,-0.94,-0.56,5.39
2026-01-27,58.22,58.55,61.00,56.30,55838,454206002.00,7.98,-0.64,-0.38,9.90
2026-01-28,58.61,56.22,59.53,55.32,56149,443624496.00,7.19,-3.98,-2.33,9.96
2026-01-29,56.22,54.14,57.02,54.03,37932,293460180.00,5.32,-3.70,-2.08,6.73
2026-01-30,54.58,53.21,54.58,51.64,35292,259608018.00,5.43,-1.72,-0.93,6.26
2026-02-02,52.63,50.78,52.63,50.61,30945,221068281.00,3.80,-4.57,-2.43,5.49
2026-02-03,51.70,52.46,52.73,50.89,20657,148883759.00,3.62,3.31,1.68,3.66
2026-02-04,52.09,51.25,52.30,50.40,20032,142881117.00,3.62,-2.31,-1.21,3.55
2026-02-05,50.29,51.04,51.27,49.56,18580,130690350.00,3.34,-0.41,-0.21,3.30
2026-02-06,50.28,51.22,52.44,50.22,21966,157738602.00,4.35,0.35,0.18,3.90
2026-02-09,52.08,52.80,53.84,52.08,24788,183025866.00,3.44,3.08,1.58,4.40
2026-02-10,53.43,53.52,56.76,52.95,52117,397855346.00,7.22,1.36,0.72,9.24
2026-02-11,52.76,52.91,54.24,52.14,19458,144078297.00,3.92,-1.14,-0.61,3.45
2026-02-12,53.59,53.30,54.74,52.89,22474,167481259.00,3.50,0.74,0.39,3.99
2026-02-13,53.45,53.94,54.32,52.58,24137,180478932.00,3.26,1.20,0.64,4.28
2026-02-24,53.94,53.99,55.23,52.32,29926,224835296.00,5.39,0.09,0.05,5.31
2026-02-25,53.98,54.76,55.61,52.34,36746,276612358.00,6.06,1.43,0.77,6.52
2026-02-26,54.29,55.39,55.66,53.40,38704,295480575.00,4.13,1.15,0.63,6.86
2026-02-27,54.60,54.47,54.88,53.18,32314,243198272.00,3.07,-1.66,-0.92,5.73
2026-03-02,53.52,55.58,56.40,53.16,39950,305944836.00,5.95,2.04,1.11,7.09
2026-03-03,55.04,50.48,56.04,50.48,41766,305931569.00,10.00,-9.18,-5.10,7.41
2026-03-04,50.29,49.56,52.07,49.52,24301,170887307.00,5.05,-1.82,-0.92,4.31
2026-03-05,50.96,50.28,52.06,49.81,25918,184315135.00,4.54,1.45,0.72,4.60
2026-03-06,49.98,49.96,50.83,49.62,17949,125031547.00,2.41,-0.64,-0.32,3.18
2026-03-09,48.51,48.16,48.62,46.32,33627,222025727.00,4.60,-3.60,-1.80,5.96
2026-03-10,49.53,50.33,50.50,49.14,22147,153580258.00,2.82,4.51,2.17,3.93
2026-03-11,50.36,49.27,50.94,49.05,20551,142505550.00,3.76,-2.11,-1.06,3.64
2026-03-12,49.09,48.14,49.84,47.80,15175,102746208.00,4.14,-2.29,-1.13,2.69
2026-03-13,47.64,47.91,49.33,47.62,12518,84286615.00,3.55,-0.48,-0.23,2.22
2026-03-16,49.27,51.71,52.10,47.40,38739,269648039.00,9.81,7.93,3.80,6.87
2026-03-17,51.58,47.94,51.58,47.88,27653,189843317.00,7.16,-7.29,-3.77,4.90
2026-03-18,48.71,48.81,48.97,47.62,18805,126783971.00,2.82,1.81,0.87,3.34
2026-03-19,47.26,47.35,48.37,47.15,16759,111451760.00,2.50,-2.99,-1.46,2.97
2026-03-20,47.89,46.17,48.38,46.16,16365,108057137.00,4.69,-2.49,-1.18,2.90
2026-03-23,45.10,43.09,45.72,42.62,26217,161591095.00,6.71,-6.67,-3.08,4.65
2026-03-24,44.52,45.03,45.37,42.86,20530,126029393.00,5.83,4.50,1.94,3.64
2026-03-25,45.25,45.89,46.59,45.25,16855,107901929.00,2.98,1.91,0.86,2.99
2026-03-26,45.71,44.66,45.71,44.41,14641,91656794.00,2.83,-2.68,-1.23,2.60
2026-03-27,43.92,46.18,46.77,43.84,20720,132281072.00,6.56,3.40,1.52,3.67
2026-03-30,46.25,48.58,49.93,45.22,33043,220258307.00,10.20,5.20,2.40,5.86
2026-03-31,48.05,48.18,49.42,48.04,22183,150394207.00,2.84,-0.82,-0.40,3.93
2026-04-01,48.88,48.99,50.55,48.58,21460,147214615.00,4.09,1.68,0.81,3.81
2026-04-02,48.54,47.32,49.41,47.06,14962,100154747.00,4.80,-3.41,-1.67,2.65
2026-04-03,47.89,48.59,49.26,47.55,19540,132182148.00,3.61,2.68,1.27,3.47
2026-04-07,48.47,48.29,49.75,48.13,15041,101951589.00,3.33,-0.62,-0.30,2.67
2026-04-08,49.74,55.68,57.24,49.53,78429,581283570.00,15.97,15.30,7.39,13.91
2026-04-09,55.03,54.67,57.83,54.25,60885,473592281.00,6.43,-1.81,-1.01,10.80
2026-04-10,54.89,53.73,55.95,53.58,40009,303633782.00,4.34,-1.72,-0.94,7.10
2026-04-13,52.96,54.26,54.73,52.96,32303,242492509.00,3.29,0.99,0.53,5.73
2026-04-14,54.61,55.68,56.04,54.32,38127,293281804.00,3.17,2.62,1.42,6.76
2026-04-15,55.75,54.45,55.81,53.45,33577,256525593.00,4.24,-2.21,-1.23,5.96
2026-04-16,54.52,54.99,55.10,53.95,21907,166657224.00,2.11,0.99,0.54,3.89
2026-04-17,53.93,55.76,56.75,53.93,29053,225697284.00,5.13,1.40,0.77,5.15
2026-04-20,56.54,55.39,56.66,54.81,31218,241629696.00,3.32,-0.66,-0.37,5.54
2026-04-21,56.06,56.37,57.88,55.49,46819,369815722.00,4.31,1.77,0.98,8.30
2026-04-22,56.37,58.27,59.13,55.83,48405,388534444.00,5.85,3.37,1.90,8.58
2026-04-23,58.12,55.53,58.74,55.34,42568,335187310.00,5.83,-4.70,-2.74,7.55
2026-04-24,55.34,55.39,56.36,54.74,28821,223087842.00,2.92,-0.25,-0.14,5.11
2026-04-27,55.89,57.33,58.61,53.76,52447,412777223.00,8.76,3.50,1.94,9.30
2026-04-28,56.99,55.50,57.45,54.82,35494,276137210.00,4.59,-3.19,-1.83,6.30
2026-04-29,55.07,55.52,56.20,53.32,35868,274367289.00,5.19,0.04,0.02,6.36
2026-04-30,55.10,57.57,58.34,55.09,46483,369965500.00,5.85,3.69,2.05,8.24
2026-05-06,60.35,57.91,60.99,57.48,51568,422885122.00,6.10,0.59,0.34,9.15
2026-05-07,58.55,59.66,59.81,56.96,38387,315987482.00,4.92,3.02,1.75,6.81
2026-05-08,58.91,58.89,59.96,57.83,32379,266260663.00,3.57,-1.29,-0.77,5.74
2026-05-11,61.00,62.14,64.26,60.48,62337,539710523.00,6.42,5.52,3.25,11.06
2026-05-12,61.52,64.24,64.38,60.44,70951,618205988.00,6.34,3.38,2.10,12.58
2026-05-13,62.56,65.88,66.75,61.25,65629,587840917.00,8.56,2.55,1.64,11.64
2026-05-14,66.66,65.04,68.63,64.82,59057,546084770.00,5.78,-1.28,-0.84,10.47
2026-05-15,66.17,65.76,68.26,63.00,69991,643333042.00,8.09,1.11,0.72,12.41
2026-05-18,68.19,67.12,70.08,65.96,66472,623876222.00,6.27,2.07,1.36,11.79
2026-05-19,65.39,70.45,70.63,64.49,68050,648521630.00,9.15,4.96,3.33,12.07
2026-05-20,69.78,76.02,78.94,69.66,80197,839094404.00,13.17,7.91,5.57,14.22
2026-05-21,75.64,64.67,77.80,64.53,119548,1183914197.00,17.46,-14.93,-11.35,21.20
2026-05-22,65.47,67.09,68.19,63.23,87440,799903655.00,7.67,3.74,2.42,15.51
2026-05-25,70.20,75.66,78.77,68.91,106800,1090935982.00,14.70,12.77,8.57,18.94
2026-05-26,78.05,79.25,81.85,76.33,115530,1269714896.00,7.30,4.74,3.59,20.49
2026-05-27,81.00,71.97,81.22,71.30,95050,999377518.00,12.52,-9.19,-7.28,16.86
2026-05-28,71.30,74.20,74.38,69.71,64182,651730799.00,6.49,3.10,2.23,11.38
2026-05-29,75.46,66.30,77.12,64.89,95309,931059502.00,16.48,-10.65,-7.90,16.90
2026-06-01,66.71,63.17,67.69,63.14,50240,454271957.00,6.86,-4.72,-3.13,8.91
2026-06-02,63.90,62.34,65.01,61.63,37427,329006549.00,5.35,-1.31,-0.83,6.64
2026-06-03,61.65,64.71,67.40,61.43,52097,467908241.00,9.58,3.80,2.37,9.24
2026-06-04,63.50,68.87,70.90,63.17,63776,611155214.00,11.95,6.43,4.16,11.31
2026-06-05,67.40,66.47,69.46,65.19,37259,347790996.00,6.20,-3.48,-2.40,6.61
2026-06-08,60.75,62.91,65.88,60.75,32460,287082583.00,7.72,-5.36,-3.56,5.76
2026-06-09,64.67,68.19,68.99,63.23,41397,384270000.00,9.16,8.39,5.28,7.34
2026-06-10,67.37,68.61,70.07,67.06,43779,417885158.00,4.41,0.62,0.42,7.76
2026-06-11,67.55,73.51,74.33,67.55,70855,703704394.00,9.88,7.14,4.90,12.57
2026-06-12,74.74,67.91,76.83,67.37,71984,718034574.00,12.87,-7.62,-5.60,12.77
2026-06-15,67.99,72.46,72.60,66.00,65625,461078190.00,9.72,6.70,4.55,8.36
2026-06-16,73.09,74.20,75.56,71.00,85938,634346357.00,6.29,2.40,1.74,10.95
2026-06-17,73.11,84.00,84.48,72.85,111425,896571493.00,15.67,13.21,9.80,14.20
2026-06-18,83.00,85.85,86.67,81.00,84502,715075108.00,6.75,2.20,1.85,10.77
2026-06-22,88.00,84.15,88.00,81.20,86239,724816533.00,7.92,-1.98,-1.70,10.99
2026-06-23,84.80,83.15,86.88,81.01,60606,507533350.00,6.98,-1.19,-1.00,7.72
2026-06-24,81.73,85.90,86.70,80.72,66487,562954656.00,7.19,3.31,2.75,8.47
2026-06-25,87.32,88.20,90.88,85.04,74232,659486844.00,6.80,2.68,2.30,9.46
2026-06-26,89.00,94.26,97.98,87.32,92409,870461449.00,12.09,6.87,6.06,11.77
2026-06-29,95.00,96.00,98.60,88.00,106796,995880914.00,11.25,1.85,1.74,13.61