2026-01-05,5.91,5.98,6.16,5.91,223791,139632952.00,4.23,1.18,0.07,3.88
2026-01-06,5.97,6.15,6.26,5.94,297994,189603558.00,5.35,2.84,0.17,5.17
2026-01-07,6.13,5.98,6.14,5.95,145589,90599843.00,3.09,-2.76,-0.17,2.53
2026-01-08,5.97,6.09,6.22,5.93,163284,102565714.00,4.85,1.84,0.11,2.83
2026-01-09,6.07,6.57,6.63,6.06,333392,219165003.00,9.36,7.88,0.48,5.79
2026-01-12,6.54,6.48,6.61,6.42,170086,114266292.00,2.89,-1.37,-0.09,2.95
2026-01-13,6.47,6.33,6.47,6.32,120593,79639378.00,2.31,-2.31,-0.15,2.09
2026-01-14,6.32,6.34,6.46,6.19,145065,94682086.00,4.27,0.16,0.01,2.52
2026-01-15,6.28,6.20,6.28,6.08,109548,69848492.00,3.15,-2.21,-0.14,1.90
2026-01-16,6.19,6.12,6.24,6.08,84689,53930312.00,2.58,-1.29,-0.08,1.47
2026-01-19,6.11,6.18,6.20,6.09,65322,41590611.00,1.80,0.98,0.06,1.13
2026-01-20,6.16,6.27,6.34,6.12,123073,79282390.00,3.56,1.46,0.09,2.14
2026-01-21,6.23,6.32,6.41,6.21,104712,68468353.00,3.19,0.80,0.05,1.82
2026-01-22,6.32,6.37,6.41,6.25,86699,57025357.00,2.53,0.79,0.05,1.50
2026-01-23,6.39,6.26,6.39,6.24,81441,52999640.00,2.35,-1.73,-0.11,1.41
2026-01-26,6.22,6.21,6.34,6.14,105585,67866166.00,3.19,-0.80,-0.05,1.83
2026-01-27,6.17,6.21,6.26,6.10,76290,48923520.00,2.58,0.00,0.00,1.32
2026-01-28,6.20,6.17,6.37,6.14,74373,48076086.00,3.70,-0.64,-0.04,1.29
2026-01-29,6.17,6.27,6.30,6.09,92314,59650020.00,3.40,1.62,0.10,1.60
2026-01-30,6.22,6.33,6.36,6.17,88911,57857663.00,3.03,0.96,0.06,1.54
2026-02-02,6.27,6.14,6.41,6.12,94823,61770491.00,4.58,-3.00,-0.19,1.65
2026-02-03,6.23,6.16,6.24,6.14,91339,58530283.00,1.63,0.33,0.02,1.59
2026-02-04,6.16,6.34,6.36,6.16,95560,62280949.00,3.25,2.92,0.18,1.66
2026-02-05,6.32,6.36,6.44,6.29,70322,46431661.00,2.37,0.32,0.02,1.22
2026-02-06,6.33,6.40,6.46,6.31,80590,53378617.00,2.36,0.63,0.04,1.40
2026-02-09,6.42,6.40,6.47,6.35,65989,43596903.00,1.88,0.00,0.00,1.15
2026-02-10,6.40,6.41,6.47,6.36,52785,35066394.00,1.72,0.16,0.01,0.92
2026-02-11,6.45,6.33,6.45,6.31,52602,34584368.00,2.18,-1.25,-0.08,0.91
2026-02-12,6.32,6.13,6.33,6.07,71563,45711372.00,4.11,-3.16,-0.20,1.24
2026-02-13,6.13,6.13,6.23,6.13,62103,39675814.00,1.63,0.00,0.00,1.08
2026-02-24,6.16,6.19,6.21,6.08,45896,29303544.00,2.12,0.98,0.06,0.80
2026-02-25,6.17,6.20,6.29,6.16,50422,32458318.00,2.10,0.16,0.01,0.88
2026-02-26,6.24,6.13,6.26,6.10,48206,30762236.00,2.58,-1.13,-0.07,0.84
2026-02-27,6.12,6.11,6.15,6.09,42341,26805113.00,0.98,-0.33,-0.02,0.73
2026-03-02,6.01,5.76,6.12,5.75,107316,65261494.00,6.06,-5.73,-0.35,1.86
2026-03-03,5.76,5.62,5.86,5.60,87542,52033457.00,4.51,-2.43,-0.14,1.52
2026-03-04,5.58,5.54,5.63,5.48,72966,42105988.00,2.67,-1.42,-0.08,1.27
2026-03-05,5.62,5.60,5.69,5.57,48817,28497654.00,2.17,1.08,0.06,0.85
2026-03-06,5.58,5.74,5.77,5.57,52841,31285870.00,3.57,2.50,0.14,0.92
2026-03-09,5.68,5.69,5.76,5.61,60162,35546275.00,2.61,-0.87,-0.05,1.04
2026-03-10,5.74,5.81,5.86,5.73,59476,35731708.00,2.28,2.11,0.12,1.03
2026-03-11,5.83,5.73,5.84,5.69,55005,32807662.00,2.58,-1.38,-0.08,0.95
2026-03-12,5.73,5.67,5.76,5.66,33981,20123334.00,1.75,-1.05,-0.06,0.59
2026-03-13,5.69,5.73,5.84,5.63,62188,37198292.00,3.70,1.06,0.06,1.08
2026-03-16,5.70,5.76,5.89,5.70,53102,31903515.00,3.32,0.52,0.03,0.92
2026-03-17,5.78,5.75,5.89,5.73,58508,35258359.00,2.78,-0.17,-0.01,1.02
2026-03-18,5.75,5.80,5.80,5.67,40493,24140802.00,2.26,0.87,0.05,0.70
2026-03-19,5.76,5.58,5.79,5.55,63520,37308431.00,4.14,-3.79,-0.22,1.10
2026-03-20,5.59,5.35,5.63,5.35,54479,30942023.00,5.02,-4.12,-0.23,0.95
2026-03-23,5.35,5.01,5.35,4.97,87101,46818265.00,7.10,-6.36,-0.34,1.51
2026-03-24,5.11,5.31,5.32,5.05,96616,52464106.00,5.39,5.99,0.30,1.68
2026-03-25,5.33,5.38,5.39,5.32,59518,33239968.00,1.32,1.32,0.07,1.03
2026-03-26,5.39,5.32,5.48,5.29,46197,25763436.00,3.53,-1.12,-0.06,0.80
2026-03-27,5.28,5.42,5.44,5.28,45653,25619983.00,3.01,1.88,0.10,0.79
2026-03-30,5.38,5.47,5.48,5.35,45208,25535454.00,2.40,0.92,0.05,0.78
2026-03-31,5.47,5.38,5.58,5.37,40446,23086175.00,3.84,-1.65,-0.09,0.70
2026-04-01,5.47,5.41,5.50,5.38,48548,27378857.00,2.23,0.56,0.03,0.84
2026-04-02,5.41,5.31,5.41,5.26,49708,27553661.00,2.77,-1.85,-0.10,0.86
2026-04-03,5.29,5.09,5.35,5.06,66019,35463124.00,5.46,-4.14,-0.22,1.15
2026-04-07,5.09,5.28,5.29,5.04,57145,31037369.00,4.91,3.73,0.19,0.99
2026-04-08,5.35,5.52,5.65,5.35,86893,49687228.00,5.68,4.55,0.24,1.51
2026-04-09,5.46,5.37,5.54,5.36,60874,34411515.00,3.26,-2.72,-0.15,1.06
2026-04-10,5.39,5.41,5.51,5.37,49241,27911974.00,2.61,0.74,0.04,0.85
2026-04-13,5.46,5.42,5.46,5.34,45144,25450134.00,2.22,0.18,0.01,0.78
2026-04-14,5.47,5.44,5.49,5.36,51373,28991074.00,2.40,0.37,0.02,0.89
2026-04-15,5.44,5.36,5.53,5.35,42649,23963342.00,3.31,-1.47,-0.08,0.74
2026-04-16,5.36,5.46,5.48,5.32,55340,31237796.00,2.99,1.87,0.10,0.96
2026-04-17,5.45,5.34,5.49,5.31,63842,35695419.00,3.30,-2.20,-0.12,1.11
2026-04-20,5.34,5.40,5.43,5.30,45717,25602442.00,2.43,1.12,0.06,0.79
2026-04-21,5.43,5.43,5.48,5.37,47775,26936283.00,2.04,0.56,0.03,0.83
2026-04-22,5.46,5.50,5.56,5.39,59714,34086378.00,3.13,1.29,0.07,1.04
2026-04-23,5.49,5.74,5.76,5.44,140347,82033661.00,5.82,4.36,0.24,2.44
2026-04-24,5.60,5.47,5.68,5.38,158239,89882263.00,5.23,-4.70,-0.27,2.75
2026-04-27,5.44,5.78,5.81,5.43,145510,85514103.00,6.95,5.67,0.31,2.53
2026-04-28,5.78,5.84,5.98,5.70,151311,91946524.00,4.84,1.04,0.06,2.63
2026-04-29,5.84,6.14,6.24,5.82,184976,116664462.00,7.19,5.14,0.30,3.21
2026-04-30,6.14,6.30,6.38,6.08,164926,107136745.00,4.89,2.61,0.16,2.86
2026-05-06,6.30,6.64,6.71,6.22,255799,171972540.00,7.78,5.40,0.34,4.44
2026-05-07,6.60,7.09,7.28,6.60,334367,241230454.00,10.24,6.78,0.45,5.80
2026-05-08,7.09,7.37,7.49,6.95,254696,191972072.00,7.62,3.95,0.28,4.42
2026-05-11,7.42,7.01,7.75,6.91,281317,207119598.00,11.40,-4.88,-0.36,4.88
2026-05-12,7.01,7.11,7.26,6.78,234127,169730421.00,6.85,1.43,0.10,4.06
2026-05-13,7.02,7.49,7.84,6.96,407689,314743722.00,12.38,5.34,0.38,7.08
2026-05-14,7.39,7.53,7.98,7.30,391380,309586239.00,9.08,0.53,0.04,6.79
2026-05-15,7.53,7.74,8.30,7.40,398052,325256669.00,11.95,2.79,0.21,6.91
2026-05-18,7.46,7.25,7.56,7.00,312549,233352382.00,7.24,-6.33,-0.49,5.42
2026-05-19,7.24,7.57,7.77,7.11,268568,208011642.00,9.10,4.41,0.32,4.66
2026-05-20,7.56,7.49,7.80,7.36,211771,165424812.00,5.81,-1.06,-0.08,3.68
2026-05-21,7.43,7.69,8.26,7.43,333582,270495355.00,11.08,2.67,0.20,5.79
2026-05-22,7.65,7.64,7.87,7.45,208656,163349514.00,5.46,-0.65,-0.05,3.62
2026-05-25,7.57,7.94,8.04,7.57,199416,160725048.00,6.15,3.93,0.30,3.46
2026-05-26,7.78,7.51,7.86,7.47,190292,148700985.00,4.91,-5.42,-0.43,3.30
2026-05-27,7.52,7.14,7.53,7.03,195144,145006436.00,6.66,-4.93,-0.37,3.39
2026-05-28,7.05,7.09,7.36,6.92,143625,105143415.00,6.16,-0.70,-0.05,2.49
2026-05-29,7.18,7.03,7.21,6.97,117679,85765344.00,3.39,-0.85,-0.06,2.04
2026-06-01,7.18,7.07,7.39,6.78,124485,91236591.00,8.68,0.57,0.04,2.16
2026-06-02,7.19,7.18,7.27,6.90,134259,98374549.00,5.23,1.56,0.11,2.33
2026-06-03,7.11,7.06,7.25,6.96,100486,73593372.00,4.04,-1.67,-0.12,1.74
2026-06-04,6.95,7.04,7.15,6.92,95183,68996462.00,3.26,-0.28,-0.02,1.65
2026-06-05,7.12,7.11,7.35,7.05,122958,91136447.00,4.26,0.99,0.07,2.13
2026-06-08,6.98,6.70,7.08,6.60,120920,84815492.00,6.75,-5.77,-0.41,2.10
2026-06-09,6.69,6.73,6.92,6.59,104790,72352510.00,4.93,0.45,0.03,1.82
2026-06-10,6.68,6.72,6.79,6.48,87618,60121462.00,4.61,-0.15,-0.01,1.52
2026-06-11,6.67,6.94,6.98,6.56,97339,66364635.00,6.25,3.27,0.22,1.69
2026-06-12,6.97,6.89,6.98,6.76,79846,55106668.00,3.17,-0.72,-0.05,1.39
2026-06-15,6.89,6.69,7.01,6.62,110086,74337389.00,5.66,-2.90,-0.20,1.91
2026-06-16,6.69,6.64,6.78,6.48,82666,54570515.00,4.48,-0.75,-0.05,1.43
2026-06-17,6.65,6.70,6.83,6.53,83696,55850570.00,4.52,0.90,0.06,1.45
2026-06-18,6.80,6.54,6.80,6.50,71023,46647708.00,4.48,-2.39,-0.16,1.23
2026-06-22,6.47,6.09,6.54,5.99,130319,80773174.00,8.41,-6.88,-0.45,2.26
2026-06-23,6.19,6.70,6.70,6.10,195917,128359497.00,9.85,10.02,0.61,3.40
2026-06-24,6.59,6.40,6.92,6.36,314989,207567060.00,8.36,-4.48,-0.30,5.47
2026-06-25,6.56,6.13,6.57,6.09,163360,101386076.00,7.50,-4.22,-0.27,2.84
2026-06-26,6.18,5.81,6.18,5.70,176282,103001042.00,7.83,-5.22,-0.32,3.06
2026-06-29,5.76,5.69,5.84,5.60,123268,70270850.00,4.13,-2.07,-0.12,2.14
2026-06-30,5.63,5.68,5.76,5.53,90036,50717737.00,4.04,-0.18,-0.01,1.56
2026-07-01,5.70,5.80,5.84,5.62,102003,58728782.00,3.87,2.11,0.12,1.77
2026-07-02,5.75,5.98,6.05,5.75,117500,69592060.00,5.17,3.10,0.18,2.04
2026-07-03,5.99,6.08,6.18,5.91,103202,62440432.00,4.52,1.67,0.10,1.79
2026-07-06,6.07,6.03,6.25,6.00,80824,49509759.00,4.11,-0.82,-0.05,1.40
2026-07-07,6.04,6.07,6.11,5.80,78127,46535215.00,5.14,0.66,0.04,1.36
2026-07-08,6.07,6.08,6.10,5.83,61408,36684529.00,4.45,0.16,0.01,1.07
2026-07-09,6.05,5.98,6.26,5.84,91973,55215908.00,6.91,-1.64,-0.10,1.60
2026-07-10,5.95,5.95,6.16,5.85,77310,46603369.00,5.18,-0.50,-0.03,1.34
2026-07-13,5.95,6.02,6.06,5.80,98611,58578505.00,4.37,1.18,0.07,1.71
2026-07-14,5.96,5.89,6.06,5.85,76806,45488355.00,3.49,-2.16,-0.13,1.33
2026-07-15,5.86,5.94,6.06,5.85,56872,33899390.00,3.57,0.85,0.05,0.99
2026-07-16,5.90,5.88,6.05,5.79,64292,38092520.00,4.38,-1.01,-0.06,1.12
2026-07-17,5.84,5.43,5.92,5.40,95784,53734054.00,8.84,-7.65,-0.45,1.66
2026-07-20,5.40,5.18,5.57,5.12,88729,47513097.00,8.29,-4.60,-0.25,1.54
2026-07-21,5.15,5.01,5.24,4.76,115207,57121102.00,9.27,-3.28,-0.17,2.00
2026-07-22,4.93,4.91,5.08,4.88,91138,45341376.00,3.99,-2.00,-0.10,1.58
2026-07-23,4.90,5.14,5.15,4.87,80088,40112725.00,5.70,4.68,0.23,1.39
2026-07-24,5.10,4.95,5.10,4.91,50803,25314026.00,3.70,-3.70,-0.19,0.88
2026-07-27,4.95,5.14,5.21,4.93,73569,37601388.00,5.66,3.84,0.19,1.28
2026-07-28,5.14,5.31,5.36,5.06,72645,38383295.00,5.84,3.31,0.17,1.26
2026-07-29,5.31,5.34,5.62,5.25,81902,44160698.00,6.97,0.56,0.03,1.42
2026-07-30,5.33,5.22,5.44,5.21,57267,30480798.00,4.31,-2.25,-0.12,0.99
2026-07-31,5.26,5.32,5.39,5.23,46681,24859863.00,3.07,1.92,0.10,0.81
2026-08-03,5.30,5.71,5.71,5.29,117529,65492747.00,7.89,7.33,0.39,2.04
2026-08-04,5.82,5.75,6.00,5.70,87842,50809104.00,5.25,0.70,0.04,1.52
2026-08-05,5.76,5.86,5.89,5.71,67161,38784295.00,3.13,1.91,0.11,1.17