2026-01-05,17.58,18.15,18.17,17.48,165769,329163522.00,3.94,3.54,0.62,2.46
2026-01-06,18.11,18.63,19.00,18.03,288853,595620128.00,5.34,2.64,0.48,4.28
2026-01-07,18.56,18.44,18.69,18.38,152420,312791074.00,1.66,-1.02,-0.19,2.26
2026-01-08,18.41,18.60,18.77,18.31,125115,257114416.00,2.49,0.87,0.16,1.85
2026-01-09,18.59,20.08,20.15,18.55,386516,832405054.00,8.60,7.96,1.48,5.73
2026-01-12,22.10,22.10,22.10,22.09,159472,390068487.00,0.05,10.06,2.02,2.36
2026-01-13,24.33,24.33,24.33,23.63,751393,2020712204.00,3.17,10.09,2.23,11.14
2026-01-14,23.57,26.78,26.78,23.12,788647,2256984517.00,15.04,10.07,2.45,11.69
2026-01-15,26.50,26.38,28.50,24.87,1148872,3398502057.00,13.55,-1.49,-0.40,17.03
2026-01-16,23.73,23.73,23.73,23.73,55467,145600875.00,0.00,-10.05,-2.65,0.82
2026-01-19,21.91,21.35,22.23,21.35,596193,1417924180.00,3.71,-10.03,-2.38,8.84
2026-01-20,21.58,21.48,21.87,20.98,498404,1182439134.00,4.17,0.61,0.13,7.39
2026-01-21,21.68,21.55,22.70,21.32,410658,995363400.00,6.42,0.33,0.07,6.09
2026-01-22,21.59,21.64,22.35,21.49,354929,856613548.00,3.99,0.42,0.09,5.26
2026-01-23,21.86,22.37,22.79,21.81,360307,890815731.00,4.53,3.37,0.73,5.34
2026-01-26,22.37,21.90,22.93,21.43,326393,796686764.00,6.71,-2.10,-0.47,4.84
2026-01-27,22.14,21.96,22.53,21.23,278833,672856878.00,5.94,0.27,0.06,4.13
2026-01-28,21.84,21.41,22.25,21.32,245046,589455840.00,4.23,-2.50,-0.55,3.63
2026-01-29,21.31,22.48,23.57,21.16,585694,1478375161.00,11.26,5.00,1.07,8.68
2026-01-30,22.39,22.59,22.82,22.05,413861,1031258913.00,3.43,0.49,0.11,6.13
2026-02-02,22.59,22.29,23.14,22.27,370483,930151213.00,3.85,-1.33,-0.30,5.49
2026-02-03,22.78,23.43,23.51,22.77,429214,1104395525.00,3.32,5.11,1.14,6.36
2026-02-04,22.87,21.95,23.28,21.64,418653,1025763572.00,7.00,-6.32,-1.48,6.20
2026-02-05,21.59,21.91,22.19,21.58,233517,565362408.00,2.78,-0.18,-0.04,3.46
2026-02-06,21.59,21.57,22.09,21.05,205862,492142080.00,4.75,-1.55,-0.34,3.05
2026-02-09,21.99,22.37,22.52,21.76,245215,602800895.00,3.52,3.71,0.80,3.63
2026-02-10,23.39,24.62,24.62,22.97,666026,1769978351.00,7.38,10.06,2.25,9.87
2026-02-11,24.40,22.20,24.40,22.20,687780,1725598947.00,8.94,-9.83,-2.42,10.19
2026-02-12,22.48,22.24,22.55,21.88,336845,827823904.00,3.02,0.18,0.04,4.99
2026-02-13,22.50,22.40,23.89,22.23,616891,1570376006.00,7.46,0.72,0.16,9.14
2026-02-24,21.96,20.55,22.14,20.44,450334,1036266451.00,7.59,-8.26,-1.85,6.67
2026-02-25,20.56,20.78,20.86,20.50,209134,479938302.00,1.75,1.12,0.23,3.10
2026-02-26,20.78,20.59,20.88,20.48,174169,397478585.00,1.92,-0.91,-0.19,2.58
2026-02-27,20.62,20.90,21.04,20.52,187127,431186956.00,2.53,1.51,0.31,2.77
2026-03-02,20.50,20.36,20.71,20.10,193451,436361665.00,2.92,-2.58,-0.54,2.87
2026-03-03,20.32,19.19,20.44,19.08,238856,517853534.00,6.68,-5.75,-1.17,3.54
2026-03-04,18.97,19.09,19.40,18.90,124887,265041631.00,2.61,-0.52,-0.10,1.85
2026-03-05,19.48,19.31,19.56,19.18,113756,243479296.00,1.99,1.15,0.22,1.69
2026-03-06,19.14,19.31,19.48,19.14,91086,195308730.00,1.76,0.00,0.00,1.35
2026-03-09,18.96,19.34,19.40,18.69,164958,347125573.00,3.68,0.16,0.03,2.44
2026-03-10,19.61,19.51,19.78,19.38,127275,275567920.00,2.07,0.88,0.17,1.89
2026-03-11,19.54,19.36,19.64,19.30,93992,202244146.00,1.74,-0.77,-0.15,1.39
2026-03-12,19.29,19.16,19.41,19.08,73647,156925523.00,1.70,-1.03,-0.20,1.09
2026-03-13,19.07,18.77,19.19,18.74,90968,190806309.00,2.35,-2.04,-0.39,1.35
2026-03-16,18.76,18.91,18.92,18.61,78771,163744046.00,1.65,0.75,0.14,1.17
2026-03-17,19.02,18.72,19.10,18.70,68270,143003163.00,2.12,-1.00,-0.19,1.01
2026-03-18,18.80,19.04,19.07,18.68,87963,183679957.00,2.08,1.71,0.32,1.30
2026-03-19,18.78,18.87,19.25,18.58,162920,340480902.00,3.52,-0.89,-0.17,2.41
2026-03-20,18.79,18.20,19.07,18.20,124229,255434600.00,4.61,-3.55,-0.67,1.84
2026-03-23,17.95,17.23,18.02,17.12,154863,301779980.00,4.95,-5.33,-0.97,2.30
2026-03-24,17.55,17.68,17.70,17.26,111860,217075968.00,2.55,2.61,0.45,1.66
2026-03-25,17.71,18.20,18.27,17.66,112618,225988149.00,3.45,2.94,0.52,1.67
2026-03-26,18.21,17.70,18.24,17.64,97123,192382766.00,3.30,-2.75,-0.50,1.44
2026-03-27,17.50,17.96,17.99,17.49,69766,138114531.00,2.82,1.47,0.26,1.03
2026-03-30,17.71,18.03,18.12,17.57,73062,144668253.00,3.06,0.39,0.07,1.08
2026-03-31,18.05,17.94,18.25,17.88,77785,155634217.00,2.05,-0.50,-0.09,1.15
2026-04-01,18.23,18.13,18.28,17.98,70982,142377108.00,1.67,1.06,0.19,1.05
2026-04-02,18.06,17.76,18.06,17.68,70034,138289669.00,2.10,-2.04,-0.37,1.04
2026-04-03,17.79,17.40,17.87,17.36,55746,108203348.00,2.87,-2.03,-0.36,0.83
2026-04-07,17.40,17.45,17.53,17.34,43190,83542074.00,1.09,0.29,0.05,0.64
2026-04-08,17.79,18.54,18.56,17.79,154902,313753427.00,4.41,6.25,1.09,2.30
2026-04-09,18.28,17.91,18.28,17.88,120168,240198909.00,2.16,-3.40,-0.63,1.78
2026-04-10,18.08,18.18,18.34,18.07,100170,202049338.00,1.51,1.51,0.27,1.48
2026-04-13,18.06,18.02,18.18,17.98,60213,120527386.00,1.10,-0.88,-0.16,0.89
2026-04-14,18.30,18.23,18.36,18.05,84977,171513045.00,1.72,1.17,0.21,1.26
2026-04-15,18.30,18.08,18.37,18.02,72077,145102693.00,1.92,-0.82,-0.15,1.07
2026-04-16,18.12,18.43,18.48,18.11,93633,190114472.00,2.05,1.94,0.35,1.39
2026-04-17,18.31,18.45,18.55,18.21,73142,148846897.00,1.84,0.11,0.02,1.08
2026-04-20,18.48,18.78,18.87,18.44,100288,208239663.00,2.33,1.79,0.33,1.49
2026-04-21,18.78,18.55,18.86,18.41,79698,163737758.00,2.40,-1.22,-0.23,1.18
2026-04-22,18.41,18.49,18.49,18.29,56003,114264198.00,1.08,-0.32,-0.06,0.83
2026-04-23,18.47,18.43,18.72,18.28,93757,191803201.00,2.38,-0.32,-0.06,1.39
2026-04-24,18.41,18.50,18.73,18.19,100428,205412733.00,2.93,0.38,0.07,1.49
2026-04-27,18.46,18.42,18.56,18.21,78879,160730476.00,1.89,-0.43,-0.08,1.17
2026-04-28,18.37,17.99,18.37,17.81,100921,201840321.00,3.04,-2.33,-0.43,1.50
2026-04-29,17.91,18.38,18.46,17.91,101028,205256219.00,3.06,2.17,0.39,1.50
2026-04-30,18.32,18.13,18.43,18.10,81040,163349738.00,1.80,-1.36,-0.25,1.20
2026-05-06,18.24,18.58,18.78,18.24,123195,253584545.00,2.98,2.48,0.45,1.83
2026-05-07,18.68,18.94,18.96,18.41,128944,267852979.00,2.96,1.94,0.36,1.91
2026-05-08,19.07,18.80,19.12,18.71,120004,251145481.00,2.16,-0.74,-0.14,1.78
2026-05-11,18.84,18.90,19.04,18.73,116892,244413137.00,1.65,0.53,0.10,1.73
2026-05-12,18.85,18.58,18.89,18.52,95621,197615758.00,1.96,-1.69,-0.32,1.42
2026-05-13,18.59,18.72,18.73,18.50,82362,170038856.00,1.24,0.75,0.14,1.22
2026-05-14,18.87,17.96,18.95,17.96,152380,308410357.00,5.29,-4.06,-0.76,2.26
2026-05-15,17.96,17.97,18.41,17.84,123214,247626996.00,3.17,0.06,0.01,1.83
2026-05-18,17.82,17.98,18.12,17.75,91640,181951543.00,2.06,0.06,0.01,1.36
2026-05-19,17.98,18.38,18.53,17.88,102017,206794410.00,3.62,2.22,0.40,1.51
2026-05-20,18.28,17.87,18.29,17.80,98474,195979318.00,2.67,-2.77,-0.51,1.46
2026-05-21,17.91,17.40,18.22,17.36,122622,241903067.00,4.81,-2.63,-0.47,1.82
2026-05-22,17.48,17.28,17.54,17.02,109286,208741253.00,2.99,-0.69,-0.12,1.62
2026-05-25,17.30,17.19,17.40,17.08,68728,131028868.00,1.85,-0.52,-0.09,1.02
2026-05-26,17.09,17.02,17.22,16.83,74508,140611940.00,2.27,-0.99,-0.17,1.10
2026-05-27,17.01,16.78,17.27,16.76,77269,145143518.00,3.00,-1.41,-0.24,1.15
2026-05-28,16.71,16.61,16.80,16.34,93415,171707957.00,2.74,-1.01,-0.17,1.38
2026-05-29,16.68,16.47,16.86,16.44,80783,149155058.00,2.53,-0.84,-0.14,1.20
2026-06-01,16.50,16.99,17.18,16.50,106685,200288180.00,4.13,3.16,0.52,1.58
2026-06-02,17.08,16.48,17.13,16.34,102260,187657718.00,4.65,-3.00,-0.51,1.52
2026-06-03,16.35,16.14,16.38,16.12,87389,157368781.00,1.58,-2.06,-0.34,1.30
2026-06-04,16.12,15.78,16.12,15.68,68145,119979369.00,2.73,-2.23,-0.36,1.01
2026-06-05,17.37,17.37,17.37,17.37,100272,193024486.00,0.00,10.08,1.59,1.49
2026-06-08,18.33,17.59,18.90,17.36,490149,985891723.00,8.87,1.27,0.22,7.26
2026-06-09,17.60,17.50,17.92,16.75,322781,613399840.00,6.65,-0.51,-0.09,4.78
2026-06-10,17.07,17.07,17.67,16.83,207779,396437463.00,4.80,-2.46,-0.43,3.08
2026-06-11,16.91,16.22,16.97,16.08,186165,337410753.00,5.21,-4.98,-0.85,2.76
2026-06-12,16.28,16.28,16.45,16.04,123542,222883734.00,2.53,0.37,0.06,1.83
2026-06-15,16.37,16.76,16.77,16.32,123184,226128217.00,2.76,2.95,0.48,1.83
2026-06-16,16.68,16.89,17.36,16.51,121968,227613943.00,5.07,0.78,0.13,1.81
2026-06-17,16.78,16.86,16.94,16.60,81488,151455566.00,2.01,-0.18,-0.03,1.21
2026-06-18,16.84,16.98,17.18,16.65,95528,180120409.00,3.14,0.71,0.12,1.42
2026-06-22,16.87,17.26,17.28,16.37,130043,241418880.00,5.36,1.65,0.28,1.93
2026-06-23,17.08,16.68,17.17,16.60,100424,188343789.00,3.30,-3.36,-0.58,1.49
2026-06-24,16.68,16.50,16.91,16.38,67132,123400533.00,3.18,-1.08,-0.18,0.99
2026-06-25,16.41,16.30,16.58,16.23,74418,135149122.00,2.12,-1.21,-0.20,1.10
2026-06-26,16.23,15.50,16.24,15.50,122627,214494739.00,4.54,-4.91,-0.80,1.82
2026-06-29,15.40,15.48,15.63,15.17,79601,136159563.00,2.97,-0.13,-0.02,1.18
2026-06-30,15.48,15.35,15.60,15.32,81632,139870113.00,1.81,-0.84,-0.13,1.21
2026-07-01,15.26,15.62,16.10,15.25,112881,196634387.00,5.54,1.76,0.27,1.67
2026-07-02,15.89,15.48,15.90,15.48,98010,170065947.00,2.69,-0.90,-0.14,1.45
2026-07-03,15.43,15.47,15.59,15.37,71774,123256281.00,1.42,-0.06,-0.01,1.06
2026-07-06,15.49,15.38,15.54,15.34,53898,92132783.00,1.29,-0.58,-0.09,0.80
2026-07-07,15.35,15.05,15.39,14.96,67870,114156471.00,2.80,-2.15,-0.33,1.01
2026-07-08,14.96,15.19,15.23,14.94,50514,84849958.00,1.93,0.93,0.14,0.75
2026-07-09,15.14,15.37,15.44,15.04,62105,105355155.00,2.63,1.18,0.18,0.92
2026-07-10,15.26,15.87,16.30,15.08,152870,268413853.00,7.94,3.25,0.50,2.27
2026-07-13,15.78,15.21,15.92,15.14,111740,190838795.00,4.91,-4.16,-0.66,1.66
2026-07-14,15.23,15.28,15.31,14.98,68897,116046797.00,2.17,0.46,0.07,1.02
2026-07-15,15.28,15.59,15.75,15.20,90224,155958676.00,3.60,2.03,0.31,1.34
2026-07-16,15.58,15.75,15.90,15.44,90354,157666913.00,2.95,1.03,0.16,1.34
2026-07-17,15.74,15.28,15.92,15.23,92023,158633662.00,4.38,-2.98,-0.47,1.36
2026-07-20,15.45,15.55,15.87,15.35,99493,171766159.00,3.40,1.77,0.27,1.47
2026-07-21,15.43,15.72,15.78,15.43,86404,149682557.00,2.25,1.09,0.17,1.28
2026-07-22,15.61,15.47,15.71,15.30,92079,158363022.00,2.61,-1.59,-0.25,1.36
2026-07-23,15.50,15.66,15.67,15.30,76329,118295088.00,2.39,1.23,0.19,1.03
2026-07-24,15.53,15.35,15.85,15.34,78159,121670673.00,3.26,-1.98,-0.31,1.05
2026-07-27,15.30,15.70,15.74,15.21,75889,118362840.00,3.45,2.28,0.35,1.02
2026-07-28,15.61,15.90,16.06,15.60,90999,144305490.00,2.93,1.27,0.20,1.23
2026-07-29,15.88,16.14,16.19,15.85,87001,139772428.00,2.14,1.51,0.24,1.17
2026-07-30,16.12,16.09,16.40,16.00,88333,143266306.00,2.48,-0.31,-0.05,1.19
2026-07-31,16.09,16.62,17.11,16.09,191727,320040371.00,6.34,3.29,0.53,2.58
2026-08-03,16.50,16.92,17.04,16.47,123095,207087162.00,3.43,1.81,0.30,1.66
2026-08-04,16.92,17.27,17.32,16.86,139811,239689529.00,2.72,2.07,0.35,1.88
2026-08-05,17.19,17.29,17.51,17.15,136737,237103378.00,2.08,0.12,0.02,1.84