2026-01-05,14.97,15.17,15.80,14.57,1069244,1631639224.00,8.18,0.93,0.14,16.04
2026-01-06,14.97,14.43,15.18,14.31,1292527,1892752755.00,5.74,-4.88,-0.74,19.38
2026-01-07,14.22,14.85,14.99,14.13,1254199,1837002010.00,5.96,2.91,0.42,18.81
2026-01-08,14.58,14.07,14.77,14.05,1236711,1762919263.00,4.85,-5.25,-0.78,18.55
2026-01-09,13.83,13.66,14.20,13.60,1058651,1466185685.00,4.26,-2.91,-0.41,15.88
2026-01-12,13.50,14.16,14.21,13.50,1090576,1517442814.00,5.20,3.66,0.50,16.36
2026-01-13,14.16,14.28,15.18,14.05,1320148,1945269241.00,7.98,0.85,0.12,19.80
2026-01-14,13.77,14.42,15.00,13.28,1427674,1993764782.00,12.04,0.98,0.14,21.41
2026-01-15,14.11,13.02,14.24,12.55,1140072,1534936979.00,11.72,-9.71,-1.40,17.10
2026-01-16,12.52,11.83,12.97,11.82,984852,1197805776.00,8.83,-9.14,-1.19,14.77
2026-01-19,11.83,11.62,11.98,11.45,601890,700269611.00,4.48,-1.78,-0.21,9.03
2026-01-20,11.75,11.88,12.57,11.68,727455,878889066.00,7.66,2.24,0.26,10.91
2026-01-21,11.60,11.24,11.72,11.08,717237,807895541.00,5.39,-5.39,-0.64,10.76
2026-01-22,11.24,11.47,11.59,11.16,545629,622918940.00,3.83,2.05,0.23,8.18
2026-01-23,11.46,12.42,12.74,11.40,1038413,1272961054.00,11.68,8.28,0.95,15.57
2026-01-26,12.16,11.42,12.27,11.38,803145,938386460.00,7.17,-8.05,-1.00,12.04
2026-01-27,11.42,12.35,12.50,11.35,1018174,1235098066.00,10.07,8.14,0.93,15.27
2026-01-28,12.11,12.39,12.84,11.90,1100595,1370742514.00,7.61,0.32,0.04,16.51
2026-01-29,12.60,12.08,12.84,12.00,936677,1166366911.00,6.78,-2.50,-0.31,14.05
2026-01-30,11.81,12.14,12.32,11.62,710121,847551287.00,5.79,0.50,0.06,10.65
2026-02-02,11.90,11.62,12.20,11.61,464137,551644325.00,4.86,-4.28,-0.52,6.96
2026-02-03,11.80,12.16,12.20,11.65,594350,712167694.00,4.73,4.65,0.54,8.91
2026-02-04,12.00,12.10,12.78,11.69,822909,1000897813.00,8.96,-0.49,-0.06,12.34
2026-02-05,12.31,14.52,14.52,12.31,2188733,3017645164.00,18.26,20.00,2.42,32.82
2026-02-06,14.09,13.41,14.54,13.14,1981721,2703629854.00,9.64,-7.64,-1.11,29.72
2026-02-09,13.21,13.45,13.95,13.21,1345693,1833033951.00,5.52,0.30,0.04,20.18
2026-02-10,13.22,12.96,13.44,12.84,926942,1208718512.00,4.46,-3.64,-0.49,13.90
2026-02-11,13.10,12.52,13.45,12.48,923662,1193156550.00,7.48,-3.40,-0.44,13.85
2026-02-12,12.30,12.10,12.48,12.00,719966,876821298.00,3.83,-3.35,-0.42,10.80
2026-02-13,12.40,12.35,12.86,12.32,775347,973202181.00,4.46,2.07,0.25,11.63
2026-02-24,12.41,12.69,12.87,12.30,735382,925552764.00,4.62,2.75,0.34,11.03
2026-02-25,12.52,12.72,12.96,12.36,650973,827460974.00,4.73,0.24,0.03,9.76
2026-02-26,13.10,13.11,13.94,12.95,1283366,1715739651.00,7.78,3.07,0.39,19.25
2026-02-27,12.80,13.68,14.18,12.45,1592609,2121172129.00,13.20,4.35,0.57,23.88
2026-03-02,12.85,13.89,14.28,12.80,1437536,1958473244.00,10.82,1.54,0.21,21.56
2026-03-03,13.60,13.89,15.19,13.29,1874735,2663125991.00,13.68,0.00,0.00,28.12
2026-03-04,13.35,15.31,15.98,13.29,2219016,3256514087.00,19.37,10.22,1.42,33.28
2026-03-05,14.88,14.82,16.10,14.80,2095712,3228791119.00,8.49,-3.20,-0.49,31.43
2026-03-06,14.72,14.19,15.07,14.01,1435120,2072355508.00,7.15,-4.25,-0.63,21.52
2026-03-09,14.26,13.97,14.55,13.66,1075037,1509946886.00,6.27,-1.55,-0.22,16.12
2026-03-10,13.95,14.18,14.45,13.85,1067752,1511731723.00,4.29,1.50,0.21,16.01
2026-03-11,13.94,13.56,14.01,13.50,970899,1328643262.00,3.60,-4.37,-0.62,14.56
2026-03-12,13.47,13.12,13.63,12.91,741515,980252419.00,5.31,-3.24,-0.44,11.12
2026-03-13,13.00,13.18,13.59,12.76,808246,1067413238.00,6.33,0.46,0.06,12.12
2026-03-16,12.91,13.36,13.50,12.82,617735,817978026.00,5.16,1.37,0.18,9.26
2026-03-17,13.20,12.38,13.53,12.33,829739,1069216640.00,8.98,-7.34,-0.98,12.44
2026-03-18,12.20,12.54,12.63,12.01,547513,675968224.00,5.01,1.29,0.16,8.21
2026-03-19,12.30,12.35,12.75,12.21,548220,684863744.00,4.31,-1.52,-0.19,8.22
2026-03-20,12.40,11.89,12.69,11.87,588133,719190092.00,6.64,-3.72,-0.46,8.82
2026-03-23,11.38,12.27,12.77,11.30,955950,1154249356.00,12.36,3.20,0.38,14.34
2026-03-24,12.07,12.27,12.39,11.85,698393,845475333.00,4.40,0.00,0.00,10.47
2026-03-25,12.19,14.04,14.28,12.16,1547967,2048562810.00,17.28,14.43,1.77,23.21
2026-03-26,13.50,12.88,13.75,12.87,1202287,1589278436.00,6.27,-8.26,-1.16,18.03
2026-03-27,12.66,12.71,13.09,12.65,669996,861916182.00,3.42,-1.32,-0.17,10.05
2026-03-30,12.30,14.20,14.56,12.21,1846477,2555371945.00,18.49,11.72,1.49,27.69
2026-03-31,14.41,14.82,15.51,14.28,2126817,3187344187.00,8.66,4.37,0.62,31.90
2026-04-01,14.41,13.83,14.64,13.61,1498807,2091738821.00,6.95,-6.68,-0.99,22.48
2026-04-02,14.06,14.25,14.68,14.06,1528609,2201633870.00,4.48,3.04,0.42,22.92
2026-04-03,13.98,13.67,14.27,13.46,1099976,1514458023.00,5.68,-4.07,-0.58,16.50
2026-04-07,13.68,13.93,14.36,13.60,1074905,1512587335.00,5.56,1.90,0.26,16.12
2026-04-08,13.73,14.22,14.40,13.73,1142081,1616628152.00,4.81,2.08,0.29,17.13
2026-04-09,14.00,13.50,14.10,13.48,1011352,1378894177.00,4.36,-5.06,-0.72,15.17
2026-04-10,13.56,13.30,14.10,13.05,1170408,1583011980.00,7.78,-1.48,-0.20,17.55
2026-04-13,13.75,13.44,14.34,13.40,1139227,1574815301.00,7.07,1.05,0.14,17.08
2026-04-14,13.00,13.00,13.22,12.81,953323,1234533184.00,3.05,-3.27,-0.44,14.30
2026-04-15,12.87,13.12,13.34,12.64,806830,1052657390.00,5.38,0.92,0.12,12.10
2026-04-16,12.88,12.93,12.99,12.70,590480,759920834.00,2.21,-1.45,-0.19,8.86
2026-04-17,12.90,12.74,13.18,12.72,557354,719192844.00,3.56,-1.47,-0.19,8.36
2026-04-20,13.12,13.23,13.61,13.05,949331,1260065480.00,4.40,3.85,0.49,14.24
2026-04-21,13.00,12.80,13.01,12.76,637082,816661241.00,1.89,-3.25,-0.43,9.55
2026-04-22,12.68,12.85,13.00,12.65,469234,601879823.00,2.73,0.39,0.05,7.04
2026-04-23,12.73,12.33,12.82,12.30,547844,683984687.00,4.05,-4.05,-0.52,8.22
2026-04-24,12.38,12.40,12.78,12.36,416835,522852034.00,3.41,0.57,0.07,6.25
2026-04-27,12.20,12.62,12.77,11.95,492691,609989584.00,6.61,1.77,0.22,7.39
2026-04-28,12.30,12.71,13.00,12.07,803590,1008700787.00,7.37,0.71,0.09,12.05
2026-04-29,12.33,12.41,12.70,12.30,503360,629154751.00,3.15,-2.36,-0.30,7.55
2026-04-30,12.50,12.55,12.65,12.39,433219,542076027.00,2.10,1.13,0.14,6.50
2026-05-06,12.43,12.74,12.90,12.43,573612,729642258.00,3.75,1.51,0.19,8.60
2026-05-07,12.78,13.13,13.29,12.65,801036,1046262426.00,5.02,3.06,0.39,12.01
2026-05-08,13.00,13.24,13.34,12.95,788216,1039173815.00,2.97,0.84,0.11,11.82
2026-05-11,13.30,13.47,13.71,13.00,1050981,1405832861.00,5.36,1.74,0.23,15.76
2026-05-12,13.31,13.43,13.75,13.12,927651,1249181867.00,4.68,-0.30,-0.04,13.91
2026-05-13,13.30,13.93,14.14,13.10,1163732,1606768679.00,7.74,3.72,0.50,17.45
2026-05-14,13.80,12.76,14.08,12.70,1076759,1439427087.00,9.91,-8.40,-1.17,16.15
2026-05-15,12.55,12.16,12.79,12.03,731924,899933503.00,5.96,-4.70,-0.60,10.98
2026-05-18,12.13,11.85,12.34,11.85,497650,597486250.00,4.03,-2.55,-0.31,7.46
2026-05-19,11.80,11.90,11.99,11.65,358757,424760884.00,2.87,0.42,0.05,5.38
2026-05-20,11.87,11.91,12.04,11.53,470978,555050640.00,4.29,0.08,0.01,7.06
2026-05-21,11.84,11.23,11.93,11.19,447627,521986670.00,6.21,-5.71,-0.68,6.71
2026-05-22,11.29,11.09,11.35,11.01,376053,419634352.00,3.03,-1.25,-0.14,5.64
2026-05-25,11.07,10.54,11.08,10.44,548323,583672217.00,5.77,-4.96,-0.55,8.22
2026-05-26,10.40,10.02,10.63,9.85,581957,586098911.00,7.40,-4.93,-0.52,8.73
2026-05-27,9.96,9.65,10.03,9.51,538358,523373151.00,5.19,-3.69,-0.37,8.07
2026-05-28,9.75,9.88,9.94,9.66,422566,415572259.00,2.90,2.38,0.23,6.34
2026-05-29,9.90,9.50,9.90,9.45,388722,375844657.00,4.55,-3.85,-0.38,5.83
2026-06-01,9.67,9.72,9.89,9.51,353594,344899306.00,4.00,2.32,0.22,5.30
2026-06-02,9.71,9.55,9.73,9.10,466132,438580530.00,6.48,-1.75,-0.17,6.99
2026-06-03,9.58,9.36,9.75,9.28,400432,378200714.00,4.92,-1.99,-0.19,6.01
2026-06-04,9.39,9.16,9.50,9.06,329393,303263991.00,4.70,-2.14,-0.20,4.94
2026-06-05,9.27,9.24,9.43,9.06,374924,347426971.00,4.04,0.87,0.08,5.62
2026-06-08,9.08,8.87,9.38,8.71,409446,369765913.00,7.25,-4.00,-0.37,6.14
2026-06-09,9.01,8.83,9.06,8.69,329523,290177464.00,4.17,-0.45,-0.04,4.94
2026-06-10,8.80,8.73,9.26,8.62,497392,441539134.00,7.25,-1.13,-0.10,7.46
2026-06-11,8.68,8.50,8.76,8.42,376337,320397514.00,3.89,-2.63,-0.23,5.64
2026-06-12,8.67,8.82,8.99,8.54,472782,417051738.00,5.29,3.76,0.32,7.09
2026-06-15,8.84,8.90,9.08,8.77,377530,335969619.00,3.51,0.91,0.08,5.66
2026-06-16,8.92,8.89,9.00,8.67,359531,317835194.00,3.71,-0.11,-0.01,5.39
2026-06-17,8.86,8.58,8.90,8.56,340504,295654358.00,3.82,-3.49,-0.31,5.11
2026-06-18,8.69,8.37,8.73,8.35,345208,291692538.00,4.43,-2.45,-0.21,5.18
2026-06-22,8.42,8.46,8.49,8.10,417966,346564870.00,4.66,1.08,0.09,6.27
2026-06-23,8.34,8.54,8.95,8.34,503747,436958649.00,7.21,0.95,0.08,7.55
2026-06-24,8.49,8.18,8.60,8.04,427024,349677900.00,6.56,-4.22,-0.36,6.40
2026-06-25,8.16,8.02,8.69,8.01,452045,370017961.00,8.31,-1.96,-0.16,6.78
2026-06-26,8.00,7.75,8.10,7.72,369051,288779317.00,4.74,-3.37,-0.27,5.53
2026-06-29,7.75,7.72,7.86,7.53,339819,261164293.00,4.26,-0.39,-0.03,5.10
2026-06-30,7.68,7.81,7.92,7.64,251123,196075471.00,3.63,1.17,0.09,3.77
2026-07-01,7.88,8.25,8.50,7.88,559094,458677446.00,7.94,5.63,0.44,8.38
2026-07-02,8.18,8.62,9.34,8.12,1051547,924979014.00,14.79,4.48,0.37,15.77
2026-07-03,8.51,7.78,8.58,7.71,942532,749399890.00,10.09,-9.74,-0.84,14.14
2026-07-06,7.89,7.40,8.06,7.40,642783,494036848.00,8.48,-4.88,-0.38,9.64
2026-07-07,7.31,7.11,7.41,7.08,414808,298252488.00,4.46,-3.92,-0.29,6.22
2026-07-08,7.17,6.89,7.20,6.89,379278,264868095.00,4.36,-3.09,-0.22,5.69
2026-07-09,6.92,6.96,7.10,6.72,398598,275573292.00,5.52,1.02,0.07,5.98
2026-07-10,6.91,7.27,7.55,6.85,562618,408985122.00,10.06,4.45,0.31,8.44
2026-07-13,7.21,6.75,7.30,6.74,419183,290236541.00,7.70,-7.15,-0.52,6.29
2026-07-14,6.77,6.89,6.90,6.57,363738,245987268.00,4.89,2.07,0.14,5.45
2026-07-15,6.86,6.94,7.14,6.79,314543,219599844.00,5.08,0.73,0.05,4.72
2026-07-16,6.87,6.99,7.14,6.81,318127,222629957.00,4.76,0.72,0.05,4.77
2026-07-17,6.94,6.58,7.07,6.47,373083,251114676.00,8.58,-5.87,-0.41,5.60
2026-07-20,6.65,6.45,6.92,6.35,419820,279227473.00,8.66,-1.98,-0.13,6.30
2026-07-21,6.44,6.69,6.70,6.00,478817,306502453.00,10.85,3.72,0.24,7.18
2026-07-22,6.67,6.72,6.77,6.50,335117,224182652.00,4.04,0.45,0.03,5.03
2026-07-23,6.61,7.05,7.11,6.61,385190,266601568.00,7.44,4.91,0.33,5.78
2026-07-24,6.95,6.78,7.59,6.77,936851,670935079.00,11.63,-3.83,-0.27,14.05
2026-07-27,6.42,7.09,7.14,6.42,752282,522436007.88,10.62,4.57,0.31,11.28