2026-01-05,8.09,7.98,8.12,7.95,184044,147640236.00,2.10,-1.48,-0.12,2.50
2026-01-06,7.96,8.06,8.09,7.94,149056,119765782.00,1.88,1.00,0.08,2.03
2026-01-07,8.03,8.09,8.22,7.97,184083,148924647.00,3.10,0.37,0.03,2.50
2026-01-08,8.04,8.02,8.10,7.93,161752,129501148.00,2.10,-0.87,-0.07,2.20
2026-01-09,8.04,8.47,8.48,8.02,349388,290804948.00,5.74,5.61,0.45,4.75
2026-01-12,8.47,8.53,8.53,8.32,216893,182624137.00,2.48,0.71,0.06,2.95
2026-01-13,8.53,8.31,8.60,8.29,218525,183942063.00,3.63,-2.58,-0.22,2.97
2026-01-14,8.25,8.35,8.45,8.17,191300,159281632.00,3.37,0.48,0.04,2.60
2026-01-15,8.31,8.64,8.71,8.29,328891,281452221.00,5.03,3.47,0.29,4.47
2026-01-16,8.58,8.37,8.61,8.20,229871,192547054.00,4.75,-3.13,-0.27,3.13
2026-01-19,8.36,8.68,8.74,8.33,255445,220156751.00,4.90,3.70,0.31,3.48
2026-01-20,8.64,8.68,8.78,8.51,202110,174029286.00,3.11,0.00,0.00,2.75
2026-01-21,8.61,8.47,8.77,8.45,155442,132427683.00,3.69,-2.42,-0.21,2.11
2026-01-22,8.42,8.40,8.48,8.34,139310,116924225.00,1.65,-0.83,-0.07,1.90
2026-01-23,8.37,8.33,8.42,8.32,123538,103312209.00,1.19,-0.83,-0.07,1.68
2026-01-26,8.31,8.19,8.33,8.11,147884,120837932.00,2.64,-1.68,-0.14,2.01
2026-01-27,8.15,8.07,8.22,8.00,113748,91945460.00,2.69,-1.47,-0.12,1.55
2026-01-28,8.02,8.06,8.15,8.02,83620,67571642.00,1.61,-0.12,-0.01,1.14
2026-01-29,8.04,8.06,8.12,7.94,95401,76753000.00,2.23,0.00,0.00,1.30
2026-01-30,8.02,8.06,8.19,8.02,88166,71276761.00,2.11,0.00,0.00,1.20
2026-02-02,8.03,8.00,8.19,7.99,91429,73991273.00,2.48,-0.74,-0.06,1.24
2026-02-03,8.02,8.10,8.13,8.00,67902,54846687.00,1.63,1.25,0.10,0.92
2026-02-04,8.06,8.91,8.91,8.06,364218,314987658.00,10.49,10.00,0.81,4.95
2026-02-05,9.16,9.80,9.80,9.06,472595,445555885.00,8.31,9.99,0.89,6.43
2026-02-06,10.78,10.78,10.78,10.59,692198,745983940.00,1.94,10.00,0.98,9.42
2026-02-09,10.68,10.71,11.18,10.28,1353177,1438945360.00,8.35,-0.65,-0.07,18.41
2026-02-10,10.49,9.64,10.50,9.64,922936,908623914.00,8.03,-9.99,-1.07,12.56
2026-02-11,9.45,9.16,9.68,9.12,792535,740035078.00,5.81,-4.98,-0.48,10.78
2026-02-12,9.00,8.66,9.05,8.64,638151,560286928.00,4.48,-5.46,-0.50,8.68
2026-02-13,8.75,8.44,8.84,8.43,403332,346904701.00,4.73,-2.54,-0.22,5.49
2026-02-24,8.50,8.56,8.57,8.42,302040,257249557.00,1.78,1.42,0.12,4.11
2026-02-25,8.54,8.56,8.59,8.50,282063,240860750.00,1.05,0.00,0.00,3.84
2026-02-26,8.53,8.42,8.53,8.36,271647,228990196.00,1.99,-1.64,-0.14,3.70
2026-02-27,8.42,8.44,8.46,8.40,184597,155627011.00,0.71,0.24,0.02,2.51
2026-03-02,8.36,8.19,8.36,8.15,228272,187958722.00,2.49,-2.96,-0.25,3.11
2026-03-03,8.20,8.16,8.28,8.08,229373,187603458.00,2.44,-0.37,-0.03,3.12
2026-03-04,8.10,8.04,8.16,8.00,168725,136099005.00,1.96,-1.47,-0.12,2.30
2026-03-05,8.10,8.18,8.26,8.09,180069,147232183.00,2.11,1.74,0.14,2.45
2026-03-06,8.09,8.23,8.24,8.07,121741,99566229.00,2.08,0.61,0.05,1.66
2026-03-09,8.09,8.15,8.17,8.09,122891,99857749.00,0.97,-0.97,-0.08,1.67
2026-03-10,8.20,8.25,8.28,8.17,127491,104952736.00,1.35,1.23,0.10,1.73
2026-03-11,8.28,8.25,8.28,8.18,119374,98163455.00,1.21,0.00,0.00,1.62
2026-03-12,8.23,8.11,8.26,8.10,130225,106303868.00,1.94,-1.70,-0.14,1.77
2026-03-13,8.08,8.09,8.18,8.05,117009,95105077.00,1.60,-0.25,-0.02,1.59
2026-03-16,8.07,8.15,8.15,8.07,86592,70284429.00,0.99,0.74,0.06,1.18
2026-03-17,8.14,8.08,8.22,8.06,111361,90752781.00,1.96,-0.86,-0.07,1.51
2026-03-18,8.08,8.00,8.10,7.88,145301,115683679.00,2.72,-0.99,-0.08,1.98
2026-03-19,7.95,7.80,7.98,7.78,112535,88513887.00,2.50,-2.50,-0.20,1.53
2026-03-20,7.81,7.64,7.86,7.63,111057,85825409.00,2.95,-2.05,-0.16,1.51
2026-03-23,7.55,7.19,7.55,7.12,144603,105938931.00,5.63,-5.89,-0.45,1.97
2026-03-24,7.28,7.45,7.45,7.22,123921,90955694.00,3.20,3.62,0.26,1.69
2026-03-25,7.46,7.59,7.63,7.43,101150,76144550.00,2.68,1.88,0.14,1.38
2026-03-26,7.58,7.55,7.69,7.51,76074,57663054.00,2.37,-0.53,-0.04,1.03
2026-03-27,7.51,7.62,7.67,7.48,74707,56954017.00,2.52,0.93,0.07,1.02
2026-03-30,7.51,7.74,7.75,7.51,80944,62163085.00,3.15,1.57,0.12,1.10
2026-03-31,7.70,7.69,7.84,7.68,67728,52532636.00,2.07,-0.65,-0.05,0.92
2026-04-01,7.75,7.77,7.78,7.68,69486,53732230.00,1.30,1.04,0.08,0.95
2026-04-02,7.75,7.67,7.76,7.62,74529,57203596.00,1.80,-1.29,-0.10,1.01
2026-04-03,7.62,7.43,7.66,7.41,56526,42339499.00,3.26,-3.13,-0.24,0.77
2026-04-07,7.43,7.55,7.57,7.38,55157,41346664.00,2.56,1.62,0.12,0.75
2026-04-08,7.65,7.72,7.73,7.62,72742,55862947.00,1.46,2.25,0.17,0.99
2026-04-09,7.65,7.59,7.70,7.54,60085,45738163.00,2.07,-1.68,-0.13,0.82
2026-04-10,7.63,7.65,7.72,7.60,55172,42295287.00,1.58,0.79,0.06,0.75
2026-04-13,7.61,7.60,7.64,7.55,46198,35041737.00,1.18,-0.65,-0.05,0.63
2026-04-14,7.61,7.62,7.65,7.52,61238,46433751.00,1.71,0.26,0.02,0.83
2026-04-15,7.60,7.59,7.64,7.57,60730,46168092.00,0.92,-0.39,-0.03,0.83
2026-04-16,7.59,7.70,7.75,7.57,86327,65998229.00,2.37,1.45,0.11,1.17
2026-04-17,7.67,7.75,7.76,7.57,103327,79302096.00,2.47,0.65,0.05,1.41
2026-04-20,7.71,7.84,7.84,7.66,93241,72603529.00,2.32,1.16,0.09,1.27
2026-04-21,7.84,7.86,7.88,7.76,74524,58183509.00,1.53,0.26,0.02,1.01
2026-04-22,7.85,7.77,7.90,7.76,69094,53917910.00,1.78,-1.15,-0.09,0.94
2026-04-23,7.78,7.74,7.82,7.67,74941,58002808.00,1.93,-0.39,-0.03,1.02
2026-04-24,7.70,7.69,7.73,7.62,69246,53169831.00,1.42,-0.65,-0.05,0.94
2026-04-27,7.69,7.79,7.81,7.59,75603,58374623.00,2.86,1.30,0.10,1.03
2026-04-28,7.76,7.58,7.79,7.53,75785,57834510.00,3.34,-2.70,-0.21,1.03
2026-04-29,7.55,7.67,7.74,7.54,67734,52114169.00,2.64,1.19,0.09,0.92
2026-04-30,7.70,7.77,7.83,7.66,84316,65577255.00,2.22,1.30,0.10,1.15
2026-05-06,7.83,7.69,7.83,7.67,100100,77053852.00,2.06,-1.03,-0.08,1.36
2026-05-07,7.69,7.64,7.72,7.63,57810,44271928.00,1.17,-0.65,-0.05,0.79
2026-05-08,7.65,7.72,7.72,7.63,56013,43044455.00,1.18,1.05,0.08,0.76
2026-05-11,7.72,7.63,7.72,7.60,81610,62326457.00,1.55,-1.17,-0.09,1.11
2026-05-12,7.64,7.52,7.65,7.51,63529,48081037.00,1.83,-1.44,-0.11,0.86
2026-05-13,7.53,7.46,7.55,7.45,57418,42935666.00,1.33,-0.80,-0.06,0.78
2026-05-14,7.45,7.45,7.55,7.33,91630,68140727.00,2.95,-0.13,-0.01,1.25
2026-05-15,7.47,7.33,7.48,7.30,73087,53833990.00,2.42,-1.61,-0.12,0.99
2026-05-18,7.31,7.34,7.36,7.25,48425,35334459.00,1.50,0.14,0.01,0.66
2026-05-19,7.33,7.41,7.42,7.32,46190,34075659.00,1.36,0.95,0.07,0.63
2026-05-20,7.40,7.26,7.40,7.22,49454,35944665.00,2.43,-2.02,-0.15,0.67
2026-05-21,7.25,7.13,7.35,7.12,62705,45368313.00,3.17,-1.79,-0.13,0.85
2026-05-22,7.14,7.21,7.25,7.13,39126,28109824.00,1.68,1.12,0.08,0.53
2026-05-25,7.19,7.19,7.24,7.15,35348,25426788.00,1.25,-0.28,-0.02,0.48
2026-05-26,7.19,7.15,7.24,7.05,52808,37709291.00,2.64,-0.56,-0.04,0.72
2026-05-27,7.12,7.05,7.16,6.97,78471,55362141.00,2.66,-1.40,-0.10,1.07
2026-05-28,7.01,7.02,7.08,6.91,45387,31772029.00,2.41,-0.43,-0.03,0.62
2026-05-29,6.98,7.27,7.41,6.98,156649,113803198.00,6.13,3.56,0.25,2.13
2026-06-01,7.22,7.40,7.44,7.06,119811,87466631.00,5.23,1.79,0.13,1.63
2026-06-02,7.31,7.29,7.37,7.23,84599,61681457.00,1.89,-1.49,-0.11,1.15
2026-06-03,7.27,7.17,7.27,7.06,85668,61149947.00,2.88,-1.65,-0.12,1.17
2026-06-04,7.15,6.92,7.25,6.88,78500,55063148.00,5.16,-3.49,-0.25,1.07
2026-06-05,6.95,7.01,7.18,6.93,65216,46096759.00,3.61,1.30,0.09,0.89
2026-06-08,6.92,6.96,7.12,6.88,66204,46360935.00,3.42,-0.71,-0.05,0.90
2026-06-09,7.00,6.90,7.00,6.80,50679,34958637.00,2.87,-0.86,-0.06,0.69
2026-06-10,6.91,6.88,6.92,6.80,42584,29176947.00,1.74,-0.29,-0.02,0.58
2026-06-11,6.85,6.77,6.92,6.70,46457,31473178.00,3.20,-1.60,-0.11,0.63
2026-06-12,6.78,6.92,6.94,6.75,65702,45181598.00,2.81,2.22,0.15,0.89
2026-06-15,6.92,6.94,7.01,6.90,47299,32828119.00,1.59,0.29,0.02,0.64
2026-06-16,6.94,6.91,6.95,6.82,37453,25761202.00,1.87,-0.43,-0.03,0.51
2026-06-17,6.87,6.70,6.89,6.69,46856,31664922.00,2.89,-3.04,-0.21,0.64
2026-06-18,6.69,6.67,6.72,6.56,36688,24434395.00,2.39,-0.45,-0.03,0.50
2026-06-22,6.64,6.64,6.67,6.47,53063,34819409.00,3.00,-0.45,-0.03,0.72
2026-06-23,6.59,6.70,6.81,6.59,52718,35493722.00,3.31,0.90,0.06,0.72
2026-06-24,6.67,6.43,6.71,6.43,50577,32923004.00,4.18,-4.03,-0.27,0.69
2026-06-25,6.42,6.30,6.47,6.24,59590,37839294.00,3.58,-2.02,-0.13,0.81
2026-06-26,6.31,6.18,6.31,6.16,40052,24887840.00,2.38,-1.90,-0.12,0.54