2026-01-05,21.00,20.93,21.29,20.77,56922,119911293.00,2.47,-0.71,-0.15,4.54
2026-01-06,21.03,20.81,21.05,20.55,56084,116969051.00,2.39,-0.57,-0.12,4.48
2026-01-07,20.72,20.51,20.95,20.47,45700,94967096.00,2.31,-1.44,-0.30,3.65
2026-01-08,20.50,21.17,21.17,20.49,71808,151677167.00,3.32,3.22,0.66,5.73
2026-01-09,21.87,21.64,22.83,21.40,137476,303246874.00,6.75,2.22,0.47,10.98
2026-01-12,21.96,21.97,21.97,21.32,100338,218877432.00,3.00,1.52,0.33,8.01
2026-01-13,21.94,22.86,23.12,21.27,166645,375136210.00,8.42,4.05,0.89,13.30
2026-01-14,22.64,22.47,23.12,22.35,135381,308985254.00,3.37,-1.71,-0.39,10.81
2026-01-15,22.38,22.56,23.07,22.19,70540,160752917.00,3.92,0.40,0.09,5.63
2026-01-16,22.42,21.93,22.57,21.88,53239,118626767.00,3.06,-2.79,-0.63,4.25
2026-01-19,21.93,22.03,22.17,21.77,32412,71689423.00,1.82,0.46,0.10,2.59
2026-01-20,22.04,21.52,22.17,21.37,42298,91999123.00,3.63,-2.32,-0.51,3.38
2026-01-21,21.42,21.70,21.78,21.31,31717,68975512.00,2.18,0.84,0.18,2.53
2026-01-22,21.68,21.57,21.83,21.52,25758,56075676.00,1.43,-0.60,-0.13,2.06
2026-01-23,21.69,21.93,22.02,21.56,37308,81830391.00,2.13,1.67,0.36,2.98
2026-01-26,21.83,21.19,21.94,21.01,42221,90670904.00,4.24,-3.37,-0.74,3.37
2026-01-27,21.10,21.06,21.31,20.37,31345,65728594.00,4.44,-0.61,-0.13,2.50
2026-01-28,21.06,20.39,21.10,20.35,32613,67485556.00,3.56,-3.18,-0.67,2.60
2026-01-29,20.39,20.14,20.72,20.01,25545,52240983.00,3.48,-1.23,-0.25,2.04
2026-01-30,20.17,20.37,20.43,19.82,27218,55294677.00,3.03,1.14,0.23,2.17
2026-02-02,20.33,20.55,21.26,20.29,41608,87337313.00,4.76,0.88,0.18,3.32
2026-02-03,20.68,20.73,20.85,20.49,21966,45649475.00,1.75,0.88,0.18,1.75
2026-02-04,20.73,20.60,20.85,20.43,21194,43941176.00,2.03,-0.63,-0.13,1.69
2026-02-05,20.48,20.34,20.65,20.27,16494,33889095.00,1.84,-1.26,-0.26,1.32
2026-02-06,20.34,20.88,21.13,20.19,36409,76303901.00,4.62,2.65,0.54,2.91
2026-02-09,21.04,20.90,21.14,20.85,20082,42358111.00,1.39,0.10,0.02,1.60
2026-02-10,20.95,20.94,21.05,20.73,18690,39331376.00,1.53,0.19,0.04,1.49
2026-02-11,20.93,21.15,21.47,20.77,35865,76426631.00,3.34,1.00,0.21,2.86
2026-02-12,21.17,21.15,21.25,20.90,20122,42738567.00,1.65,0.00,0.00,1.61
2026-02-13,21.13,21.23,21.40,21.05,20015,42902959.00,1.65,0.38,0.08,1.60
2026-02-24,21.47,21.41,21.57,21.20,23353,50175453.00,1.74,0.85,0.18,1.86
2026-02-25,21.41,21.07,21.42,21.01,28684,60963059.00,1.91,-1.59,-0.34,2.29
2026-02-26,21.07,21.18,21.56,21.05,27291,58429921.00,2.42,0.52,0.11,2.18
2026-02-27,21.19,21.01,21.19,20.92,22513,47639379.00,1.27,-0.80,-0.17,1.80
2026-03-02,20.80,20.39,20.85,20.32,33706,69714186.00,2.52,-2.95,-0.62,2.69
2026-03-03,20.40,19.25,20.55,19.19,53059,105236020.00,6.67,-5.59,-1.14,4.24
2026-03-04,18.98,19.16,19.32,18.75,35135,67344798.00,2.96,-0.47,-0.09,2.80
2026-03-05,19.61,19.37,19.77,19.27,17651,34654104.00,2.61,1.10,0.21,1.41
2026-03-06,19.35,19.84,19.90,19.13,24161,47994132.00,3.98,2.43,0.47,1.93
2026-03-09,19.62,19.40,19.70,19.29,23530,46088945.00,2.07,-2.22,-0.44,1.88
2026-03-10,19.69,19.86,19.90,19.61,19950,39708416.00,1.49,2.37,0.46,1.59
2026-03-11,19.87,19.74,20.05,19.68,16818,33629878.00,1.86,-0.60,-0.12,1.34
2026-03-12,19.74,19.28,19.83,19.27,18196,35671682.00,2.84,-2.33,-0.46,1.45
2026-03-13,19.26,19.12,19.45,19.06,13005,25223634.00,2.02,-0.83,-0.16,1.04
2026-03-16,19.12,19.31,19.32,19.00,11173,21577348.00,1.67,0.99,0.19,0.89
2026-03-17,19.52,18.99,19.52,18.95,14812,28655451.00,2.95,-1.66,-0.32,1.18
2026-03-18,19.08,19.16,19.21,18.85,11706,22423637.00,1.90,0.90,0.17,0.93
2026-03-19,19.04,18.61,19.11,18.57,17090,32325673.00,2.82,-2.87,-0.55,1.36
2026-03-20,18.80,17.99,18.80,17.98,18815,34730671.00,4.41,-3.33,-0.62,1.50
2026-03-23,17.75,16.96,17.83,16.88,31163,54521957.00,5.28,-5.73,-1.03,2.49
2026-03-24,17.61,17.37,17.62,16.93,25838,44681578.00,4.07,2.42,0.41,2.06
2026-03-25,17.77,17.79,17.90,17.42,22748,40590572.00,2.76,2.42,0.42,1.82
2026-03-26,17.88,17.54,18.15,17.38,22526,40187853.00,4.33,-1.41,-0.25,1.80
2026-03-27,17.35,17.70,17.78,17.12,15924,28253347.00,3.76,0.91,0.16,1.27
2026-03-30,17.66,17.70,17.75,17.43,14335,25423407.00,1.81,0.00,0.00,1.14
2026-03-31,17.70,17.55,17.95,17.51,22893,40857898.00,2.49,-0.85,-0.15,1.83
2026-04-01,18.08,17.78,18.16,17.67,15395,27601125.00,2.79,1.31,0.23,1.23
2026-04-02,17.78,17.44,17.80,17.33,14640,25906060.00,2.64,-1.91,-0.34,1.17
2026-04-03,17.45,17.00,17.65,16.87,14579,25192542.00,4.47,-2.52,-0.44,1.16
2026-04-07,17.04,17.29,17.45,16.93,14577,25320848.00,3.06,1.71,0.29,1.16
2026-04-08,17.77,17.87,17.90,17.57,16710,29920434.00,1.91,3.35,0.58,1.33
2026-04-09,17.84,17.50,17.84,17.46,19986,35443529.00,2.13,-2.07,-0.37,1.60
2026-04-10,17.74,17.83,18.02,17.63,19387,34931121.00,2.23,1.89,0.33,1.55
2026-04-13,17.75,18.81,18.97,17.71,74762,140403972.00,7.07,5.50,0.98,5.97
2026-04-14,18.81,21.07,21.52,18.78,155414,318461335.00,14.57,12.01,2.26,12.41
2026-04-15,21.10,20.72,21.66,20.47,120571,256267922.00,5.65,-1.66,-0.35,9.63
2026-04-16,20.74,20.13,20.86,20.04,82626,168032035.00,3.96,-2.85,-0.59,6.60
2026-04-17,20.17,20.19,20.69,19.95,51597,104869728.00,3.68,0.30,0.06,4.12
2026-04-20,20.17,20.03,20.22,19.76,35599,71612858.00,2.28,-0.79,-0.16,2.84
2026-04-21,19.98,20.01,20.14,19.79,30691,61649642.00,1.75,-0.10,-0.02,2.45
2026-04-22,19.96,19.82,19.96,19.51,35104,69588144.00,2.25,-0.95,-0.19,2.80
2026-04-23,19.83,19.31,19.91,19.17,31690,62000217.00,3.73,-2.57,-0.51,2.53
2026-04-24,19.31,19.52,19.72,18.85,54730,106491811.00,4.51,1.09,0.21,4.37
2026-04-27,19.67,19.93,20.07,19.61,43189,86508241.00,2.36,2.10,0.41,3.45
2026-04-28,19.82,20.20,20.35,19.82,44880,91065684.00,2.66,1.35,0.27,3.58
2026-04-29,20.17,20.06,20.32,19.92,28842,58104392.00,1.98,-0.69,-0.14,2.30
2026-04-30,20.05,20.05,20.22,19.92,21296,43066052.00,1.50,-0.05,-0.01,1.70
2026-05-06,20.10,20.27,20.32,19.98,28278,57462186.00,1.70,1.10,0.22,2.26
2026-05-07,20.32,20.35,20.63,20.14,28760,59083004.00,2.42,0.39,0.08,2.30
2026-05-08,20.36,20.95,21.16,20.25,49143,103257634.00,4.47,2.95,0.60,3.92
2026-05-11,21.05,20.77,21.12,20.60,35111,73557586.00,2.48,-0.86,-0.18,2.80
2026-05-12,20.77,20.68,21.05,20.62,27021,56546042.00,2.07,-0.43,-0.09,2.16
2026-05-13,20.73,20.79,20.87,20.48,26857,56081134.00,1.89,0.53,0.11,2.14
2026-05-14,20.77,20.21,20.77,20.21,28661,58778243.00,2.69,-2.79,-0.58,2.29
2026-05-15,20.23,20.75,21.13,20.23,47967,100375469.00,4.45,2.67,0.54,3.83
2026-05-18,20.57,20.62,20.90,20.48,26880,55910523.00,2.02,-0.63,-0.13,2.15
2026-05-19,20.68,20.69,20.98,20.48,27231,56632029.00,2.42,0.34,0.07,2.17
2026-05-20,20.68,20.47,20.68,20.21,23348,47839950.00,2.27,-1.06,-0.22,1.86
2026-05-21,20.47,20.13,20.82,20.02,37137,76707837.00,3.91,-1.66,-0.34,2.96
2026-05-22,20.07,20.06,20.29,19.62,36717,74136565.00,3.33,-0.35,-0.07,2.93
2026-05-25,20.22,20.25,20.67,19.71,37513,76054889.00,4.79,0.95,0.19,2.99
2026-05-26,20.26,20.07,20.73,19.80,51514,105471055.00,4.59,-0.89,-0.18,4.11
2026-05-27,20.08,19.27,20.08,19.05,49742,97106545.00,5.13,-3.99,-0.80,3.97
2026-05-28,19.25,19.45,19.67,19.02,31772,61932396.00,3.37,0.93,0.18,2.54
2026-05-29,19.45,18.29,19.66,18.17,41598,78400324.00,7.66,-5.96,-1.16,3.32
2026-06-01,18.39,18.47,18.89,18.22,29534,55351364.00,3.66,0.98,0.18,2.36
2026-06-02,18.42,18.29,18.83,18.02,21685,39952075.00,4.39,-0.97,-0.18,1.73
2026-06-03,18.31,18.50,18.81,18.15,33476,62498760.00,3.61,1.15,0.21,2.67
2026-06-04,18.50,18.29,18.98,18.17,27848,51978605.00,4.38,-1.14,-0.21,2.22
2026-06-05,18.23,19.17,19.51,17.82,51212,96932026.00,9.24,4.81,0.88,4.09
2026-06-08,18.79,19.10,19.49,18.60,39872,76881507.00,4.64,-0.37,-0.07,3.18
2026-06-09,19.36,18.91,20.20,18.82,35308,67566350.00,7.23,-0.99,-0.19,2.82
2026-06-10,18.92,18.30,18.98,17.99,35121,64506792.00,5.24,-3.23,-0.61,2.80
2026-06-11,18.30,17.84,18.36,17.58,27300,48935679.00,4.26,-2.51,-0.46,2.18
2026-06-12,17.86,17.72,18.37,17.68,25280,45402103.00,3.87,-0.67,-0.12,2.02
2026-06-15,18.00,18.08,18.37,17.86,25629,46562346.00,2.88,2.03,0.36,2.05
2026-06-16,18.10,18.20,18.40,17.78,24165,43770294.00,3.43,0.66,0.12,1.93
2026-06-17,18.10,17.75,18.23,17.66,24283,43321635.00,3.13,-2.47,-0.45,1.94
2026-06-18,17.66,17.96,18.35,17.59,25835,46403795.00,4.28,1.18,0.21,2.06
2026-06-22,17.91,17.15,18.00,16.65,47629,81325298.00,7.52,-4.51,-0.81,3.80
2026-06-23,17.15,17.26,17.64,17.01,26385,45679488.00,3.67,0.64,0.11,2.11
2026-06-24,17.26,16.70,17.46,16.40,28729,47980013.00,6.14,-3.24,-0.56,2.29
2026-06-25,16.80,16.09,16.80,15.96,33756,54575397.00,5.03,-3.65,-0.61,2.69
2026-06-26,15.87,15.41,16.00,15.39,26919,41978638.02,3.79,-4.23,-0.68,2.15