2026-01-05,47.12,46.92,47.12,46.52,11493,54104522.00,1.28,-0.19,-0.09,3.35
2026-01-06,46.89,47.28,47.34,46.73,15888,75278933.00,1.30,0.77,0.36,4.63
2026-01-07,47.13,47.23,47.40,47.13,10953,52104217.00,0.57,-0.11,-0.05,3.19
2026-01-08,47.23,47.93,48.08,47.13,15804,75979298.00,2.01,1.48,0.70,4.61
2026-01-09,47.93,47.76,48.20,47.70,14079,67832052.00,1.04,-0.35,-0.17,4.11
2026-01-12,47.73,47.59,47.73,47.30,15440,73720628.00,0.90,-0.36,-0.17,4.50
2026-01-13,47.59,47.50,48.20,47.12,18206,87277422.00,2.27,-0.19,-0.09,5.31
2026-01-14,47.50,46.69,47.80,46.53,25596,121280943.00,2.67,-1.71,-0.81,7.47
2026-01-15,46.61,46.34,47.05,46.12,17553,82017278.00,1.99,-0.75,-0.35,5.12
2026-01-16,46.42,46.98,47.09,46.36,13630,64196970.00,1.58,1.38,0.64,3.98
2026-01-19,46.97,47.58,47.80,46.97,13349,63760133.00,1.77,1.28,0.60,3.89
2026-01-20,47.73,47.75,48.12,47.42,13291,63737971.00,1.47,0.36,0.17,3.88
2026-01-21,47.71,52.55,52.55,47.61,93907,479211708.00,10.35,10.05,4.80,27.39
2026-01-22,52.72,54.32,57.55,52.57,131739,727018218.00,9.48,3.37,1.77,38.43
2026-01-23,55.32,54.42,55.78,53.40,73270,400593241.00,4.38,0.18,0.10,21.37
2026-01-26,54.13,51.76,55.23,51.72,66801,356108965.00,6.45,-4.89,-2.66,19.49
2026-01-27,52.10,52.04,52.21,50.22,33013,170516164.00,3.84,0.54,0.28,9.63
2026-01-28,51.94,50.97,51.95,50.25,32924,168543809.00,3.27,-2.06,-1.07,9.60
2026-01-29,50.31,49.65,50.52,49.32,26526,132946156.00,2.35,-2.59,-1.32,7.74
2026-01-30,49.72,49.93,50.21,48.92,20569,102883414.00,2.60,0.56,0.28,6.00
2026-02-02,49.94,48.80,50.02,48.72,19767,97985989.00,2.60,-2.26,-1.13,5.77
2026-02-03,49.02,49.59,49.65,48.63,15749,77678501.00,2.09,1.62,0.79,4.59
2026-02-04,49.29,49.83,49.98,49.08,15516,77451773.00,1.81,0.48,0.24,4.53
2026-02-05,49.75,48.99,49.75,48.83,12249,60562712.00,1.85,-1.69,-0.84,3.57
2026-02-06,48.61,48.87,49.31,48.53,9502,46830579.00,1.59,-0.24,-0.12,2.77
2026-02-09,48.98,49.62,49.70,48.98,11198,55698471.00,1.47,1.53,0.75,3.27
2026-02-10,49.44,49.69,50.01,49.18,13004,64738814.00,1.67,0.14,0.07,3.79
2026-02-11,49.72,51.16,51.16,49.35,26023,132054829.00,3.64,2.96,1.47,7.59
2026-02-12,51.32,50.96,51.62,50.67,18704,96068549.00,1.86,-0.39,-0.20,5.46
2026-02-13,50.76,50.29,50.92,50.29,11907,60581810.00,1.24,-1.31,-0.67,3.47
2026-02-24,50.72,50.49,50.72,49.97,9576,48405073.00,1.49,0.40,0.20,2.79
2026-02-25,50.27,50.39,50.60,50.23,9202,46614477.00,0.73,-0.20,-0.10,2.68
2026-02-26,50.42,49.06,50.59,49.04,16777,83422500.00,3.08,-2.64,-1.33,4.89
2026-02-27,49.04,49.21,49.27,48.83,9887,48746314.00,0.90,0.31,0.15,2.88
2026-03-02,48.72,47.29,48.72,46.70,15161,72733373.00,4.10,-3.90,-1.92,4.42
2026-03-03,47.93,45.62,48.00,45.44,12454,58422481.00,5.41,-3.53,-1.67,3.63
2026-03-04,45.22,45.72,46.04,45.13,7457,34299670.00,1.99,0.22,0.10,2.18
2026-03-05,46.22,45.72,46.22,45.40,10385,47888823.00,1.79,0.00,0.00,2.97
2026-03-06,45.49,45.94,46.02,45.49,7547,34799436.00,1.16,0.48,0.22,2.16
2026-03-09,45.48,45.10,45.48,44.17,11709,52663142.00,2.85,-1.83,-0.84,3.35
2026-03-10,45.33,46.49,46.52,45.32,10852,50435399.00,2.66,3.08,1.39,3.10
2026-03-11,46.51,46.27,46.81,46.20,6910,32227121.00,1.31,-0.47,-0.22,1.97
2026-03-12,46.20,46.91,46.95,45.92,9180,43022023.00,2.23,1.38,0.64,2.62
2026-03-13,46.87,46.86,46.94,46.28,6823,32052992.00,1.41,-0.11,-0.05,1.95
2026-03-16,46.94,46.86,46.94,46.46,5842,27442719.00,1.02,0.00,0.00,1.67
2026-03-17,46.86,47.14,48.11,46.78,13457,64190260.00,2.84,0.60,0.28,3.85
2026-03-18,46.99,47.59,47.67,46.30,11419,53795106.00,2.91,0.95,0.45,3.26
2026-03-19,47.13,46.38,47.29,46.23,7994,37579138.00,2.23,-2.54,-1.21,2.28
2026-03-20,46.39,44.86,46.53,44.84,8640,39560709.00,3.64,-3.28,-1.52,2.47
2026-03-23,43.78,42.16,44.16,42.03,12848,55846509.00,4.75,-6.02,-2.70,3.67
2026-03-24,42.70,42.65,43.09,41.92,5829,24876637.00,2.78,1.16,0.49,1.67
2026-03-25,42.87,43.42,43.50,42.44,5911,25722065.00,2.49,1.81,0.77,1.69
2026-03-26,43.42,43.24,43.69,42.97,5736,25034779.00,1.66,-0.41,-0.18,1.64
2026-03-27,42.37,43.40,43.52,42.37,4432,19245435.00,2.66,0.37,0.16,1.27
2026-03-30,42.80,43.01,43.40,42.80,3700,16036394.00,1.38,-0.90,-0.39,1.06
2026-03-31,42.88,42.90,43.52,42.72,4628,20072698.00,1.86,-0.26,-0.11,1.32
2026-04-01,43.17,43.44,43.63,43.17,6855,29929200.00,1.07,1.26,0.54,1.96
2026-04-02,43.31,42.67,43.55,42.22,7468,32117884.00,3.06,-1.77,-0.77,2.13
2026-04-03,42.71,41.52,43.01,41.44,6605,27886712.00,3.68,-2.70,-1.15,1.89
2026-04-07,41.67,41.63,42.20,41.32,2980,12512983.00,2.12,0.26,0.11,0.85
2026-04-08,42.22,43.27,43.27,42.18,9131,39433145.00,2.62,3.94,1.64,2.61
2026-04-09,43.09,42.72,43.09,42.52,5791,24942006.00,1.32,-1.27,-0.55,1.65
2026-04-10,42.82,43.56,44.22,42.82,10487,45973788.00,3.28,1.97,0.84,3.00
2026-04-13,43.32,43.77,43.89,43.02,6996,30694436.00,2.00,0.48,0.21,2.00
2026-04-14,43.90,44.12,44.12,43.60,7130,31446374.00,1.19,0.80,0.35,2.04
2026-04-15,44.21,43.98,44.38,43.88,7201,31989201.00,1.13,-0.32,-0.14,2.06
2026-04-16,43.82,43.82,44.11,43.60,6190,27287775.00,1.16,-0.36,-0.16,1.77
2026-04-17,43.85,44.01,44.50,43.62,5447,24170057.00,2.01,0.43,0.19,1.56
2026-04-20,44.14,44.57,45.12,43.92,7538,33909940.00,2.73,1.27,0.56,2.15
2026-04-21,44.32,44.46,44.59,43.98,6438,28678830.00,1.37,-0.25,-0.11,1.84
2026-04-22,44.32,44.39,44.48,44.00,4636,20639032.00,1.08,-0.16,-0.07,1.33
2026-04-23,44.32,43.63,44.71,43.63,7125,31558116.00,2.43,-1.71,-0.76,2.04
2026-04-24,43.35,42.97,43.64,42.67,9303,40246969.00,2.22,-1.51,-0.66,2.66
2026-04-27,42.73,43.69,43.72,42.57,5450,23701553.00,2.68,1.68,0.72,1.56
2026-04-28,42.59,40.88,42.83,40.88,15410,64627236.00,4.46,-6.43,-2.81,4.40
2026-04-29,40.88,41.12,41.24,40.73,6725,27771741.00,1.25,0.59,0.24,1.92
2026-04-30,40.92,41.50,41.67,40.82,6961,28960087.00,2.07,0.92,0.38,1.99
2026-05-06,41.50,42.13,42.30,41.41,6486,27453618.00,2.14,1.52,0.63,1.85
2026-05-07,42.29,42.70,42.80,42.04,6431,27518284.00,1.80,1.35,0.57,1.84
2026-05-08,42.70,43.84,43.90,42.40,9579,41934468.00,3.51,2.67,1.14,2.74
2026-05-11,43.84,43.68,44.24,43.44,6854,30204506.00,1.82,-0.36,-0.16,1.96
2026-05-12,43.92,43.66,44.06,43.30,7103,31213297.00,1.74,-0.05,-0.02,2.03
2026-05-13,43.62,43.94,44.60,43.32,8570,37998330.00,2.93,0.64,0.28,2.45
2026-05-14,44.42,42.69,44.42,42.63,8176,35594764.00,4.07,-2.84,-1.25,2.34
2026-05-15,42.70,46.99,46.99,42.42,25105,115908940.00,10.71,10.07,4.30,7.17
2026-05-18,47.99,47.14,48.22,46.30,43774,208110459.00,4.09,0.32,0.15,12.51
2026-05-19,46.88,47.57,48.12,46.50,28526,135746989.00,3.44,0.91,0.43,8.15
2026-05-20,47.13,45.90,47.13,45.74,21179,98274716.00,2.92,-3.51,-1.67,6.05
2026-05-21,46.39,46.10,47.22,45.90,21436,100442014.00,2.88,0.44,0.20,6.13
2026-05-22,46.10,46.55,46.57,44.85,16569,76656430.00,3.73,0.98,0.45,4.74
2026-05-25,46.24,47.14,47.23,45.72,21562,101291029.00,3.24,1.27,0.59,6.16
2026-05-26,47.14,46.24,47.53,45.98,18671,87637091.00,3.29,-1.91,-0.90,5.34
2026-05-27,45.72,43.47,46.01,43.43,16451,73884613.00,5.58,-5.99,-2.77,4.70
2026-05-28,43.20,41.92,43.63,41.52,15556,66201039.00,4.85,-3.57,-1.55,4.45
2026-05-29,42.00,42.21,42.60,41.44,9782,41302827.00,2.77,0.69,0.29,2.80
2026-06-01,41.56,42.14,42.18,41.55,5220,22049093.00,1.49,-0.17,-0.07,1.49
2026-06-02,42.15,41.67,42.28,41.28,5531,23164893.00,2.37,-1.12,-0.47,1.58
2026-06-03,41.66,41.09,41.89,40.88,7488,30907691.00,2.42,-1.39,-0.58,2.14
2026-06-04,40.88,43.65,44.27,40.86,16927,72700016.00,8.30,6.23,2.56,4.84
2026-06-05,43.64,42.60,43.65,42.58,11559,49603981.00,2.45,-2.41,-1.05,3.30
2026-06-08,41.61,41.40,42.40,41.04,7884,32818045.00,3.19,-2.82,-1.20,2.25
2026-06-09,41.44,41.46,42.13,41.01,5648,23298787.00,2.71,0.14,0.06,1.61
2026-06-10,41.49,43.18,44.49,40.90,14717,63327330.00,8.66,4.15,1.72,4.21
2026-06-11,42.90,42.27,43.17,42.00,6997,29800414.00,2.71,-2.11,-0.91,2.00
2026-06-12,42.10,43.35,43.45,42.10,8243,35407350.00,3.19,2.56,1.08,2.36
2026-06-15,43.35,43.31,43.58,43.10,7217,31248386.00,1.11,-0.09,-0.04,2.06
2026-06-16,43.11,43.30,44.20,43.00,9261,40413773.00,2.77,-0.02,-0.01,2.65
2026-06-17,43.30,41.68,43.33,41.61,12302,51947992.00,3.97,-3.74,-1.62,3.52
2026-06-18,41.55,41.84,42.10,41.14,6855,28618997.00,2.30,0.38,0.16,1.96
2026-06-22,41.88,41.50,42.10,40.85,7551,31162886.00,2.99,-0.81,-0.34,2.16
2026-06-23,41.48,41.33,42.30,41.00,7359,30612291.00,3.13,-0.41,-0.17,2.10
2026-06-24,41.11,39.22,41.70,39.00,15279,61171740.00,6.53,-5.11,-2.11,4.37
2026-06-25,40.00,36.72,40.00,36.65,13948,52271576.00,8.54,-6.37,-2.50,3.99
2026-06-26,36.25,35.67,37.08,35.39,7606,27398427.00,4.60,-2.86,-1.05,2.17
2026-06-29,34.67,35.46,35.83,34.67,6780,24007267.00,3.25,-0.59,-0.21,1.94