2026-01-05,18.66,19.28,19.47,18.56,389229,745952388.00,4.93,4.44,0.82,26.09
2026-01-06,19.22,19.03,19.64,18.80,332315,641122844.00,4.36,-1.30,-0.25,22.28
2026-01-07,18.91,19.40,19.87,18.72,374844,732111307.00,6.04,1.94,0.37,25.13
2026-01-08,19.65,20.06,20.67,19.42,503417,1015712430.00,6.44,3.40,0.66,33.75
2026-01-09,20.80,22.07,22.86,20.80,627751,1365460814.00,10.27,10.02,2.01,42.08
2026-01-12,22.90,22.90,23.51,21.50,623164,1408544104.00,9.11,3.76,0.83,41.78
2026-01-13,23.92,24.70,27.50,22.90,605782,1515963595.00,20.09,7.86,1.80,40.61
2026-01-14,25.06,29.66,29.66,24.80,811415,2206567637.00,19.68,20.08,4.96,54.39
2026-01-15,26.56,23.71,26.81,23.71,491090,1215655628.00,10.45,-20.06,-5.95,32.92
2026-01-16,23.52,21.43,23.69,21.29,466761,1028133345.00,10.12,-9.62,-2.28,31.29
2026-01-19,21.70,21.68,22.27,21.25,306961,672140487.00,4.76,1.17,0.25,20.58
2026-01-20,21.84,21.98,22.52,21.44,317554,699605762.00,4.98,1.38,0.30,21.29
2026-01-21,21.43,21.71,22.55,21.30,263496,579721256.00,5.69,-1.23,-0.27,17.66
2026-01-22,21.65,23.07,23.08,21.50,347121,781046321.00,7.28,6.26,1.36,23.27
2026-01-23,23.25,23.88,24.68,23.10,414023,991250162.00,6.85,3.51,0.81,27.75
2026-01-26,23.13,24.98,25.68,22.50,470951,1131972129.00,13.32,4.61,1.10,31.57
2026-01-27,24.42,22.91,24.42,22.10,315273,732016168.00,9.29,-8.29,-2.07,21.13
2026-01-28,22.70,22.07,23.00,21.91,221659,497250418.00,4.76,-3.67,-0.84,14.86
2026-01-29,21.62,22.25,23.13,21.00,267497,601621040.00,9.65,0.82,0.18,17.93
2026-01-30,21.90,20.93,21.91,20.79,224314,476587707.00,5.03,-5.93,-1.32,15.04
2026-02-02,20.67,21.02,22.00,20.52,177166,378715426.00,7.07,0.43,0.09,11.88
2026-02-03,21.02,21.60,21.70,20.68,186196,396394143.00,4.85,2.76,0.58,12.48
2026-02-04,21.53,21.61,22.29,21.35,174453,381504167.00,4.35,0.05,0.01,11.69
2026-02-05,21.21,20.73,21.50,20.67,152478,321117735.00,3.84,-4.07,-0.88,10.22
2026-02-06,20.81,20.10,21.41,20.06,167221,344450484.00,6.51,-3.04,-0.63,11.21
2026-02-09,20.33,20.62,20.69,20.13,156644,321429894.00,2.79,2.59,0.52,10.50
2026-02-10,20.43,20.46,20.70,20.05,96688,197813854.00,3.15,-0.78,-0.16,6.48
2026-02-11,20.32,20.26,20.74,20.17,97924,200491155.00,2.79,-0.98,-0.20,6.56
2026-02-12,20.26,20.27,20.56,19.98,115557,235481846.00,2.86,0.05,0.01,7.75
2026-02-13,20.12,19.70,20.40,19.70,108641,218096720.00,3.45,-2.81,-0.57,7.28
2026-02-24,20.10,19.95,20.19,19.85,88855,178646989.00,1.73,1.27,0.25,5.96
2026-02-25,19.90,19.46,20.15,19.32,128176,253238739.00,4.16,-2.46,-0.49,8.59
2026-02-26,19.56,19.13,19.56,19.02,124986,240938784.00,2.77,-1.70,-0.33,8.38
2026-02-27,19.00,19.28,19.29,18.99,72494,139889408.00,1.57,0.78,0.15,4.86
2026-03-02,18.95,18.64,19.12,18.48,90938,171167783.00,3.32,-3.32,-0.64,3.97
2026-03-03,18.67,18.08,19.03,18.06,91684,170428521.00,5.20,-3.00,-0.56,4.00
2026-03-04,17.90,17.96,18.18,17.78,67993,122935472.00,2.21,-0.66,-0.12,2.97
2026-03-05,18.27,18.97,19.16,18.10,156634,294750774.00,5.90,5.62,1.01,6.84
2026-03-06,18.65,19.14,19.37,18.65,142358,272848345.00,3.80,0.90,0.17,6.22
2026-03-09,18.61,18.83,19.10,18.50,85240,160813685.00,3.13,-1.62,-0.31,3.72
2026-03-10,18.98,18.90,19.23,18.77,87923,167732639.00,2.44,0.37,0.07,3.84
2026-03-11,18.88,18.78,19.04,18.65,82464,156169372.00,2.06,-0.63,-0.12,3.60
2026-03-12,18.67,18.43,18.95,18.40,73681,137757973.00,2.93,-1.86,-0.35,3.22
2026-03-13,18.50,18.35,18.67,18.27,58135,107980152.00,2.17,-0.43,-0.08,2.54
2026-03-16,18.35,18.10,18.46,17.96,64176,117102067.00,2.72,-1.36,-0.25,2.80
2026-03-17,18.25,17.86,18.50,17.82,70480,128737024.00,3.76,-1.33,-0.24,3.08
2026-03-18,17.82,17.98,18.05,17.70,59798,107547504.00,1.96,0.67,0.12,2.61
2026-03-19,17.72,17.40,17.87,17.36,55785,98408798.00,2.84,-3.23,-0.58,2.44
2026-03-20,17.48,17.05,17.67,17.00,49169,85522127.00,3.85,-2.01,-0.35,2.15
2026-03-23,16.72,16.06,16.88,15.92,84777,139632599.00,5.63,-5.81,-0.99,3.70
2026-03-24,16.31,16.67,16.70,16.20,75003,124053762.00,3.11,3.80,0.61,3.28
2026-03-25,16.89,16.94,17.20,16.75,85986,146418231.00,2.70,1.62,0.27,3.76
2026-03-26,16.93,16.51,17.14,16.43,65059,109625852.00,4.19,-2.54,-0.43,2.84
2026-03-27,16.32,16.82,16.86,16.32,54211,91186395.00,3.27,1.88,0.31,2.37
2026-03-30,16.60,17.20,17.34,16.56,107169,184433338.00,4.64,2.26,0.38,4.68
2026-03-31,17.08,16.90,17.54,16.84,92885,160824703.00,4.07,-1.74,-0.30,4.06
2026-04-01,17.08,17.31,17.44,16.79,126372,218769535.00,3.85,2.43,0.41,5.52
2026-04-02,17.34,18.71,19.14,17.21,471911,868635215.00,11.15,8.09,1.40,20.61
2026-04-03,17.92,19.30,19.76,17.91,544636,1035782166.00,9.89,3.15,0.59,23.79
2026-04-07,18.80,20.33,20.39,18.10,532947,1039556462.00,11.87,5.34,1.03,23.28
2026-04-08,19.81,20.03,20.15,19.20,469019,929138235.00,4.67,-1.48,-0.30,20.48
2026-04-09,19.50,18.88,21.31,18.88,461449,930996524.00,12.13,-5.74,-1.15,20.15
2026-04-10,18.88,18.01,19.19,17.90,351553,647167274.00,6.83,-4.61,-0.87,15.35
2026-04-13,17.65,17.32,17.65,17.04,251572,436815090.00,3.39,-3.83,-0.69,10.99
2026-04-14,17.39,17.22,17.48,16.94,191152,330044618.00,3.12,-0.58,-0.10,8.35
2026-04-15,17.53,20.68,20.68,17.53,650998,1272624495.00,18.29,20.09,3.46,28.43
2026-04-16,21.13,20.49,21.48,19.95,548516,1125915853.00,7.40,-0.92,-0.19,23.96
2026-04-17,20.39,20.11,20.49,19.98,299953,607262163.00,2.49,-1.85,-0.38,13.10
2026-04-20,19.90,20.63,21.10,19.78,501910,1038252714.00,6.56,2.59,0.52,21.92
2026-04-21,20.77,20.12,21.52,19.74,377707,775871907.00,8.63,-2.47,-0.51,16.50
2026-04-22,20.22,20.00,20.31,19.46,271526,539839261.00,4.22,-0.60,-0.12,11.86
2026-04-23,19.82,20.84,21.39,19.61,492091,1026620206.00,8.90,4.20,0.84,21.49
2026-04-24,20.25,19.70,20.29,19.43,305673,608841175.00,4.13,-5.47,-1.14,13.35
2026-04-27,19.68,19.87,20.63,19.50,236546,475447196.00,5.74,0.86,0.17,10.33
2026-04-28,19.74,20.38,21.00,19.71,353295,728555983.00,6.49,2.57,0.51,15.43
2026-04-29,20.00,20.89,21.04,19.40,361404,746149833.00,8.05,2.50,0.51,15.78
2026-04-30,20.61,21.27,21.49,20.36,383007,810096582.00,5.41,1.82,0.38,16.73
2026-05-06,21.15,22.47,22.95,20.87,429746,946667351.00,9.78,5.64,1.20,18.77
2026-05-07,22.17,21.71,22.17,21.55,365114,798351435.00,2.76,-3.38,-0.76,15.95
2026-05-08,21.72,20.42,22.28,20.41,355192,751578275.00,8.61,-5.94,-1.29,15.51
2026-05-11,20.34,21.22,21.24,20.10,304601,635158102.00,5.58,3.92,0.80,13.30
2026-05-12,20.78,19.85,20.93,19.68,256066,522337820.00,5.89,-6.46,-1.37,11.18
2026-05-13,19.92,20.17,20.21,19.61,166393,334963747.00,3.02,1.61,0.32,7.27
2026-05-14,20.05,19.55,20.82,19.50,229115,468626323.00,6.54,-3.07,-0.62,10.01
2026-05-15,19.42,18.39,19.55,18.17,249988,467864062.00,7.06,-5.93,-1.16,10.92
2026-05-18,18.23,18.64,18.65,18.10,132740,246699713.00,2.99,1.36,0.25,5.80
2026-05-19,18.51,18.41,18.98,18.04,157854,292818258.00,5.04,-1.23,-0.23,6.89
2026-05-20,18.19,18.44,18.45,17.81,144446,262598891.00,3.48,0.16,0.03,6.31
2026-05-21,18.42,17.72,18.69,17.63,155372,283542303.00,5.75,-3.90,-0.72,6.79
2026-05-22,17.77,17.77,18.13,17.54,108731,193702033.00,3.33,0.28,0.05,4.75
2026-05-25,17.83,17.10,17.85,16.81,148578,256408018.00,5.85,-3.77,-0.67,6.49
2026-05-26,16.95,16.68,17.03,16.40,108723,181485541.00,3.68,-2.46,-0.42,4.75
2026-05-27,16.60,16.78,16.88,16.37,132373,220479717.00,3.06,0.60,0.10,5.78
2026-05-28,16.89,16.82,17.50,16.40,186395,315446954.00,6.56,0.24,0.04,8.14
2026-05-29,16.68,17.72,18.18,16.66,255088,445007115.00,9.04,5.35,0.90,11.14
2026-06-01,17.58,18.30,18.50,17.18,210263,378014295.00,7.45,3.27,0.58,9.18
2026-06-02,18.00,17.33,18.20,17.31,166625,292811153.00,4.86,-5.30,-0.97,7.28
2026-06-03,17.28,17.08,17.38,16.68,137233,232765347.00,4.04,-1.44,-0.25,5.99
2026-06-04,16.97,16.42,17.07,16.25,141594,233939684.00,4.80,-3.86,-0.66,6.18
2026-06-05,16.98,16.27,17.08,16.12,131369,216175487.00,5.85,-0.91,-0.15,5.74
2026-06-08,15.50,15.63,16.18,15.41,119375,188551260.00,4.73,-3.93,-0.64,5.21
2026-06-09,15.62,15.74,15.82,15.28,102012,159260817.00,3.45,0.70,0.11,4.46
2026-06-10,15.52,15.61,15.72,15.28,88582,137138567.00,2.80,-0.83,-0.13,3.87
2026-06-11,15.50,15.34,15.64,15.07,85362,130389352.00,3.65,-1.73,-0.27,3.73
2026-06-12,15.39,15.75,15.85,15.27,105061,164454007.00,3.78,2.67,0.41,4.59
2026-06-15,15.65,15.75,15.97,15.54,93947,147760576.00,2.73,0.00,0.00,4.10
2026-06-16,15.71,15.63,15.71,15.15,118625,182540748.00,3.56,-0.76,-0.12,5.18
2026-06-17,15.55,15.32,15.60,15.24,90506,139199075.00,2.30,-1.98,-0.31,3.95
2026-06-18,15.19,15.39,15.62,15.06,95591,146911885.00,3.66,0.46,0.07,4.18
2026-06-22,15.14,15.33,15.35,14.44,142626,211076985.00,5.91,-0.39,-0.06,6.23
2026-06-23,15.31,15.89,16.45,15.14,230163,368271044.00,8.55,3.65,0.56,10.05
2026-06-24,15.77,15.52,16.29,15.37,204175,320972437.00,5.79,-2.33,-0.37,8.92
2026-06-25,15.65,14.99,15.65,14.64,162779,243121525.00,6.51,-3.41,-0.53,7.11
2026-06-26,14.81,14.17,15.04,14.14,126281,182686056.00,6.00,-5.47,-0.82,5.52
2026-06-29,13.97,14.84,15.13,13.76,173727,252792683.00,9.67,4.73,0.67,7.59
2026-06-30,14.80,14.38,14.80,14.17,126725,182131098.00,4.25,-3.10,-0.46,5.53
2026-07-01,14.38,15.16,15.19,14.21,166587,247330746.00,6.82,5.42,0.78,7.28
2026-07-02,15.03,15.15,15.88,15.02,150452,231752725.00,5.67,-0.07,-0.01,6.57
2026-07-03,15.40,15.22,15.51,14.81,115192,174638868.00,4.62,0.46,0.07,5.03
2026-07-06,15.16,15.25,15.67,15.04,133865,206275386.00,4.14,0.20,0.03,5.85
2026-07-07,15.09,14.40,15.24,14.40,117347,171901998.00,5.51,-5.57,-0.85,5.13
2026-07-08,14.45,14.22,14.78,14.15,102776,148301921.00,4.38,-1.25,-0.18,4.49
2026-07-09,14.04,14.15,14.51,13.69,102563,144255739.00,5.77,-0.49,-0.07,4.48
2026-07-10,14.00,14.58,14.96,13.77,134162,195608530.00,8.41,3.04,0.43,5.86
2026-07-13,14.60,14.15,14.78,14.11,108478,154991666.00,4.60,-2.95,-0.43,4.74
2026-07-14,14.15,15.59,16.02,13.85,339391,514100342.00,15.34,10.18,1.44,14.82
2026-07-15,15.40,16.17,16.48,15.19,416315,670605159.00,8.27,3.72,0.58,18.18
2026-07-16,15.81,16.28,16.77,15.51,366871,590909984.00,7.79,0.68,0.11,16.02
2026-07-17,16.12,14.55,16.18,14.43,293705,446319251.00,10.75,-10.63,-1.73,12.83
2026-07-20,14.53,14.88,15.53,14.25,226339,334883106.00,8.80,2.27,0.33,9.89
2026-07-21,14.64,14.13,14.65,13.20,242165,336819658.00,9.74,-5.04,-0.75,10.58
2026-07-22,13.88,13.96,14.56,13.76,178985,252434640.00,5.66,-1.20,-0.17,7.82
2026-07-23,13.76,13.85,14.07,13.56,151014,208060905.00,3.65,-0.79,-0.11,6.60
2026-07-24,13.61,13.08,13.84,13.08,148433,198718819.00,5.49,-5.56,-0.77,6.48
2026-07-27,13.03,13.84,13.89,12.94,185189,252737150.00,7.26,5.81,0.76,8.09
2026-07-28,13.77,13.67,14.14,13.62,115399,159884066.00,3.76,-1.23,-0.17,5.04
2026-07-29,13.71,13.65,13.90,13.47,119100,162085667.03,3.15,-0.15,-0.02,5.20