2026-01-05,7.40,7.56,7.62,7.35,227490,170349833.00,3.66,2.44,0.18,2.01
2026-01-06,7.56,7.62,7.64,7.52,251489,191185991.00,1.59,0.79,0.06,2.22
2026-01-07,7.68,7.76,7.86,7.62,360803,279736368.00,3.15,1.84,0.14,3.18
2026-01-08,7.71,7.73,7.91,7.68,262873,204663323.00,2.96,-0.39,-0.03,2.32
2026-01-09,7.69,7.71,7.77,7.64,235307,181407274.00,1.68,-0.26,-0.02,2.07
2026-01-12,7.71,7.77,7.79,7.65,267291,206778187.00,1.82,0.78,0.06,2.36
2026-01-13,7.74,7.56,7.82,7.51,284104,218118058.00,3.99,-2.70,-0.21,2.51
2026-01-14,7.55,7.57,7.70,7.44,252703,191703047.00,3.44,0.13,0.01,2.23
2026-01-15,7.53,8.18,8.33,7.49,1169075,941760789.00,11.10,8.06,0.61,10.31
2026-01-16,8.19,8.07,8.19,7.97,857576,693119942.00,2.69,-1.34,-0.11,7.56
2026-01-19,7.99,8.06,8.11,7.93,410200,330204855.00,2.23,-0.12,-0.01,3.62
2026-01-20,8.06,8.15,8.31,8.04,451698,369238405.00,3.35,1.12,0.09,3.98
2026-01-21,8.05,8.53,8.91,8.05,970577,832559476.00,10.55,4.66,0.38,8.56
2026-01-22,8.68,8.74,8.94,8.51,881593,773984558.00,5.04,2.46,0.21,7.77
2026-01-23,8.84,8.84,9.12,8.80,791027,708065346.00,3.66,1.14,0.10,6.98
2026-01-26,8.81,8.86,9.03,8.78,537726,478718681.00,2.83,0.23,0.02,4.74
2026-01-27,8.82,8.89,8.95,8.57,407003,357778099.00,4.29,0.34,0.03,3.59
2026-01-28,8.87,8.84,9.01,8.70,357429,315045621.00,3.49,-0.56,-0.05,3.15
2026-01-29,8.84,8.89,9.15,8.78,520666,467395831.00,4.19,0.57,0.05,4.59
2026-01-30,8.77,9.26,9.35,8.68,801633,729426910.00,7.54,4.16,0.37,7.07
2026-02-02,9.20,9.10,9.65,9.08,660705,614915475.00,6.16,-1.73,-0.16,5.83
2026-02-03,9.28,9.30,9.37,9.08,448540,413858565.00,3.19,2.20,0.20,3.96
2026-02-04,9.38,9.67,9.73,9.32,703936,673887655.00,4.41,3.98,0.37,6.21
2026-02-05,9.57,9.24,9.82,9.17,604241,567610830.00,6.72,-4.45,-0.43,5.33
2026-02-06,9.14,8.98,9.31,8.93,504165,459002279.00,4.11,-2.81,-0.26,4.45
2026-02-09,9.14,9.32,9.34,9.08,384851,356504222.00,2.90,3.79,0.34,3.39
2026-02-10,9.37,9.45,9.61,9.22,386342,365343390.00,4.18,1.39,0.13,3.41
2026-02-11,9.40,9.56,9.91,9.35,423116,409388960.00,5.93,1.16,0.11,3.73
2026-02-12,9.64,9.61,9.72,9.44,323462,309369562.00,2.93,0.52,0.05,2.85
2026-02-13,9.57,9.68,9.91,9.44,403138,392529214.00,4.89,0.73,0.07,3.55
2026-02-24,9.85,10.58,10.65,9.79,1176062,1235812314.00,8.88,9.30,0.90,10.37
2026-02-25,10.67,11.53,11.62,10.60,1147047,1269655140.00,9.64,8.98,0.95,10.11
2026-02-26,11.26,12.18,12.33,11.20,1105429,1310507139.00,9.80,5.64,0.65,9.75
2026-02-27,11.80,11.53,11.92,11.35,914522,1056070877.00,4.68,-5.34,-0.65,8.06
2026-03-02,11.30,11.11,11.48,11.05,681124,763954017.00,3.73,-3.64,-0.42,6.01
2026-03-03,11.34,10.80,11.51,10.77,663748,736188604.00,6.66,-2.79,-0.31,5.85
2026-03-04,10.61,10.68,11.04,10.57,489216,526892121.00,4.35,-1.11,-0.12,4.31
2026-03-05,10.97,10.63,11.09,10.51,481227,518628023.00,5.43,-0.47,-0.05,4.24
2026-03-06,10.56,10.50,10.68,10.35,316553,333126130.00,3.10,-1.22,-0.13,2.79
2026-03-09,10.29,10.24,10.29,9.79,421121,422850260.00,4.76,-2.48,-0.26,3.71
2026-03-10,10.39,10.77,10.96,10.35,479041,513709694.00,5.96,5.18,0.53,4.22
2026-03-11,10.87,10.75,11.12,10.72,473521,516276266.00,3.71,-0.19,-0.02,4.18
2026-03-12,10.66,10.57,10.93,10.44,353541,376512502.00,4.56,-1.67,-0.18,3.12
2026-03-13,10.40,10.68,10.93,10.39,432774,464461509.00,5.11,1.04,0.11,3.82
2026-03-16,10.68,11.03,11.07,10.54,579474,631094054.00,4.96,3.28,0.35,5.11
2026-03-17,10.99,10.37,10.99,10.35,575452,608138097.00,5.80,-5.98,-0.66,5.07
2026-03-18,10.39,10.73,10.82,10.37,432543,459653119.00,4.34,3.47,0.36,3.81
2026-03-19,10.39,10.52,10.79,10.38,318544,336965126.00,3.82,-1.96,-0.21,2.81
2026-03-20,10.73,9.90,10.79,9.90,424074,435806474.00,8.46,-5.89,-0.62,3.74
2026-03-23,9.68,9.13,9.77,9.06,481049,455262155.00,7.17,-7.78,-0.77,4.24
2026-03-24,9.34,9.49,9.54,9.08,371282,345294915.00,5.04,3.94,0.36,3.27
2026-03-25,9.50,9.68,9.84,9.50,276330,268895456.00,3.58,2.00,0.19,2.44
2026-03-26,9.60,9.39,9.71,9.33,207967,198072759.00,3.93,-3.00,-0.29,1.83
2026-03-27,9.17,10.33,10.33,9.11,411229,404142411.00,12.99,10.01,0.94,3.63
2026-03-30,10.14,10.19,10.46,10.02,434995,444260681.00,4.26,-1.36,-0.14,3.84
2026-03-31,10.27,9.83,10.27,9.78,330333,328341728.00,4.81,-3.53,-0.36,2.91
2026-04-01,10.08,10.13,10.39,10.06,348753,356516858.00,3.36,3.05,0.30,3.08
2026-04-02,10.19,9.70,10.19,9.58,296897,292138518.00,6.02,-4.24,-0.43,2.62
2026-04-03,9.82,9.69,9.97,9.66,253176,247942931.00,3.20,-0.10,-0.01,2.23
2026-04-07,9.94,10.66,10.66,9.89,338480,355188575.00,7.95,10.01,0.97,2.98
2026-04-08,10.73,11.00,11.07,10.70,1020913,1113555403.00,3.47,3.19,0.34,9.00
2026-04-09,10.80,11.09,11.20,10.74,764651,841746226.00,4.18,0.82,0.09,6.74
2026-04-10,11.11,10.93,11.19,10.89,556707,612303581.00,2.71,-1.44,-0.16,4.91
2026-04-13,10.81,11.68,11.96,10.79,959727,1093812252.00,10.70,6.86,0.75,8.46
2026-04-14,11.81,12.85,12.85,11.64,614684,777560978.00,10.36,10.02,1.17,5.42
2026-04-15,12.99,12.87,14.13,12.65,1586654,2096233123.00,11.52,0.16,0.02,13.99
2026-04-16,12.79,12.88,13.21,12.50,982647,1268443439.00,5.52,0.08,0.01,8.66
2026-04-17,12.93,12.93,13.27,12.85,862370,1121977908.00,3.26,0.39,0.05,7.60
2026-04-20,13.03,13.27,13.47,12.87,1000729,1315639990.00,4.64,2.63,0.34,8.82
2026-04-21,13.09,13.85,14.59,13.00,1200628,1658390105.00,11.98,4.37,0.58,10.59
2026-04-22,13.61,13.87,14.20,13.18,994649,1350451105.00,7.36,0.14,0.02,8.77
2026-04-23,13.59,13.86,14.19,13.57,781567,1084570371.00,4.47,-0.07,-0.01,6.89
2026-04-24,13.69,14.38,14.75,13.64,979115,1406011534.00,8.01,3.75,0.52,8.63
2026-04-27,14.41,15.14,15.31,14.14,979893,1444466470.00,8.14,5.29,0.76,8.64
2026-04-28,14.90,14.74,15.59,14.36,978894,1460885202.00,8.12,-2.64,-0.40,8.63
2026-04-29,13.97,14.33,14.95,13.95,1070104,1547234082.00,6.78,-2.78,-0.41,9.44
2026-04-30,14.52,13.81,14.65,13.79,852139,1192968382.00,6.00,-3.63,-0.52,7.51
2026-05-06,13.99,13.92,14.43,13.82,758489,1068429606.00,4.42,0.80,0.11,6.69
2026-05-07,13.93,15.31,15.31,13.67,698409,1021520372.00,11.78,9.99,1.39,6.16
2026-05-08,15.49,15.31,15.73,14.83,782087,1199224897.00,5.88,0.00,0.00,6.90
2026-05-11,15.59,15.30,15.67,15.07,645160,990027257.00,3.92,-0.07,-0.01,5.69
2026-05-12,15.20,15.09,15.37,14.71,562763,842288863.00,4.31,-1.37,-0.21,4.96
2026-05-13,14.79,16.18,16.60,14.60,1062572,1694558076.00,13.25,7.22,1.09,9.37
2026-05-14,16.32,16.34,17.01,15.43,977812,1575842451.00,9.77,0.99,0.16,8.62
2026-05-15,17.49,15.13,17.52,14.87,1149246,1800187965.00,16.22,-7.41,-1.21,10.13
2026-05-18,14.84,14.97,15.64,14.72,716488,1090568717.00,6.08,-1.06,-0.16,6.32
2026-05-19,14.72,15.82,15.99,14.46,792054,1218680943.00,10.22,5.68,0.85,6.98
2026-05-20,15.82,15.65,16.09,15.46,495712,777155792.00,3.98,-1.07,-0.17,4.37
2026-05-21,15.79,15.11,16.85,15.01,833810,1335263593.00,11.76,-3.45,-0.54,7.35
2026-05-22,15.12,16.28,16.41,15.12,838969,1334712184.00,8.54,7.74,1.17,7.40
2026-05-25,16.47,16.51,17.02,16.20,694357,1148944183.00,5.04,1.41,0.23,6.12
2026-05-26,16.52,16.97,17.37,16.02,958790,1601901182.00,8.18,2.79,0.46,8.45
2026-05-27,16.99,16.55,17.46,15.93,864393,1438658936.00,9.02,-2.47,-0.42,7.62
2026-05-28,16.15,17.41,17.41,16.15,942777,1603700937.00,7.61,5.20,0.86,8.31
2026-05-29,17.29,16.57,18.55,16.19,1161609,2011749714.00,13.56,-4.82,-0.84,10.24
2026-06-01,16.28,17.03,17.73,16.19,982149,1666097911.00,9.29,2.78,0.46,8.66
2026-06-02,16.69,18.37,18.73,16.66,1230454,2195876868.00,12.16,7.87,1.34,10.85
2026-06-03,18.28,17.30,18.55,17.03,1223805,2162782771.00,8.27,-5.82,-1.07,10.79
2026-06-04,16.84,17.56,17.67,16.11,928864,1549396404.00,9.02,1.50,0.26,8.19
2026-06-05,17.24,16.74,17.59,16.67,601084,1029899151.00,5.24,-4.67,-0.82,5.30
2026-06-08,15.15,15.07,15.83,15.07,475272,728833795.00,4.54,-9.98,-1.67,4.19
2026-06-09,15.64,16.58,16.58,15.63,757124,1230934792.00,6.30,10.02,1.51,6.68
2026-06-10,16.99,18.24,18.24,16.99,1995909,3612235618.00,7.54,10.01,1.66,17.60
2026-06-11,18.34,17.89,18.48,17.21,1343148,2393004042.00,6.96,-1.92,-0.35,11.84
2026-06-12,17.96,17.43,18.50,17.31,1001368,1793575004.00,6.65,-2.57,-0.46,8.83
2026-06-15,17.76,19.17,19.17,17.60,537848,1005265845.00,9.01,9.98,1.74,4.74
2026-06-16,19.89,21.09,21.09,19.88,912132,1876773742.00,6.31,10.02,1.92,8.04
2026-06-17,21.50,23.20,23.20,21.50,785334,1801844538.00,8.06,10.00,2.11,6.92
2026-06-18,23.64,23.58,24.65,22.67,1418359,3324527767.00,8.53,1.64,0.38,12.51
2026-06-22,23.66,25.94,25.94,23.11,1504556,3641653899.00,12.00,10.01,2.36,13.27
2026-06-23,26.00,23.35,26.45,23.35,1163300,2813359189.00,11.95,-9.98,-2.59,10.26
2026-06-24,22.57,23.49,23.97,22.50,1123341,2607026727.00,6.30,0.60,0.14,9.91
2026-06-25,23.07,24.95,25.15,22.78,1267078,3053544412.00,10.09,6.22,1.46,11.17
2026-06-26,24.18,26.23,27.45,23.68,1342862,3516174788.00,15.11,5.13,1.28,11.84
2026-06-29,27.00,24.32,27.01,23.61,1260138,3145239951.00,12.96,-7.28,-1.91,11.11
2026-06-30,24.03,24.17,24.52,23.23,941661,2246957804.00,5.30,-0.62,-0.15,8.30
2026-07-01,23.69,23.78,25.60,23.41,887305,2159393349.00,9.06,-1.61,-0.39,7.82
2026-07-02,22.61,22.79,24.70,22.11,862420,2008295195.00,10.89,-4.16,-0.99,7.60
2026-07-03,22.00,22.38,23.50,21.87,783724,1780542633.00,7.15,-1.80,-0.41,6.91
2026-07-06,22.78,21.47,23.80,21.15,707605,1577938912.00,11.84,-4.07,-0.91,6.24
2026-07-07,21.89,20.79,22.10,20.43,559648,1181249184.00,7.78,-3.17,-0.68,4.93
2026-07-08,21.03,19.80,21.20,19.40,612341,1229248899.00,8.66,-4.76,-0.99,5.40
2026-07-09,20.14,20.06,20.36,18.94,647280,1271604455.00,7.17,1.31,0.26,5.71
2026-07-10,20.05,19.00,21.10,18.99,654493,1308510639.00,10.52,-5.28,-1.06,5.77
2026-07-13,18.67,17.10,19.03,17.10,518448,925412976.00,10.16,-10.00,-1.90,4.57
2026-07-14,16.63,18.20,18.42,16.40,709091,1234201952.00,11.81,6.43,1.10,6.25
2026-07-15,19.30,18.17,19.38,18.13,666359,1245637569.00,6.87,-0.16,-0.03,5.88
2026-07-16,17.66,17.23,18.76,16.99,612647,1095428466.00,9.74,-5.17,-0.94,5.40
2026-07-17,17.57,15.95,17.68,15.88,556976,917495138.00,10.45,-7.43,-1.28,4.91
2026-07-20,16.20,14.36,16.26,14.36,439579,657952531.00,11.91,-9.97,-1.59,3.88
2026-07-21,13.69,14.46,14.48,12.92,1035539,1417376024.00,10.86,0.70,0.10,9.13
2026-07-22,13.80,13.80,14.89,13.60,839669,1197576115.00,8.92,-4.56,-0.66,7.40
2026-07-23,14.08,13.94,14.78,13.60,668873,945049201.00,8.55,1.01,0.14,5.90
2026-07-24,13.57,13.49,14.35,13.34,448385,615982436.00,7.25,-3.23,-0.45,3.95
2026-07-27,13.65,14.31,14.34,13.15,575325,797316147.00,8.82,6.08,0.82,5.07