2026-01-05,9.30,9.46,9.53,9.30,12878,17028653.32,2.47,1.72,0.16,1.98
2026-01-06,9.44,9.71,9.76,9.43,19480,26277198.41,3.49,2.64,0.25,3.00
2026-01-07,9.71,9.83,10.26,9.66,33219,46180251.77,6.18,1.24,0.12,5.12
2026-01-08,9.78,9.99,10.21,9.75,36474,51232976.64,4.68,1.63,0.16,5.62
2026-01-09,10.11,10.27,10.46,9.89,41982,60275515.73,5.71,2.80,0.28,6.47
2026-01-12,10.57,10.96,11.12,10.29,63416,96219388.58,8.08,6.72,0.69,9.77
2026-01-13,11.31,10.68,11.31,10.50,69298,105757116.48,7.39,-2.55,-0.28,10.68
2026-01-14,10.58,11.25,11.52,10.56,83454,130077084.70,8.99,5.34,0.57,12.86
2026-01-15,11.09,10.64,11.11,10.50,49039,73914955.07,5.42,-5.42,-0.61,7.55
2026-01-16,11.02,10.57,11.29,10.56,45314,69126905.73,6.86,-0.66,-0.07,6.98
2026-01-19,10.39,10.84,11.06,10.36,47406,72131783.64,6.62,2.55,0.27,7.30
2026-01-20,10.79,10.69,11.18,10.69,42522,65057870.52,4.52,-1.38,-0.15,6.55
2026-01-21,10.69,10.50,10.79,10.49,28219,42022186.93,2.81,-1.78,-0.19,4.35
2026-01-22,10.56,10.57,10.64,10.48,21372,31653512.40,1.52,0.67,0.07,3.29
2026-01-23,10.61,10.69,10.86,10.56,26793,40362314.69,2.84,1.14,0.12,4.13
2026-01-26,10.79,11.19,11.52,10.68,70225,109029891.43,7.86,4.68,0.50,10.82
2026-01-27,11.06,10.62,11.34,10.43,50241,75706632.42,8.13,-5.09,-0.57,7.74
2026-01-28,10.77,10.39,10.96,10.36,42872,63821325.35,5.65,-2.17,-0.23,6.60
2026-01-29,10.31,10.31,10.58,10.11,26318,38380544.26,4.52,-0.77,-0.08,4.05
2026-01-30,10.36,10.06,10.53,10.02,22002,31436836.11,4.95,-2.42,-0.25,3.39
2026-02-02,10.07,10.14,10.54,10.04,28746,41261227.43,4.97,0.80,0.08,4.43
2026-02-03,10.14,10.21,10.26,9.98,24719,35179009.90,2.76,0.69,0.07,3.81
2026-02-04,10.15,10.12,10.28,10.06,15642,22341712.34,2.15,-0.88,-0.09,2.41
2026-02-05,10.07,9.78,10.11,9.75,23550,32774042.74,3.56,-3.36,-0.34,3.63
2026-02-06,9.76,9.84,10.01,9.70,14290,19843198.53,3.17,0.61,0.06,2.20
2026-02-09,9.97,10.10,10.14,9.87,15085,21314189.59,2.74,2.64,0.26,2.32
2026-02-10,10.20,10.64,11.02,10.12,63332,94593563.08,8.91,5.35,0.54,9.76
2026-02-11,10.54,10.59,11.07,10.45,45191,68059062.25,5.83,-0.47,-0.05,6.96
2026-02-12,11.09,10.78,11.24,10.74,48975,75315546.66,4.72,1.79,0.19,7.54
2026-02-13,10.75,10.45,10.94,10.40,31029,46318831.01,5.01,-3.06,-0.33,4.78
2026-02-24,10.36,10.44,10.59,10.36,22014,32377139.90,2.20,-0.10,-0.01,3.39
2026-02-25,10.57,10.33,10.57,10.31,15837,23109713.12,2.49,-1.05,-0.11,2.44
2026-02-26,10.42,10.32,10.44,10.25,12300,17848870.06,1.84,-0.10,-0.01,1.89
2026-02-27,10.34,10.43,10.46,10.14,24340,35308740.35,3.10,1.07,0.11,3.75
2026-03-02,10.14,9.91,10.27,9.88,24050,33797774.24,3.74,-4.99,-0.52,3.70
2026-03-03,9.90,9.85,10.10,9.71,20723,28811764.22,3.94,-0.61,-0.06,3.19
2026-03-04,9.70,10.09,10.30,9.70,28870,40957574.90,6.09,2.44,0.24,4.45
2026-03-05,10.09,10.14,10.39,10.09,30008,43225485.16,2.97,0.50,0.05,4.62
2026-03-06,10.18,12.02,13.19,10.15,268544,467688994.36,29.98,18.54,1.88,41.37
2026-03-09,11.39,14.68,15.64,11.22,342908,668224615.97,36.77,22.13,2.66,52.82
2026-03-10,14.33,13.69,14.69,13.26,240100,461910287.70,9.74,-6.74,-0.99,36.99
2026-03-11,13.73,13.99,15.11,13.19,234067,464187575.00,14.02,2.19,0.30,36.06
2026-03-12,13.54,15.18,15.67,13.54,254637,518103468.16,15.23,8.51,1.19,39.23
2026-03-13,14.66,12.89,14.95,12.89,204810,400126392.89,13.57,-15.09,-2.29,31.55
2026-03-16,12.96,12.89,13.53,12.57,124835,227895626.03,7.45,0.00,0.00,19.23
2026-03-17,12.81,12.02,13.02,11.76,158268,272312882.29,9.78,-6.75,-0.87,24.38
2026-03-18,12.13,12.34,13.09,12.10,140836,248516212.40,8.24,2.66,0.32,21.70
2026-03-19,11.80,11.84,12.45,11.64,119936,203218281.36,6.56,-4.05,-0.50,18.48
2026-03-20,12.18,11.89,12.89,11.89,140486,245340044.70,8.45,0.42,0.05,21.64
2026-03-23,11.50,12.35,12.46,11.31,125969,214151078.62,9.67,3.87,0.46,19.40
2026-03-24,12.54,12.26,12.73,12.00,109474,189434272.43,5.91,-0.73,-0.09,16.86
2026-03-25,12.32,11.89,12.67,11.86,124834,215178371.77,6.61,-3.02,-0.37,19.23
2026-03-26,11.67,11.00,11.86,10.85,128815,202277941.45,8.49,-7.49,-0.89,19.84
2026-03-27,10.82,10.68,10.97,10.63,70655,106733371.49,3.09,-2.91,-0.32,10.88
2026-03-30,10.56,10.49,10.66,10.18,59173,86466897.62,4.49,-1.78,-0.19,9.12
2026-03-31,10.52,10.04,10.61,10.04,59549,86231361.46,5.43,-4.29,-0.45,9.17
2026-04-01,10.31,10.17,10.36,9.94,44545,63263563.80,4.18,1.29,0.13,6.86
2026-04-02,10.14,10.04,10.43,9.99,47147,67546487.03,4.33,-1.28,-0.13,7.26
2026-04-03,10.06,9.53,10.13,9.49,53863,73621119.07,6.37,-5.08,-0.51,8.30
2026-04-07,9.57,9.58,9.65,9.51,31767,42730713.85,1.47,0.52,0.05,4.89
2026-04-08,9.79,10.16,10.18,9.72,53495,74756692.78,4.80,6.05,0.58,8.24
2026-04-09,10.10,9.72,10.10,9.71,49269,68087545.20,3.84,-4.33,-0.44,7.59
2026-04-10,9.81,9.82,9.97,9.76,40585,56236977.58,2.16,1.03,0.10,6.25
2026-04-13,9.79,9.82,9.82,9.59,29588,40298965.86,2.34,0.00,0.00,4.56
2026-04-14,10.18,10.06,10.56,9.98,74564,107036556.07,5.91,2.44,0.24,11.49
2026-04-15,10.11,10.13,10.39,9.99,65183,93341259.39,3.98,0.70,0.07,10.04
2026-04-16,10.11,10.06,10.14,9.89,49346,69344370.90,2.47,-0.69,-0.07,7.60
2026-04-17,9.88,10.26,10.42,9.61,115863,162380710.63,8.05,1.99,0.20,17.85
2026-04-20,10.07,10.40,10.53,10.07,73271,106602065.02,4.48,1.36,0.14,11.29
2026-04-21,10.38,10.01,10.42,9.97,56833,80866197.97,4.33,-3.75,-0.39,8.75
2026-04-22,9.92,10.04,10.13,9.87,35743,50333301.64,2.60,0.30,0.03,5.51
2026-04-23,10.17,9.75,10.21,9.62,37008,51117612.81,5.88,-2.89,-0.29,5.70
2026-04-24,9.76,9.40,9.77,9.39,39829,53338389.41,3.90,-3.59,-0.35,6.14
2026-04-27,9.44,9.32,9.51,9.21,27944,36500443.66,3.19,-0.85,-0.08,4.30
2026-04-28,9.24,9.20,9.47,9.19,20716,27084242.35,3.00,-1.29,-0.12,3.19
2026-04-29,9.21,9.53,9.59,9.21,41759,55290619.12,4.13,3.59,0.33,6.43
2026-04-30,9.44,9.34,9.46,9.25,26275,34543203.24,2.20,-1.99,-0.19,4.05
2026-05-06,9.48,9.63,9.66,9.41,31047,41779014.80,2.68,3.10,0.29,4.78
2026-05-07,9.68,9.96,9.99,9.68,42429,58803830.25,3.22,3.43,0.33,6.54
2026-05-08,9.89,9.94,10.05,9.76,31862,44471780.45,2.91,-0.20,-0.02,4.91
2026-05-11,10.04,9.83,10.20,9.81,42027,58760837.55,3.92,-1.11,-0.11,6.47
2026-05-12,9.84,10.04,10.24,9.84,65163,92452040.41,4.07,2.14,0.21,10.04
2026-05-13,9.92,10.37,10.46,9.84,79782,115347322.12,6.18,3.29,0.33,12.29
2026-05-14,10.82,10.32,11.09,10.20,98536,148112869.49,8.58,-0.48,-0.05,15.18
2026-05-15,10.06,9.89,10.30,9.87,63781,90122489.81,4.17,-4.17,-0.43,9.83
2026-05-18,9.71,9.75,9.94,9.39,41157,56291373.77,5.56,-1.42,-0.14,6.34
2026-05-19,9.79,10.17,10.21,9.71,43938,62014063.54,5.13,4.31,0.42,6.77
2026-05-20,10.11,9.71,10.15,9.71,43610,60280545.37,4.33,-4.52,-0.46,6.72
2026-05-21,9.75,9.80,10.27,9.57,78780,110022438.26,7.21,0.93,0.09,12.14
2026-05-22,9.76,9.72,9.99,9.69,35875,49595290.55,3.06,-0.82,-0.08,5.53
2026-05-25,9.66,9.49,9.91,9.46,41309,55806133.76,4.63,-2.37,-0.23,6.36
2026-05-26,9.25,8.91,9.34,8.75,57870,72743596.69,6.22,-6.11,-0.58,8.91
2026-05-27,8.91,8.72,8.97,8.58,25674,31462413.78,4.38,-2.13,-0.19,3.95
2026-05-28,8.75,9.01,9.02,8.69,23998,29988631.29,3.78,3.33,0.29,3.70
2026-05-29,8.97,9.00,9.39,8.89,32039,41004498.29,5.55,-0.11,-0.01,4.94
2026-06-01,9.11,9.39,9.44,9.01,33408,43687765.69,4.78,4.33,0.39,5.15
2026-06-02,9.90,9.79,9.95,9.41,48173,65717692.13,5.75,4.26,0.40,7.42
2026-06-03,9.57,9.45,9.77,9.21,58918,55691602.60,5.72,-3.47,-0.34,6.48
2026-06-04,9.34,9.07,9.54,8.98,38832,35433109.25,5.93,-4.02,-0.38,4.27
2026-06-05,9.15,9.23,9.55,9.04,51275,47761888.22,5.62,1.76,0.16,5.64
2026-06-08,8.97,9.23,9.50,8.90,38497,35597909.73,6.50,0.00,0.00,4.24
2026-06-09,9.27,9.21,9.55,8.99,37451,34745725.96,6.07,-0.22,-0.02,4.12
2026-06-10,9.09,8.88,9.23,8.80,33936,30475686.29,4.67,-3.58,-0.33,3.73
2026-06-11,8.81,8.28,8.87,8.25,43033,36264138.63,6.98,-6.76,-0.60,4.74
2026-06-12,8.28,8.32,8.44,8.17,33191,27598867.81,3.26,0.48,0.04,3.65
2026-06-15,8.28,8.30,8.39,8.19,28345,23491849.21,2.40,-0.24,-0.02,3.12
2026-06-16,8.33,8.08,8.37,8.03,31473,25776547.25,4.10,-2.65,-0.22,3.46
2026-06-17,8.08,8.01,8.15,7.84,34008,27187753.19,3.84,-0.87,-0.07,3.74
2026-06-18,7.97,7.77,8.01,7.70,27078,21136375.28,3.87,-3.00,-0.24,2.98
2026-06-22,7.82,7.93,7.98,7.35,38814,29642700.12,8.11,2.06,0.16,4.27
2026-06-23,8.00,7.96,8.32,7.88,42435,34510326.04,5.55,0.38,0.03,4.67
2026-06-24,7.99,7.58,7.99,7.55,23428,18059288.14,5.53,-4.77,-0.38,2.58
2026-06-25,7.50,7.26,7.66,7.22,33506,24605506.36,5.80,-4.22,-0.32,3.69
2026-06-26,7.26,7.03,7.40,7.00,31872,22809772.53,5.51,-3.17,-0.23,3.51
2026-06-29,7.06,6.81,7.13,6.74,42478,29074046.99,5.55,-3.13,-0.22,4.67
2026-06-30,6.83,6.82,6.96,6.74,24000,16452597.17,3.23,0.15,0.01,2.64
2026-07-01,6.83,6.97,7.05,6.69,43371,29906062.14,5.28,2.20,0.15,4.77
2026-07-02,6.94,6.86,7.15,6.84,32710,22907898.78,4.45,-1.58,-0.11,3.60
2026-07-03,6.92,6.99,7.00,6.84,30785,21330294.10,2.33,1.90,0.13,3.39
2026-07-06,7.05,6.74,7.05,6.74,33725,23223812.00,4.43,-3.58,-0.25,3.71
2026-07-07,6.74,7.14,7.39,6.71,80255,56696395.77,10.09,5.93,0.40,8.83
2026-07-08,7.06,7.24,7.28,6.92,53979,38346355.08,5.04,1.40,0.10,5.94
2026-07-09,7.58,7.23,7.85,6.96,75338,55001027.40,12.29,-0.14,-0.01,8.29
2026-07-10,7.16,7.19,7.35,6.82,53805,38374374.17,7.33,-0.55,-0.04,5.92
2026-07-13,7.15,7.11,7.20,6.70,57323,40046109.70,6.95,-1.11,-0.08,6.31
2026-07-14,7.08,7.11,7.15,6.92,23138,16336472.03,3.23,0.00,0.00,2.55
2026-07-15,7.16,6.98,7.22,6.95,30142,21390693.69,3.80,-1.83,-0.13,3.32
2026-07-16,6.98,6.95,7.10,6.81,19596,13653737.80,4.15,-0.43,-0.03,2.16
2026-07-17,7.00,7.01,7.20,6.85,37639,26637491.07,5.04,0.86,0.06,4.14
2026-07-20,6.96,6.84,7.15,6.71,31168,21698615.75,6.28,-2.43,-0.17,3.43
2026-07-21,6.95,7.05,7.08,6.39,39751,26800508.53,10.09,3.07,0.21,4.37
2026-07-22,7.05,7.15,7.25,6.88,37195,26585605.88,5.25,1.42,0.10,4.09
2026-07-23,7.08,7.43,7.52,7.06,54377,39916035.20,6.43,3.92,0.28,5.98
2026-07-24,7.43,7.13,7.68,7.00,44112,32057562.73,9.15,-4.04,-0.30,4.85
2026-07-27,7.10,7.38,7.39,7.02,31713,23184542.05,5.19,3.51,0.25,3.49
2026-07-28,7.28,7.31,7.44,7.22,25939,19036014.53,2.98,-0.95,-0.07,2.85
2026-07-29,7.37,7.41,7.45,7.22,24151,17789929.48,3.15,1.37,0.10,2.66