2026-01-05,6.09,6.15,6.25,5.96,3915285,2403654678.00,4.96,5.13,0.30,5.29
2026-01-06,6.25,6.16,6.29,6.05,3918830,2413644124.00,3.90,0.16,0.01,5.29
2026-01-07,6.20,5.98,6.27,5.93,3997086,2435097030.00,5.52,-2.92,-0.18,5.40
2026-01-08,5.88,5.82,5.97,5.76,2629906,1541895593.00,3.51,-2.68,-0.16,3.55
2026-01-09,5.74,5.92,5.94,5.74,1909600,1123103860.00,3.44,1.72,0.10,2.58
2026-01-12,6.15,6.28,6.28,6.08,4070197,2522638223.00,3.38,6.08,0.36,5.50
2026-01-13,6.29,6.55,6.73,6.29,4278640,2796585369.00,7.01,4.30,0.27,5.78
2026-01-14,6.70,7.05,7.15,6.66,4967048,3445552025.00,7.48,7.63,0.50,6.71
2026-01-15,7.13,7.16,7.44,6.78,5111635,3640524279.00,9.36,1.56,0.11,6.90
2026-01-16,7.00,7.28,7.70,6.96,4310668,3186865560.00,10.34,1.68,0.12,5.82
2026-01-19,7.37,7.08,7.47,6.91,3017472,2148359779.00,7.69,-2.75,-0.20,4.08
2026-01-20,7.15,7.79,7.79,6.83,5703436,4211793221.00,13.56,10.03,0.71,7.70
2026-01-21,7.95,8.57,8.57,7.95,4950559,4134774702.00,7.96,10.01,0.78,6.69
2026-01-22,8.25,9.43,9.43,8.20,6168018,5555277202.00,14.35,10.04,0.86,8.33
2026-01-23,10.37,10.37,10.37,9.81,3037856,3125733067.00,5.94,9.97,0.94,4.10
2026-01-26,10.97,11.41,11.41,10.83,6296080,7087143625.00,5.59,10.03,1.04,8.50
2026-01-27,11.41,12.55,12.55,10.80,7454592,9005348082.00,15.34,9.99,1.14,10.07
2026-01-28,12.57,13.81,13.81,12.57,4015572,5408662251.00,9.88,10.04,1.26,5.42
2026-01-29,15.19,15.19,15.19,14.02,6340011,9405853523.00,8.47,9.99,1.38,8.56
2026-01-30,13.67,13.67,13.67,13.67,884244,1208761548.00,0.00,-10.01,-1.52,1.19
2026-02-02,12.30,12.30,12.30,12.30,91835,112957050.00,0.00,-10.02,-1.37,0.12
2026-02-03,11.07,11.07,11.07,11.07,457337,506272059.00,0.00,-10.00,-1.23,0.62
2026-02-04,10.30,11.36,12.00,10.30,6519729,7089830992.00,15.36,2.62,0.29,8.80
2026-02-05,10.43,10.22,10.76,10.22,3078558,3200036138.00,4.75,-10.04,-1.14,4.16
2026-02-06,9.20,9.60,10.21,9.20,4575662,4377130634.00,9.88,-6.07,-0.62,6.18
2026-02-09,9.80,10.37,10.50,9.62,4775208,4808517607.00,9.17,8.02,0.77,6.45
2026-02-10,10.10,9.81,10.26,9.80,3141899,3126431583.00,4.44,-5.40,-0.56,4.24
2026-02-11,9.72,9.77,9.94,9.68,1937243,1901064132.00,2.65,-0.41,-0.04,2.62
2026-02-12,9.68,9.41,9.75,9.35,2040493,1941290145.00,4.09,-3.68,-0.36,2.76
2026-02-13,8.98,9.47,9.68,8.98,2298910,2173131063.00,7.44,0.64,0.06,3.10
2026-02-24,10.08,10.42,10.42,9.99,2797122,2890912629.00,4.54,10.03,0.95,3.78
2026-02-25,10.65,10.72,10.95,10.42,4415632,4734717979.00,5.09,2.88,0.30,5.96
2026-02-26,10.80,10.47,10.93,10.40,2654974,2809419308.00,4.94,-2.33,-0.25,3.59
2026-02-27,10.46,10.70,10.76,10.36,2630405,2784652665.00,3.82,2.20,0.23,3.55
2026-03-02,11.55,11.77,11.77,10.73,5197416,5808916255.00,9.72,10.00,1.07,7.02
2026-03-03,11.20,10.62,11.39,10.60,3740393,4121630281.00,6.71,-9.77,-1.15,5.05
2026-03-04,9.75,10.14,10.54,9.75,2204228,2242660517.00,7.44,-4.52,-0.48,2.98
2026-03-05,10.34,10.04,10.40,9.92,1725642,1741377895.00,4.73,-0.99,-0.10,2.33
2026-03-06,9.88,10.05,10.20,9.77,1436555,1440618463.00,4.28,0.10,0.01,1.94
2026-03-09,9.80,9.92,10.04,9.51,1678738,1637081847.00,5.27,-1.29,-0.13,2.27
2026-03-10,10.16,10.11,10.25,9.99,1492570,1512714482.00,2.62,1.92,0.19,2.02
2026-03-11,10.13,9.82,10.18,9.76,1398717,1381882313.00,4.15,-2.87,-0.29,1.89
2026-03-12,9.66,9.53,9.78,9.41,1395296,1336988074.00,3.77,-2.95,-0.29,1.88
2026-03-13,9.43,9.06,9.55,9.03,1696605,1570873360.00,5.46,-4.93,-0.47,2.29
2026-03-16,8.88,8.85,9.04,8.60,1718306,1514395457.00,4.86,-2.32,-0.21,2.32
2026-03-17,9.00,8.78,9.05,8.77,1202285,1070833804.00,3.16,-0.79,-0.07,1.62
2026-03-18,8.77,8.81,8.91,8.60,1067890,932710803.00,3.53,0.34,0.03,1.44
2026-03-19,8.56,8.24,8.68,8.20,1451886,1217972691.00,5.45,-6.47,-0.57,1.96
2026-03-20,8.35,8.13,8.53,8.10,1294880,1076918893.00,5.22,-1.33,-0.11,1.75
2026-03-23,7.80,7.49,8.00,7.46,1896174,1464084884.00,6.64,-7.87,-0.64,2.56
2026-03-24,7.87,7.87,8.00,7.59,1811179,1410362107.00,5.47,5.07,0.38,2.45
2026-03-25,8.30,8.12,8.36,8.07,2059125,1689154614.00,3.68,3.18,0.25,2.78
2026-03-26,8.10,7.90,8.20,7.86,1242904,995024322.00,4.19,-2.71,-0.22,1.68
2026-03-27,7.76,8.03,8.07,7.75,1152054,917222144.00,4.05,1.65,0.13,1.56
2026-03-30,8.00,8.18,8.22,7.92,1139834,921332428.00,3.74,1.87,0.15,1.54
2026-03-31,8.28,8.12,8.47,8.08,1475628,1214664329.00,4.77,-0.73,-0.06,1.99
2026-04-01,8.34,8.08,8.36,7.97,1278800,1035140928.00,4.80,-0.49,-0.04,1.73
2026-04-02,8.00,7.89,8.00,7.78,1184257,933317042.00,2.72,-2.35,-0.19,1.60
2026-04-03,7.93,7.74,7.95,7.67,598823,464270662.00,3.55,-1.90,-0.15,0.81
2026-04-07,7.74,7.83,7.87,7.72,623591,487095112.00,1.94,1.16,0.09,0.84
2026-04-08,8.16,8.54,8.59,8.13,2465495,2065606847.00,5.87,9.07,0.71,3.33
2026-04-09,8.14,8.13,8.25,7.96,1845492,1495050847.00,3.40,-4.80,-0.41,2.49
2026-04-10,8.25,8.04,8.26,8.03,1168619,947797060.00,2.83,-1.11,-0.09,1.58
2026-04-13,7.94,8.02,8.09,7.91,870187,696450947.00,2.24,-0.25,-0.02,1.18
2026-04-14,8.12,8.04,8.17,7.95,869636,699202564.00,2.74,0.25,0.02,1.17
2026-04-15,8.20,7.90,8.34,7.87,1785374,1442018199.00,5.85,-1.74,-0.14,2.41
2026-04-16,7.95,8.04,8.05,7.85,1126655,897076558.00,2.53,1.77,0.14,1.52
2026-04-17,7.95,8.06,8.13,7.93,954921,768352910.00,2.49,0.25,0.02,1.29
2026-04-20,8.07,8.16,8.29,8.07,1164991,954257316.00,2.73,1.24,0.10,1.57
2026-04-21,8.15,8.08,8.18,8.00,732455,590983388.00,2.21,-0.98,-0.08,0.99
2026-04-22,8.00,8.22,8.24,7.91,1163124,945746763.00,4.08,1.73,0.14,1.57
2026-04-23,8.21,7.76,8.27,7.65,1948147,1524393136.00,7.54,-5.60,-0.46,2.63
2026-04-24,7.62,7.67,7.71,7.48,895098,678991641.00,2.96,-1.16,-0.09,1.21
2026-04-27,7.60,7.63,7.70,7.54,610627,465123784.00,2.09,-0.52,-0.04,0.82
2026-04-28,7.60,7.46,7.61,7.38,770162,575025745.00,3.01,-2.23,-0.17,1.04
2026-04-29,7.38,7.66,7.68,7.37,884741,669388024.00,4.16,2.68,0.20,1.19
2026-04-30,7.60,7.63,7.73,7.48,797298,605593576.00,3.26,-0.39,-0.03,1.08
2026-05-06,7.67,7.99,8.05,7.67,1535279,1209275997.00,4.98,4.72,0.36,2.07
2026-05-07,8.18,8.03,8.23,7.89,1324227,1060744222.00,4.26,0.50,0.04,1.79
2026-05-08,8.01,8.11,8.20,7.96,1458331,1180500162.00,2.99,1.00,0.08,1.97
2026-05-11,8.10,8.05,8.20,7.97,1301953,1054833613.00,2.84,-0.74,-0.06,1.76
2026-05-12,8.44,7.88,8.54,7.86,2984625,2415951858.00,8.45,-2.11,-0.17,4.03
2026-05-13,7.92,7.77,8.14,7.68,1916322,1497196085.00,5.84,-1.40,-0.11,2.59
2026-05-14,7.76,7.49,7.78,7.48,1432940,1089992831.00,3.86,-3.60,-0.28,1.94
2026-05-15,7.35,6.97,7.36,6.92,1934890,1367138773.00,5.87,-6.94,-0.52,2.61
2026-05-18,6.68,6.83,6.89,6.64,1268488,858553246.00,3.59,-2.01,-0.14,1.71
2026-05-19,6.83,6.71,6.85,6.58,1096443,731325396.00,3.95,-1.76,-0.12,1.48
2026-05-20,6.64,6.63,6.68,6.46,1094292,717999556.00,3.28,-1.19,-0.08,1.48
2026-05-21,6.69,6.36,6.81,6.35,1078135,710743465.00,6.94,-4.07,-0.27,1.46
2026-05-22,6.35,6.66,6.73,6.30,1336770,875688447.00,6.76,4.72,0.30,1.81
2026-05-25,6.79,6.66,6.93,6.61,888092,596545179.00,4.80,0.00,0.00,1.20
2026-05-26,6.62,6.74,6.74,6.45,1138124,753629745.00,4.35,1.20,0.08,1.54
2026-05-27,6.66,6.36,6.72,6.31,1100226,710059768.00,6.08,-5.64,-0.38,1.49
2026-05-28,6.30,6.37,6.44,6.18,972530,611574668.00,4.09,0.16,0.01,1.31
2026-05-29,6.49,6.27,6.55,6.22,901076,571430244.00,5.18,-1.57,-0.10,1.22
2026-06-01,6.27,6.28,6.36,6.22,702249,442576740.00,2.23,0.16,0.01,0.95
2026-06-02,6.28,6.41,6.42,6.13,993348,626398559.00,4.62,2.07,0.13,1.34
2026-06-03,6.34,6.38,6.47,6.29,798287,511313712.00,2.81,-0.47,-0.03,1.08
2026-06-04,6.33,6.19,6.33,6.15,837757,519745612.00,2.82,-2.98,-0.19,1.13
2026-06-05,6.17,6.04,6.21,6.00,937315,572200916.00,3.39,-2.42,-0.15,1.27
2026-06-08,5.75,5.66,5.91,5.57,1173890,673535775.00,5.63,-6.29,-0.38,1.59
2026-06-09,5.76,5.72,5.78,5.54,892048,504656913.00,4.24,1.06,0.06,1.20
2026-06-10,5.58,5.54,5.64,5.42,1150614,635321053.00,3.85,-3.15,-0.18,1.55
2026-06-11,5.48,5.56,5.65,5.45,1095350,607288856.00,3.61,0.36,0.02,1.48
2026-06-12,5.68,5.76,5.99,5.63,2329231,1351915613.00,6.47,3.60,0.20,3.15
2026-06-15,5.99,6.03,6.10,5.88,1924789,1153472248.00,3.82,4.69,0.27,2.60
2026-06-16,6.00,6.05,6.15,5.90,1440375,866165567.00,4.15,0.33,0.02,1.95
2026-06-17,6.05,5.91,6.10,5.86,1066141,634142185.00,3.97,-2.31,-0.14,1.44
2026-06-18,5.90,5.84,6.07,5.77,1135156,669850873.00,5.08,-1.18,-0.07,1.53
2026-06-22,5.77,6.11,6.13,5.66,1449244,857596028.00,8.05,4.62,0.27,1.96
2026-06-23,6.08,5.51,6.08,5.50,2006396,1143727294.00,9.49,-9.82,-0.60,2.71
2026-06-24,5.49,5.55,5.56,5.35,1198146,652561682.00,3.81,0.73,0.04,1.62
2026-06-25,5.36,5.33,5.45,5.27,1129445,604544643.00,3.24,-3.96,-0.22,1.53
2026-06-26,5.34,5.04,5.38,5.00,1173352,600162087.00,7.13,-5.44,-0.29,1.58
2026-06-29,5.03,5.09,5.19,4.97,1258489,639275588.00,4.37,0.99,0.05,1.70
2026-06-30,5.00,5.08,5.10,4.95,924144,464649369.00,2.95,-0.20,-0.01,1.25
2026-07-01,5.07,5.07,5.17,5.02,1084812,553351414.00,2.95,-0.20,-0.01,1.47
2026-07-02,5.13,5.12,5.27,5.06,1530928,788871296.00,4.14,0.99,0.05,2.07
2026-07-03,5.29,5.18,5.45,5.15,2090336,1102218892.00,5.86,1.17,0.06,2.82
2026-07-06,5.18,5.25,5.70,5.13,3868043,2092539782.00,11.00,1.35,0.07,5.22
2026-07-07,5.04,4.89,5.11,4.88,2454416,1222514399.00,4.38,-6.86,-0.36,3.31
2026-07-08,4.85,4.80,4.97,4.77,1426296,693582862.00,4.09,-1.84,-0.09,1.93
2026-07-09,4.69,4.84,4.86,4.59,1593378,756326455.00,5.63,0.83,0.04,2.15
2026-07-10,4.88,4.94,5.06,4.77,1437191,709734590.00,5.99,2.07,0.10,1.94
2026-07-13,4.83,4.58,4.83,4.56,1395213,649260280.00,5.47,-7.29,-0.36,1.88
2026-07-14,4.53,4.79,4.80,4.48,1439862,669034552.00,6.99,4.59,0.21,1.94
2026-07-15,4.80,4.69,4.83,4.66,1021351,483157918.00,3.55,-2.09,-0.10,1.38
2026-07-16,4.64,4.73,4.88,4.61,1320351,625468082.00,5.76,0.85,0.04,1.78
2026-07-17,4.68,4.47,4.69,4.40,1485138,675774278.00,6.13,-5.50,-0.26,2.01
2026-07-20,4.51,4.48,4.68,4.39,1461554,662300007.00,6.49,0.22,0.01,1.97
2026-07-21,4.47,4.66,4.67,4.38,1487271,678148895.00,6.47,4.02,0.18,2.01
2026-07-22,4.68,4.80,4.90,4.65,1671350,803848864.00,5.36,3.00,0.14,2.26
2026-07-23,4.80,4.98,5.16,4.76,1878615,930882154.00,8.33,3.75,0.18,2.54
2026-07-24,4.73,4.62,4.79,4.60,1570924,736295679.00,3.82,-7.23,-0.36,2.12
2026-07-27,4.75,4.87,4.88,4.71,1699415,819017063.00,3.68,5.41,0.25,2.30
2026-07-28,4.76,4.78,4.87,4.72,1040002,497743276.00,3.08,-1.85,-0.09,1.40
2026-07-29,4.76,4.89,4.97,4.70,1129371,547703111.00,5.65,2.30,0.11,1.53