2026-01-05,5.05,5.05,5.08,5.03,222881,113225850.00,0.99,0.40,0.02,2.30
2026-01-06,5.04,5.16,5.17,5.03,368604,190173481.00,2.77,2.18,0.11,3.80
2026-01-07,5.15,5.14,5.18,5.10,260819,134818753.00,1.55,-0.39,-0.02,2.69
2026-01-08,5.16,5.26,5.29,5.12,464762,245400900.00,3.31,2.33,0.12,4.80
2026-01-09,5.26,5.27,5.36,5.21,449000,238398010.00,2.85,0.19,0.01,4.63
2026-01-12,5.27,5.32,5.32,5.25,420209,223165655.00,1.33,0.95,0.05,4.34
2026-01-13,5.30,5.19,5.32,5.17,397368,208443037.00,2.82,-2.44,-0.13,4.10
2026-01-14,5.17,5.12,5.21,5.05,513827,265727994.00,3.08,-1.35,-0.07,5.30
2026-01-15,5.12,5.15,5.21,5.09,287931,148775684.00,2.34,0.59,0.03,2.97
2026-01-16,5.20,5.20,5.35,5.16,351740,184722864.00,3.69,0.97,0.05,3.63
2026-01-19,5.20,5.45,5.45,5.17,743585,400356152.00,5.38,4.81,0.25,7.67
2026-01-20,5.45,5.32,5.46,5.29,492256,264138949.00,3.12,-2.39,-0.13,5.08
2026-01-21,5.28,5.39,5.39,5.27,334664,179787443.00,2.26,1.32,0.07,3.45
2026-01-22,5.37,5.44,5.45,5.35,348429,189480439.00,1.86,0.93,0.05,3.60
2026-01-23,5.43,5.56,5.59,5.42,513652,285942803.00,3.13,2.21,0.12,5.30
2026-01-26,5.58,5.51,5.63,5.45,491582,273200154.00,3.24,-0.90,-0.05,5.07
2026-01-27,5.63,5.79,5.84,5.52,1102236,627243372.00,5.81,5.08,0.28,11.37
2026-01-28,5.73,5.78,5.86,5.64,803802,463560883.00,3.80,-0.17,-0.01,8.29
2026-01-29,5.72,5.54,5.76,5.52,597407,335923570.00,4.15,-4.15,-0.24,6.16
2026-01-30,5.49,5.41,5.49,5.30,428762,232286012.00,3.43,-2.35,-0.13,4.42
2026-02-02,5.40,5.38,5.49,5.36,308872,168931052.00,2.40,-0.55,-0.03,3.19
2026-02-03,5.43,5.42,5.45,5.32,309319,167126616.00,2.42,0.74,0.04,3.19
2026-02-04,5.39,5.52,5.56,5.38,344934,190557187.00,3.32,1.85,0.10,3.56
2026-02-05,5.52,5.36,5.52,5.35,277373,150604022.00,3.08,-2.90,-0.16,2.86
2026-02-06,5.33,5.39,5.44,5.31,212165,115312609.00,2.43,0.56,0.03,2.19
2026-02-09,5.42,5.48,5.48,5.41,275487,150881941.00,1.30,1.67,0.09,2.84
2026-02-10,5.45,5.39,5.46,5.38,207834,113096921.00,1.46,-1.64,-0.09,2.14
2026-02-11,5.37,5.36,5.41,5.35,174520,94473174.00,1.11,-0.56,-0.03,1.80
2026-02-12,5.35,5.37,5.40,5.24,269679,144646357.00,2.99,0.19,0.01,2.78
2026-02-13,5.35,5.34,5.39,5.31,189615,102001696.00,1.49,-0.56,-0.03,1.96
2026-02-24,5.38,5.54,5.56,5.38,469666,259594160.00,3.37,3.75,0.20,4.85
2026-02-25,5.55,5.57,5.58,5.49,339230,189171548.00,1.62,0.54,0.03,3.50
2026-02-26,5.56,5.74,5.76,5.53,597726,341637066.00,4.13,3.05,0.17,6.17
2026-02-27,5.74,5.75,5.76,5.67,346912,199442532.00,1.57,0.17,0.01,3.58
2026-03-02,5.67,5.67,5.77,5.64,414320,237237922.00,2.26,-1.39,-0.08,4.28
2026-03-03,5.68,5.44,5.75,5.43,463687,260109858.00,5.64,-4.06,-0.23,4.79
2026-03-04,5.45,5.51,5.55,5.42,382445,211160179.00,2.39,1.29,0.07,3.95
2026-03-05,5.57,5.75,5.78,5.57,625472,359625126.00,3.81,4.36,0.24,6.45
2026-03-06,5.71,5.74,5.79,5.64,411380,237216759.00,2.61,-0.17,-0.01,4.25
2026-03-09,5.69,5.79,5.79,5.66,415359,239583479.00,2.26,0.87,0.05,4.29
2026-03-10,5.80,5.87,5.94,5.73,542645,318822479.00,3.63,1.38,0.08,5.60
2026-03-11,5.92,6.00,6.03,5.80,780560,466576174.00,3.92,2.21,0.13,8.06
2026-03-12,5.97,6.28,6.35,5.87,1278000,784195516.00,8.00,4.67,0.28,13.19
2026-03-13,6.29,6.91,6.91,6.03,2208996,1462069443.00,14.01,10.03,0.63,22.80
2026-03-16,6.91,7.18,7.60,6.62,2505756,1791609392.00,14.18,3.91,0.27,25.86
2026-03-17,6.83,7.13,7.57,6.74,2283347,1656189992.00,11.56,-0.70,-0.05,23.56
2026-03-18,6.87,6.72,7.26,6.67,2092254,1445183999.00,8.27,-5.75,-0.41,21.59
2026-03-19,6.57,7.40,7.40,6.57,1316630,948508072.00,12.35,10.12,0.68,13.59
2026-03-20,7.67,7.00,7.96,6.95,3073999,2316444385.00,13.65,-5.41,-0.40,31.72
2026-03-23,6.73,7.16,7.29,6.73,2058495,1457953381.00,8.00,2.29,0.16,21.24
2026-03-24,7.12,7.59,7.70,6.98,2476838,1828576418.00,10.06,6.01,0.43,25.56
2026-03-25,7.41,8.07,8.18,7.32,2704195,2097124506.00,11.33,6.32,0.48,27.91
2026-03-26,7.77,7.27,7.79,7.27,1814205,1373377681.00,6.44,-9.91,-0.80,18.72
2026-03-27,6.98,6.87,7.12,6.64,1444996,994826865.00,6.60,-5.50,-0.40,14.91
2026-03-30,6.77,6.52,7.06,6.32,1290109,850448861.00,10.77,-5.09,-0.35,13.31
2026-03-31,6.52,6.09,6.62,6.08,1342410,851260366.00,8.28,-6.60,-0.43,13.85
2026-04-01,6.23,6.23,6.38,6.12,1019577,638426171.00,4.27,2.30,0.14,10.52
2026-04-02,6.27,6.25,6.55,6.15,1188972,757023760.00,6.42,0.32,0.02,12.27
2026-04-03,6.16,5.77,6.20,5.72,1043076,613046513.00,7.68,-7.68,-0.48,10.76
2026-04-07,5.79,5.90,5.98,5.70,732486,433332456.00,4.85,2.25,0.13,7.56
2026-04-08,6.03,6.09,6.09,5.98,684367,415906221.00,1.86,3.22,0.19,7.06
2026-04-09,6.09,5.98,6.09,5.90,585885,351191332.00,3.12,-1.81,-0.11,6.05
2026-04-10,6.00,5.96,6.07,5.95,478026,288664013.00,2.01,-0.33,-0.02,4.93
2026-04-13,5.90,5.96,5.99,5.86,438983,261196093.00,2.18,0.00,0.00,4.53
2026-04-14,6.05,5.99,6.05,5.90,464254,277925041.00,2.52,0.50,0.03,4.79
2026-04-15,5.99,5.94,6.12,5.91,612311,369580475.00,3.51,-0.83,-0.05,6.32
2026-04-16,5.93,5.99,5.99,5.86,444411,265341628.00,2.19,0.84,0.05,4.59
2026-04-17,5.97,6.18,6.31,5.96,1023949,635265506.00,5.84,3.17,0.19,10.57
2026-04-20,6.18,6.28,6.29,6.11,806697,502245558.00,2.91,1.62,0.10,8.32
2026-04-21,6.28,6.22,6.29,6.06,606868,375785545.00,3.66,-0.96,-0.06,6.26
2026-04-22,6.22,6.17,6.23,6.12,409245,253861550.00,1.77,-0.80,-0.05,4.22
2026-04-23,6.18,6.26,6.32,6.02,937361,582677105.00,4.86,1.46,0.09,9.67
2026-04-24,6.21,6.28,6.50,6.16,897605,569528660.00,5.43,0.32,0.02,9.26
2026-04-27,6.28,6.46,6.52,6.23,994865,644159377.00,4.62,2.87,0.18,10.27
2026-04-28,6.45,6.85,6.86,6.37,1352814,902744582.00,7.59,6.04,0.39,13.96
2026-04-29,6.67,6.72,6.82,6.61,1030163,697399938.00,3.07,-1.90,-0.13,10.63
2026-04-30,6.67,6.44,6.74,6.41,873707,570946677.00,4.91,-4.17,-0.28,9.02
2026-05-06,6.44,6.52,6.61,6.34,719948,468521226.00,4.19,1.24,0.08,7.43
2026-05-07,6.57,6.67,6.75,6.52,782799,523299236.00,3.53,2.30,0.15,8.08
2026-05-08,6.56,6.47,6.58,6.42,562001,364360236.00,2.40,-3.00,-0.20,5.80
2026-05-11,6.50,6.39,6.58,6.31,677057,434265226.00,4.17,-1.24,-0.08,6.99
2026-05-12,6.36,6.44,6.49,6.21,573140,366487012.00,4.38,0.78,0.05,5.91
2026-05-13,6.38,6.63,6.68,6.37,809322,533140733.00,4.81,2.95,0.19,8.35
2026-05-14,6.62,6.35,6.75,6.35,713834,464836661.00,6.03,-4.22,-0.28,7.37
2026-05-15,6.29,6.07,6.33,6.01,650837,398085834.00,5.04,-4.41,-0.28,6.72
2026-05-18,6.01,6.15,6.17,5.97,324409,198404184.00,3.29,1.32,0.08,3.35
2026-05-19,6.14,6.13,6.14,5.97,372562,225841281.00,2.76,-0.33,-0.02,3.84
2026-05-20,6.10,5.87,6.10,5.85,414384,244501762.00,4.08,-4.24,-0.26,4.28
2026-05-21,5.80,5.41,5.87,5.38,652717,365852248.00,8.35,-7.84,-0.46,6.74
2026-05-22,5.42,5.55,5.59,5.38,318031,175093679.00,3.88,2.59,0.14,3.28
2026-05-25,5.55,5.53,5.62,5.43,254500,140022872.00,3.42,-0.36,-0.02,2.63
2026-05-26,5.54,5.45,5.54,5.32,308893,166639620.00,3.98,-1.45,-0.08,3.19
2026-05-27,5.45,5.36,5.53,5.30,274435,147732716.00,4.22,-1.65,-0.09,2.83
2026-05-28,5.36,5.44,5.47,5.32,226410,122349738.00,2.80,1.49,0.08,2.34
2026-05-29,5.43,5.33,5.47,5.29,276630,148621409.00,3.31,-2.02,-0.11,2.85
2026-06-01,5.33,5.38,5.43,5.32,201727,108689928.00,2.06,0.94,0.05,2.08
2026-06-02,5.39,5.26,5.39,5.17,276907,145294211.00,4.09,-2.23,-0.12,2.86
2026-06-03,5.22,5.24,5.34,5.19,190227,99964786.00,2.85,-0.38,-0.02,1.96
2026-06-04,5.20,5.07,5.24,5.04,293600,149981784.00,3.82,-3.24,-0.17,3.03
2026-06-05,5.07,5.08,5.14,4.93,294657,148776490.00,4.14,0.20,0.01,3.04
2026-06-08,4.98,4.87,5.05,4.81,265735,130967293.00,4.72,-4.13,-0.21,2.74
2026-06-09,4.97,4.92,4.97,4.81,196930,96241085.00,3.29,1.03,0.05,2.03
2026-06-10,4.91,4.78,4.91,4.73,239050,114610440.00,3.66,-2.85,-0.14,2.47
2026-06-11,4.74,4.75,4.83,4.70,175583,83300099.00,2.72,-0.63,-0.03,1.81
2026-06-12,4.79,4.78,4.85,4.66,247701,118238085.00,4.00,0.63,0.03,2.56
2026-06-15,4.78,4.85,4.87,4.78,183243,88716780.00,1.88,1.46,0.07,1.89
2026-06-16,4.89,4.88,4.92,4.77,216274,105029152.00,3.09,0.62,0.03,2.23
2026-06-17,4.88,4.75,4.89,4.73,207941,99514180.00,3.28,-2.66,-0.13,2.15
2026-06-18,4.73,4.62,4.74,4.60,222281,103468861.00,2.95,-2.74,-0.13,2.29
2026-06-22,4.58,4.65,4.67,4.48,322474,147191773.00,4.11,0.65,0.03,3.33
2026-06-23,4.63,4.65,4.75,4.62,268193,125792652.00,2.80,0.00,0.00,2.77
2026-06-24,4.62,4.53,4.64,4.45,237205,107178397.00,4.09,-2.58,-0.12,2.45
2026-06-25,4.53,4.43,4.53,4.41,219156,97400991.00,2.65,-2.21,-0.10,2.26
2026-06-26,4.47,4.33,4.56,4.33,294385,130064505.00,5.19,-2.26,-0.10,3.04