2026-01-05,25.80,26.16,26.17,25.71,8858,23530951.00,1.78,1.40,0.36,0.68
2026-01-06,26.17,26.40,26.49,26.12,13706,36729962.00,1.41,0.92,0.24,1.05
2026-01-07,26.31,26.43,26.57,26.20,12280,32970836.00,1.40,0.11,0.03,0.94
2026-01-08,26.34,26.65,26.72,26.34,11053,29944261.00,1.44,0.83,0.22,0.85
2026-01-09,26.52,26.79,26.81,26.52,9963,27078621.00,1.09,0.53,0.14,0.76
2026-01-12,26.76,26.94,26.97,26.67,18700,51020104.00,1.12,0.56,0.15,1.44
2026-01-13,27.02,26.67,27.21,26.65,18768,51430223.00,2.08,-1.00,-0.27,1.44
2026-01-14,26.64,26.67,26.96,26.36,22263,60526567.00,2.25,0.00,0.00,1.71
2026-01-15,26.67,26.81,27.13,26.53,14541,39801203.00,2.25,0.52,0.14,1.12
2026-01-16,26.91,26.74,26.91,26.56,11160,30401482.00,1.31,-0.26,-0.07,0.86
2026-01-19,26.86,27.11,27.19,26.78,12669,34841071.00,1.53,1.38,0.37,0.97
2026-01-20,27.12,27.06,27.24,26.94,13353,36841012.00,1.11,-0.18,-0.05,1.03
2026-01-21,26.98,27.08,27.16,26.95,10510,28956935.00,0.78,0.07,0.02,0.81
2026-01-22,27.20,27.13,27.20,27.01,12121,33455899.00,0.70,0.18,0.05,0.93
2026-01-23,27.16,27.26,27.28,27.09,13181,36520091.00,0.70,0.48,0.13,1.01
2026-01-26,27.26,27.72,27.90,27.06,33899,95142735.00,3.08,1.69,0.46,2.60
2026-01-27,27.66,27.21,27.72,26.82,22325,61742830.00,3.25,-1.84,-0.51,1.71
2026-01-28,27.11,27.31,27.57,27.02,14806,41135307.00,2.02,0.37,0.10,1.14
2026-01-29,27.25,27.09,27.45,26.87,18951,52344407.00,2.12,-0.81,-0.22,1.45
2026-01-30,27.09,27.76,28.69,27.02,54559,155306961.00,6.16,2.47,0.67,4.19
2026-02-02,27.49,26.51,27.50,26.47,33454,91875420.00,3.71,-4.50,-1.25,2.57
2026-02-03,26.62,26.47,26.79,26.24,16585,44673359.00,2.07,-0.15,-0.04,1.27
2026-02-04,26.46,26.69,26.71,26.32,11089,30037766.00,1.47,0.83,0.22,0.85
2026-02-05,26.65,26.71,27.06,26.52,13250,36194306.00,2.02,0.07,0.02,1.02
2026-02-06,26.64,26.73,26.94,26.63,18071,49358044.00,1.16,0.07,0.02,1.39
2026-02-09,26.99,26.96,27.05,26.78,10399,28495702.00,1.01,0.86,0.23,0.80
2026-02-10,26.91,27.19,27.44,26.79,16339,45116246.00,2.41,0.85,0.23,1.25
2026-02-11,27.12,27.11,27.28,27.03,10337,28560414.00,0.92,-0.29,-0.08,0.79
2026-02-12,27.11,26.69,27.11,26.66,10001,27287463.00,1.66,-1.55,-0.42,0.77
2026-02-13,26.88,26.35,26.88,26.34,8730,23649556.00,2.02,-1.27,-0.34,0.67
2026-02-24,26.59,26.86,26.88,26.51,8804,23965184.00,1.40,1.94,0.51,0.68
2026-02-25,26.89,27.11,27.29,26.79,12148,33577879.00,1.86,0.93,0.25,0.93
2026-02-26,27.25,29.27,29.99,26.96,98474,288795285.00,11.18,7.97,2.16,7.56
2026-02-27,28.48,28.06,28.49,27.81,69027,196967963.00,2.32,-4.13,-1.21,5.30
2026-03-02,27.52,27.76,27.92,27.24,41268,115775134.00,2.42,-1.07,-0.30,3.17
2026-03-03,27.68,26.94,28.00,26.93,32784,91617041.00,3.85,-2.95,-0.82,2.52
2026-03-04,26.31,26.38,26.83,26.01,27882,75075393.00,3.04,-2.08,-0.56,2.14
2026-03-05,26.64,26.21,26.64,26.09,19513,52279562.00,2.08,-0.64,-0.17,1.50
2026-03-06,26.08,26.88,26.97,26.06,20940,56834903.00,3.47,2.56,0.67,1.61
2026-03-09,26.63,26.61,27.00,26.56,15893,43192554.00,1.64,-1.00,-0.27,1.22
2026-03-10,26.79,26.96,27.00,26.62,12610,34476825.00,1.43,1.32,0.35,0.97
2026-03-11,26.97,26.94,27.02,26.83,9975,27346880.00,0.70,-0.07,-0.02,0.77
2026-03-12,26.96,27.09,27.23,26.71,15662,43002526.00,1.93,0.56,0.15,1.20
2026-03-13,27.08,26.98,27.34,26.90,19266,53288309.00,1.62,-0.41,-0.11,1.48
2026-03-16,26.96,27.27,27.31,26.90,14648,40557456.00,1.52,1.07,0.29,1.12
2026-03-17,27.29,26.59,27.45,26.57,18420,50588885.00,3.23,-2.49,-0.68,1.41
2026-03-18,26.58,26.74,26.75,26.36,12247,33061064.00,1.47,0.56,0.15,0.94
2026-03-19,26.56,25.97,26.59,25.89,16674,44469062.00,2.62,-2.88,-0.77,1.28
2026-03-20,26.11,25.46,26.14,25.46,12150,31858366.00,2.62,-1.96,-0.51,0.93
2026-03-23,25.20,24.20,25.40,24.01,20862,52249024.00,5.46,-4.95,-1.26,1.60
2026-03-24,24.63,24.63,24.71,24.23,9094,22703751.00,1.98,1.78,0.43,0.70
2026-03-25,24.75,25.03,25.03,24.71,8780,22315951.00,1.30,1.62,0.40,0.67
2026-03-26,25.03,24.76,25.20,24.69,6143,15609874.00,2.04,-1.08,-0.27,0.47
2026-03-27,24.68,25.30,25.31,24.53,8000,20471779.00,3.15,2.18,0.54,0.61
2026-03-30,25.00,25.66,25.75,24.97,11364,29494417.00,3.08,1.42,0.36,0.87
2026-03-31,25.66,25.38,25.80,25.33,7322,19125353.00,1.83,-1.09,-0.28,0.56
2026-04-01,25.63,25.86,25.88,25.51,7548,19807805.00,1.46,1.89,0.48,0.58
2026-04-02,25.86,26.10,26.32,25.76,18850,50034267.00,2.17,0.93,0.24,1.45
2026-04-03,26.21,25.09,26.21,25.08,12407,32087745.00,4.33,-3.87,-1.01,0.95
2026-04-07,25.11,25.83,25.88,25.11,10131,26512208.00,3.07,2.95,0.74,0.78
2026-04-08,25.94,26.17,26.29,25.85,13226,35202493.00,1.70,1.32,0.34,1.02
2026-04-09,25.96,25.81,26.16,25.65,12601,33199539.00,1.95,-1.38,-0.36,0.97
2026-04-10,26.01,26.06,26.27,25.83,10139,26936979.00,1.70,0.97,0.25,0.78
2026-04-13,26.01,26.09,26.17,25.87,7182,19051587.00,1.15,0.12,0.03,0.55
2026-04-14,26.21,26.12,26.23,25.96,5838,15530981.00,1.03,0.11,0.03,0.45
2026-04-15,26.31,26.17,26.37,26.04,8869,23676719.00,1.26,0.19,0.05,0.68
2026-04-16,26.27,26.14,26.30,26.04,8363,22271763.00,0.99,-0.11,-0.03,0.64
2026-04-17,26.19,25.79,26.22,25.79,9768,25791739.00,1.64,-1.34,-0.35,0.75
2026-04-20,25.79,25.90,25.99,25.69,9285,24473079.00,1.16,0.43,0.11,0.71
2026-04-21,25.87,25.77,26.01,25.72,7486,19701357.00,1.12,-0.50,-0.13,0.57
2026-04-22,25.79,25.66,25.85,25.53,7829,20456944.00,1.24,-0.43,-0.11,0.60
2026-04-23,25.67,25.50,25.78,25.37,7942,20671511.00,1.60,-0.62,-0.16,0.61
2026-04-24,25.49,25.43,25.60,25.25,11541,29854280.00,1.37,-0.27,-0.07,0.89
2026-04-27,25.43,25.83,25.89,25.23,13864,36179026.00,2.60,1.57,0.40,1.06
2026-04-28,25.76,25.61,25.89,25.54,10002,26194353.00,1.36,-0.85,-0.22,0.77
2026-04-29,25.84,26.52,26.62,25.75,23133,62233284.00,3.40,3.55,0.91,1.78
2026-04-30,26.40,26.74,26.80,26.33,16668,45206911.00,1.77,0.83,0.22,1.28
2026-05-06,26.79,26.63,26.90,26.61,16078,43805944.00,1.08,-0.41,-0.11,1.23
2026-05-07,26.63,26.74,26.84,26.53,13172,35872681.00,1.16,0.41,0.11,1.01
2026-05-08,26.75,26.84,26.87,26.61,16719,45606239.00,0.97,0.37,0.10,1.28
2026-05-11,26.83,26.96,26.96,26.51,13985,38129135.00,1.68,0.45,0.12,1.07
2026-05-12,26.84,26.70,27.12,26.46,13146,35885213.00,2.45,-0.96,-0.26,1.01
2026-05-13,26.91,26.97,27.28,26.63,15564,42776916.00,2.43,1.01,0.27,1.19
2026-05-14,26.99,26.76,27.20,26.67,12637,34544946.00,1.97,-0.78,-0.21,0.97
2026-05-15,26.91,26.46,26.92,26.41,15926,43300608.00,1.91,-1.12,-0.30,1.22
2026-05-18,26.42,26.37,26.71,26.14,13342,35792313.00,2.15,-0.34,-0.09,1.02
2026-05-19,26.40,26.23,26.56,25.91,12042,32130690.00,2.46,-0.53,-0.14,0.92
2026-05-20,26.21,26.12,26.21,25.76,9070,24001250.00,1.72,-0.42,-0.11,0.70
2026-05-21,26.13,25.45,26.42,25.41,13418,35506273.00,3.87,-2.57,-0.67,1.03
2026-05-22,25.46,25.66,25.89,25.25,9307,24218348.00,2.51,0.83,0.21,0.71
2026-05-25,25.66,25.51,25.89,25.35,9800,25517904.00,2.10,-0.58,-0.15,0.75
2026-05-26,25.66,25.20,25.66,24.91,14403,37030146.00,2.94,-1.22,-0.31,1.11
2026-05-27,25.21,24.75,25.34,24.49,14153,35870683.00,3.37,-1.79,-0.45,1.09
2026-05-28,24.71,24.60,24.93,24.29,10371,26003964.00,2.59,-0.61,-0.15,0.80
2026-05-29,24.67,24.44,24.87,24.35,9829,24681379.00,2.11,-0.65,-0.16,0.75
2026-06-01,24.35,25.06,25.13,24.35,11172,28319568.00,3.19,2.54,0.62,0.86
2026-06-02,25.06,24.53,25.18,24.47,9502,23905416.00,2.83,-2.11,-0.53,0.73
2026-06-03,24.42,23.67,24.59,23.61,18148,44368530.00,4.00,-3.51,-0.86,1.39
2026-06-04,23.62,23.58,23.96,23.27,19262,46443730.00,2.92,-0.38,-0.09,1.48
2026-06-05,23.58,23.52,23.87,23.33,13450,32410667.00,2.29,-0.25,-0.06,1.03
2026-06-08,23.17,22.90,23.48,22.60,14347,33736845.00,3.74,-2.64,-0.62,1.10
2026-06-09,23.13,22.99,23.18,22.64,10401,24361608.00,2.36,0.39,0.09,0.80
2026-06-10,22.78,23.07,23.30,22.78,9774,23021091.00,2.26,0.35,0.08,0.75
2026-06-11,22.77,22.93,23.26,22.65,8509,19896319.00,2.64,-0.61,-0.14,0.65
2026-06-12,23.11,23.51,23.54,22.88,12024,28595260.00,2.88,2.53,0.58,0.92
2026-06-15,23.51,23.65,23.85,23.41,10744,25929759.00,1.87,0.60,0.14,0.82
2026-06-16,23.65,23.38,23.65,23.17,11031,26289890.00,2.03,-1.14,-0.27,0.85
2026-06-17,23.28,23.10,23.30,22.73,10344,24294330.00,2.44,-1.20,-0.28,0.79
2026-06-18,23.03,23.25,23.40,22.70,9640,22791911.00,3.03,0.65,0.15,0.74
2026-06-22,23.27,23.51,23.55,22.46,15872,37398894.00,4.69,1.12,0.26,1.22
2026-06-23,23.52,23.55,23.90,23.11,10927,26396140.00,3.36,0.17,0.04,0.84
2026-06-24,23.32,23.07,23.55,22.91,8672,20503642.00,2.72,-2.04,-0.48,0.67
2026-06-25,23.08,22.62,23.25,22.32,12583,29038886.00,4.03,-1.95,-0.45,0.97
2026-06-26,22.50,21.92,22.68,21.87,12306,27764414.00,3.58,-3.09,-0.70,0.94
2026-06-29,21.69,22.20,22.36,21.32,11712,26172944.00,4.74,1.28,0.28,0.90
2026-06-30,22.07,21.74,22.28,21.63,8863,19797810.00,2.93,-2.07,-0.46,0.68
2026-07-01,21.61,22.51,22.86,21.57,11960,27327864.00,5.93,3.54,0.77,0.92
2026-07-02,22.29,22.42,22.81,22.23,9618,22161517.00,2.58,-0.40,-0.09,0.74
2026-07-03,22.51,22.80,22.95,22.50,10818,25154914.00,2.01,1.69,0.38,0.83
2026-07-06,22.81,23.21,23.41,22.71,15061,35632559.00,3.07,1.80,0.41,1.16
2026-07-07,23.51,22.84,23.97,22.76,16032,38103380.00,5.21,-1.59,-0.37,1.23
2026-07-08,22.81,22.99,23.68,22.42,16003,37713011.00,5.52,0.66,0.15,1.23
2026-07-09,22.97,22.53,23.00,22.17,13552,31147227.00,3.61,-2.00,-0.46,1.04
2026-07-10,22.51,22.72,23.11,22.20,14907,34589558.00,4.04,0.84,0.19,1.14
2026-07-13,22.55,22.81,23.16,22.54,14249,33182981.00,2.73,0.40,0.09,1.09
2026-07-14,22.58,23.68,24.01,22.36,18721,44062926.00,7.23,3.81,0.87,1.44
2026-07-15,23.59,23.81,24.32,23.35,24163,59025796.00,4.10,0.55,0.13,1.85
2026-07-16,23.96,23.85,24.16,23.63,15361,36660498.00,2.23,0.17,0.04,1.18
2026-07-17,23.89,23.38,24.28,23.27,17938,42608990.00,4.23,-1.97,-0.47,1.38
2026-07-20,23.38,23.14,23.98,22.81,16435,38375066.00,5.00,-1.03,-0.24,1.26
2026-07-21,23.20,22.75,23.23,22.41,17106,38783859.00,3.54,-1.69,-0.39,1.31
2026-07-22,22.42,22.61,23.04,22.40,12107,27412191.00,2.81,-0.62,-0.14,0.93
2026-07-23,22.39,22.99,23.02,22.39,9676,22043775.00,2.79,1.68,0.38,0.74
2026-07-24,22.80,22.26,23.09,22.20,11054,24787801.00,3.87,-3.18,-0.73,0.85
2026-07-27,22.12,22.49,22.62,22.06,7771,17459931.00,2.52,1.03,0.23,0.60
2026-07-28,22.30,22.59,22.86,22.17,7478,16965698.00,3.07,0.44,0.10,0.57
2026-07-29,22.80,23.64,23.99,22.61,28020,66024870.00,6.11,4.65,1.05,2.15
2026-07-30,23.58,23.22,23.82,23.04,19202,44892821.00,3.30,-1.78,-0.42,1.47
2026-07-31,23.20,23.45,23.49,23.11,11356,26513934.00,1.64,0.99,0.23,0.87
2026-08-03,23.50,23.71,23.73,23.35,11164,26308417.00,1.62,1.11,0.26,0.86
2026-08-04,23.72,23.69,23.84,23.57,10175,24097696.00,1.14,-0.08,-0.02,0.78
2026-08-05,23.72,23.65,23.72,23.43,12062,28410644.00,1.22,-0.17,-0.04,0.93