2026-01-05,44.51,46.15,46.28,44.51,99719,458682754.00,3.97,3.52,1.57,2.55
2026-01-06,45.83,47.03,47.90,45.68,117343,548462093.00,4.81,1.91,0.88,3.00
2026-01-07,47.03,46.83,47.70,46.20,83153,390641997.00,3.19,-0.43,-0.20,2.13
2026-01-08,47.02,48.92,52.76,46.50,274343,1362838462.00,13.37,4.46,2.09,7.01
2026-01-09,48.71,51.60,51.65,47.40,292641,1451215367.00,8.69,5.48,2.68,7.48
2026-01-12,52.58,53.90,54.60,51.70,348183,1861954454.00,5.62,4.46,2.30,8.90
2026-01-13,54.02,50.13,54.39,49.45,241675,1248849753.00,9.17,-6.99,-3.77,6.18
2026-01-14,50.29,50.97,52.56,50.20,218134,1124703567.00,4.71,1.68,0.84,5.58
2026-01-15,51.15,49.72,51.46,48.99,132705,662930856.00,4.85,-2.45,-1.25,3.39
2026-01-16,50.05,49.02,50.44,47.70,137139,670855900.00,5.51,-1.41,-0.70,3.51
2026-01-19,48.40,48.48,49.18,48.10,90292,438791917.00,2.20,-1.10,-0.54,2.31
2026-01-20,48.40,47.17,49.30,46.50,92327,440938566.00,5.78,-2.70,-1.31,2.36
2026-01-21,46.78,48.57,49.14,46.40,120346,579281503.00,5.81,2.97,1.40,3.08
2026-01-22,48.67,50.10,50.75,48.50,160627,802353120.00,4.63,3.15,1.53,4.11
2026-01-23,51.12,49.16,51.12,49.08,122699,610118995.00,4.07,-1.88,-0.94,3.14
2026-01-26,48.67,47.63,48.96,47.40,121040,580225356.00,3.17,-3.11,-1.53,3.09
2026-01-27,47.61,47.90,48.30,46.60,88642,421078311.00,3.57,0.57,0.27,2.27
2026-01-28,47.85,46.15,48.09,45.90,100600,471792224.00,4.57,-3.65,-1.75,2.57
2026-01-29,46.03,45.63,47.44,45.20,92440,429538606.00,4.85,-1.13,-0.52,2.36
2026-01-30,45.43,44.35,45.85,43.70,85890,382468698.00,4.71,-2.81,-1.28,2.20
2026-02-02,44.36,42.79,44.69,42.75,70274,307037804.00,4.37,-3.52,-1.56,1.80
2026-02-03,43.29,43.72,43.86,42.68,65022,282680771.00,2.76,2.17,0.93,1.66
2026-02-04,43.70,43.30,43.70,42.77,50988,220299770.00,2.13,-0.96,-0.42,1.30
2026-02-05,43.00,42.86,43.40,42.66,46834,201359563.00,1.71,-1.02,-0.44,1.20
2026-02-06,42.65,42.64,43.33,42.20,43314,186238097.00,2.64,-0.51,-0.22,1.11
2026-02-09,43.35,43.77,44.18,43.02,57652,252524623.00,2.72,2.65,1.13,1.47
2026-02-10,43.81,44.20,45.25,43.81,67502,301701207.00,3.29,0.98,0.43,1.73
2026-02-11,43.88,43.63,44.53,43.53,41848,184106613.00,2.26,-1.29,-0.57,1.07
2026-02-12,43.66,45.36,46.01,43.66,106090,479259618.00,5.39,3.97,1.73,2.71
2026-02-13,45.10,46.59,48.90,44.70,153793,727317027.00,9.26,2.71,1.23,3.93
2026-02-24,47.14,44.72,47.95,44.00,111505,502479550.00,8.48,-4.01,-1.87,2.85
2026-02-25,45.17,44.92,46.23,44.75,62328,282449045.00,3.31,0.45,0.20,1.59
2026-02-26,44.90,47.19,47.56,44.90,133590,622509282.00,5.92,5.05,2.27,3.41
2026-02-27,46.43,49.66,51.20,46.42,247890,1226432414.00,10.13,5.23,2.47,6.34
2026-03-02,47.60,47.48,48.86,47.24,161301,775370067.00,3.26,-4.39,-2.18,4.12
2026-03-03,47.41,44.30,47.88,44.08,133891,609285407.00,8.00,-6.70,-3.18,3.42
2026-03-04,43.45,44.52,45.35,43.45,68906,308202604.00,4.29,0.50,0.22,1.76
2026-03-05,45.40,44.15,45.51,43.78,76593,340492016.00,3.89,-0.83,-0.37,1.96
2026-03-06,43.78,46.24,47.10,43.78,119723,548172913.00,7.52,4.73,2.09,3.06
2026-03-09,45.13,47.63,48.05,44.26,124672,577025501.00,8.20,3.01,1.39,3.19
2026-03-10,48.78,48.13,49.55,47.60,138454,672317469.00,4.09,1.05,0.50,3.54
2026-03-11,47.70,47.41,48.70,47.17,98117,470078751.00,3.18,-1.50,-0.72,2.51
2026-03-12,47.20,46.97,48.22,46.21,105212,496073486.00,4.24,-0.93,-0.44,2.69
2026-03-13,46.90,47.22,47.90,46.00,99820,471619860.00,4.05,0.53,0.25,2.55
2026-03-16,46.58,46.76,47.73,46.58,82338,387979519.00,2.44,-0.97,-0.46,2.10
2026-03-17,47.18,44.50,47.20,44.50,85207,386625042.00,5.77,-4.83,-2.26,2.18
2026-03-18,44.89,45.99,46.26,44.53,82741,377500588.00,3.89,3.35,1.49,2.11
2026-03-19,45.40,45.40,48.11,45.11,129604,602287698.00,6.52,-1.28,-0.59,3.31
2026-03-20,46.03,42.85,46.20,42.78,114059,502529193.00,7.53,-5.62,-2.55,2.92
2026-03-23,41.56,40.60,42.85,39.89,103299,428894760.00,6.91,-5.25,-2.25,2.64
2026-03-24,41.06,40.60,41.40,39.79,69028,280007291.00,3.97,0.00,0.00,1.76
2026-03-25,40.72,41.35,42.40,40.60,64614,270374331.00,4.43,1.85,0.75,1.65
2026-03-26,41.30,40.14,41.44,39.72,55700,225498123.00,4.16,-2.93,-1.21,1.42
2026-03-27,39.58,40.45,40.80,39.15,45842,184658555.00,4.11,0.77,0.31,1.17
2026-03-30,39.50,41.64,41.90,39.40,77036,316675056.00,6.18,2.94,1.19,1.97
2026-03-31,41.41,40.45,41.85,40.40,45990,189686301.00,3.48,-2.86,-1.19,1.18
2026-04-01,41.37,40.79,41.37,40.46,45028,184321045.00,2.25,0.84,0.34,1.15
2026-04-02,40.60,39.44,40.74,39.17,54070,215475972.00,3.85,-3.31,-1.35,1.38
2026-04-03,39.85,40.05,40.38,39.36,47581,190369614.00,2.59,1.55,0.61,1.22
2026-04-07,39.25,40.24,40.84,39.17,53122,214265020.00,4.17,0.47,0.19,1.36
2026-04-08,41.10,41.62,41.62,40.85,81063,335558440.00,1.91,3.43,1.38,2.07
2026-04-09,41.11,43.80,44.89,40.71,164277,703650571.00,10.04,5.24,2.18,4.20
2026-04-10,43.80,44.16,45.60,43.32,146613,658255866.00,5.21,0.82,0.36,3.75
2026-04-13,43.61,43.43,44.70,43.28,74323,326504154.00,3.22,-1.65,-0.73,1.90
2026-04-14,43.80,43.66,44.34,43.07,69817,304583595.00,2.92,0.53,0.23,1.78
2026-04-15,43.90,44.35,45.70,43.48,118771,531986232.00,5.08,1.58,0.69,3.04
2026-04-16,44.58,45.97,46.60,44.40,126374,579996631.00,4.96,3.65,1.62,3.23
2026-04-17,45.61,47.21,48.65,45.56,151990,722729927.00,6.72,2.70,1.24,3.88
2026-04-20,47.25,47.05,48.62,46.83,121982,581410782.00,3.79,-0.34,-0.16,3.12
2026-04-21,47.26,47.20,47.83,46.77,92292,437517589.00,2.25,0.32,0.15,2.36
2026-04-22,47.01,48.80,49.28,47.01,141718,686811288.00,4.81,3.39,1.60,3.62
2026-04-23,48.70,48.48,49.46,47.90,110805,538919296.00,3.20,-0.66,-0.32,2.83
2026-04-24,48.12,48.13,49.39,47.23,107644,520867584.00,4.46,-0.72,-0.35,2.75
2026-04-27,47.89,47.87,48.39,46.63,107436,514725986.00,3.66,-0.54,-0.26,2.75
2026-04-28,47.86,46.25,48.52,45.86,113187,532965400.00,5.56,-3.38,-1.62,2.89
2026-04-29,45.81,47.29,48.92,45.80,124170,593688112.00,6.75,2.25,1.04,3.17
2026-04-30,47.06,50.85,51.89,47.00,220031,1099535612.00,10.34,7.53,3.56,5.62
2026-05-06,52.70,57.30,59.15,51.40,438299,2452947884.00,15.24,12.68,6.45,11.20
2026-05-07,57.30,58.25,58.80,55.90,313095,1792238978.00,5.06,1.66,0.95,8.00
2026-05-08,58.90,57.71,59.23,56.95,187810,1090819754.00,3.91,-0.93,-0.54,4.80
2026-05-11,57.90,57.24,59.80,56.60,202906,1169227231.00,5.54,-0.81,-0.47,5.19
2026-05-12,57.14,58.29,58.90,53.96,254928,1440864945.00,8.63,1.83,1.05,6.52
2026-05-13,59.33,59.16,60.33,57.95,273745,1625700580.00,4.08,1.49,0.87,7.00
2026-05-14,59.16,57.91,60.56,57.56,224670,1330469245.00,5.07,-2.11,-1.25,5.74
2026-05-15,59.12,58.56,61.37,57.23,270887,1591335245.00,7.15,1.12,0.65,6.92
2026-05-18,58.40,57.96,58.97,55.40,175540,1009184242.00,6.10,-1.02,-0.60,4.49
2026-05-19,58.20,56.46,58.77,55.77,206924,1178591976.00,5.18,-2.59,-1.50,5.29
2026-05-20,56.46,55.22,57.58,54.90,167236,943121834.00,4.75,-2.20,-1.24,4.27
2026-05-21,55.73,44.95,56.49,44.34,559086,2712983720.00,22.00,-18.60,-10.27,14.29
2026-05-22,45.67,47.09,47.28,43.40,292165,1332806954.00,8.63,4.76,2.14,7.47
2026-05-25,48.57,51.17,52.22,48.57,273533,1397553565.00,7.75,8.66,4.08,6.99
2026-05-26,50.44,49.84,51.13,48.40,152543,759575138.00,5.34,-2.60,-1.33,3.90
2026-05-27,49.10,47.90,49.46,47.48,147130,711273751.00,3.97,-3.89,-1.94,3.76
2026-05-28,48.04,48.23,48.98,47.11,143865,693016309.00,3.90,0.69,0.33,3.68
2026-05-29,47.91,44.51,48.71,42.60,281447,1256930084.00,12.67,-7.71,-3.72,7.19
2026-06-01,43.24,43.48,45.50,42.25,185526,815848631.00,7.30,-2.31,-1.03,4.74
2026-06-02,44.00,43.06,44.24,42.66,119876,517918929.00,3.63,-0.97,-0.42,3.06
2026-06-03,42.40,41.30,42.45,39.00,246515,1011482380.00,8.01,-4.09,-1.76,6.30
2026-06-04,41.29,40.94,41.92,40.39,157470,647053064.00,3.70,-0.87,-0.36,4.02
2026-06-05,41.00,41.11,41.88,39.23,186789,758748174.00,6.47,0.42,0.17,4.77
2026-06-08,39.88,38.60,40.69,37.50,154601,604011932.00,7.76,-6.11,-2.51,3.95
2026-06-09,38.76,38.38,39.64,37.75,112425,431669134.00,4.90,-0.57,-0.22,2.87
2026-06-10,38.32,37.10,39.16,36.83,101608,382687874.00,6.07,-3.34,-1.28,2.60
2026-06-11,36.89,34.99,37.15,34.69,160598,572008614.00,6.63,-5.69,-2.11,4.10
2026-06-12,35.50,35.15,36.29,34.87,133253,473802898.00,4.06,0.46,0.16,3.41
2026-06-15,35.67,37.54,37.66,35.20,149690,548270738.00,7.00,6.80,2.39,3.83
2026-06-16,37.19,37.88,38.10,36.65,114560,428317621.00,3.86,0.91,0.34,2.93
2026-06-17,37.70,41.03,41.29,37.32,183889,734819578.00,10.48,8.32,3.15,4.70
2026-06-18,41.41,42.78,43.98,40.78,209305,893630965.00,7.80,4.27,1.75,5.35
2026-06-22,42.62,42.07,43.92,41.14,155455,656268153.00,6.50,-1.66,-0.71,3.97
2026-06-23,42.20,40.17,42.20,40.13,122653,502455423.00,4.92,-4.52,-1.90,3.13
2026-06-24,39.92,41.18,42.20,39.00,156894,638343626.00,7.97,2.51,1.01,4.01
2026-06-25,41.18,40.95,41.78,40.22,122003,497835423.00,3.79,-0.56,-0.23,3.12
2026-06-26,40.80,37.78,40.80,37.76,135635,525178947.80,7.42,-7.74,-3.17,3.47