2026-01-05,22.24,21.62,22.24,21.49,6487827,14418140742.79,3.71,7.03,1.42,19.35
2026-01-06,21.01,23.80,23.80,20.60,6176228,13663631128.28,14.80,10.08,2.18,18.42
2026-01-07,24.30,26.20,26.20,23.61,6801731,16845815443.14,10.88,10.08,2.40,20.29
2026-01-08,25.80,28.84,28.84,25.33,6081267,16759890677.63,13.40,10.08,2.64,18.14
2026-01-09,31.74,31.74,31.74,30.54,5632929,17893128946.10,4.16,10.06,2.90,16.74
2026-01-12,33.79,34.93,34.93,33.35,3796194,13189513602.71,4.98,10.05,3.19,11.28
2026-01-13,35.80,33.75,36.83,31.42,8963325,30088791029.09,15.49,-3.38,-1.18,26.64
2026-01-14,34.27,33.18,35.35,32.43,7550424,25760095916.05,8.65,-1.69,-0.57,22.44
2026-01-15,30.19,29.84,31.42,29.84,1807170,5476993213.23,4.76,-10.07,-3.34,5.37
2026-01-16,26.84,26.84,26.84,26.84,690435,1866936240.00,0.00,-10.05,-3.00,2.05
2026-01-19,24.14,27.50,28.31,24.14,7116452,18598306971.45,15.54,2.46,0.66,21.15
2026-01-20,26.73,25.86,27.13,25.45,4990954,13149514163.99,6.11,-5.96,-1.64,14.84
2026-01-21,25.74,25.25,26.38,25.18,3336930,8667470983.33,4.64,-2.36,-0.61,9.92
2026-01-22,25.43,26.69,26.99,25.14,4304908,11402478112.74,7.33,5.70,1.44,12.80
2026-01-23,27.49,29.38,29.38,27.49,3489662,10056922132.57,7.08,10.08,2.69,10.37
2026-01-26,29.59,28.20,30.33,27.81,5769714,16880314060.74,8.58,-4.02,-1.18,17.15
2026-01-27,28.04,28.39,29.29,27.89,3403807,9808694858.55,4.96,0.67,0.19,10.12
2026-01-28,28.11,27.51,28.56,27.05,3081180,8563373069.59,5.32,-3.10,-0.88,9.16
2026-01-29,27.28,26.70,28.27,26.61,2898894,8010026963.68,6.03,-2.94,-0.81,8.62
2026-01-30,26.71,25.91,27.43,25.58,2381310,6292249482.74,6.93,-2.96,-0.79,7.08
2026-02-02,25.90,25.43,26.60,25.33,2073522,5407860212.11,4.90,-1.85,-0.48,6.16
2026-02-03,25.81,26.96,27.20,25.27,3248801,8647014287.65,7.59,6.02,1.53,9.66
2026-02-04,26.61,27.08,27.77,26.46,2976868,8107434233.80,4.86,0.45,0.12,8.85
2026-02-05,25.33,24.62,25.74,24.36,3514464,8820903598.43,5.10,-9.08,-2.46,10.45
2026-02-06,24.56,25.31,25.87,24.56,2428441,6215858257.09,5.32,2.80,0.69,7.22
2026-02-09,25.82,25.99,26.38,25.23,2255275,5857402781.78,4.54,2.69,0.68,6.70
2026-02-10,26.00,25.47,26.13,25.32,1432205,3694226315.17,3.12,-2.00,-0.52,4.26
2026-02-11,25.45,25.26,25.93,25.20,1337457,3442629686.65,2.87,-0.82,-0.21,3.98
2026-02-12,25.00,24.93,25.40,24.85,1257804,3178851988.51,2.18,-1.31,-0.33,3.74
2026-02-13,24.85,24.70,25.09,24.65,1007794,2521739349.90,1.76,-0.92,-0.23,3.00
2026-02-24,25.03,25.88,26.45,24.83,2290205,5985785735.77,6.56,4.78,1.18,6.81
2026-02-25,26.00,27.06,27.37,25.88,2608005,7059322404.23,5.76,4.56,1.18,7.75
2026-02-26,26.80,28.18,28.53,26.42,3370775,9473116841.11,7.80,4.14,1.12,10.02
2026-02-27,27.80,28.25,28.79,27.68,2618153,7448061534.47,3.94,0.25,0.07,7.78
2026-03-02,27.88,27.91,29.38,27.87,3120822,8961568263.41,5.35,-1.20,-0.34,9.28
2026-03-03,27.92,26.13,28.05,26.06,2601843,7017266615.81,7.13,-6.38,-1.78,7.74
2026-03-04,25.67,26.81,27.78,25.67,2119125,5751431236.03,8.08,2.60,0.68,6.30
2026-03-05,27.40,27.80,27.95,26.91,2415127,6698631898.55,3.88,3.69,0.99,7.18
2026-03-06,27.68,28.27,28.78,27.52,2465203,7030157732.36,4.53,1.69,0.47,7.33
2026-03-09,27.50,28.27,28.38,27.30,1972762,5538672034.99,3.82,0.00,0.00,5.87
2026-03-10,28.39,28.28,29.00,28.03,2010059,5763492940.55,3.43,0.04,0.01,5.98
2026-03-11,28.31,30.04,30.80,27.62,4343929,12789875618.93,11.24,6.22,1.76,12.91
2026-03-12,29.74,31.09,32.80,28.95,4781429,14690731957.48,12.82,3.50,1.05,14.22
2026-03-13,31.15,31.23,32.48,30.80,3941956,12534772375.98,5.40,0.45,0.14,11.72
2026-03-16,31.70,30.81,33.10,29.19,4496377,14402035938.70,12.52,-1.34,-0.42,13.37
2026-03-17,29.81,28.35,30.50,28.30,3216179,9517518280.43,7.14,-7.98,-2.46,9.56
2026-03-18,28.36,30.80,31.21,28.00,4543151,13679729835.26,11.32,8.64,2.45,13.51
2026-03-19,29.80,29.61,30.97,29.45,3161139,9581179569.88,4.94,-3.86,-1.19,9.40
2026-03-20,29.70,29.00,30.19,28.95,2412637,7170964097.78,4.19,-2.06,-0.61,7.17
2026-03-23,28.20,27.21,28.88,27.10,2435664,6853876678.32,6.14,-6.17,-1.79,7.24
2026-03-24,27.88,27.38,28.03,26.84,2044648,5646815711.88,4.37,0.62,0.17,6.08
2026-03-25,27.65,28.11,28.58,27.63,1977758,5607516975.21,3.47,2.67,0.73,5.88
2026-03-26,28.41,27.93,28.55,27.18,2113751,5946385535.03,4.87,-0.64,-0.18,6.28
2026-03-27,27.20,27.25,27.75,26.85,1468402,4039467188.46,3.22,-2.43,-0.68,4.37
2026-03-30,27.26,27.52,28.16,27.26,1939899,5414551196.17,3.30,0.99,0.27,5.77
2026-03-31,27.55,26.10,27.78,25.80,2631421,7121209519.90,7.19,-5.16,-1.42,7.82
2026-04-01,26.33,25.22,26.41,24.85,2211044,5634329609.94,5.98,-3.37,-0.88,6.57
2026-04-02,25.20,23.81,25.49,23.70,2345841,5765785963.36,7.10,-5.59,-1.41,6.97
2026-04-03,23.70,24.02,24.24,22.73,2421140,5712791331.26,6.34,0.88,0.21,7.20
2026-04-07,23.64,22.69,23.64,22.60,2285768,5296895007.59,4.33,-5.54,-1.33,6.80
2026-04-08,23.00,23.64,23.66,23.00,2777689,6560648060.51,2.91,4.19,0.95,8.26
2026-04-09,23.22,23.64,24.00,22.81,2132337,5058621263.18,5.03,0.00,0.00,6.34
2026-04-10,23.82,23.87,24.57,23.81,2016803,4906922880.63,3.21,0.97,0.23,6.00
2026-04-13,23.59,23.94,24.10,23.50,1225553,2951494454.81,2.51,0.29,0.07,3.64
2026-04-14,24.15,25.10,25.14,23.90,2797037,6936841260.07,5.18,4.85,1.16,8.32
2026-04-15,25.23,24.82,25.75,24.64,2581314,6555546967.64,4.42,-1.12,-0.28,7.67
2026-04-16,24.90,24.79,25.00,24.60,1536268,3830583494.71,1.61,-0.12,-0.03,4.57
2026-04-17,24.79,25.19,25.40,24.60,1763846,4465281962.27,3.23,1.61,0.40,5.24
2026-04-20,24.94,26.39,26.75,24.83,2803097,7312219053.96,7.62,4.76,1.20,8.33
2026-04-21,26.20,25.93,26.49,25.69,1808333,4730705962.37,3.03,-1.74,-0.46,5.38
2026-04-22,25.68,26.03,26.17,25.49,1588431,4128754022.34,2.62,0.39,0.10,4.72
2026-04-23,26.25,25.50,26.29,25.24,1585717,4099406423.81,4.03,-2.04,-0.53,4.71
2026-04-24,25.46,25.28,26.00,25.05,1582156,4069678260.58,3.73,-0.86,-0.22,4.70
2026-04-27,26.01,26.33,26.78,26.01,2412312,6418259785.51,3.05,4.15,1.05,7.17
2026-04-28,26.25,25.31,26.30,25.20,1763623,4540471711.03,4.18,-3.87,-1.02,5.24
2026-04-29,25.03,25.53,25.69,24.87,1292192,3316064726.63,3.24,0.87,0.22,3.84
2026-04-30,26.31,27.35,27.98,26.00,3493626,9489163559.80,7.76,7.13,1.82,10.39
2026-05-06,27.80,27.74,28.15,27.50,3050494,8560143217.49,2.38,1.43,0.39,9.07
2026-05-07,27.75,28.26,28.48,27.64,2650063,7482581451.74,3.03,1.87,0.52,7.88
2026-05-08,27.89,28.29,28.72,27.81,2366480,6728896828.81,3.22,0.11,0.03,7.04
2026-05-11,28.70,27.96,28.79,27.80,2246451,6366680745.65,3.50,-1.17,-0.33,6.68
2026-05-12,27.86,27.07,27.87,26.81,1946375,5332489149.84,3.79,-3.18,-0.89,5.79
2026-05-13,26.87,27.60,27.74,26.68,1761552,4870902978.70,3.92,1.96,0.53,5.24
2026-05-14,27.75,25.83,27.80,25.78,2302553,6157468712.47,7.32,-6.41,-1.77,6.85
2026-05-15,25.70,24.89,26.15,24.63,1736128,4393904462.03,5.88,-3.64,-0.94,5.16
2026-05-18,24.80,25.59,26.10,24.80,1462306,3776764679.35,5.22,2.81,0.70,4.35
2026-05-19,25.36,25.22,25.53,24.93,1042342,2640378318.54,2.34,-1.45,-0.37,3.10
2026-05-20,25.00,25.10,25.16,24.49,1158381,2894266691.50,2.66,-0.48,-0.12,3.44
2026-05-21,25.29,24.53,25.89,24.41,1779915,4533514849.21,5.90,-2.27,-0.57,5.29
2026-05-22,24.54,25.00,25.05,24.10,1171680,2906885850.65,3.87,1.92,0.47,3.48
2026-05-25,25.00,24.68,25.08,24.10,1547898,3820844183.92,3.92,-1.28,-0.32,4.60
2026-05-26,24.48,24.31,24.55,23.55,1479360,3576076377.25,4.05,-1.50,-0.37,4.40
2026-05-27,24.47,23.40,24.76,23.25,1382654,3325138800.85,6.21,-3.74,-0.91,4.11
2026-05-28,23.40,24.10,24.26,23.28,1336150,3210932164.71,4.19,2.99,0.70,3.97
2026-05-29,23.95,23.22,24.06,23.12,1387422,3276030929.63,3.90,-3.65,-0.88,4.12
2026-06-01,23.68,23.26,23.88,23.17,1015201,2406303571.85,3.06,0.17,0.04,3.02
2026-06-02,23.03,23.04,23.19,22.16,1147135,2632826253.66,4.43,-0.95,-0.22,3.41
2026-06-03,22.90,23.41,23.83,22.60,1241902,2926844096.85,5.34,1.61,0.37,3.69
2026-06-04,23.15,23.43,23.55,23.00,791043,1864277505.50,2.35,0.09,0.02,2.35
2026-06-05,23.65,22.80,23.75,22.77,1164389,2713196329.79,4.18,-2.69,-0.63,3.46
2026-06-08,21.97,21.49,22.78,21.38,1211201,2677321658.26,6.14,-5.75,-1.31,3.60
2026-06-09,21.73,21.80,21.88,21.06,1018540,2201391717.27,3.82,1.44,0.31,3.03
2026-06-10,21.80,21.05,22.09,20.83,1053771,2256839231.90,5.78,-3.44,-0.75,3.13
2026-06-11,20.81,20.93,21.08,20.60,842004,1770083900.26,2.28,-0.57,-0.12,2.50
2026-06-12,21.36,21.23,22.10,21.10,1697071,3712737599.62,4.78,1.43,0.30,5.05
2026-06-15,21.33,21.14,21.46,20.71,1293343,2735836517.53,3.53,-0.42,-0.09,3.85
2026-06-16,21.49,21.57,22.21,21.19,1443310,3155651561.74,4.82,2.03,0.43,4.29
2026-06-17,21.47,21.78,21.90,21.22,1058409,2309292632.12,3.15,0.97,0.21,3.15
2026-06-18,21.69,22.29,22.85,21.63,1441352,3248126039.68,5.60,2.34,0.51,4.29
2026-06-22,22.29,22.74,22.75,21.46,1494541,3322382657.31,5.79,2.02,0.45,4.44
2026-06-23,22.43,21.55,22.85,21.44,1335052,2971452577.15,6.20,-5.23,-1.19,3.97
2026-06-24,21.35,22.00,22.22,20.84,1191123,2590827673.21,6.40,2.09,0.45,3.54
2026-06-25,21.80,21.70,22.46,21.38,1299602,2869869031.08,4.91,-1.36,-0.30,3.86
2026-06-26,22.31,23.13,23.70,22.06,3029974,7015099784.47,7.56,6.59,1.43,9.01
2026-06-29,22.56,21.53,22.64,21.18,2275479,5002676946.28,6.31,-6.92,-1.60,6.77
2026-06-30,22.69,23.70,23.70,22.69,2060240,4875022658.62,4.69,10.08,2.17,6.13
2026-07-01,23.70,24.46,24.86,22.99,3230984,7886730299.01,7.89,3.21,0.76,9.61
2026-07-02,23.91,23.31,24.40,23.29,2177889,5203071230.73,4.54,-4.70,-1.15,6.48
2026-07-03,23.30,24.39,24.78,23.30,2147252,5219562331.93,6.35,4.63,1.08,6.38
2026-07-06,24.53,23.71,24.78,23.32,1699005,4101988807.81,5.99,-2.79,-0.68,5.05
2026-07-07,23.33,21.99,23.50,21.83,1551794,3524090734.32,7.04,-7.25,-1.72,4.61
2026-07-08,21.76,20.84,21.95,20.82,1228579,2618857604.42,5.14,-5.23,-1.15,3.65
2026-07-09,20.62,20.13,20.78,19.51,1504076,3048041870.23,6.09,-3.41,-0.71,4.47
2026-07-10,20.27,22.16,22.16,19.73,2676621,5809635623.58,12.07,10.08,2.03,7.96
2026-07-13,21.53,20.07,21.65,20.00,1953213,4031571679.47,7.45,-9.43,-2.09,5.81
2026-07-14,19.80,18.97,19.80,18.26,1496265,2848864997.23,7.67,-5.48,-1.10,4.45
2026-07-15,18.79,18.68,19.18,18.62,849600,1617439871.02,2.95,-1.53,-0.29,2.53
2026-07-16,18.28,18.39,18.87,17.73,814783,1515912091.07,6.10,-1.55,-0.29,2.42
2026-07-17,18.29,16.81,18.39,16.80,1256735,2216652958.31,8.65,-8.59,-1.58,3.74
2026-07-20,17.20,16.83,17.29,16.49,1049471,1798581781.55,4.76,0.12,0.02,3.12
2026-07-21,16.93,17.35,17.42,16.41,1022635,1759770644.38,6.00,3.09,0.52,3.04
2026-07-22,17.24,17.31,17.88,17.16,922421,1629820543.22,4.15,-0.23,-0.04,2.74
2026-07-23,17.31,18.17,18.18,17.18,1217526,2199346674.54,5.78,4.97,0.86,3.62
2026-07-24,17.88,17.42,18.00,17.41,890913,1591360694.85,3.25,-4.13,-0.75,2.65
2026-07-27,17.40,17.95,17.98,17.32,753109,1354943172.67,3.79,3.04,0.53,2.24
2026-07-28,17.95,17.79,18.33,17.70,863133,1568143588.24,3.51,-0.89,-0.16,2.57
2026-07-29,17.80,17.88,18.00,17.32,758524,1356972989.95,3.82,0.51,0.09,2.26
2026-07-30,17.80,17.81,18.15,17.63,821684,1489224968.80,2.91,-0.39,-0.07,2.44
2026-07-31,17.97,18.19,18.46,17.97,965476,1779189683.94,2.75,2.13,0.38,2.87
2026-08-03,18.22,19.04,19.19,18.22,1444605,2759942633.64,5.33,4.67,0.85,4.29
2026-08-04,19.20,19.29,19.38,18.74,1275987,2455955127.74,3.36,1.31,0.25,3.79
2026-08-05,19.30,19.96,20.15,19.30,1405974,2814557450.37,4.41,3.47,0.67,4.18
2026-08-06,19.90,20.56,21.38,19.89,1757665,3662388849.74,7.46,3.01,0.60,5.23
2026-08-07,20.43,21.80,21.88,20.43,1943990,4166345051.75,7.05,6.03,1.24,5.78
2026-08-10,21.90,21.68,21.90,20.88,1852180,3948754576.57,4.68,-0.55,-0.12,5.51
2026-08-11,20.01,19.92,20.34,19.76,2266539,4545158379.74,2.68,-8.12,-1.76,6.74
2026-08-12,19.89,20.54,20.95,19.57,1013948,2045121578.63,6.93,3.11,0.62,3.01