2026-01-05,25.95,26.49,26.49,25.78,13829,36593472.00,2.74,2.08,0.54,1.73
2026-01-06,26.56,26.20,26.77,26.11,16259,43290629.80,2.49,-1.09,-0.29,2.04
2026-01-07,26.26,26.09,26.39,26.02,10824,28662119.90,1.41,-0.42,-0.11,1.36
2026-01-08,26.13,26.00,26.40,25.91,15352,40434432.10,1.88,-0.34,-0.09,1.92
2026-01-09,26.32,26.41,26.63,25.87,26617,70690315.00,2.92,1.58,0.41,3.33
2026-01-12,26.42,26.29,26.60,25.81,23482,62057875.12,2.99,-0.45,-0.12,2.94
2026-01-13,26.30,26.40,26.55,25.97,30344,80635813.00,2.21,0.42,0.11,3.80
2026-01-14,26.38,29.07,29.07,26.31,53250,153271452.00,10.45,10.11,2.67,6.67
2026-01-15,29.08,28.39,31.20,28.11,116291,344864428.73,10.63,-2.34,-0.68,14.56
2026-01-16,28.24,29.69,30.00,27.89,78810,231601624.37,7.43,4.58,1.30,9.87
2026-01-19,29.11,29.42,29.54,28.61,60507,177536712.17,3.13,-0.91,-0.27,7.58
2026-01-20,29.27,28.96,29.61,28.81,33048,97134540.62,2.72,-1.56,-0.46,4.14
2026-01-21,28.72,29.62,29.86,28.72,42603,126832044.00,3.94,2.28,0.66,5.33
2026-01-22,29.64,29.54,29.82,29.16,34497,102816492.00,2.23,-0.27,-0.08,4.32
2026-01-23,29.77,30.33,31.26,29.72,48854,150776993.13,5.21,2.67,0.79,6.12
2026-01-26,30.57,29.84,30.75,29.36,31568,95196661.19,4.58,-1.62,-0.49,3.95
2026-01-27,30.04,30.19,30.25,28.93,25492,76483892.00,4.42,1.17,0.35,3.19
2026-01-28,30.10,29.47,30.57,29.34,24975,75014513.07,4.07,-2.38,-0.72,3.13
2026-01-29,29.48,29.77,30.59,29.36,30060,91295650.34,4.17,1.02,0.30,3.76
2026-01-30,29.71,30.63,30.80,29.41,29581,90101539.42,4.67,2.89,0.86,3.70
2026-02-02,30.51,29.47,31.20,29.42,20983,63497959.00,5.81,-3.79,-1.16,2.63
2026-02-03,29.86,29.72,29.87,28.99,22037,65737789.44,2.99,0.85,0.25,2.76
2026-02-04,29.62,29.90,30.03,29.52,17286,51962903.85,1.72,0.61,0.18,2.16
2026-02-05,29.90,30.23,30.76,29.61,30539,93561238.40,3.85,1.10,0.33,3.82
2026-02-06,30.15,30.93,31.49,29.96,36551,114157207.00,5.06,2.32,0.70,4.58
2026-02-09,30.90,32.31,32.64,30.62,40369,129313269.17,6.53,4.46,1.38,5.05
2026-02-10,32.45,31.66,34.01,31.46,34166,110561330.64,7.89,-2.01,-0.65,4.28
2026-02-11,31.76,31.94,32.34,31.40,24324,78378953.00,2.97,0.88,0.28,3.05
2026-02-12,32.11,32.18,32.53,31.62,17861,57855658.00,2.85,0.75,0.24,2.24
2026-02-13,32.05,32.40,32.59,31.81,20803,67658137.44,2.42,0.68,0.22,2.60
2026-02-24,32.62,33.59,33.70,32.51,31860,107080920.88,3.67,3.67,1.19,3.99
2026-02-25,33.71,33.46,34.89,33.23,34563,118249970.58,4.94,-0.39,-0.13,4.33
2026-02-26,33.73,33.31,33.99,32.96,20461,68785773.37,3.08,-0.45,-0.15,2.56
2026-02-27,33.31,32.63,33.44,32.44,19695,65037452.17,3.00,-2.04,-0.68,2.47
2026-03-02,32.61,31.45,32.61,31.02,28561,91179438.86,4.87,-3.62,-1.18,3.58
2026-03-03,31.50,32.27,33.22,31.50,38393,125601468.00,5.47,2.61,0.82,4.81
2026-03-04,32.14,32.37,32.93,31.74,21202,69102480.00,3.69,0.31,0.10,2.65
2026-03-05,32.64,32.29,33.05,32.04,14462,47210255.00,3.12,-0.25,-0.08,1.81
2026-03-06,32.07,32.81,32.90,32.01,15539,51109192.00,2.76,1.61,0.52,1.95
2026-03-09,32.70,32.27,32.70,31.20,20199,65103647.00,4.57,-1.65,-0.54,2.53
2026-03-10,32.61,33.20,33.29,32.28,16542,55027306.99,3.13,2.88,0.93,2.07
2026-03-11,33.22,32.73,34.08,32.51,21696,72629152.32,4.73,-1.42,-0.47,2.72
2026-03-12,32.83,32.47,32.98,32.26,13311,43711873.00,2.20,-0.79,-0.26,1.67
2026-03-13,32.32,32.21,32.91,31.92,13227,43338916.00,3.05,-0.80,-0.26,1.66
2026-03-16,32.30,32.15,32.52,31.83,13065,42349385.52,2.14,-0.19,-0.06,1.64
2026-03-17,32.65,31.37,32.65,31.37,13509,43455322.14,3.98,-2.43,-0.78,1.69
2026-03-18,31.76,32.11,32.19,31.35,14165,45602494.00,2.68,2.36,0.74,1.77
2026-03-19,32.10,31.49,32.30,31.06,16797,53487725.15,3.86,-1.93,-0.62,2.10
2026-03-20,31.77,30.68,32.20,30.68,12940,40853297.00,4.83,-2.57,-0.81,1.62
2026-03-23,29.92,29.17,30.61,29.01,21962,66056685.00,5.22,-4.92,-1.51,2.75
2026-03-24,29.86,30.71,30.71,29.20,21904,66525358.00,5.18,5.28,1.54,2.74
2026-03-25,30.89,31.29,31.69,30.64,16358,51645322.00,3.42,1.89,0.58,2.05
2026-03-26,31.17,31.48,32.09,31.17,12904,41127776.00,2.94,0.61,0.19,1.62
2026-03-27,31.10,31.31,31.62,31.02,9808,30974238.00,1.91,-0.54,-0.17,1.23
2026-03-30,30.92,31.09,31.36,30.73,6729,21055365.00,2.01,-0.70,-0.22,0.84
2026-03-31,31.24,30.32,31.53,30.25,10440,32459091.00,4.12,-2.48,-0.77,1.31
2026-04-01,30.62,30.81,31.21,30.31,17480,54287700.92,2.97,1.62,0.49,2.19
2026-04-02,30.96,30.45,30.96,30.00,9389,28856119.00,3.12,-1.17,-0.36,1.18
2026-04-03,30.47,29.72,30.81,29.60,9586,28926101.00,3.97,-2.40,-0.73,1.20
2026-04-07,29.72,30.49,31.06,28.79,14492,44630129.00,7.64,2.59,0.77,1.81
2026-04-08,30.74,31.10,31.21,30.66,13267,41393465.00,1.80,2.00,0.61,1.66
2026-04-09,31.05,31.34,31.41,30.55,11692,36573626.00,2.77,0.77,0.24,1.46
2026-04-10,31.50,33.84,33.99,31.50,41286,138191310.86,7.95,7.98,2.50,5.17
2026-04-13,33.40,33.52,34.55,33.11,31738,107408892.00,4.26,-0.95,-0.32,3.97
2026-04-14,33.61,33.14,33.99,32.63,22103,73951432.00,4.06,-1.13,-0.38,2.77
2026-04-15,33.31,33.22,33.91,33.01,17804,59975356.00,2.72,0.24,0.08,2.23
2026-04-16,33.25,33.24,33.55,32.74,17118,57136433.00,2.44,0.06,0.02,2.14
2026-04-17,33.24,33.59,33.99,33.10,16593,56187220.00,2.68,1.05,0.35,2.08
2026-04-20,33.59,34.10,34.10,32.98,18364,62188483.80,3.33,1.52,0.51,2.30
2026-04-21,34.06,34.40,34.51,33.71,17361,59954857.44,2.35,0.88,0.30,2.17
2026-04-22,34.37,33.94,34.69,33.79,14491,49799974.66,2.62,-1.34,-0.46,1.81
2026-04-23,33.94,33.33,33.94,33.02,12928,43526296.00,2.71,-1.80,-0.61,1.62
2026-04-24,33.81,31.41,33.81,30.97,31469,101052679.58,8.52,-5.76,-1.92,3.94
2026-04-27,31.41,31.29,31.74,30.53,19374,60609781.20,3.85,-0.38,-0.12,2.43
2026-04-28,31.16,31.26,31.61,30.80,11737,36900762.54,2.59,-0.10,-0.03,1.47
2026-04-29,31.01,30.92,31.71,30.90,14009,44030169.00,2.59,-1.09,-0.34,1.75
2026-04-30,30.96,29.98,30.96,29.83,24139,73752295.00,3.65,-3.04,-0.94,3.02
2026-05-06,30.21,29.50,30.33,29.36,23623,70838113.35,3.24,-1.60,-0.48,2.96
2026-05-07,29.50,30.63,30.66,29.44,28773,87899177.97,4.14,3.83,1.13,3.60
2026-05-08,30.48,30.85,30.87,30.13,15489,47775848.98,2.42,0.72,0.22,1.94
2026-05-11,30.81,30.51,31.00,29.69,22293,68017624.08,4.25,-1.10,-0.34,2.79
2026-05-12,30.62,30.14,30.66,29.78,13406,40965123.68,2.88,-1.21,-0.37,1.68
2026-05-13,30.13,30.33,30.61,29.73,16887,51428187.76,2.92,0.63,0.19,2.11
2026-05-14,30.29,29.79,30.57,29.71,14435,43863335.65,2.84,-1.78,-0.54,1.81
2026-05-15,29.79,30.24,30.97,29.62,17004,51773266.00,4.53,1.51,0.45,2.13
2026-05-18,30.68,30.53,30.86,30.14,13135,40319473.00,2.38,0.96,0.29,1.64
2026-05-19,30.53,31.41,31.89,30.27,20256,64245196.00,5.31,2.88,0.88,2.54
2026-05-20,31.80,30.71,31.98,30.47,14156,44318916.06,4.81,-2.23,-0.70,1.77
2026-05-21,30.53,29.17,30.61,29.16,28756,86242534.00,4.72,-5.01,-1.54,3.60
2026-05-22,29.39,29.69,30.07,28.51,19688,58290666.00,5.35,1.78,0.52,2.47
2026-05-25,29.68,30.26,30.81,29.63,17807,54355166.00,3.97,1.92,0.57,2.23
2026-05-26,30.25,30.88,31.05,29.72,19820,60863334.97,4.40,2.05,0.62,2.48
2026-05-27,30.61,30.18,32.09,30.11,25718,80807488.37,6.41,-2.27,-0.70,3.22
2026-05-28,30.05,29.68,30.71,29.49,17865,54126185.28,4.04,-1.66,-0.50,2.24
2026-05-29,30.17,29.53,30.17,29.21,14556,43510351.00,3.23,-0.51,-0.15,1.82
2026-06-01,29.76,29.83,30.21,29.27,10367,31305633.00,3.18,1.02,0.30,1.30
2026-06-02,29.83,29.54,30.00,28.96,14240,42404444.00,3.49,-0.97,-0.29,1.78
2026-06-03,29.21,26.56,29.63,26.56,51510,142732570.00,10.39,-10.09,-2.98,6.45
2026-06-04,26.40,25.84,26.69,25.21,28181,73804098.00,5.57,-2.71,-0.72,3.53
2026-06-05,25.77,26.40,26.50,25.16,20548,53613985.00,5.19,2.17,0.56,2.57
2026-06-08,26.17,25.66,27.56,25.31,21352,56909468.00,8.52,-2.80,-0.74,2.67
2026-06-09,25.89,26.70,26.71,25.48,13847,36631214.00,4.79,4.05,1.04,1.73
2026-06-10,26.71,27.01,27.19,26.26,11130,30130324.12,3.48,1.16,0.31,1.39
2026-06-11,26.98,26.37,27.00,25.74,14068,37253978.00,4.66,-2.37,-0.64,1.76
2026-06-12,26.37,26.53,26.89,26.10,9860,26409340.00,3.00,0.61,0.16,1.23
2026-06-15,26.53,26.68,27.06,26.08,10169,27524932.00,3.69,0.57,0.15,1.27
2026-06-16,26.68,26.72,26.79,25.71,15530,41229169.00,4.05,0.15,0.04,1.94
2026-06-17,26.47,26.51,26.98,26.21,10790,28910146.00,2.88,-0.79,-0.21,1.35
2026-06-18,26.41,27.39,27.89,25.98,18790,51779815.00,7.20,3.32,0.88,2.35
2026-06-22,27.39,26.03,28.36,25.47,25684,68475965.91,10.55,-4.97,-1.36,3.22
2026-06-23,25.91,26.29,26.49,25.71,9122,24120978.44,3.00,1.00,0.26,1.14
2026-06-24,26.18,26.23,26.50,25.60,10411,27095435.00,3.42,-0.23,-0.06,1.30
2026-06-25,26.23,25.55,26.23,25.00,17766,45422895.35,4.69,-2.59,-0.68,2.22
2026-06-26,25.47,25.04,25.47,24.60,15387,38455943.00,3.41,-2.00,-0.51,1.93
2026-06-29,24.86,25.68,25.98,24.23,15542,38910178.00,6.99,2.56,0.64,1.95
2026-06-30,25.68,25.55,25.68,24.80,13825,34883453.00,3.43,-0.51,-0.13,1.73
2026-07-01,25.67,27.15,27.54,25.31,28720,76216596.00,8.73,6.26,1.60,3.60
2026-07-02,27.20,27.20,27.68,26.71,13699,37277433.00,3.57,0.18,0.05,1.72