2026-01-05,16.47,16.47,16.48,16.27,88735,145865761.00,1.28,0.49,0.08,6.19
2026-01-06,16.46,17.63,18.06,16.44,260764,461119342.00,9.84,7.04,1.16,18.20
2026-01-07,17.28,16.85,17.52,16.77,190491,325741025.00,4.25,-4.42,-0.78,13.29
2026-01-08,16.77,16.75,17.00,16.62,112342,189106559.00,2.26,-0.59,-0.10,7.84
2026-01-09,16.67,16.78,16.99,16.49,125500,210717141.00,2.99,0.18,0.03,8.76
2026-01-12,16.90,17.75,17.78,16.73,193399,334929260.00,6.26,5.78,0.97,13.50
2026-01-13,17.58,17.03,17.58,16.91,165122,283465322.00,3.77,-4.06,-0.72,11.52
2026-01-14,17.13,17.76,18.71,17.13,295121,534294553.00,9.28,4.29,0.73,20.60
2026-01-15,17.62,17.27,17.76,17.17,145596,253674920.00,3.32,-2.76,-0.49,10.16
2026-01-16,17.42,18.80,19.10,16.85,346688,630842514.00,13.03,8.86,1.53,24.20
2026-01-19,18.38,18.44,18.76,18.31,173430,321110955.00,2.39,-1.91,-0.36,12.10
2026-01-20,18.44,18.63,19.92,18.44,220822,422250530.00,8.03,1.03,0.19,15.41
2026-01-21,18.34,20.56,20.87,18.24,337843,670335824.00,14.12,10.36,1.93,23.58
2026-01-22,20.04,19.92,20.56,19.76,196072,393499595.00,3.89,-3.11,-0.64,13.68
2026-01-23,20.27,22.88,23.92,19.91,448240,998392703.00,20.13,14.86,2.96,31.28
2026-01-26,23.23,22.09,23.74,21.64,301503,676775168.00,9.18,-3.45,-0.79,21.04
2026-01-27,21.79,22.79,23.74,21.22,296030,662232276.00,11.41,3.17,0.70,20.66
2026-01-28,22.20,19.82,22.40,19.65,378788,778589243.00,12.07,-13.03,-2.97,26.44
2026-01-29,19.45,18.70,19.66,18.56,256765,490993374.00,5.55,-5.65,-1.12,17.92
2026-01-30,18.53,18.54,18.79,17.97,156561,288727645.00,4.39,-0.86,-0.16,10.93
2026-02-02,18.38,18.38,18.80,18.25,126073,234304971.00,2.97,-0.86,-0.16,8.80
2026-02-03,18.81,18.58,18.81,18.44,109935,205097941.00,2.01,1.09,0.20,7.67
2026-02-04,18.46,18.47,18.78,18.24,122937,228106806.00,2.91,-0.59,-0.11,8.58
2026-02-05,18.38,17.86,18.42,17.74,117960,213075100.00,3.68,-3.30,-0.61,8.23
2026-02-06,17.74,18.05,18.27,17.65,81306,147208335.00,3.47,1.06,0.19,5.67
2026-02-09,18.24,18.59,18.83,18.24,102193,190520726.00,3.27,2.99,0.54,7.13
2026-02-10,18.60,18.37,18.78,18.35,70700,131379861.00,2.31,-1.18,-0.22,4.93
2026-02-11,18.37,18.17,18.59,18.12,81709,150262671.00,2.56,-1.09,-0.20,5.70
2026-02-12,18.19,18.55,18.78,18.14,80660,149967676.00,3.52,2.09,0.38,5.63
2026-02-13,19.54,19.29,20.10,19.06,282537,552822563.00,5.61,3.99,0.74,19.72
2026-02-24,19.29,19.05,19.48,18.88,139293,266433195.00,3.11,-1.24,-0.24,9.72
2026-02-25,19.05,19.00,19.24,18.89,113102,215956157.00,1.84,-0.26,-0.05,7.89
2026-02-26,18.95,19.02,19.04,18.65,99503,188327264.00,2.05,0.11,0.02,6.94
2026-02-27,18.94,18.73,19.20,18.69,107917,204542991.00,2.68,-1.52,-0.29,7.53
2026-03-02,18.16,17.96,18.68,17.90,111855,203447765.00,4.16,-4.11,-0.77,7.81
2026-03-03,18.12,16.67,18.19,16.63,131854,228293879.00,8.69,-7.18,-1.29,9.20
2026-03-04,16.43,16.73,16.97,16.41,73891,124192674.00,3.36,0.36,0.06,5.16
2026-03-05,17.04,16.85,17.22,16.77,72722,124093357.00,2.69,0.72,0.12,5.08
2026-03-06,16.79,17.19,17.21,16.74,53315,91529863.00,2.79,2.02,0.34,3.72
2026-03-09,16.94,17.04,17.15,16.49,70496,118731600.00,3.84,-0.87,-0.15,4.92
2026-03-10,17.32,17.48,17.65,17.29,53421,93769880.00,2.11,2.58,0.44,3.73
2026-03-11,17.56,17.32,17.69,17.21,49391,86457929.00,2.75,-0.92,-0.16,3.45
2026-03-12,17.29,16.92,17.34,16.87,57099,97750317.00,2.71,-2.31,-0.40,3.98
2026-03-13,16.92,16.77,17.17,16.75,38998,66300440.00,2.48,-0.89,-0.15,2.72
2026-03-16,16.72,16.93,16.93,16.64,34256,57761836.00,1.73,0.95,0.16,2.39
2026-03-17,17.04,16.40,17.10,16.37,50548,84544375.00,4.31,-3.13,-0.53,3.53
2026-03-18,16.43,16.63,16.68,16.39,39382,65397446.00,1.77,1.40,0.23,2.75
2026-03-19,16.50,16.10,16.59,15.98,49607,80928237.00,3.67,-3.19,-0.53,3.46
2026-03-20,16.19,15.69,16.30,15.64,50805,81100865.00,4.10,-2.55,-0.41,3.55
2026-03-23,15.50,14.66,15.64,14.57,70592,107070887.00,6.82,-6.56,-1.03,4.93
2026-03-24,15.18,15.76,15.79,15.08,133271,207124899.00,4.84,7.50,1.10,9.30
2026-03-25,15.82,16.34,17.04,15.71,144629,241151452.00,8.44,3.68,0.58,10.09
2026-03-26,16.53,15.79,16.54,15.72,81189,130564443.00,5.02,-3.37,-0.55,5.67
2026-03-27,15.61,16.04,16.08,15.54,61228,97616779.00,3.42,1.58,0.25,4.27
2026-03-30,15.79,15.94,16.08,15.70,64694,103522445.00,2.37,-0.62,-0.10,4.52
2026-03-31,15.86,15.46,16.12,15.37,103295,162826215.00,4.71,-3.01,-0.48,7.08
2026-04-01,15.78,15.79,15.92,15.56,61609,97141991.00,2.33,2.13,0.33,4.23
2026-04-02,15.72,15.44,15.82,15.29,48533,75611705.00,3.36,-2.22,-0.35,3.33
2026-04-03,15.48,15.13,15.72,15.01,49533,75578511.00,4.60,-2.01,-0.31,3.40
2026-04-07,15.08,15.35,15.59,14.99,43267,66435537.00,3.97,1.45,0.22,2.97
2026-04-08,15.80,16.16,16.22,15.80,68463,109892364.00,2.74,5.28,0.81,4.70
2026-04-09,16.00,15.82,16.09,15.69,57413,91316485.00,2.48,-2.10,-0.34,3.94
2026-04-10,15.93,16.07,16.29,15.93,50962,82536024.00,2.28,1.58,0.25,3.50
2026-04-13,15.94,16.12,16.12,15.85,40318,64864025.00,1.68,0.31,0.05,2.77
2026-04-14,16.24,16.26,16.34,15.99,51384,83263447.00,2.17,0.87,0.14,3.52
2026-04-15,16.34,16.00,16.34,15.92,48799,78990294.00,2.58,-1.60,-0.26,3.35
2026-04-16,16.14,16.28,16.31,16.00,49242,79954494.00,1.94,1.75,0.28,3.38
2026-04-17,16.15,16.29,16.34,16.07,41871,68084799.00,1.66,0.06,0.01,2.87
2026-04-20,16.22,16.35,16.43,16.15,46375,75809512.00,1.72,0.37,0.06,3.18
2026-04-21,16.35,16.14,16.35,15.92,52533,84709367.00,2.63,-1.28,-0.21,3.60
2026-04-22,16.12,16.17,16.17,15.87,54856,88283477.00,1.86,0.19,0.03,3.76
2026-04-23,16.15,15.81,16.18,15.66,56057,89068278.00,3.22,-2.23,-0.36,3.84
2026-04-24,15.02,14.67,15.02,14.15,178470,259324690.00,5.50,-7.21,-1.14,12.24
2026-04-27,14.69,15.30,15.32,14.66,103056,155143264.00,4.50,4.29,0.63,7.07
2026-04-28,15.15,14.91,15.24,14.82,61104,92106014.00,2.75,-2.55,-0.39,4.19
2026-04-29,14.87,15.24,15.34,14.85,55367,84571509.00,3.29,2.21,0.33,3.80
2026-04-30,15.25,15.13,15.36,15.08,40083,61100813.00,1.84,-0.72,-0.11,2.75
2026-05-06,15.34,15.13,15.46,15.05,79427,121637480.00,2.71,0.00,0.00,5.45
2026-05-07,15.18,15.26,15.30,15.04,51273,78311995.00,1.72,0.86,0.13,3.52
2026-05-08,15.24,15.43,15.47,15.12,51183,78815972.00,2.29,1.11,0.17,3.51
2026-05-11,15.56,15.41,15.63,15.22,46173,71065488.00,2.66,-0.13,-0.02,3.17
2026-05-12,15.44,15.16,16.04,15.15,68512,106292690.00,5.78,-1.62,-0.25,4.70
2026-05-13,15.23,15.26,15.42,15.04,50288,76983880.00,2.51,0.66,0.10,3.45
2026-05-14,15.32,14.84,15.32,14.84,55778,84076103.00,3.15,-2.75,-0.42,3.83
2026-05-15,14.91,14.91,15.23,14.86,48666,73355561.00,2.49,0.47,0.07,3.34
2026-05-18,14.91,14.85,14.98,14.70,42588,63384865.00,1.88,-0.40,-0.06,2.92
2026-05-19,14.96,14.75,15.05,14.55,45585,67596131.00,3.37,-0.67,-0.10,3.13
2026-05-20,14.74,14.45,14.79,14.25,43235,62613210.00,3.66,-2.03,-0.30,2.97
2026-05-21,14.46,13.99,14.73,13.96,57070,82342493.00,5.33,-3.18,-0.46,3.91
2026-05-22,14.20,14.32,14.39,13.86,48991,69534551.00,3.79,2.36,0.33,3.36
2026-05-25,14.32,13.76,14.40,13.68,71488,99705838.00,5.03,-3.91,-0.56,4.90
2026-05-26,13.72,13.44,13.81,13.24,55831,75568329.00,4.14,-2.33,-0.32,3.83
2026-05-27,13.41,13.06,13.50,12.94,53743,70705627.00,4.17,-2.83,-0.38,3.69
2026-05-28,13.13,13.12,13.26,12.77,44979,58773352.00,3.75,0.46,0.06,3.08
2026-05-29,13.23,12.69,13.24,12.54,47314,61066223.00,5.34,-3.28,-0.43,3.25
2026-06-01,12.73,13.07,13.26,12.66,52578,68847229.00,4.73,2.99,0.38,3.61
2026-06-02,13.07,12.89,13.19,12.72,52185,67545056.00,3.60,-1.38,-0.18,3.58
2026-06-03,12.92,12.59,12.92,12.48,42439,54191932.00,3.41,-2.33,-0.30,2.91
2026-06-04,12.59,12.41,12.70,12.31,40834,50877916.00,3.10,-1.43,-0.18,2.80
2026-06-05,12.36,12.76,12.93,12.13,58366,73271891.00,6.45,2.82,0.35,4.00
2026-06-08,12.40,12.39,12.76,12.22,46069,57499472.00,4.23,-2.90,-0.37,3.16
2026-06-09,12.50,12.58,12.70,12.37,36052,45169606.00,2.66,1.53,0.19,2.47
2026-06-10,12.57,12.29,12.65,12.05,44014,53968735.00,4.77,-2.31,-0.29,3.02
2026-06-11,12.20,12.04,12.26,11.81,39969,47887109.00,3.66,-2.03,-0.25,2.74
2026-06-12,12.15,12.21,12.45,12.07,35894,43987910.00,3.16,1.41,0.17,2.46
2026-06-15,12.26,12.42,12.63,12.24,45544,56617516.00,3.19,1.72,0.21,3.12
2026-06-16,12.51,12.57,12.75,12.18,65436,81656292.00,4.59,1.21,0.15,4.49
2026-06-17,12.58,12.10,12.58,12.10,43527,53379376.00,3.82,-3.74,-0.47,2.99
2026-06-18,12.01,12.20,12.29,11.96,40517,49320544.00,2.73,0.83,0.10,2.78
2026-06-22,12.28,12.16,12.34,11.65,59978,71615638.00,5.66,-0.33,-0.04,4.11
2026-06-23,12.13,12.25,12.44,12.10,44182,54333785.00,2.80,0.74,0.09,3.03
2026-06-24,12.15,11.89,12.37,11.70,41469,49414388.00,5.47,-2.94,-0.36,2.84
2026-06-25,11.81,11.59,11.88,11.45,46501,54018165.00,3.62,-2.52,-0.30,3.19
2026-06-26,11.63,11.40,12.07,11.26,53261,61413688.00,6.99,-1.64,-0.19,3.65
2026-06-29,11.37,11.24,11.38,10.86,65503,73039584.00,4.56,-1.40,-0.16,4.49
2026-06-30,11.23,11.18,11.37,11.04,35745,40007737.00,2.94,-0.53,-0.06,2.45
2026-07-01,11.16,11.49,11.75,11.13,66269,76046248.00,5.55,2.77,0.31,4.55
2026-07-02,11.49,11.43,11.83,11.40,46442,53936172.00,3.74,-0.52,-0.06,3.19
2026-07-03,11.53,11.84,11.95,11.49,58178,68475408.00,4.02,3.59,0.41,3.99
2026-07-06,11.82,11.50,11.95,11.49,47957,55935695.00,3.89,-2.87,-0.34,3.29
2026-07-07,11.50,11.21,11.65,11.20,36787,41724926.00,3.91,-2.52,-0.29,2.52
2026-07-08,11.22,10.96,11.26,10.88,29882,32867955.00,3.39,-2.23,-0.25,2.05
2026-07-09,10.93,10.89,11.05,10.60,40690,43929151.00,4.11,-0.64,-0.07,2.83
2026-07-10,10.89,11.16,11.38,10.74,44834,49956096.00,5.88,2.48,0.27,3.12
2026-07-13,11.16,10.63,11.18,10.57,47429,51178506.00,5.47,-4.75,-0.53,3.30
2026-07-14,10.63,10.92,10.93,10.49,40345,43195769.00,4.14,2.73,0.29,2.81
2026-07-15,10.93,11.01,11.16,10.85,31787,34948834.00,2.84,0.82,0.09,2.21
2026-07-16,10.95,11.10,11.30,10.86,38302,42626323.00,4.00,0.82,0.09,2.67
2026-07-17,11.08,10.75,11.28,10.67,45190,49630997.00,5.50,-3.15,-0.35,3.15
2026-07-20,10.76,10.60,11.06,10.30,53660,57426577.00,7.07,-1.40,-0.15,3.74
2026-07-21,10.52,10.42,10.59,10.00,58935,60594998.00,5.57,-1.70,-0.18,4.10
2026-07-22,10.42,10.30,10.59,10.21,43133,44805096.00,3.65,-1.15,-0.12,3.00
2026-07-23,10.21,10.80,10.82,10.21,51945,54918449.00,5.92,4.85,0.50,3.62
2026-07-24,10.77,10.64,10.85,10.52,35797,38264711.00,3.06,-1.48,-0.16,2.49
2026-07-27,10.61,11.02,11.04,10.60,37670,41038343.00,4.14,3.57,0.38,2.62
2026-07-28,10.95,11.03,11.18,10.91,26340,29130112.00,2.45,0.09,0.01,1.83
2026-07-29,10.98,11.20,11.23,10.98,34727,38649592.00,2.27,1.54,0.17,2.42