2026-04-10,19.97,17.08,20.46,16.76,714208,1298815020.00,58.08,168.13,10.71,77.53
2026-04-13,16.57,18.02,18.89,16.46,525076,931885600.00,14.23,5.50,0.94,57.00
2026-04-14,17.81,18.28,19.18,17.47,392203,709106564.00,9.49,1.44,0.26,42.57
2026-04-15,18.28,19.76,21.45,18.13,522964,1042251782.00,18.16,8.10,1.48,56.77
2026-04-16,19.26,18.85,19.76,18.37,401588,758289643.00,7.03,-4.61,-0.91,43.59
2026-04-17,18.55,19.81,21.41,17.95,435864,853108628.00,18.36,5.09,0.96,47.31
2026-04-20,19.66,23.78,23.78,19.66,486446,1111598106.00,20.80,20.04,3.97,52.80
2026-04-21,24.36,25.93,26.54,23.62,560667,1426905070.00,12.28,9.04,2.15,60.86
2026-04-22,24.56,25.03,25.50,24.26,425830,1057247587.00,4.78,-3.47,-0.90,46.22
2026-04-23,25.13,23.93,25.20,23.63,295500,715163967.00,6.27,-4.39,-1.10,32.08
2026-04-24,23.76,22.29,23.76,22.09,252033,567907213.00,6.98,-6.85,-1.64,27.36
2026-04-27,21.99,22.56,23.05,21.79,197469,445804777.00,5.65,1.21,0.27,21.43
2026-04-28,21.99,21.45,22.25,21.35,169234,368590067.00,3.99,-4.92,-1.11,18.37
2026-04-29,21.07,21.45,21.84,20.80,140306,301018121.00,4.85,0.00,0.00,15.23
2026-04-30,21.44,24.04,24.76,21.42,315385,730651842.00,15.57,12.07,2.59,34.23
2026-05-06,23.46,26.10,27.86,23.46,361076,946660317.00,18.30,8.57,2.06,39.19
2026-05-07,26.11,27.85,29.58,26.07,345069,952653485.00,13.45,6.70,1.75,37.46
2026-05-08,27.62,29.51,29.94,27.40,290409,845254232.00,9.12,5.96,1.66,31.52
2026-05-11,29.96,28.85,30.96,28.46,291371,846405833.00,8.47,-2.24,-0.66,31.63
2026-05-12,28.84,28.21,29.32,27.71,226474,642355623.00,5.58,-2.22,-0.64,24.58
2026-05-13,28.21,28.33,30.08,27.36,234292,669806430.00,9.64,0.43,0.12,25.43
2026-05-14,28.11,26.87,28.21,26.85,201915,551400529.00,4.80,-5.15,-1.46,21.92
2026-05-15,27.14,27.34,27.85,26.65,155818,424753760.00,4.47,1.75,0.47,16.91
2026-05-18,27.06,32.82,32.82,26.56,361063,1074751956.00,22.90,20.04,5.48,39.19
2026-05-19,32.39,31.89,36.53,31.76,447282,1505104858.00,14.53,-2.83,-0.93,48.55
2026-05-20,31.89,34.32,35.73,31.86,345023,1160283906.00,12.14,7.62,2.43,37.45
2026-05-21,33.67,33.21,34.96,32.92,226133,766328835.00,5.94,-3.23,-1.11,24.55
2026-05-22,33.64,34.18,35.35,33.21,215536,734440909.00,6.44,2.92,0.97,23.40
2026-05-25,33.76,33.80,34.17,31.76,181626,606535927.00,7.05,-1.11,-0.38,19.71
2026-05-26,32.96,33.44,33.46,31.19,169383,549787156.00,6.72,-1.07,-0.36,18.39
2026-05-27,33.85,30.71,34.95,30.53,212309,679477082.00,13.22,-8.16,-2.73,23.05
2026-05-28,30.32,31.63,32.54,30.32,176485,556655037.00,7.23,3.00,0.92,19.16
2026-05-29,31.56,29.17,31.66,28.46,190876,559463853.00,10.12,-7.78,-2.46,20.72
2026-06-01,28.76,27.64,29.07,27.46,118643,334203256.00,5.52,-5.25,-1.53,12.88
2026-06-02,27.96,27.30,28.25,26.46,107172,291256040.00,6.48,-1.23,-0.34,11.63
2026-06-03,27.17,28.42,29.72,26.99,185257,525136046.00,10.00,4.10,1.12,20.11
2026-06-04,28.37,27.56,28.54,26.96,126431,349469673.00,5.56,-3.03,-0.86,13.72
2026-06-05,28.05,26.91,28.18,26.76,136596,376124296.00,5.15,-2.36,-0.65,14.83
2026-06-08,24.96,25.29,26.40,24.81,128767,329910630.00,5.91,-6.02,-1.62,13.98
2026-06-09,25.74,25.52,25.79,24.27,110229,276453620.00,6.01,0.91,0.23,11.97
2026-06-10,25.06,26.52,26.81,24.20,161950,412093938.00,10.23,3.92,1.00,17.58
2026-06-11,26.06,28.98,29.91,25.54,255228,714755899.00,16.48,9.28,2.46,27.70
2026-06-12,28.87,26.83,29.67,26.63,203433,573224581.00,10.49,-7.42,-2.15,22.08
2026-06-15,26.56,27.37,27.66,25.96,143208,388315432.00,6.34,2.01,0.54,15.54
2026-06-16,27.26,29.93,31.40,26.98,238005,705463577.00,16.15,9.35,2.56,25.83
2026-06-17,29.76,30.44,31.14,29.05,224984,679916472.00,6.98,1.70,0.51,24.42
2026-06-18,29.56,29.38,30.15,28.96,157492,464503202.00,3.91,-3.48,-1.06,17.10
2026-06-22,29.40,31.93,33.29,29.40,206683,650912295.00,13.24,8.68,2.55,22.43
2026-06-23,31.08,30.58,32.94,30.19,148851,461751261.00,8.61,-4.23,-1.35,16.16
2026-06-24,29.96,30.05,30.14,28.24,144005,420573247.00,6.21,-1.73,-0.53,15.63
2026-06-25,30.15,28.70,30.15,28.63,130816,380493340.00,5.06,-4.49,-1.35,14.20
2026-06-26,28.54,29.05,29.65,27.46,133693,385968948.00,7.63,1.22,0.35,14.51
2026-06-29,29.58,28.29,29.62,27.46,98775,283140038.00,7.44,-2.62,-0.76,10.72
2026-06-30,28.50,30.96,31.84,27.77,179235,546208179.00,14.39,9.44,2.67,19.46
2026-07-01,30.94,33.02,33.56,30.67,222728,725185463.00,9.33,6.65,2.06,24.18
2026-07-02,31.96,31.58,32.94,30.67,161235,513831506.00,6.87,-4.36,-1.44,17.50
2026-07-03,31.34,29.26,31.57,29.17,143958,431867049.00,7.60,-7.35,-2.32,15.63
2026-07-06,29.67,27.35,29.71,26.66,119918,333837866.00,10.42,-6.53,-1.91,13.02
2026-07-07,26.98,28.52,29.16,26.98,120546,343306170.00,7.97,4.28,1.17,13.08
2026-07-08,28.28,26.51,29.44,26.46,99864,271666133.00,10.45,-7.05,-2.01,10.84
2026-07-09,26.82,28.30,28.68,26.26,122592,338937726.00,9.13,6.75,1.79,13.31
2026-07-10,28.44,29.03,31.09,27.14,209109,605183327.00,13.96,2.58,0.73,22.70
2026-07-13,27.96,26.62,28.06,26.58,104524,283048038.00,5.10,-8.30,-2.41,11.35
2026-07-14,25.96,25.85,26.84,24.22,81916,210698171.00,9.84,-2.89,-0.77,8.89
2026-07-15,26.34,24.41,26.38,24.34,63330,158581253.00,7.89,-5.57,-1.44,6.87
2026-07-16,23.97,22.97,24.32,22.74,69287,162735228.00,6.47,-5.90,-1.44,7.52
2026-07-17,22.96,21.36,23.26,21.24,79318,175485620.00,8.79,-7.01,-1.61,8.61
2026-07-20,21.34,21.20,22.00,20.12,81620,171469008.00,8.80,-0.75,-0.16,8.86
2026-07-21,21.18,21.94,22.30,19.49,103100,217222298.00,13.25,3.49,0.74,11.19
2026-07-22,21.73,21.62,22.16,21.21,74132,161226396.00,4.33,-1.46,-0.32,8.05
2026-07-23,21.40,21.60,21.99,21.40,49827,107950302.00,2.73,-0.09,-0.02,5.41
2026-07-24,21.22,20.30,21.55,20.22,59934,124553631.00,6.16,-6.02,-1.30,6.51
2026-07-27,20.00,20.91,20.95,19.79,50615,104276367.00,5.71,3.00,0.61,5.49
2026-07-28,20.40,20.12,21.05,20.05,52417,107111646.00,4.78,-3.78,-0.79,5.69
2026-07-29,20.00,20.43,20.58,19.70,55775,112482855.00,4.37,1.54,0.31,6.05