2026-01-05,9.79,9.72,9.93,9.63,16349,16093895.68,3.06,-0.82,-0.08,1.08
2026-01-06,9.70,9.85,9.85,9.64,7472,7364305.09,2.16,1.34,0.13,0.49
2026-01-07,9.87,9.90,9.94,9.81,9555,9520307.95,1.32,0.51,0.05,0.63
2026-01-08,9.96,9.89,9.96,9.75,6956,6949565.97,2.12,-0.10,-0.01,0.46
2026-01-09,9.92,9.85,9.92,9.74,17854,17690904.27,1.82,-0.40,-0.04,1.18
2026-01-12,9.83,9.90,9.92,9.75,16547,16434077.14,1.73,0.51,0.05,1.09
2026-01-13,9.91,9.90,10.10,9.77,30319,30412166.85,3.33,0.00,0.00,2.01
2026-01-14,9.79,9.89,9.96,9.66,17549,17397993.29,3.03,-0.10,-0.01,1.16
2026-01-15,9.88,9.85,9.95,9.70,7758,7679542.01,2.53,-0.40,-0.04,0.51
2026-01-16,9.83,9.74,9.83,9.69,7747,7622638.01,1.42,-1.12,-0.11,0.51
2026-01-19,9.71,9.77,9.78,9.66,7321,7194913.92,1.23,0.31,0.03,0.48
2026-01-20,9.76,9.77,9.86,9.65,10779,10615325.82,2.15,0.00,0.00,0.71
2026-01-21,9.74,9.81,9.85,9.72,8561,8485613.93,1.33,0.41,0.04,0.57
2026-01-22,9.83,9.93,9.99,9.76,14359,14366766.33,2.34,1.22,0.12,0.95
2026-01-23,10.04,9.93,10.04,9.86,15072,15083622.04,1.81,0.00,0.00,1.00
2026-01-26,9.93,9.84,9.94,9.76,8135,8080652.85,1.81,-0.91,-0.09,0.54
2026-01-27,9.85,9.83,9.86,9.65,9482,9359361.19,2.13,-0.10,-0.01,0.63
2026-01-28,9.86,9.88,9.91,9.72,8075,8017127.69,1.93,0.51,0.05,0.53
2026-01-29,9.86,9.85,9.86,9.78,5263,5223822.91,0.81,-0.30,-0.03,0.35
2026-01-30,9.85,9.85,9.87,9.72,5311,5258588.88,1.52,0.00,0.00,0.35
2026-02-02,9.84,9.65,9.84,9.53,10552,10337981.94,3.15,-2.03,-0.20,0.70
2026-02-03,9.66,9.79,9.83,9.58,8219,8071935.61,2.59,1.45,0.14,0.54
2026-02-04,9.80,9.79,9.83,9.70,8754,8640052.06,1.33,0.00,0.00,0.58
2026-02-05,9.73,9.73,9.79,9.66,8448,8315338.42,1.33,-0.61,-0.06,0.56
2026-02-06,9.68,9.77,9.82,9.64,7489,7378059.10,1.85,0.41,0.04,0.50
2026-02-09,9.83,9.78,9.89,9.73,8517,8442960.62,1.64,0.10,0.01,0.56
2026-02-10,9.77,9.73,9.80,9.72,5195,5114419.68,0.82,-0.51,-0.05,0.34
2026-02-11,9.72,9.65,9.72,9.60,5869,5724962.19,1.23,-0.82,-0.08,0.39
2026-02-12,9.62,9.55,9.67,9.49,8081,7821280.73,1.87,-1.04,-0.10,0.53
2026-02-13,9.54,9.39,9.57,9.31,11977,11379850.64,2.72,-1.68,-0.16,0.79
2026-02-24,9.41,9.46,9.55,9.29,4870,4633993.37,2.77,0.75,0.07,0.32
2026-02-25,9.52,9.43,9.52,9.40,7341,6993197.24,1.27,-0.32,-0.03,0.49
2026-02-26,9.43,9.36,9.44,9.35,4499,4265603.83,0.95,-0.74,-0.07,0.30
2026-02-27,9.35,9.27,9.38,9.24,7816,7335720.31,1.50,-0.96,-0.09,0.52
2026-03-02,9.14,8.90,9.24,8.89,12254,11171121.53,3.78,-3.99,-0.37,0.81
2026-03-03,8.96,8.87,9.14,8.87,11904,10856626.72,3.03,-0.34,-0.03,0.79
2026-03-04,8.90,8.93,9.04,8.78,7948,7176211.27,2.93,0.68,0.06,0.53
2026-03-05,8.94,10.25,11.63,8.94,145781,158444824.80,30.12,14.78,1.32,9.64
2026-03-06,9.60,9.47,9.84,9.30,95412,91518308.99,5.27,-7.61,-0.78,6.31
2026-03-09,9.20,9.43,9.70,9.18,48222,45762929.89,5.49,-0.42,-0.04,3.19
2026-03-10,9.43,9.31,9.45,9.20,26977,25324487.19,2.65,-1.27,-0.12,1.78
2026-03-11,9.27,9.23,9.40,9.15,22555,21057570.20,2.69,-0.86,-0.08,1.49
2026-03-12,9.18,9.21,9.42,9.12,24264,22788022.58,3.25,-0.22,-0.02,1.61
2026-03-13,9.16,9.15,9.25,9.06,10565,9755148.52,2.06,-0.65,-0.06,0.70
2026-03-16,9.15,9.05,9.16,8.96,11574,10552917.55,2.19,-1.09,-0.10,0.77
2026-03-17,9.05,8.97,9.10,8.88,10890,9888799.98,2.43,-0.88,-0.08,0.72
2026-03-18,8.93,8.95,8.96,8.80,8333,7460494.63,1.78,-0.22,-0.02,0.55
2026-03-19,8.91,8.82,8.93,8.54,10266,9033031.73,4.36,-1.45,-0.13,0.68
2026-03-20,8.72,8.66,8.83,8.56,8823,7759837.32,3.06,-1.81,-0.16,0.58
2026-03-23,8.48,7.91,8.54,7.85,21082,17376446.42,7.97,-8.66,-0.75,1.39
2026-03-24,8.04,8.23,8.29,7.90,8539,6943541.71,4.93,4.05,0.32,0.56
2026-03-25,8.23,8.35,8.35,8.10,5717,4773106.38,3.04,1.46,0.12,0.38
2026-03-26,8.32,8.22,8.45,8.14,9688,8112372.82,3.71,-1.56,-0.13,0.64
2026-03-27,8.11,8.10,8.19,8.00,19242,15781241.40,2.31,-1.46,-0.12,1.27
2026-03-30,8.00,8.03,8.09,7.83,11679,9368997.78,3.21,-0.86,-0.07,0.77
2026-03-31,8.00,8.03,8.06,7.90,4556,3684719.18,1.99,0.00,0.00,0.30
2026-04-01,8.08,8.04,8.10,7.99,6136,4991726.04,1.37,0.12,0.01,0.41
2026-04-02,7.99,8.00,8.16,7.95,7827,6382742.70,2.61,-0.50,-0.04,0.52
2026-04-03,7.99,7.91,8.03,7.85,6272,5028267.27,2.25,-1.13,-0.09,0.41
2026-04-07,7.88,7.92,7.97,7.85,4280,3424084.19,1.52,0.13,0.01,0.28
2026-04-08,8.00,8.50,8.50,7.92,8090,6672167.73,7.32,7.32,0.58,0.54
2026-04-09,8.27,8.20,8.34,8.12,10115,8412031.59,2.59,-3.53,-0.30,0.67
2026-04-10,8.20,8.30,8.34,8.16,8255,6911595.65,2.20,1.22,0.10,0.55
2026-04-13,8.20,8.19,8.25,8.13,5089,4209188.52,1.45,-1.33,-0.11,0.34
2026-04-14,8.23,8.16,8.23,8.08,4679,3845726.30,1.83,-0.37,-0.03,0.31
2026-04-15,8.15,8.14,8.23,8.07,6770,5573355.48,1.96,-0.25,-0.02,0.45
2026-04-16,8.15,8.12,8.16,8.07,7136,5863643.35,1.11,-0.25,-0.02,0.47
2026-04-17,8.15,8.31,8.40,8.05,16790,13998909.16,4.31,2.34,0.19,1.11
2026-04-20,8.28,8.39,8.43,8.13,17673,14920785.33,3.61,0.96,0.08,1.17
2026-04-21,8.31,8.14,8.31,8.11,7752,6405160.16,2.38,-2.98,-0.25,0.51
2026-04-22,8.10,8.21,8.24,7.93,8314,6849271.54,3.81,0.86,0.07,0.55
2026-04-23,8.20,8.15,8.20,7.99,7635,6244508.50,2.56,-0.73,-0.06,0.51
2026-04-24,8.12,8.03,8.12,7.97,5146,4177819.54,1.84,-1.47,-0.12,0.34
2026-04-27,8.04,8.03,8.13,7.85,8177,6603841.53,3.49,0.00,0.00,0.54
2026-04-28,7.99,7.99,8.07,7.92,7488,6054900.74,1.87,-0.50,-0.04,0.50
2026-04-29,7.93,8.03,8.06,7.93,6502,5281061.72,1.63,0.50,0.04,0.43
2026-04-30,8.01,8.04,8.08,7.98,4237,3450633.49,1.25,0.12,0.01,0.28
2026-05-06,8.08,8.05,8.26,8.00,10839,8865837.55,3.23,0.12,0.01,0.72
2026-05-07,8.04,8.03,8.14,8.00,6796,5546922.03,1.74,-0.25,-0.02,0.45
2026-05-08,8.06,8.22,8.25,8.00,16886,13907182.29,3.11,2.37,0.19,1.12
2026-05-11,8.20,8.41,8.57,8.16,23689,20054041.58,4.99,2.31,0.19,1.57
2026-05-12,8.39,8.36,8.52,8.31,11745,10002511.88,2.50,-0.59,-0.05,0.78
2026-05-13,8.38,8.50,8.50,8.23,14615,12254157.88,3.23,1.67,0.14,0.97
2026-05-14,8.46,8.35,8.47,8.14,7819,6560919.62,3.88,-1.76,-0.15,0.52
2026-05-15,8.27,8.34,8.37,8.24,7040,5922416.77,1.56,-0.12,-0.01,0.47
2026-05-18,8.34,8.24,8.38,8.20,8860,7414920.19,2.16,-1.20,-0.10,0.59
2026-05-19,8.27,8.41,8.45,8.23,15957,13553075.60,2.67,2.06,0.17,1.06
2026-05-20,8.42,8.37,8.44,8.29,6060,5125132.75,1.78,-0.48,-0.04,0.40
2026-05-21,8.45,8.43,8.86,8.35,25141,21990874.23,6.09,0.72,0.06,1.66
2026-05-22,8.40,8.46,8.46,8.13,20439,16942503.74,3.91,0.36,0.03,1.35
2026-05-25,8.57,8.97,8.98,8.40,28338,24915579.44,6.86,6.03,0.51,1.87
2026-05-26,8.95,9.87,9.90,8.71,45157,42661174.19,13.27,10.03,0.90,2.99
2026-05-27,9.97,11.22,12.26,9.97,90138,103015080.38,23.20,13.68,1.35,5.96
2026-05-28,11.39,14.04,14.15,11.00,115503,148608332.77,28.07,25.13,2.82,7.64
2026-05-29,13.80,11.30,13.80,10.33,133727,153586897.90,24.72,-19.52,-2.74,8.85
2026-06-01,10.90,9.67,10.90,9.60,76492,76865478.71,11.50,-14.42,-1.63,5.06
2026-06-02,9.60,10.20,10.55,9.28,62845,61347646.33,13.13,5.48,0.53,4.16
2026-06-03,10.01,10.06,10.80,9.95,44323,45971870.30,8.33,-1.37,-0.14,2.93
2026-06-04,10.79,11.85,12.48,10.25,97818,112938666.74,22.17,17.79,1.79,6.47
2026-06-05,11.03,11.54,12.20,10.80,74555,84521090.18,11.81,-2.62,-0.31,4.93
2026-06-08,11.38,10.80,11.69,10.69,46523,51827681.89,8.67,-6.41,-0.74,3.08
2026-06-09,11.06,10.77,11.20,10.58,24951,26971011.68,5.74,-0.28,-0.03,1.65
2026-06-10,10.94,11.69,12.46,10.89,55509,64946835.93,14.58,8.54,0.92,3.67
2026-06-11,11.52,11.30,11.55,10.74,41962,46735988.66,6.93,-3.34,-0.39,2.78
2026-06-12,11.27,11.50,11.70,11.27,24397,27941183.83,3.81,1.77,0.20,1.61