2026-01-05,41.15,41.30,42.35,40.88,35916,149882738.00,3.57,0.27,0.11,5.98
2026-01-06,41.94,40.94,42.18,40.91,31080,129314122.00,3.08,-0.87,-0.36,5.18
2026-01-07,40.88,40.89,42.06,40.40,26851,111056719.00,4.05,-0.12,-0.05,4.47
2026-01-08,40.98,41.58,43.36,40.94,38882,164034168.00,5.92,1.69,0.69,6.48
2026-01-09,41.59,41.62,41.97,40.98,29203,121618476.00,2.38,0.10,0.04,4.86
2026-01-12,41.85,43.26,43.26,41.56,40803,174523960.00,4.08,3.94,1.64,6.80
2026-01-13,43.01,41.40,43.73,41.37,31684,134206999.00,5.46,-4.30,-1.86,5.28
2026-01-14,41.29,40.47,41.73,39.58,34375,140136079.00,5.19,-2.25,-0.93,5.73
2026-01-15,40.37,40.25,40.76,39.86,19031,76785935.00,2.22,-0.54,-0.22,3.17
2026-01-16,40.97,42.38,45.16,40.97,69258,299026459.00,10.41,5.29,2.13,11.54
2026-01-19,42.33,43.06,43.54,41.89,37558,161347223.00,3.89,1.60,0.68,6.26
2026-01-20,43.32,41.01,43.32,40.51,34925,145152294.00,6.53,-4.76,-2.05,5.82
2026-01-21,40.59,41.86,42.33,40.25,22346,92731499.00,5.07,2.07,0.85,3.72
2026-01-22,41.80,41.43,41.95,41.03,17081,70895643.00,2.20,-1.03,-0.43,2.84
2026-01-23,41.36,42.04,42.57,41.18,21963,92642809.00,3.36,1.47,0.61,3.66
2026-01-26,42.04,39.53,42.12,39.22,30818,124258440.00,6.90,-5.97,-2.51,5.13
2026-01-27,39.62,39.68,40.07,37.98,21935,86139518.00,5.29,0.38,0.15,3.65
2026-01-28,39.57,38.39,39.97,38.28,17343,67395737.00,4.26,-3.25,-1.29,2.89
2026-01-29,38.28,37.78,38.86,37.57,14195,54373716.00,3.36,-1.59,-0.61,2.36
2026-01-30,37.59,37.89,38.11,36.96,13937,52582764.00,3.04,0.29,0.11,2.32
2026-02-02,38.07,37.25,38.63,37.18,15492,58932417.00,3.83,-1.69,-0.64,2.58
2026-02-03,37.88,38.54,38.54,37.49,13462,51316520.00,2.82,3.46,1.29,2.24
2026-02-04,38.43,37.58,38.69,37.26,13802,52448289.00,3.71,-2.49,-0.96,2.30
2026-02-05,37.47,37.62,37.93,37.29,8909,33568088.00,1.70,0.11,0.04,1.48
2026-02-06,37.62,37.60,38.43,36.92,12082,45908358.00,4.01,-0.05,-0.02,2.01
2026-02-09,38.26,38.08,38.28,37.81,11079,42279917.00,1.25,1.28,0.48,1.85
2026-02-10,38.39,38.24,38.61,37.78,10033,38370547.00,2.18,0.42,0.16,1.67
2026-02-11,38.20,37.98,38.61,37.88,9882,37919580.00,1.91,-0.68,-0.26,1.65
2026-02-12,37.88,38.21,38.78,37.61,10783,41313722.00,3.08,0.61,0.23,1.80
2026-02-13,38.21,37.90,38.35,37.90,8405,32132251.00,1.18,-0.81,-0.31,1.40
2026-02-24,37.99,38.45,38.85,37.99,14302,55191988.00,2.27,1.45,0.55,2.38
2026-02-25,38.67,39.54,39.78,38.26,17150,67581475.00,3.95,2.83,1.09,2.86
2026-02-26,39.60,39.44,39.76,38.70,14520,57084654.00,2.68,-0.25,-0.10,2.42
2026-02-27,39.84,39.62,39.84,39.13,9738,38496329.00,1.80,0.46,0.18,1.62
2026-03-02,38.88,38.92,39.84,38.63,15590,61126702.00,3.05,-1.77,-0.70,2.60
2026-03-03,38.99,37.47,39.78,37.38,18610,72106145.00,6.17,-3.73,-1.45,3.10
2026-03-04,36.95,36.62,37.58,36.39,11812,43778479.00,3.18,-2.27,-0.85,1.97
2026-03-05,37.22,37.28,37.74,36.95,11180,41962468.00,2.16,1.80,0.66,1.86
2026-03-06,37.44,38.48,38.76,37.02,10895,41670344.00,4.67,3.22,1.20,1.81
2026-03-09,38.00,37.27,38.35,36.70,18827,70330363.00,4.29,-3.14,-1.21,3.14
2026-03-10,37.68,38.60,38.65,37.01,14506,55795646.00,4.40,3.57,1.33,2.42
2026-03-11,38.77,39.04,39.08,38.16,18466,71744425.00,2.38,1.14,0.44,3.08
2026-03-12,38.34,37.74,39.47,37.64,33939,130637685.00,4.69,-3.33,-1.30,5.65
2026-03-13,37.50,36.33,37.68,36.23,25578,95165180.00,3.84,-3.74,-1.41,4.26
2026-03-16,36.18,36.58,36.98,36.07,13143,48052103.00,2.50,0.69,0.25,2.19
2026-03-17,36.65,35.27,36.88,35.26,12875,46310407.00,4.43,-3.58,-1.31,2.14
2026-03-18,35.40,36.01,36.08,35.31,11548,41311179.00,2.18,2.10,0.74,1.92
2026-03-19,35.81,34.24,35.81,34.02,13474,46950201.00,4.97,-4.92,-1.77,2.24
2026-03-20,34.66,33.29,34.78,33.28,14226,48681273.00,4.38,-2.77,-0.95,2.37
2026-03-23,33.01,31.10,33.13,31.00,20312,65529027.00,6.40,-6.58,-2.19,3.38
2026-03-24,32.01,33.00,33.88,31.92,23006,75479311.00,6.30,6.11,1.90,3.83
2026-03-25,33.09,33.26,33.87,33.05,16039,53796180.00,2.48,0.79,0.26,2.67
2026-03-26,33.43,32.69,33.91,32.53,11328,37621018.00,4.15,-1.71,-0.57,1.89
2026-03-27,33.15,33.29,33.57,32.42,13453,44624314.00,3.52,1.84,0.60,2.24
2026-03-30,32.88,33.62,33.68,32.39,12633,42028753.00,3.88,0.99,0.33,2.10
2026-03-31,33.63,34.16,34.67,33.34,23733,81057808.00,3.96,1.61,0.54,3.95
2026-04-01,34.56,34.91,35.19,34.18,21133,73747678.00,2.96,2.20,0.75,3.52
2026-04-02,35.08,34.38,36.17,34.16,21210,74818264.00,5.76,-1.52,-0.53,3.53
2026-04-03,34.78,33.22,34.78,33.05,14810,50064954.00,5.03,-3.37,-1.16,2.47
2026-04-07,34.04,33.90,34.43,33.20,12499,42560828.00,3.70,2.05,0.68,2.08
2026-04-08,34.14,35.36,35.36,34.00,12476,43802945.00,4.01,4.31,1.46,2.08
2026-04-09,35.04,34.78,35.22,34.71,12722,44593129.00,1.44,-1.64,-0.58,2.12
2026-04-10,34.78,34.93,35.51,34.78,11493,40632611.00,2.10,0.43,0.15,1.91
2026-04-13,34.95,35.54,35.88,34.67,14593,51856871.00,3.46,1.75,0.61,2.43
2026-04-14,35.87,36.04,36.24,35.36,14378,51723355.00,2.48,1.41,0.50,2.39
2026-04-15,36.14,35.77,36.68,35.60,9425,34137850.00,3.00,-0.75,-0.27,1.57
2026-04-16,35.90,36.24,36.28,35.77,11297,40870213.00,1.43,1.31,0.47,1.88
2026-04-17,36.25,36.02,36.34,35.57,10482,37803843.00,2.12,-0.61,-0.22,1.75
2026-04-20,36.00,35.71,36.00,35.51,13077,46643487.00,1.36,-0.86,-0.31,2.18
2026-04-21,35.87,35.77,36.00,35.52,11304,40440296.00,1.34,0.17,0.06,1.88
2026-04-22,35.77,36.09,36.88,35.24,18701,67256117.00,4.58,0.89,0.32,3.11
2026-04-23,36.20,35.48,36.20,34.75,19485,68721043.00,4.02,-1.69,-0.61,3.25
2026-04-24,34.77,35.44,36.00,34.45,14574,51225937.00,4.37,-0.11,-0.04,2.43
2026-04-27,35.73,35.71,36.10,34.73,15825,56363573.00,3.87,0.76,0.27,2.64
2026-04-28,35.85,35.03,36.03,34.74,12220,43087562.00,3.61,-1.90,-0.68,2.04
2026-04-29,35.20,35.99,36.08,34.54,12961,46266844.00,4.40,2.74,0.96,2.16
2026-04-30,35.99,35.47,35.99,35.21,8396,29767436.00,2.17,-1.44,-0.52,1.40
2026-05-06,35.65,35.60,36.24,35.30,15563,55674912.00,2.65,0.37,0.13,2.59
2026-05-07,36.00,36.15,36.48,35.62,18179,65741529.00,2.42,1.54,0.55,3.03
2026-05-08,36.48,36.59,36.61,35.55,20464,74136793.00,2.93,1.22,0.44,3.41
2026-05-11,36.67,35.79,36.94,35.27,23668,85027802.00,4.56,-2.19,-0.80,3.94
2026-05-12,35.88,34.69,36.12,34.12,26068,91197985.00,5.59,-3.07,-1.10,4.34
2026-05-13,34.83,34.85,35.46,34.50,16969,59367811.00,2.77,0.46,0.16,2.83
2026-05-14,35.06,34.79,35.15,34.02,14212,49182802.00,3.24,-0.17,-0.06,2.37
2026-05-15,34.79,37.80,40.10,34.58,75114,285547433.00,15.87,8.65,3.01,12.51
2026-05-18,38.04,37.33,38.17,36.29,47903,178239552.00,4.97,-1.24,-0.47,7.98
2026-05-19,37.02,39.00,39.39,37.02,49487,190539191.00,6.35,4.47,1.67,8.24
2026-05-20,38.35,38.92,39.00,37.66,37983,145551646.00,3.44,-0.21,-0.08,6.33
2026-05-21,38.92,37.40,39.50,37.16,41142,158165458.00,6.01,-3.91,-1.52,6.85
2026-05-22,37.13,38.17,38.30,36.77,28217,106035436.00,4.09,2.06,0.77,4.70
2026-05-25,38.16,37.59,38.77,37.17,23304,88087489.00,4.19,-1.52,-0.58,3.88
2026-05-26,37.55,36.70,37.83,36.00,23082,85220772.00,4.87,-2.37,-0.89,3.84
2026-05-27,36.83,35.01,36.83,34.59,26020,91730876.00,6.10,-4.60,-1.69,4.33
2026-05-28,35.11,34.99,35.48,33.88,18232,63281056.00,4.57,-0.06,-0.02,3.04
2026-05-29,35.24,32.07,35.24,31.91,23359,77337012.00,9.52,-8.35,-2.92,3.89
2026-06-01,32.30,33.96,35.75,32.20,32137,110810715.00,11.07,5.89,1.89,5.35
2026-06-02,34.08,33.45,34.25,32.49,18906,62838335.00,5.18,-1.50,-0.51,3.15
2026-06-03,33.45,32.59,33.47,32.20,12209,40137812.00,3.80,-2.57,-0.86,2.03
2026-06-04,32.47,32.40,33.13,32.21,11856,38699182.00,2.82,-0.58,-0.19,1.97
2026-06-05,32.75,32.98,33.75,31.31,17479,56751959.00,7.53,1.79,0.58,2.91
2026-06-08,32.02,31.64,32.95,31.20,14701,47083525.00,5.31,-4.06,-1.34,2.45
2026-06-09,31.64,31.62,32.57,31.48,11574,36933035.00,3.45,-0.06,-0.02,1.93
2026-06-10,31.66,30.58,31.80,30.00,13949,42741644.00,5.69,-3.29,-1.04,2.30
2026-06-11,30.37,29.82,30.65,29.19,13710,40799790.00,4.77,-2.49,-0.76,2.26
2026-06-12,30.49,31.13,32.80,30.48,21466,67851345.00,7.78,4.39,1.31,3.53
2026-06-15,31.31,31.59,32.64,31.01,19149,60756489.00,5.24,1.48,0.46,3.15
2026-06-16,31.58,32.07,32.45,31.01,15502,49381290.00,4.56,1.52,0.48,2.55
2026-06-17,32.00,30.82,32.09,30.60,14882,46431878.00,4.65,-3.90,-1.25,2.45
2026-06-18,30.60,30.25,31.09,30.17,12430,37929077.00,2.99,-1.85,-0.57,2.05
2026-06-22,30.46,30.00,30.46,28.72,17086,50452401.00,5.75,-0.83,-0.25,2.81
2026-06-23,29.61,29.70,30.40,29.53,12866,38527611.00,2.90,-1.00,-0.30,2.12
2026-06-24,30.00,28.58,30.00,28.12,17702,50838041.00,6.33,-3.77,-1.12,2.91
2026-06-25,28.51,27.75,28.98,27.60,17444,48810273.00,4.83,-2.90,-0.83,2.87
2026-06-26,27.38,26.89,27.92,26.82,17281,46946647.00,3.96,-3.10,-0.86,2.85
2026-06-29,26.88,26.66,27.19,25.85,15964,42330503.00,4.98,-0.86,-0.23,2.63
2026-06-30,26.73,26.81,27.04,26.26,13043,34804206.00,2.93,0.56,0.15,2.15
2026-07-01,26.59,27.17,27.48,26.46,16072,43472831.00,3.80,1.34,0.36,2.65
2026-07-02,27.00,27.45,28.68,26.85,20822,58200761.00,6.74,1.03,0.28,3.43
2026-07-03,27.51,29.46,30.99,27.12,30626,89526214.00,14.10,7.32,2.01,5.04
2026-07-06,29.73,29.21,30.60,28.97,22276,65817891.00,5.53,-0.85,-0.25,3.67
2026-07-07,29.37,27.46,29.60,27.37,19571,55144270.00,7.63,-5.99,-1.75,3.22
2026-07-08,27.42,26.41,27.48,26.40,12305,32951416.00,3.93,-3.82,-1.05,2.03
2026-07-09,26.81,26.19,26.81,25.20,16255,42116039.00,6.10,-0.83,-0.22,2.68
2026-07-10,26.19,26.58,27.77,25.93,15163,40592982.00,7.03,1.49,0.39,2.50
2026-07-13,26.33,25.04,26.67,25.00,13048,33275948.00,6.28,-5.79,-1.54,2.15
2026-07-14,25.08,25.50,25.58,24.54,12361,31065322.00,4.15,1.84,0.46,2.04
2026-07-15,25.39,25.59,25.82,25.18,10549,26900987.00,2.51,0.35,0.09,1.74
2026-07-16,25.28,25.73,26.30,25.00,9434,24292690.00,5.08,0.55,0.14,1.55
2026-07-17,25.73,24.16,25.99,23.72,17996,44545632.00,8.82,-6.10,-1.57,2.96
2026-07-20,24.15,23.00,24.98,22.65,23360,55305319.00,9.64,-4.80,-1.16,3.85
2026-07-21,23.00,23.07,23.55,20.96,32808,72861035.00,11.26,0.30,0.07,5.40
2026-07-22,22.80,22.74,23.20,22.22,17928,40723293.00,4.25,-1.43,-0.33,2.95
2026-07-23,22.74,23.56,23.68,22.50,17160,39737652.00,5.19,3.61,0.82,2.83
2026-07-24,23.79,23.00,24.46,22.66,14182,33000932.00,7.64,-2.38,-0.56,2.34
2026-07-27,22.90,24.05,24.35,22.85,17626,42105913.00,6.52,4.57,1.05,2.90
2026-07-28,23.84,24.35,24.99,23.83,13728,33616316.00,4.82,1.25,0.30,2.26
2026-07-29,24.81,24.36,25.28,24.02,14362,35300726.00,5.17,0.04,0.01,2.36
2026-07-30,24.68,23.58,24.79,23.43,18855,45470006.00,5.58,-3.20,-0.78,3.10
2026-07-31,23.61,24.02,24.96,23.61,14491,35438130.00,5.73,1.87,0.44,2.39
2026-08-03,23.89,25.24,25.44,23.89,21872,54613133.00,6.45,5.08,1.22,3.60
2026-08-04,25.26,25.68,25.92,25.00,15501,39617597.00,3.65,1.74,0.44,2.55
2026-08-05,25.68,25.92,26.31,25.68,12082,31401164.13,2.45,0.93,0.24,1.99