2026-01-05,7.76,7.64,7.78,7.55,86174,65841170.67,2.96,-1.55,-0.12,2.33
2026-01-06,7.64,7.64,7.66,7.60,60734,46301838.84,0.79,0.00,0.00,1.64
2026-01-07,7.66,7.60,7.69,7.60,45674,34804811.88,1.18,-0.52,-0.04,1.23
2026-01-08,7.62,7.82,7.88,7.62,71214,55177242.84,3.42,2.89,0.22,1.92
2026-01-09,7.83,7.68,7.84,7.60,79447,61082236.72,3.07,-1.79,-0.14,2.14
2026-01-12,7.70,7.64,7.70,7.60,55967,42730277.00,1.30,-0.52,-0.04,1.51
2026-01-13,7.65,7.42,7.66,7.39,89396,67148417.80,3.53,-2.88,-0.22,2.41
2026-01-14,7.50,7.47,7.53,7.42,54348,40653176.42,1.48,0.67,0.05,1.47
2026-01-15,7.47,7.48,7.62,7.10,66766,49972877.00,6.96,0.13,0.01,1.80
2026-01-16,7.46,7.38,7.49,7.34,50763,37561876.67,2.01,-1.34,-0.10,1.37
2026-01-19,7.33,7.35,7.37,7.29,49885,36510367.74,1.08,-0.41,-0.03,1.35
2026-01-20,7.35,7.24,7.37,7.22,62397,45444105.34,2.04,-1.50,-0.11,1.68
2026-01-21,7.28,7.25,7.32,7.23,38333,27872997.00,1.24,0.14,0.01,1.03
2026-01-22,7.25,7.28,7.29,7.21,45288,32845152.64,1.10,0.41,0.03,1.22
2026-01-23,7.31,7.30,7.34,7.27,54650,39869591.00,0.96,0.27,0.02,1.47
2026-01-26,7.29,7.24,7.30,7.16,72470,52307380.00,1.92,-0.82,-0.06,1.96
2026-01-27,7.23,7.18,7.24,7.12,46973,33642918.02,1.66,-0.83,-0.06,1.27
2026-01-28,7.18,7.15,7.22,7.12,32367,23156318.61,1.39,-0.42,-0.03,0.87
2026-01-29,7.15,7.19,7.28,7.10,48906,35198761.23,2.52,0.56,0.04,1.32
2026-01-30,7.17,7.21,7.23,7.15,45096,32391670.00,1.11,0.28,0.02,1.22
2026-02-02,7.19,7.20,7.30,7.13,46399,33582109.00,2.36,-0.14,-0.01,1.25
2026-02-03,7.25,7.23,7.26,7.17,34695,24992755.00,1.25,0.42,0.03,0.94
2026-02-04,7.23,7.30,7.34,7.21,46844,34160662.00,1.80,0.97,0.07,1.26
2026-02-05,7.30,7.32,7.34,7.28,34926,25540524.00,0.82,0.27,0.02,0.94
2026-02-06,7.36,7.29,7.44,7.26,87271,63935996.24,2.46,-0.41,-0.03,2.36
2026-02-09,7.31,7.49,7.52,7.27,76817,56763782.59,3.43,2.74,0.20,2.07
2026-02-10,7.45,7.42,7.47,7.38,44590,33017546.00,1.20,-0.93,-0.07,1.20
2026-02-12,7.34,7.23,7.42,7.21,78057,56900530.27,2.83,-2.56,-0.19,2.11
2026-02-13,7.23,7.26,7.32,7.22,31648,23020621.00,1.38,0.41,0.03,0.85
2026-02-24,7.31,7.27,7.36,7.21,35654,25928685.00,2.07,0.14,0.01,0.96
2026-02-25,7.24,7.29,7.30,7.23,34364,24989949.25,0.96,0.28,0.02,0.93
2026-02-26,7.29,7.31,7.32,7.27,41741,30436123.75,0.69,0.27,0.02,1.13
2026-02-27,7.38,7.44,7.45,7.32,53776,39863085.72,1.78,1.78,0.13,1.45
2026-03-02,7.34,7.41,7.49,7.23,65564,48032052.26,3.49,-0.40,-0.03,1.77
2026-03-03,7.41,7.23,7.43,7.23,50348,36850147.06,2.70,-2.43,-0.18,1.36
2026-03-04,7.17,7.15,7.28,7.13,46285,33228652.30,2.07,-1.11,-0.08,1.25
2026-03-05,7.25,7.29,7.35,7.19,45023,32745758.00,2.24,1.96,0.14,1.22
2026-03-06,7.30,7.32,7.39,7.29,32763,24040631.00,1.37,0.41,0.03,0.88
2026-03-09,7.25,7.30,7.32,7.24,40003,29116980.00,1.09,-0.27,-0.02,1.08
2026-03-10,7.33,7.42,7.44,7.33,44886,33137836.34,1.51,1.64,0.12,1.21
2026-03-11,7.42,7.49,7.55,7.36,51706,38559926.18,2.56,0.94,0.07,1.40
2026-03-12,7.49,7.55,7.65,7.46,56269,42450003.00,2.54,0.80,0.06,1.52
2026-03-13,7.51,7.47,7.62,7.46,43957,33166986.00,2.12,-1.06,-0.08,1.19
2026-03-16,7.50,7.64,7.64,7.47,49482,37497589.10,2.28,2.28,0.17,1.34
2026-03-17,7.69,7.58,7.85,7.52,68455,52541854.53,4.32,-0.79,-0.06,1.85
2026-03-18,7.56,7.56,7.59,7.44,36077,27127905.00,1.98,-0.26,-0.02,0.97
2026-03-19,7.50,7.33,7.53,7.32,44656,33094103.00,2.78,-3.04,-0.23,1.21
2026-03-20,7.36,7.32,7.44,7.31,33245,24480454.00,1.77,-0.14,-0.01,0.90
2026-03-23,7.18,7.02,7.32,7.00,69327,49454389.00,4.37,-4.10,-0.30,1.87
2026-03-24,7.11,7.20,7.22,7.02,42342,30124495.00,2.85,2.56,0.18,1.14
2026-03-25,7.28,7.34,7.34,7.23,29615,21598278.04,1.53,1.94,0.14,0.80
2026-03-26,7.31,7.27,7.35,7.25,23288,17003692.00,1.36,-0.95,-0.07,0.63
2026-03-27,7.22,7.32,7.34,7.21,23525,17128144.83,1.79,0.69,0.05,0.63
2026-03-30,7.24,7.43,7.49,7.24,35455,26187571.00,3.42,1.50,0.11,0.96
2026-03-31,7.43,7.37,7.51,7.35,31278,23232623.00,2.15,-0.81,-0.06,0.84
2026-04-01,7.45,7.44,7.48,7.38,23954,17777758.00,1.36,0.95,0.07,0.65
2026-04-02,7.45,7.35,7.48,7.33,24764,18305951.00,2.02,-1.21,-0.09,0.67
2026-04-03,7.38,7.28,7.38,7.27,16350,11948997.00,1.50,-0.95,-0.07,0.44
2026-04-07,7.28,7.32,7.35,7.24,17905,13072713.00,1.51,0.55,0.04,0.48
2026-04-08,7.40,7.49,7.50,7.36,31774,23688539.00,1.91,2.32,0.17,0.86
2026-04-09,7.45,7.43,7.46,7.36,24296,17982060.00,1.34,-0.80,-0.06,0.66
2026-04-10,7.45,7.54,7.58,7.43,43325,32427148.00,2.02,1.48,0.11,1.17
2026-04-13,7.52,7.68,7.73,7.49,76009,58081779.54,3.18,1.86,0.14,2.05
2026-04-14,7.76,7.79,7.87,7.69,128986,100070142.01,2.34,1.43,0.11,3.48
2026-04-15,7.79,8.08,8.18,7.71,229668,185423161.41,6.03,3.72,0.29,6.20
2026-04-16,7.92,8.10,8.19,7.92,143178,115555587.30,3.34,0.25,0.02,3.86
2026-04-17,8.13,7.98,8.13,7.94,105437,84370960.00,2.35,-1.48,-0.12,2.85
2026-04-20,7.97,7.91,8.04,7.89,70228,55776974.24,1.88,-0.88,-0.07,1.90
2026-04-21,7.92,7.95,7.97,7.80,82314,64757708.90,2.15,0.51,0.04,2.22
2026-04-22,7.94,7.87,7.94,7.85,44741,35207435.00,1.13,-1.01,-0.08,1.21
2026-04-23,7.91,7.86,7.92,7.80,42774,33584457.00,1.52,-0.13,-0.01,1.15
2026-04-24,7.84,7.85,7.93,7.78,43690,34316404.20,1.91,-0.13,-0.01,1.18
2026-04-27,7.84,7.98,8.00,7.73,58951,46524947.26,3.44,1.66,0.13,1.59
2026-04-28,7.90,7.84,7.93,7.82,37938,29828630.59,1.38,-1.75,-0.14,1.02
2026-04-29,7.84,7.87,7.90,7.80,39995,31443133.74,1.28,0.38,0.03,1.08
2026-04-30,7.88,7.73,7.91,7.73,45308,35456095.80,2.29,-1.78,-0.14,1.22
2026-05-06,7.77,7.60,7.83,7.57,74976,57084231.69,3.36,-1.68,-0.13,2.02
2026-05-07,7.56,7.77,7.79,7.56,70638,54372732.74,3.03,2.24,0.17,1.91
2026-05-08,7.80,7.93,7.93,7.78,57071,44923495.10,1.93,2.06,0.16,1.54
2026-05-11,7.90,7.89,7.94,7.82,60220,47429358.35,1.51,-0.50,-0.04,1.63
2026-05-12,7.95,7.85,7.95,7.83,44576,35112511.00,1.52,-0.51,-0.04,1.20
2026-05-13,7.89,8.04,8.10,7.86,87882,70138864.49,3.06,2.42,0.19,2.37
2026-05-14,8.44,8.26,8.44,8.18,255658,213753377.26,3.23,2.74,0.22,6.90
2026-05-18,8.00,7.81,8.13,7.63,285547,223167378.98,6.05,-5.45,-0.45,7.71
2026-05-19,7.72,7.45,7.73,7.36,189337,142017684.31,4.74,-4.61,-0.36,5.11
2026-05-20,7.46,7.64,7.88,7.31,179675,135885125.61,7.65,2.55,0.19,4.85
2026-05-21,7.49,7.36,7.54,7.31,107296,79552748.00,3.01,-3.66,-0.28,2.90
2026-05-22,7.35,7.29,7.39,7.20,74467,54116028.28,2.58,-0.95,-0.07,2.01
2026-05-25,7.30,7.16,7.35,7.16,68697,49530658.20,2.61,-1.78,-0.13,1.85
2026-05-26,7.18,7.29,7.38,7.05,84164,60572597.00,4.61,1.82,0.13,2.27
2026-05-27,7.30,7.55,7.74,7.24,148063,111298762.65,6.86,3.57,0.26,4.00
2026-05-28,7.55,7.40,7.56,7.32,66117,49026191.00,3.18,-1.99,-0.15,1.78
2026-05-29,7.41,7.51,7.64,7.36,86765,65075959.70,3.78,1.49,0.11,2.34
2026-06-01,7.45,7.98,8.08,7.42,194448,152379889.74,8.79,6.26,0.47,5.25
2026-06-02,8.04,8.16,8.24,7.94,189250,152905240.02,3.76,2.26,0.18,5.11
2026-06-03,8.16,8.30,8.53,8.07,208531,172752847.84,5.64,1.72,0.14,5.63
2026-06-04,8.20,8.29,8.34,7.99,175193,143260461.15,4.22,-0.12,-0.01,4.73
2026-06-05,8.30,8.35,8.58,8.26,234089,197458316.08,3.86,0.72,0.06,6.32
2026-06-08,8.13,8.21,8.75,8.12,193325,162262093.68,7.54,-1.68,-0.14,5.22
2026-06-09,8.36,7.89,8.43,7.75,206037,163294883.09,8.28,-3.90,-0.32,5.56
2026-06-10,8.00,7.85,8.35,7.63,218269,173910427.54,9.13,-0.51,-0.04,5.89
2026-06-11,7.95,7.58,7.96,7.48,148669,113054307.00,6.11,-3.44,-0.27,4.01
2026-06-12,7.69,8.00,8.00,7.58,159326,124987161.00,5.54,5.54,0.42,4.30
2026-06-15,8.02,7.94,8.17,7.88,122505,97751845.00,3.63,-0.75,-0.06,3.31
2026-06-16,7.89,7.77,7.93,7.64,99860,77169890.00,3.65,-2.14,-0.17,2.69
2026-06-17,7.75,7.43,7.75,7.38,121230,91245490.00,4.76,-4.38,-0.34,3.27
2026-06-18,7.47,7.47,7.50,7.27,70412,52281216.00,3.10,0.54,0.04,1.90
2026-06-22,7.33,7.37,7.42,7.07,104070,74991763.89,4.69,-1.34,-0.10,2.81
2026-06-23,7.40,7.65,7.93,7.35,130606,99492942.40,7.87,3.80,0.28,3.52
2026-06-24,7.77,7.48,7.80,7.26,125007,92724461.00,7.06,-2.22,-0.17,3.37
2026-06-25,7.35,7.68,8.00,7.31,199141,153591573.64,9.22,2.67,0.20,5.37
2026-06-26,7.66,7.20,7.67,7.20,167667,123398945.00,6.12,-6.25,-0.48,4.52
2026-06-29,7.22,7.44,7.77,7.16,105183,78191508.00,8.47,3.33,0.24,2.84
2026-06-30,7.39,7.30,7.44,7.24,82051,59988270.47,2.69,-1.88,-0.14,2.21
2026-07-01,7.30,7.37,7.43,7.16,111206,81031923.52,3.70,0.96,0.07,3.00
2026-07-02,7.30,7.39,7.52,7.25,91654,67774959.00,3.66,0.27,0.02,2.47
2026-07-03,7.39,7.41,7.50,7.30,87178,64428975.00,2.71,0.27,0.02,2.35
2026-07-06,7.38,7.24,7.52,7.15,119488,87282953.00,4.99,-2.29,-0.17,3.22
2026-07-07,7.17,6.85,7.20,6.82,122269,85784055.97,5.25,-5.39,-0.39,3.30
2026-07-08,7.08,7.02,7.19,6.98,128663,91382831.06,3.07,2.48,0.17,3.47
2026-07-09,6.86,6.74,6.94,6.67,124326,84093475.29,3.85,-3.99,-0.28,3.36
2026-07-10,6.85,6.88,7.07,6.84,142653,99221963.88,3.41,2.08,0.14,3.85
2026-07-13,6.78,6.23,6.78,6.19,186559,118956355.76,8.58,-9.45,-0.65,5.03
2026-07-14,6.22,6.16,6.23,5.96,105131,63804123.99,4.33,-1.12,-0.07,2.84
2026-07-15,6.11,6.19,6.25,6.05,76338,47112027.00,3.25,0.49,0.03,2.06
2026-07-16,6.14,6.27,6.35,6.08,87943,54935210.68,4.36,1.29,0.08,2.37
2026-07-17,6.25,6.10,6.32,6.00,89170,54703915.00,5.10,-2.71,-0.17,2.41
2026-07-20,6.10,5.90,6.15,5.88,109157,65634777.00,4.43,-3.28,-0.20,2.95
2026-07-21,5.91,5.87,5.91,5.71,82209,47817452.00,3.39,-0.51,-0.03,2.22
2026-07-22,5.83,5.89,5.94,5.79,46399,27226173.00,2.56,0.34,0.02,1.25
2026-07-23,5.86,6.04,6.05,5.85,57306,34096545.00,3.40,2.55,0.15,1.55
2026-07-24,6.01,5.85,6.01,5.81,56441,33215923.00,3.31,-3.15,-0.19,1.52
2026-07-27,5.87,6.13,6.18,5.86,101331,61374978.18,5.47,4.79,0.28,2.73