2026-01-05,7.80,8.10,8.19,7.76,728655,589855586.00,5.64,6.30,0.48,4.78
2026-01-06,8.10,8.12,8.27,7.98,510154,419294285.00,3.58,0.25,0.02,3.35
2026-01-07,8.17,8.18,8.29,8.11,465712,386431125.00,2.22,0.74,0.06,3.06
2026-01-08,8.50,8.98,9.01,8.46,1564827,1409940102.00,6.72,9.78,0.80,10.27
2026-01-09,9.06,9.16,9.24,8.98,1036149,953423627.00,2.90,2.00,0.18,6.80
2026-01-12,9.22,8.83,9.23,8.77,905483,812528723.00,5.02,-3.60,-0.33,5.94
2026-01-13,8.82,8.72,8.99,8.69,615154,548926696.00,3.40,-1.25,-0.11,4.04
2026-01-14,8.79,8.72,8.95,8.64,600198,532921318.00,3.56,0.00,0.00,3.94
2026-01-15,8.75,8.79,8.88,8.70,410914,365732038.00,2.06,0.80,0.07,2.70
2026-01-16,8.85,8.92,8.98,8.80,411446,369815309.00,2.05,1.48,0.13,2.70
2026-01-19,8.95,9.09,9.17,8.82,425189,387594791.00,3.92,1.91,0.17,2.79
2026-01-20,9.08,9.28,9.34,8.90,521724,482634707.00,4.84,2.09,0.19,3.43
2026-01-21,9.20,9.59,9.65,9.20,512866,494144954.00,4.85,3.34,0.31,3.37
2026-01-22,9.52,9.58,9.66,9.38,366583,352947124.00,2.92,-0.10,-0.01,2.41
2026-01-23,9.70,9.95,10.03,9.69,507493,506814768.00,3.55,3.86,0.37,3.33
2026-01-26,10.00,10.00,10.18,9.82,568007,572159149.00,3.62,0.50,0.05,3.73
2026-01-27,9.96,10.22,10.28,9.85,588774,600191853.00,4.30,2.20,0.22,3.87
2026-01-28,10.31,10.85,10.95,10.09,817915,876358135.00,8.41,6.16,0.63,5.37
2026-01-29,11.10,10.26,11.20,10.21,970306,1027408390.00,9.12,-5.44,-0.59,6.37
2026-01-30,10.06,10.05,10.18,9.69,833569,838633992.00,4.78,-2.05,-0.21,5.47
2026-02-02,9.75,9.60,9.96,9.56,605772,595617865.00,3.98,-4.48,-0.45,3.98
2026-02-03,9.71,9.96,9.98,9.63,480663,477048951.00,3.65,3.75,0.36,3.16
2026-02-04,10.08,10.05,10.20,9.91,385642,391301698.00,2.91,0.90,0.09,2.53
2026-02-05,9.99,9.85,10.13,9.80,336734,337717664.00,3.28,-1.99,-0.20,2.21
2026-02-06,9.70,10.03,10.38,9.66,470426,479146895.00,7.31,1.83,0.18,3.09
2026-02-09,10.14,10.15,10.34,10.10,385282,397150981.00,2.39,1.20,0.12,2.53
2026-02-10,10.18,10.14,10.22,10.02,234957,239887553.00,1.97,-0.10,-0.01,1.54
2026-02-11,10.22,10.33,10.47,10.11,297105,309482696.00,3.55,1.87,0.19,1.95
2026-02-12,10.30,10.35,10.42,10.21,259156,270582075.00,2.03,0.19,0.02,1.70
2026-02-13,10.29,10.45,10.56,10.17,341042,357801222.00,3.77,0.97,0.10,2.24
2026-02-24,10.63,11.40,11.48,10.58,705016,796932168.00,8.61,9.09,0.95,4.63
2026-02-25,11.40,11.59,11.75,11.28,598834,698772304.00,4.12,1.67,0.19,3.93
2026-02-26,11.56,11.98,12.05,11.46,606525,721432900.00,5.09,3.36,0.39,3.98
2026-02-27,11.93,12.95,13.03,11.92,1019681,1302189264.00,9.27,8.10,0.97,6.69
2026-03-02,12.95,13.09,13.59,12.90,1051198,1390521881.00,5.33,1.08,0.14,6.90
2026-03-03,12.59,12.34,12.96,12.25,1254788,1586066805.00,5.42,-5.73,-0.75,8.24
2026-03-04,12.18,12.74,12.89,12.06,859199,1090059218.00,6.73,3.24,0.40,5.64
2026-03-05,13.00,13.00,13.13,12.63,694756,905002302.00,3.92,2.04,0.26,4.56
2026-03-06,12.84,13.30,13.60,12.80,608238,812389277.00,6.15,2.31,0.30,3.99
2026-03-09,12.90,13.92,14.00,12.55,1125725,1513072681.00,10.90,4.66,0.62,7.39
2026-03-10,14.07,14.41,14.44,13.82,778228,1112106558.00,4.45,3.52,0.49,5.11
2026-03-11,14.42,15.03,15.27,14.32,1114022,1668657688.00,6.59,4.30,0.62,7.31
2026-03-12,15.01,15.84,16.34,14.92,1128721,1785901585.00,9.45,5.39,0.81,7.41
2026-03-13,15.90,15.13,15.96,14.60,1265828,1925951829.00,8.59,-4.48,-0.71,8.31
2026-03-16,15.35,15.87,16.16,14.48,1260756,1940423346.00,11.10,4.89,0.74,8.28
2026-03-17,15.82,14.70,15.85,14.70,961332,1459222541.00,7.25,-7.37,-1.17,6.31
2026-03-18,14.80,14.59,15.03,14.40,782503,1159773809.00,4.29,-0.75,-0.11,5.14
2026-03-19,14.08,14.02,14.50,13.95,706196,1007433015.00,3.77,-3.91,-0.57,4.64
2026-03-20,14.01,13.86,14.21,13.77,711364,1001856258.00,3.14,-1.14,-0.16,4.67
2026-03-23,13.00,12.99,13.58,12.79,916889,1214222572.00,5.70,-6.28,-0.87,6.02
2026-03-24,13.45,13.44,13.52,12.97,682006,910154793.00,4.23,3.46,0.45,4.48
2026-03-25,13.76,14.43,14.50,13.51,790481,1121368734.00,7.37,7.37,0.99,5.19
2026-03-26,14.39,13.94,14.53,13.81,571139,811286380.00,4.99,-3.40,-0.49,3.75
2026-03-27,13.78,14.50,14.72,13.60,598527,857356245.00,8.03,4.02,0.56,3.93
2026-03-30,14.32,14.90,14.98,14.16,680421,996720336.00,5.66,2.76,0.40,4.47
2026-03-31,14.94,14.85,15.61,14.65,911696,1382016767.00,6.44,-0.34,-0.05,5.99
2026-04-01,15.30,14.99,15.70,14.80,1043561,1605214415.00,6.06,0.94,0.14,6.85
2026-04-02,14.96,15.37,15.75,14.90,812818,1254805246.00,5.67,2.54,0.38,5.34
2026-04-03,15.40,15.41,15.65,15.00,952374,1464172258.00,4.23,0.26,0.04,6.25
2026-04-07,15.26,15.92,16.00,14.76,905947,1425165774.00,8.05,3.31,0.51,5.95
2026-04-08,16.10,17.20,17.27,16.10,1047601,1782665395.00,7.35,8.04,1.28,6.88
2026-04-09,17.20,18.35,18.56,17.00,1812508,3247340116.00,9.07,6.69,1.15,11.90
2026-04-10,18.11,16.51,18.17,16.51,1535349,2626665736.00,9.05,-10.03,-1.84,10.08
2026-04-13,16.15,15.92,16.74,15.79,1246438,2019746681.00,5.75,-3.57,-0.59,8.18
2026-04-14,15.90,15.58,16.34,15.50,975658,1553436341.00,5.28,-2.14,-0.34,6.41
2026-04-15,15.33,15.10,15.56,14.86,1159505,1777834482.00,4.49,-3.08,-0.48,7.61
2026-04-16,15.12,15.60,15.70,14.93,886103,1361979660.00,5.10,3.31,0.50,5.82
2026-04-17,15.63,15.59,16.34,15.46,978649,1567808575.00,5.64,-0.06,-0.01,6.42
2026-04-20,15.47,15.32,15.78,15.00,712071,1094001104.00,5.00,-1.73,-0.27,4.67
2026-04-21,15.25,15.79,16.10,15.25,773508,1222393461.00,5.55,3.07,0.47,5.08
2026-04-22,15.72,15.71,16.10,15.62,600227,957620246.00,3.04,-0.51,-0.08,3.94
2026-04-23,15.75,15.19,15.83,15.10,526061,810786188.00,4.65,-3.31,-0.52,3.45
2026-04-24,15.12,15.17,15.48,14.88,439592,672785332.00,3.95,-0.13,-0.02,2.89
2026-04-27,15.26,14.92,15.37,14.83,446226,668790901.00,3.56,-1.65,-0.25,2.93
2026-04-28,14.88,14.85,14.99,14.40,475163,699763647.00,3.95,-0.47,-0.07,3.12
2026-04-29,14.76,14.77,14.98,14.63,416828,617308936.00,2.36,-0.54,-0.08,2.74
2026-04-30,14.80,14.58,14.86,14.55,365350,535786390.00,2.10,-1.29,-0.19,2.40
2026-05-06,14.87,14.79,14.93,14.44,627590,920198721.00,3.36,1.44,0.21,4.12
2026-05-07,14.90,15.34,15.44,14.75,740670,1116871385.00,4.67,3.72,0.55,4.86
2026-05-08,15.25,15.01,15.25,14.67,575828,860875585.00,3.78,-2.15,-0.33,3.78
2026-05-11,14.90,14.53,14.98,14.43,614524,898163530.00,3.66,-3.20,-0.48,4.03
2026-05-12,14.59,14.60,14.75,14.31,464543,673533986.00,3.03,0.48,0.07,3.05
2026-05-13,14.51,14.83,15.20,14.46,542066,803780685.00,5.07,1.58,0.23,3.56
2026-05-14,14.83,14.77,15.06,14.68,432014,642140181.00,2.56,-0.40,-0.06,2.84
2026-05-15,14.70,13.29,14.70,13.29,1001149,1361849055.00,9.55,-10.02,-1.48,6.57
2026-05-18,13.00,13.15,13.43,12.91,735186,969970948.00,3.91,-1.05,-0.14,4.83
2026-05-19,13.15,13.03,13.20,12.70,559608,723807794.00,3.80,-0.91,-0.12,3.67
2026-05-20,12.90,13.08,13.15,12.68,489781,632753524.00,3.61,0.38,0.05,3.22
2026-05-21,13.18,12.62,13.30,12.61,371385,481278640.00,5.28,-3.52,-0.46,2.44
2026-05-22,12.70,12.99,13.10,12.60,373243,483167951.00,3.96,2.93,0.37,2.45
2026-05-25,13.15,12.97,13.25,12.76,295094,381219144.00,3.77,-0.15,-0.02,1.94
2026-05-26,12.86,13.06,13.33,12.67,381246,495553450.00,5.09,0.69,0.09,2.50
2026-05-27,12.95,12.60,13.17,12.59,294658,377426671.00,4.44,-3.52,-0.46,1.93
2026-05-28,12.59,12.38,12.61,12.20,398578,493013075.00,3.25,-1.75,-0.22,2.62
2026-05-29,12.47,12.31,12.61,12.27,359980,446599107.00,2.75,-0.57,-0.07,2.36
2026-06-01,12.32,12.37,12.50,12.22,321500,397672952.00,2.27,0.49,0.06,2.11
2026-06-02,12.40,12.79,13.02,12.05,490425,613655515.00,7.84,3.40,0.42,3.22
2026-06-03,12.79,12.95,13.40,12.71,567331,743274384.00,5.39,1.25,0.16,3.72
2026-06-04,12.84,13.77,14.10,12.84,733060,996825822.00,9.73,6.33,0.82,4.81
2026-06-05,13.71,13.56,14.37,13.45,710281,984366052.00,6.68,-1.53,-0.21,4.66
2026-06-08,12.70,13.01,13.38,12.68,635804,826942583.00,5.16,-4.06,-0.55,4.17
2026-06-09,13.17,14.20,14.31,12.62,874910,1182931569.00,12.99,9.15,1.19,5.74
2026-06-10,14.10,14.47,14.77,13.97,907219,1309275955.00,5.63,1.90,0.27,5.96
2026-06-11,14.31,13.68,14.46,13.56,672102,930445750.00,6.22,-5.46,-0.79,4.41
2026-06-12,13.99,14.21,14.49,13.57,675439,950063944.00,6.73,3.87,0.53,4.43
2026-06-15,14.41,14.06,14.46,13.79,711626,994941054.00,4.71,-1.06,-0.15,4.67
2026-06-16,14.07,14.70,14.90,13.89,683536,995031434.00,7.18,4.55,0.64,4.49
2026-06-17,14.99,15.51,15.81,14.98,846167,1310518260.00,5.65,5.51,0.81,5.56
2026-06-18,15.19,16.01,16.16,15.14,797401,1259442474.00,6.58,3.22,0.50,5.23
2026-06-22,16.62,17.61,17.61,16.39,1138698,1962532141.00,7.62,9.99,1.60,7.48
2026-06-23,18.95,18.24,19.37,17.93,2263944,4257022290.00,8.18,3.58,0.63,14.86
2026-06-24,18.17,18.49,18.93,17.87,1358011,2502969308.00,5.81,1.37,0.25,8.92
2026-06-25,18.46,19.60,19.90,18.33,1448444,2820277726.00,8.49,6.00,1.11,9.51
2026-06-26,19.60,19.03,19.61,18.39,1243165,2347632730.00,6.22,-2.91,-0.57,8.16
2026-06-29,19.50,19.34,20.20,18.70,1237781,2395735639.00,7.88,1.63,0.31,8.13
2026-06-30,19.00,19.20,19.22,18.18,927263,1731655857.00,5.38,-0.72,-0.14,6.09
2026-07-01,19.40,19.65,20.17,19.20,980583,1932654740.00,5.05,2.34,0.45,6.44
2026-07-02,19.03,18.85,20.15,18.50,870966,1673813698.00,8.40,-4.07,-0.80,5.72
2026-07-03,18.93,19.80,20.70,18.28,1311977,2584762958.00,12.84,5.04,0.95,8.61
2026-07-06,20.00,17.82,20.36,17.82,1332465,2485250401.00,12.83,-10.00,-1.98,8.75
2026-07-07,17.80,17.11,17.89,17.00,858963,1495113960.00,4.99,-3.98,-0.71,5.64
2026-07-08,17.11,15.90,17.43,15.90,823904,1353897924.00,8.94,-7.07,-1.21,5.41
2026-07-09,16.00,15.85,16.24,15.20,713901,1118498242.00,6.54,-0.31,-0.05,4.69
2026-07-10,15.60,14.81,15.72,14.80,953109,1457658435.00,5.80,-6.56,-1.04,6.26
2026-07-13,14.82,13.33,14.94,13.33,888944,1229151802.00,10.87,-9.99,-1.48,5.84
2026-07-14,13.43,14.35,14.41,13.14,867009,1191259743.00,9.53,7.65,1.02,5.69
2026-07-15,14.64,13.61,14.67,13.59,654292,918732247.00,7.53,-5.16,-0.74,4.30
2026-07-16,13.50,12.90,13.68,12.82,654586,866132783.00,6.32,-5.22,-0.71,4.30
2026-07-17,12.90,12.21,12.95,12.13,727995,914803096.00,6.36,-5.35,-0.69,4.78
2026-07-20,12.50,11.65,12.58,11.40,843686,1008939672.00,9.66,-4.59,-0.56,5.54
2026-07-21,11.70,12.25,12.39,11.05,891273,1055249638.00,11.50,5.15,0.60,5.85
2026-07-22,12.44,12.30,12.92,12.21,859540,1082678738.00,5.80,0.41,0.05,5.64
2026-07-23,12.45,12.75,13.00,12.36,740355,943553351.00,5.20,3.66,0.45,4.86
2026-07-24,12.40,12.37,12.55,12.13,587931,724469014.00,3.29,-2.98,-0.38,3.86
2026-07-27,12.26,13.04,13.07,12.26,641477,815874135.00,6.55,5.42,0.67,4.21