2026-01-05,16.33,17.05,17.16,16.24,54016,90435461.00,5.63,4.41,0.72,2.25
2026-01-06,17.33,17.25,17.68,16.60,63220,108834566.00,6.33,1.17,0.20,2.63
2026-01-07,17.51,17.54,18.14,17.25,46670,82663954.00,5.16,1.68,0.29,1.94
2026-01-08,17.55,17.90,18.20,17.41,43369,77904894.00,4.50,2.05,0.36,1.81
2026-01-09,17.98,18.22,18.35,17.66,39615,71623452.00,3.85,1.79,0.32,1.65
2026-01-12,18.22,18.22,19.08,17.83,52306,95522919.00,6.86,0.00,0.00,2.18
2026-01-13,18.22,18.25,18.77,17.94,56764,104178053.00,4.56,0.16,0.03,2.37
2026-01-14,18.26,17.69,18.30,17.45,47302,84504762.00,4.66,-3.07,-0.56,1.97
2026-01-15,17.60,17.28,17.70,17.04,45636,78861559.00,3.73,-2.32,-0.41,1.90
2026-01-16,17.36,17.20,17.54,17.11,22269,38411660.00,2.49,-0.46,-0.08,0.93
2026-01-19,17.20,17.20,17.39,17.04,35533,61115912.00,2.03,0.00,0.00,1.48
2026-01-20,17.94,17.29,17.94,16.88,40676,70502820.00,6.16,0.52,0.09,1.69
2026-01-21,17.21,17.95,17.95,16.97,39217,68420383.00,5.67,3.82,0.66,1.63
2026-01-22,17.91,17.61,18.10,17.35,31732,55546060.00,4.18,-1.89,-0.34,1.32
2026-01-23,17.65,17.69,17.83,17.38,21750,38321895.00,2.56,0.45,0.08,0.91
2026-01-26,17.67,17.27,18.06,17.15,25797,45247792.00,5.14,-2.37,-0.42,1.07
2026-01-27,17.28,17.37,17.43,16.90,24236,41783036.00,3.07,0.58,0.10,1.01
2026-01-28,17.30,17.36,17.58,17.25,28543,49669721.00,1.90,-0.06,-0.01,1.19
2026-01-29,17.37,17.47,18.36,17.11,45471,80935922.00,7.20,0.63,0.11,1.89
2026-01-30,17.36,17.51,17.51,17.00,23989,41400065.00,2.92,0.23,0.04,1.00
2026-02-02,17.40,17.50,17.97,17.17,37683,66259844.00,4.57,-0.06,-0.01,1.57
2026-02-03,17.78,17.80,18.11,17.30,34250,60575775.00,4.63,1.71,0.30,1.43
2026-02-04,17.76,18.45,18.50,17.70,50782,92701257.00,4.49,3.65,0.65,2.12
2026-02-05,18.35,19.02,19.87,18.20,81860,156884586.00,9.05,3.09,0.57,3.41
2026-02-06,18.98,19.00,19.40,18.55,54439,103238373.00,4.47,-0.11,-0.02,2.27
2026-02-09,19.03,18.85,19.19,18.51,45968,86692433.00,3.58,-0.79,-0.15,1.92
2026-02-10,18.90,18.58,19.18,18.51,39058,72992492.00,3.55,-1.43,-0.27,1.63
2026-02-11,18.60,18.27,18.65,18.22,28874,53157423.00,2.31,-1.67,-0.31,1.20
2026-02-12,18.33,18.26,18.50,18.00,29066,52862696.00,2.74,-0.05,-0.01,1.21
2026-02-13,18.30,18.25,18.75,18.04,26735,49034101.00,3.89,-0.05,-0.01,1.11
2026-02-24,18.30,17.73,18.30,17.58,46810,83281939.00,3.95,-2.85,-0.52,1.95
2026-02-25,17.75,17.55,17.85,17.45,23099,40625509.00,2.26,-1.02,-0.18,0.96
2026-02-26,17.51,17.43,17.59,17.30,22206,38622203.00,1.65,-0.68,-0.12,0.93
2026-02-27,17.42,17.75,17.75,17.07,39550,68985841.00,3.90,1.84,0.32,1.65
2026-03-02,17.47,17.08,17.51,16.85,38153,65186089.00,3.72,-3.77,-0.67,1.59
2026-03-03,17.10,16.44,17.26,16.20,35374,58730689.00,6.21,-3.75,-0.64,1.47
2026-03-04,16.30,16.39,16.58,16.12,18538,30334062.00,2.80,-0.30,-0.05,0.77
2026-03-05,16.50,16.29,16.69,16.27,21449,35241728.00,2.56,-0.61,-0.10,0.89
2026-03-06,16.55,16.60,16.80,16.12,21983,36212342.00,4.17,1.90,0.31,0.92
2026-03-09,16.26,16.48,16.90,15.84,28472,46251921.00,6.39,-0.72,-0.12,1.19
2026-03-10,16.45,17.01,17.10,16.45,24299,40764442.00,3.94,3.22,0.53,1.01
2026-03-11,17.09,16.79,17.25,16.61,24538,41502428.00,3.76,-1.29,-0.22,1.02
2026-03-12,16.87,16.78,17.13,16.52,15179,25419844.00,3.63,-0.06,-0.01,0.63
2026-03-13,16.74,16.53,16.80,16.45,18043,29938562.00,2.09,-1.49,-0.25,0.75
2026-03-16,16.55,16.55,16.63,16.34,11742,19347707.00,1.75,0.12,0.02,0.49
2026-03-17,17.33,16.34,17.33,16.06,24715,40575592.00,7.67,-1.27,-0.21,1.03
2026-03-18,16.35,16.37,16.44,16.00,15780,25550362.00,2.69,0.18,0.03,0.66
2026-03-19,16.35,16.17,16.37,15.93,13440,21700580.00,2.69,-1.22,-0.20,0.56
2026-03-20,16.07,16.16,16.36,15.74,17516,28098565.00,3.83,-0.06,-0.01,0.73
2026-03-23,16.02,15.38,16.05,14.68,36864,56234964.00,8.48,-4.83,-0.78,1.54
2026-03-24,15.52,15.51,15.66,14.95,24598,37417141.00,4.62,0.85,0.13,1.02
2026-03-25,15.51,15.58,15.77,15.48,15374,24003201.00,1.87,0.45,0.07,0.64
2026-03-26,15.57,15.34,15.79,15.15,19721,30414723.00,4.11,-1.54,-0.24,0.82
2026-03-27,15.18,15.25,15.31,14.93,28267,42700289.00,2.48,-0.59,-0.09,1.18
2026-03-30,15.00,15.32,15.45,14.89,24172,36652793.00,3.67,0.46,0.07,1.01
2026-03-31,15.33,15.01,15.56,15.01,26272,39948827.00,3.59,-2.02,-0.31,1.09
2026-04-01,15.27,15.26,15.35,15.10,13521,20580890.00,1.67,1.67,0.25,0.56
2026-04-02,15.26,15.76,16.30,15.16,46660,73163945.00,7.47,3.28,0.50,1.94
2026-04-03,15.79,15.37,16.15,15.35,39405,61681704.00,5.08,-2.47,-0.39,1.64
2026-04-07,15.36,15.19,15.36,15.06,19487,29599719.00,1.95,-1.17,-0.18,0.81
2026-04-08,15.47,15.71,15.77,15.47,19595,30667261.00,1.97,3.42,0.52,0.82
2026-04-09,15.71,15.61,15.71,15.28,16128,24945977.00,2.74,-0.64,-0.10,0.67
2026-04-10,15.69,15.99,16.05,15.68,18732,29759219.00,2.37,2.43,0.38,0.78
2026-04-13,15.89,16.48,16.58,15.84,18964,30762838.00,4.63,3.06,0.49,0.79
2026-04-14,16.51,16.72,16.73,16.22,22290,36791163.00,3.09,1.46,0.24,0.93
2026-04-15,16.72,15.07,16.78,14.98,75846,119050606.00,10.77,-9.87,-1.65,3.16
2026-04-16,15.24,14.59,15.26,13.91,123363,177595233.00,8.96,-3.19,-0.48,5.14
2026-04-17,14.57,14.38,14.95,14.02,88645,127894035.00,6.37,-1.44,-0.21,3.69
2026-04-20,14.39,14.45,15.05,13.88,109248,157202022.00,8.14,0.49,0.07,4.55
2026-04-21,14.38,14.90,15.43,13.84,154645,222500438.00,11.00,3.11,0.45,6.44
2026-04-22,15.23,16.34,16.80,15.10,134713,217862435.00,11.41,9.66,1.44,5.61
2026-04-23,16.33,16.34,16.92,16.00,76662,126461478.00,5.63,0.00,0.00,3.19
2026-04-24,16.34,16.96,17.14,16.10,71093,119310684.00,6.36,3.79,0.62,2.96
2026-04-27,17.10,16.74,17.13,16.17,67347,111311426.00,5.66,-1.30,-0.22,2.81
2026-04-28,16.66,15.88,16.67,15.78,60324,96744172.00,5.32,-5.14,-0.86,2.51
2026-04-29,15.84,15.85,16.15,15.70,31442,50040715.00,2.83,-0.19,-0.03,1.31
2026-04-30,15.79,16.01,16.29,15.79,40462,65154262.00,3.15,1.01,0.16,1.69
2026-05-06,16.03,16.09,16.47,15.75,43430,70192755.00,4.50,0.50,0.08,1.81
2026-05-07,16.28,16.82,17.07,16.07,49368,82311754.00,6.22,4.54,0.73,2.06
2026-05-08,16.80,18.25,18.46,16.75,91552,164513773.00,10.17,8.50,1.43,3.81
2026-05-11,18.34,18.38,19.09,17.64,94963,174357343.00,7.95,0.71,0.13,3.96
2026-05-12,18.32,18.71,18.88,18.10,48406,90054131.00,4.24,1.80,0.33,2.02
2026-05-13,18.98,19.24,19.30,18.50,65595,125058326.00,4.28,2.83,0.53,2.73
2026-05-14,19.32,19.36,19.88,19.01,71311,138606641.00,4.52,0.62,0.12,2.97
2026-05-15,19.37,19.10,19.59,18.00,67663,129180752.00,8.21,-1.34,-0.26,2.82
2026-05-18,19.00,19.26,19.62,18.97,57617,110743066.00,3.40,0.84,0.16,2.40
2026-05-19,19.28,16.51,19.38,16.13,183900,314441988.00,16.87,-14.28,-2.75,7.66
2026-05-20,16.84,16.20,16.89,16.02,112163,182936988.00,5.27,-1.88,-0.31,4.67
2026-05-21,16.36,15.71,16.61,15.62,68191,110087697.00,6.11,-3.02,-0.49,2.84
2026-05-22,15.75,15.73,15.92,15.47,41482,64907542.00,2.86,0.13,0.02,1.73
2026-05-25,15.73,15.70,16.10,15.40,56952,89130228.00,4.45,-0.19,-0.03,2.37
2026-05-26,15.71,15.73,15.85,15.32,49252,76749364.00,3.38,0.19,0.03,2.05
2026-05-27,15.75,16.36,16.40,15.35,73381,117521140.00,6.68,4.01,0.63,3.06
2026-05-28,16.36,16.00,16.99,15.81,61514,99569083.00,7.21,-2.20,-0.36,2.56
2026-05-29,16.03,15.15,16.25,14.99,55879,85288526.00,7.88,-5.31,-0.85,2.33
2026-06-01,15.08,15.32,15.66,14.96,27146,41573983.00,4.62,1.12,0.17,1.13
2026-06-02,15.31,15.21,15.38,14.67,30210,45586084.00,4.63,-0.72,-0.11,1.26
2026-06-03,15.21,15.01,15.42,14.81,26216,39551425.00,4.01,-1.31,-0.20,1.09
2026-06-04,14.90,14.77,15.05,14.68,25853,38309212.00,2.47,-1.60,-0.24,1.08
2026-06-05,14.89,14.72,15.00,14.23,27241,39921130.00,5.21,-0.34,-0.05,1.14
2026-06-08,14.40,14.44,14.90,14.25,30472,44296297.00,4.42,-1.90,-0.28,1.27
2026-06-09,14.25,14.18,14.64,14.05,25604,36342336.00,4.09,-1.80,-0.26,1.07
2026-06-10,14.18,13.71,14.18,13.40,44239,60814463.00,5.50,-3.31,-0.47,1.84
2026-06-11,13.69,14.51,14.51,13.35,48755,67798967.00,8.46,5.84,0.80,2.03
2026-06-12,14.58,14.34,14.60,14.05,32611,46725865.00,3.79,-1.17,-0.17,1.36
2026-06-15,14.39,14.59,14.63,14.25,19691,28468557.00,2.65,1.74,0.25,0.82
2026-06-16,14.44,14.46,14.70,14.28,23766,34327932.00,2.88,-0.89,-0.13,0.99
2026-06-17,14.35,14.85,14.85,14.22,40022,58325079.00,4.36,2.70,0.39,1.67
2026-06-18,14.85,14.78,15.10,14.51,19942,29530059.00,3.97,-0.47,-0.07,0.83
2026-06-22,14.64,14.28,14.94,13.96,34512,49088457.00,6.63,-3.38,-0.50,1.44
2026-06-23,14.20,14.21,14.50,14.02,23607,33721731.00,3.36,-0.49,-0.07,0.98
2026-06-24,14.15,14.00,14.29,13.73,18665,26009179.00,3.94,-1.48,-0.21,0.78
2026-06-25,13.90,13.31,14.22,13.27,33785,46060051.00,6.79,-4.93,-0.69,1.41
2026-06-26,13.13,14.09,14.25,13.10,64918,89805095.00,8.64,5.86,0.78,2.70
2026-06-29,13.90,14.09,14.33,13.58,46441,64435066.00,5.32,0.00,0.00,1.94