2026-01-05,20.23,20.37,20.58,20.11,16010,43113361.00,2.33,0.94,0.19,5.02
2026-01-06,20.47,20.38,20.55,20.31,10103,27200969.00,1.18,0.05,0.01,3.17
2026-01-07,20.59,20.10,20.62,20.06,10305,27471668.00,2.75,-1.37,-0.28,3.23
2026-01-08,20.11,20.45,20.47,20.03,8815,23629078.00,2.19,1.74,0.35,2.76
2026-01-09,20.49,20.51,20.53,20.28,10376,27900534.00,1.22,0.29,0.06,3.25
2026-01-12,20.61,20.79,20.84,20.50,13055,35572939.00,1.66,1.37,0.28,4.09
2026-01-13,20.84,20.96,21.41,20.58,19374,53766292.00,3.99,0.82,0.17,6.08
2026-01-14,21.00,20.96,21.29,20.65,16222,44926507.00,3.05,0.00,0.00,5.09
2026-01-15,20.94,21.16,21.23,20.65,10667,29649148.00,2.77,0.95,0.20,3.35
2026-01-16,21.17,21.38,21.48,21.13,11006,30847580.00,1.65,1.04,0.22,3.45
2026-01-19,21.34,21.84,22.02,21.33,15703,44905548.00,3.23,2.15,0.46,4.93
2026-01-20,21.84,22.05,22.26,21.67,18417,53442157.00,2.70,0.96,0.21,5.78
2026-01-21,21.95,22.18,22.26,21.74,13820,40204113.00,2.36,0.59,0.13,4.33
2026-01-22,22.32,22.46,22.49,22.18,14663,43146090.00,1.40,1.26,0.28,4.60
2026-01-23,22.57,22.16,22.57,21.93,13195,38417140.00,2.85,-1.34,-0.30,4.14
2026-01-26,22.17,22.05,22.41,21.81,16308,47253644.00,2.71,-0.50,-0.11,5.12
2026-01-27,22.05,22.07,22.17,21.32,12677,36285269.00,3.85,0.09,0.02,3.98
2026-01-28,22.11,21.81,22.25,21.72,9609,27720875.00,2.40,-1.18,-0.26,3.01
2026-01-29,21.81,21.83,22.19,21.64,12959,37570800.00,2.52,0.09,0.02,4.06
2026-01-30,21.83,22.15,22.25,21.65,12189,35277616.00,2.75,1.47,0.32,3.82
2026-02-02,22.04,22.04,22.59,21.88,18199,53445488.00,3.21,-0.50,-0.11,5.71
2026-02-03,22.16,22.50,22.56,22.15,10186,30012728.00,1.86,2.09,0.46,3.19
2026-02-04,22.39,22.50,22.78,22.32,10918,32418828.00,2.04,0.00,0.00,3.42
2026-02-05,22.51,22.46,22.76,22.27,9756,28960387.00,2.18,-0.18,-0.04,3.06
2026-02-06,22.38,22.83,23.20,22.32,18881,56939271.00,3.92,1.65,0.37,5.92
2026-02-09,22.93,22.76,23.04,22.50,19898,59409402.00,2.37,-0.31,-0.07,6.24
2026-02-10,22.73,22.57,22.81,22.52,10129,30205525.00,1.27,-0.83,-0.19,3.18
2026-02-11,22.67,22.57,23.18,22.50,22318,66922154.00,3.01,0.00,0.00,7.00
2026-02-12,22.57,22.32,22.62,22.19,12794,37738388.00,1.91,-1.11,-0.25,4.01
2026-02-13,22.42,22.49,22.79,22.24,15783,46917515.00,2.46,0.76,0.17,4.95
2026-02-24,22.54,22.81,22.81,22.40,10633,31664552.00,1.82,1.42,0.32,3.34
2026-02-25,22.81,22.67,22.87,22.63,10797,32266119.00,1.05,-0.61,-0.14,3.39
2026-02-26,22.87,22.85,22.87,22.56,8253,24684231.00,1.37,0.79,0.18,2.59
2026-02-27,22.80,22.70,22.84,22.56,9857,29409094.00,1.23,-0.66,-0.15,3.09
2026-03-02,22.35,21.76,22.68,21.50,18621,53719755.00,5.20,-4.14,-0.94,5.84
2026-03-03,21.81,21.40,22.13,21.38,15060,43236320.00,3.45,-1.65,-0.36,4.72
2026-03-04,21.34,21.31,21.53,21.08,12828,35965176.00,2.10,-0.42,-0.09,4.02
2026-03-05,21.54,21.88,22.01,21.52,11101,31893017.00,2.30,2.67,0.57,3.48
2026-03-06,21.70,22.54,22.68,21.70,11770,34650319.00,4.48,3.02,0.66,3.69
2026-03-09,22.26,22.35,22.56,21.84,11841,34540869.00,3.19,-0.84,-0.19,3.71
2026-03-10,22.53,22.90,22.97,22.37,10990,32929487.00,2.68,2.46,0.55,3.45
2026-03-11,23.01,22.72,23.05,22.58,7948,23789454.00,2.05,-0.79,-0.18,2.49
2026-03-12,22.66,22.24,22.80,22.12,8165,24054911.00,2.99,-2.11,-0.48,2.56
2026-03-13,22.15,22.26,22.71,22.08,7049,20783226.00,2.83,0.09,0.02,2.21
2026-03-16,22.18,22.29,22.56,21.95,9709,28503407.00,2.74,0.13,0.03,3.05
2026-03-17,22.44,21.85,22.55,21.72,9864,28789896.00,3.72,-1.97,-0.44,3.09
2026-03-18,21.95,22.31,22.34,21.73,11512,33434622.00,2.79,2.11,0.46,3.61
2026-03-19,22.03,21.48,22.28,21.37,8392,24004354.00,4.08,-3.72,-0.83,2.63
2026-03-20,21.67,20.65,21.70,20.61,16392,45205303.00,5.07,-3.86,-0.83,5.14
2026-03-23,20.08,19.15,20.33,19.06,20364,52728330.00,6.15,-7.26,-1.50,6.39
2026-03-24,19.72,20.06,20.11,19.26,16359,42522130.00,4.44,4.75,0.91,5.13
2026-03-25,20.11,20.55,20.87,20.11,12085,32739755.00,3.79,2.44,0.49,3.79
2026-03-26,20.55,20.03,20.79,19.90,11263,30024944.00,4.33,-2.53,-0.52,3.53
2026-03-27,20.03,20.42,20.53,19.62,9353,25036417.00,4.54,1.95,0.39,2.93
2026-03-30,20.23,20.72,20.72,20.11,8807,23829794.00,2.99,1.47,0.30,2.76
2026-03-31,20.88,20.44,20.96,20.34,10228,27826571.00,2.99,-1.35,-0.28,3.21
2026-04-01,20.88,20.65,20.94,20.48,8375,22860262.00,2.25,1.03,0.21,2.63
2026-04-02,20.65,20.34,20.84,20.04,8501,22877753.00,3.87,-1.50,-0.31,2.67
2026-04-03,20.45,19.84,20.45,19.64,9715,25444426.00,3.98,-2.46,-0.50,3.05
2026-04-07,19.99,20.39,20.55,19.60,10531,28169553.00,4.79,2.77,0.55,3.30
2026-04-08,20.78,21.22,21.30,20.65,9380,26107774.00,3.19,4.07,0.83,2.94
2026-04-09,21.35,21.00,21.35,20.73,9285,25725202.00,2.92,-1.04,-0.22,2.91
2026-04-10,21.13,21.28,21.41,21.06,6623,18568130.00,1.67,1.33,0.28,2.08
2026-04-13,21.26,21.20,21.27,21.03,5702,15874315.00,1.13,-0.38,-0.08,1.79
2026-04-14,21.37,21.13,21.37,20.86,5689,15798201.00,2.41,-0.33,-0.07,1.78
2026-04-15,21.22,21.13,21.23,20.96,5622,15637405.00,1.28,0.00,0.00,1.76
2026-04-16,21.20,21.39,21.46,20.97,8285,23143867.00,2.32,1.23,0.26,2.60
2026-04-17,21.48,21.40,21.61,21.35,7750,21917116.00,1.22,0.05,0.01,2.43
2026-04-20,21.39,21.44,21.47,21.23,6087,17122269.00,1.12,0.19,0.04,1.91
2026-04-21,21.44,21.57,21.71,21.30,7838,22212105.00,1.91,0.61,0.13,2.46
2026-04-22,21.57,21.49,21.61,21.29,4947,13972121.00,1.48,-0.37,-0.08,1.55
2026-04-23,21.51,21.04,21.54,20.96,5990,16678485.00,2.70,-2.09,-0.45,1.88
2026-04-24,20.99,21.23,21.41,20.70,6729,18691913.00,3.37,0.90,0.19,2.11
2026-04-27,21.23,21.71,21.75,20.92,13359,37597645.00,3.91,2.26,0.48,4.19
2026-04-28,21.62,21.40,21.69,21.19,11697,32977035.00,2.30,-1.43,-0.31,3.67
2026-04-29,21.81,22.15,22.26,21.57,15267,44197426.00,3.22,3.50,0.75,4.79
2026-04-30,22.15,22.31,22.33,21.88,13800,40294766.00,2.03,0.72,0.16,4.33
2026-05-06,22.47,22.61,23.11,22.20,22393,66760948.00,4.08,1.34,0.30,7.02
2026-05-07,22.59,22.63,22.88,22.43,13935,41498787.00,1.99,0.09,0.02,4.37
2026-05-08,22.77,22.96,22.96,22.39,12181,36539954.00,2.52,1.46,0.33,3.82
2026-05-11,23.04,23.35,23.43,22.95,13922,42433594.00,2.09,1.70,0.39,4.37
2026-05-12,23.41,22.81,23.41,22.67,14031,42374149.00,3.17,-2.31,-0.54,4.40
2026-05-13,22.81,22.62,22.88,22.45,15047,44823451.00,1.89,-0.83,-0.19,4.72
2026-05-14,22.64,22.65,22.83,22.41,14571,43383087.00,1.86,0.13,0.03,4.57
2026-05-15,22.76,22.55,22.86,22.29,13058,38752372.00,2.52,-0.44,-0.10,4.10
2026-05-18,22.56,22.59,22.70,22.29,9806,29032050.00,1.82,0.18,0.04,3.08
2026-05-19,22.60,22.43,22.80,22.25,9127,26970815.00,2.43,-0.71,-0.16,2.86
2026-05-20,22.33,22.25,22.42,22.06,9368,27410480.00,1.60,-0.80,-0.18,2.94
2026-05-21,22.24,21.50,22.62,20.81,13431,38983887.00,8.13,-3.37,-0.75,4.21
2026-05-22,21.62,22.09,22.23,21.33,11269,32393313.00,4.19,2.74,0.59,3.53
2026-05-25,22.22,21.13,22.32,20.77,18100,50729929.00,7.02,-4.35,-0.96,5.68
2026-05-26,21.19,20.61,21.22,20.50,11180,30581340.00,3.41,-2.46,-0.52,3.51
2026-05-27,20.49,20.06,20.72,19.73,16184,42775699.00,4.80,-2.67,-0.55,5.08
2026-05-28,20.04,20.16,20.37,19.68,11290,29725934.00,3.44,0.50,0.10,3.54
2026-05-29,20.22,19.87,20.39,19.72,12390,32535374.00,3.32,-1.44,-0.29,3.89
2026-06-01,19.56,20.43,20.72,19.46,15399,41300842.00,6.34,2.82,0.56,4.83
2026-06-02,20.35,19.82,20.73,19.76,19062,38320538.00,4.75,-2.99,-0.61,4.67
2026-06-03,19.79,19.62,19.89,19.42,19581,38538921.00,2.37,-1.01,-0.20,4.80
2026-06-04,19.50,19.24,19.65,19.04,15609,30119926.00,3.11,-1.94,-0.38,3.82
2026-06-05,19.30,19.77,20.03,18.94,14408,28151995.00,5.67,2.75,0.53,3.53
2026-06-08,19.48,19.15,19.84,18.80,11500,22250416.00,5.26,-3.14,-0.62,2.82
2026-06-09,19.26,19.15,19.63,19.11,12381,23932909.00,2.72,0.00,0.00,3.03
2026-06-10,18.93,18.86,19.18,18.46,10355,19468486.00,3.76,-1.51,-0.29,2.54
2026-06-11,18.63,18.70,18.98,18.30,9358,17428864.00,3.61,-0.85,-0.16,2.29
2026-06-12,18.70,18.85,19.20,18.60,10866,20555867.00,3.21,0.80,0.15,2.66
2026-06-15,18.93,18.68,19.36,18.51,12297,23226947.00,4.51,-0.90,-0.17,3.01
2026-06-16,18.70,18.81,18.99,18.16,17114,31727307.00,4.44,0.70,0.13,4.19
2026-06-17,18.88,18.30,18.88,18.24,13042,24088277.00,3.40,-2.71,-0.51,3.19
2026-06-18,18.20,18.17,18.42,17.90,9009,16395245.00,2.84,-0.71,-0.13,2.21
2026-06-22,17.95,18.30,18.35,17.50,20439,36547592.00,4.68,0.72,0.13,5.01
2026-06-23,18.08,18.46,18.99,18.08,15197,28307004.00,4.97,0.87,0.16,3.72
2026-06-24,18.42,17.85,18.59,17.67,15984,28838316.00,4.98,-3.30,-0.61,3.91
2026-06-25,17.66,17.11,17.85,17.01,20785,35928379.00,4.71,-4.15,-0.74,5.09
2026-06-26,17.03,16.80,17.09,16.58,15113,25417096.00,2.98,-1.81,-0.31,3.70
2026-06-29,16.86,16.70,16.91,16.11,16875,27890446.00,4.76,-0.60,-0.10,4.13
2026-06-30,16.80,16.61,16.91,16.36,15272,25380612.00,3.29,-0.54,-0.09,3.74
2026-07-01,16.74,17.00,17.18,16.61,17287,29225103.00,3.43,2.35,0.39,4.23
2026-07-02,16.94,16.93,17.45,16.92,12350,21242516.00,3.12,-0.41,-0.07,3.03
2026-07-03,17.13,17.97,18.23,16.80,28608,50687575.00,8.45,6.14,1.04,7.01
2026-07-06,17.96,17.52,18.06,17.33,15744,27777650.00,4.06,-2.50,-0.45,3.86
2026-07-07,17.45,16.79,17.62,16.76,12566,21424794.00,4.91,-4.17,-0.73,3.08
2026-07-08,16.79,16.56,16.86,16.36,11305,18755732.00,2.98,-1.37,-0.23,2.77
2026-07-09,16.64,16.30,16.64,15.94,11733,19068942.00,4.23,-1.57,-0.26,2.87
2026-07-10,16.14,16.64,16.99,16.11,13762,22905087.00,5.40,2.09,0.34,3.37
2026-07-13,16.74,16.13,16.76,16.10,13181,21500997.00,3.97,-3.06,-0.51,3.23
2026-07-14,16.13,16.69,16.70,15.97,11602,19031499.00,4.53,3.47,0.56,2.84
2026-07-15,16.68,16.77,16.97,16.51,9026,15139946.00,2.76,0.48,0.08,2.21
2026-07-16,16.84,17.12,17.33,16.50,11591,19772682.00,4.95,2.09,0.35,2.84
2026-07-17,17.27,16.48,17.33,16.44,14100,23743611.00,5.20,-3.74,-0.64,3.45
2026-07-20,16.48,15.87,17.02,15.55,18075,29375503.00,8.92,-3.70,-0.61,4.43
2026-07-21,15.83,15.51,15.83,14.79,16276,24955321.00,6.55,-2.27,-0.36,3.99
2026-07-22,15.29,15.05,15.62,14.91,16717,25320279.00,4.58,-2.97,-0.46,4.09
2026-07-23,15.06,15.47,15.53,14.94,15123,23054338.00,3.92,2.79,0.42,3.70
2026-07-24,15.31,15.03,15.43,14.91,15026,22751011.00,3.36,-2.84,-0.44,3.68
2026-07-27,15.00,15.41,15.62,14.80,15378,23684052.00,5.46,2.53,0.38,3.77
2026-07-28,15.41,15.41,15.83,15.33,16438,25543191.00,3.24,0.00,0.00,4.03
2026-07-29,15.34,15.92,15.98,15.34,17448,27567204.00,4.15,3.31,0.51,4.27
2026-07-30,15.81,15.66,16.17,15.54,13296,21106628.00,3.96,-1.63,-0.26,3.26
2026-07-31,15.72,16.23,16.24,15.72,14570,23402975.00,3.32,3.64,0.57,3.57
2026-08-03,16.06,16.92,16.99,16.06,16302,27076531.00,5.73,4.25,0.69,3.99
2026-08-04,16.97,17.04,17.30,16.91,20465,35003727.00,2.30,0.71,0.12,5.01
2026-08-05,16.97,17.32,17.54,16.97,14490,25071055.42,3.35,1.64,0.28,3.55