2026-01-05,13.55,12.13,13.60,12.13,540496,687777713.31,10.88,-10.21,-1.38,10.32
2026-01-06,12.04,12.07,12.26,12.00,328679,407088027.56,2.14,-0.49,-0.06,6.28
2026-01-07,12.00,11.65,12.07,11.61,317543,383941956.73,3.81,-3.48,-0.42,6.07
2026-01-08,11.62,11.78,11.83,11.58,180401,216796706.22,2.15,1.12,0.13,3.45
2026-01-09,11.78,11.80,11.87,11.72,182530,220584978.70,1.27,0.17,0.02,3.49
2026-01-12,11.81,12.37,12.69,11.81,415736,522210022.89,7.46,4.83,0.57,7.94
2026-01-13,12.46,11.85,12.46,11.84,282757,349890770.22,5.01,-4.20,-0.52,5.40
2026-01-14,11.86,11.99,12.16,11.83,221483,272347832.60,2.78,1.18,0.14,4.23
2026-01-15,11.89,11.87,11.93,11.74,154693,187691422.65,1.58,-1.00,-0.12,2.95
2026-01-16,11.89,11.78,11.95,11.72,135908,164353274.22,1.94,-0.76,-0.09,2.60
2026-01-19,11.76,11.81,11.84,11.70,119362,144201588.32,1.19,0.25,0.03,2.28
2026-01-20,11.83,11.60,11.84,11.50,172310,205578943.64,2.88,-1.78,-0.21,3.29
2026-01-21,11.50,11.54,11.62,11.42,87739,103908907.54,1.72,-0.52,-0.06,1.68
2026-01-22,11.57,11.71,11.76,11.54,99602,119210305.98,1.91,1.47,0.17,1.90
2026-01-23,11.73,11.76,11.78,11.69,91793,110541041.03,0.77,0.43,0.05,1.75
2026-01-26,11.76,11.56,11.81,11.48,119524,142162696.41,2.81,-1.70,-0.20,2.28
2026-01-27,11.54,11.49,11.62,11.30,101840,119495482.22,2.77,-0.61,-0.07,1.95
2026-01-28,11.47,11.37,11.53,11.34,86523,101316495.74,1.65,-1.04,-0.12,1.65
2026-01-29,11.31,11.30,11.49,11.18,106337,123858283.18,2.73,-0.62,-0.07,2.03
2026-01-30,11.23,11.30,11.40,11.18,83928,97260850.17,1.95,0.00,0.00,1.60
2026-02-02,11.26,11.27,11.60,11.26,129623,151861570.90,3.01,-0.27,-0.03,2.48
2026-02-03,11.39,11.41,11.42,11.26,74563,86955559.00,1.42,1.24,0.14,1.42
2026-02-04,11.37,11.34,11.43,11.23,83078,96643846.96,1.75,-0.61,-0.07,1.59
2026-02-05,11.32,11.34,11.42,11.28,69383,80872439.04,1.23,0.00,0.00,1.33
2026-02-06,11.27,11.32,11.41,11.20,58500,68053641.94,1.85,-0.18,-0.02,1.12
2026-02-09,11.44,11.49,11.50,11.38,80596,94586211.44,1.06,1.50,0.17,1.54
2026-02-10,11.49,11.59,11.62,11.47,81642,96811090.96,1.31,0.87,0.10,1.56
2026-02-11,11.60,11.53,11.64,11.51,63319,75200917.00,1.12,-0.52,-0.06,1.21
2026-02-12,11.53,11.42,11.57,11.40,73890,86867317.94,1.47,-0.95,-0.11,1.41
2026-02-13,11.40,11.38,11.55,11.38,59647,70207165.49,1.49,-0.35,-0.04,1.14
2026-02-24,11.53,11.38,11.55,11.35,80085,93723097.05,1.76,0.00,0.00,1.53
2026-02-25,11.43,11.47,11.51,11.37,82360,96830085.59,1.23,0.79,0.09,1.57
2026-02-26,11.48,11.44,11.54,11.41,76943,90510961.00,1.13,-0.26,-0.03,1.47
2026-02-27,11.42,11.50,11.50,11.36,83922,98499676.30,1.22,0.52,0.06,1.60
2026-03-02,11.38,11.09,11.40,11.04,128695,147668907.54,3.13,-3.57,-0.41,2.46
2026-03-03,11.12,10.62,11.14,10.62,116327,129640987.00,4.69,-4.24,-0.47,2.22
2026-03-04,10.51,10.75,10.85,10.48,94669,103846184.13,3.48,1.22,0.13,1.81
2026-03-05,10.85,10.83,10.97,10.79,59188,66095688.00,1.67,0.74,0.08,1.13
2026-03-06,10.76,10.91,10.92,10.71,39293,43898629.36,1.94,0.74,0.08,0.75
2026-03-09,10.75,10.92,10.97,10.58,75717,83654732.76,3.57,0.09,0.01,1.45
2026-03-10,11.03,10.97,11.04,10.92,52074,58722550.00,1.10,0.46,0.05,0.99
2026-03-11,10.98,10.92,11.07,10.90,46976,52967194.00,1.55,-0.46,-0.05,0.90
2026-03-12,10.91,10.93,11.14,10.87,48854,55012103.87,2.47,0.09,0.01,0.93
2026-03-13,10.86,10.72,10.99,10.70,66309,73766262.00,2.65,-1.92,-0.21,1.27
2026-03-16,10.71,10.88,10.88,10.66,51380,57061383.00,2.05,1.49,0.16,0.98
2026-03-17,10.90,10.78,11.03,10.76,56472,63092624.50,2.48,-0.92,-0.10,1.08
2026-03-18,10.75,10.94,10.95,10.71,53396,59363462.00,2.23,1.48,0.16,1.02
2026-03-19,10.73,10.68,10.90,10.65,64962,71789577.00,2.29,-2.38,-0.26,1.24
2026-03-20,10.68,10.42,10.76,10.42,78166,84888523.50,3.18,-2.43,-0.26,1.49
2026-03-23,10.20,9.71,10.31,9.64,109803,112271215.85,6.43,-6.81,-0.71,2.10
2026-03-24,9.91,10.07,10.09,9.73,72497,74156068.10,3.71,3.71,0.36,1.38
2026-03-25,10.09,10.13,10.17,10.05,60718,63239365.90,1.19,0.60,0.06,1.16
2026-03-26,10.12,9.88,10.19,9.83,59125,60839817.12,3.55,-2.47,-0.25,1.13
2026-03-27,9.79,9.93,9.97,9.73,49268,50273984.10,2.43,0.51,0.05,0.94
2026-03-30,9.80,10.09,10.10,9.76,66478,68147398.00,3.42,1.61,0.16,1.27
2026-03-31,10.00,9.66,10.01,9.63,155826,156192893.78,3.77,-4.26,-0.43,2.98
2026-04-01,9.78,9.80,9.80,9.63,96377,96631200.90,1.76,1.45,0.14,1.84
2026-04-02,9.72,9.50,9.78,9.45,74374,73510507.80,3.37,-3.06,-0.30,1.42
2026-04-03,9.54,9.13,9.58,9.12,73456,70214233.08,4.84,-3.89,-0.37,1.40
2026-04-07,9.14,9.19,9.26,9.12,49772,47274852.24,1.53,0.66,0.06,0.95
2026-04-08,9.41,9.58,9.60,9.34,81915,80326241.50,2.83,4.24,0.39,1.56
2026-04-09,9.51,9.38,9.55,9.33,65619,63724727.00,2.30,-2.09,-0.20,1.25
2026-04-10,9.50,9.63,9.87,9.46,93926,93527601.96,4.37,2.67,0.25,1.79
2026-04-13,9.61,9.67,9.81,9.49,90039,89403292.96,3.32,0.42,0.04,1.72
2026-04-14,9.74,9.74,9.79,9.61,51463,51388019.00,1.86,0.72,0.07,0.98
2026-04-15,9.72,9.74,9.95,9.71,61219,61672015.14,2.46,0.00,0.00,1.17
2026-04-16,9.73,9.86,10.04,9.70,101126,102889273.80,3.49,1.23,0.12,1.93
2026-04-17,9.85,9.81,9.88,9.68,71842,72280616.79,2.03,-0.51,-0.05,1.37
2026-04-20,9.81,9.89,9.91,9.75,61344,62156576.91,1.63,0.82,0.08,1.17
2026-04-21,9.90,9.67,9.91,9.63,66735,66867353.35,2.83,-2.22,-0.22,1.27
2026-04-22,9.69,10.00,10.10,9.64,106136,108323458.02,4.76,3.41,0.33,2.03
2026-04-23,9.95,9.95,10.10,9.88,75239,77354481.52,2.20,-0.50,-0.05,1.44
2026-04-24,9.96,9.78,9.97,9.69,71939,72514720.85,2.81,-1.71,-0.17,1.37
2026-04-27,10.07,10.05,10.18,9.97,133182,138084126.07,2.15,2.76,0.27,2.54
2026-04-28,10.02,9.66,10.03,9.65,128615,129279735.04,3.78,-3.88,-0.39,2.46
2026-04-29,9.65,9.78,9.90,9.60,98544,99499727.28,3.11,1.24,0.12,1.88
2026-04-30,9.77,9.90,9.90,9.75,62051,63083488.00,1.53,1.23,0.12,1.19
2026-05-06,9.90,9.98,10.05,9.90,86188,88632416.00,1.52,0.81,0.08,1.65
2026-05-07,9.98,10.13,10.17,9.93,115466,119666518.80,2.40,1.50,0.15,2.21
2026-05-08,10.08,10.33,10.36,10.02,144686,152413082.84,3.36,1.97,0.20,2.76
2026-05-11,10.38,10.21,10.48,10.15,122967,129241256.63,3.19,-1.16,-0.12,2.35
2026-05-12,10.18,9.95,10.20,9.90,105638,108708987.00,2.94,-2.55,-0.26,2.02
2026-05-13,9.92,10.18,10.25,9.88,102297,106825313.35,3.72,2.31,0.23,1.95
2026-05-14,10.22,10.22,10.39,9.93,154127,161555079.48,4.52,0.39,0.04,2.94
2026-05-15,10.22,10.29,10.44,10.16,124663,128221362.94,2.74,0.68,0.07,2.38
2026-05-18,10.20,10.04,10.36,9.88,150293,150582202.83,4.66,-2.43,-0.25,2.87
2026-05-19,10.00,10.12,10.18,9.96,78588,79262468.44,2.19,0.80,0.08,1.50
2026-05-20,10.06,9.80,10.10,9.75,110342,108514070.62,3.46,-3.16,-0.32,2.11
2026-05-21,9.82,9.61,10.00,9.56,128167,125641685.96,4.49,-1.94,-0.19,2.45
2026-05-22,9.78,9.70,9.78,9.47,86374,83013779.28,3.23,0.94,0.09,1.65
2026-05-25,9.65,9.79,9.84,9.50,94482,91233672.79,3.51,0.93,0.09,1.80
2026-05-26,9.73,9.77,9.96,9.59,89141,86988531.50,3.78,-0.20,-0.02,1.70
2026-05-27,9.70,9.39,9.75,9.35,95738,90706748.00,4.09,-3.89,-0.38,1.83
2026-05-28,9.31,9.40,9.44,9.10,78528,72766435.79,3.62,0.11,0.01,1.50
2026-05-29,9.35,9.26,9.60,9.24,96869,91000525.54,3.83,-1.49,-0.14,1.85
2026-06-01,9.29,9.58,9.95,9.23,155301,150023978.01,7.78,3.46,0.32,2.97
2026-06-02,9.55,9.24,9.64,9.21,95119,88521117.00,4.49,-3.55,-0.34,1.82
2026-06-03,9.24,9.23,9.39,9.12,65327,60358885.23,2.92,-0.11,-0.01,1.25
2026-06-04,9.22,9.07,9.25,8.98,65382,59429646.34,2.93,-1.73,-0.16,1.25
2026-06-05,9.15,9.23,9.34,9.10,80192,73987004.99,2.65,1.76,0.16,1.53
2026-06-08,9.10,9.41,9.63,9.02,124860,117340895.76,6.61,1.95,0.18,2.38
2026-06-09,9.48,9.43,9.50,9.24,57716,53969687.00,2.76,0.21,0.02,1.10
2026-06-10,9.37,9.30,9.52,9.23,61540,57691742.05,3.08,-1.38,-0.13,1.18
2026-06-11,9.24,8.90,9.24,8.80,92440,82988429.46,4.73,-4.30,-0.40,1.77
2026-06-12,8.97,9.02,9.05,8.84,59525,53429864.00,2.36,1.35,0.12,1.14
2026-06-15,9.06,9.04,9.18,8.99,71487,64813211.66,2.11,0.22,0.02,1.37
2026-06-16,9.04,8.82,9.04,8.69,111865,98383885.22,3.87,-2.43,-0.22,2.14
2026-06-17,8.74,8.61,8.93,8.58,91366,79629788.00,3.97,-2.38,-0.21,1.75
2026-06-18,8.53,8.66,8.82,8.42,93969,80956480.20,4.65,0.58,0.05,1.79
2026-06-22,8.59,8.67,8.70,8.18,136273,114446182.04,6.00,0.12,0.01,2.60
2026-06-23,8.64,8.58,8.74,8.53,66863,57710709.55,2.42,-1.04,-0.09,1.28
2026-06-24,8.53,8.25,8.60,8.16,83930,69665414.49,5.13,-3.85,-0.33,1.60
2026-06-25,8.20,8.10,8.25,7.99,84834,68598113.29,3.15,-1.82,-0.15,1.62
2026-06-26,8.05,7.82,8.08,7.81,75653,59968444.92,3.33,-3.46,-0.28,1.45
2026-06-29,7.85,7.74,7.87,7.56,85631,66151099.00,3.96,-1.02,-0.08,1.64