2026-01-05,16.18,16.28,16.39,16.01,25848,42220546.00,2.35,0.74,0.12,3.64
2026-01-06,16.33,16.18,16.45,16.06,25712,41968138.00,2.40,-0.61,-0.10,3.62
2026-01-07,16.18,15.98,16.19,15.90,22069,35611203.00,1.79,-1.24,-0.20,3.11
2026-01-08,15.95,16.33,16.40,15.91,26767,43716030.00,3.07,2.19,0.35,3.77
2026-01-09,16.38,16.44,16.51,16.23,20353,33482341.00,1.71,0.67,0.11,2.87
2026-01-12,16.61,16.75,16.78,16.46,26270,43988208.00,1.95,1.89,0.31,3.70
2026-01-13,16.81,16.79,16.97,16.57,27009,45726610.00,2.39,0.24,0.04,3.81
2026-01-14,16.74,16.88,17.09,16.65,30726,52174512.00,2.62,0.54,0.09,4.33
2026-01-15,16.99,17.09,17.11,16.76,24545,42002101.00,2.07,1.24,0.21,3.46
2026-01-16,17.20,17.16,17.20,16.95,26354,45218696.00,1.46,0.41,0.07,3.71
2026-01-19,17.16,17.40,17.43,17.02,26338,45818103.00,2.39,1.40,0.24,3.71
2026-01-20,17.51,17.62,17.69,17.42,28267,49886516.00,1.55,1.26,0.22,3.98
2026-01-21,17.46,17.71,17.81,17.41,21898,38822464.00,2.27,0.51,0.09,3.09
2026-01-22,17.90,18.03,18.10,17.70,26773,48302007.00,2.26,1.81,0.32,3.77
2026-01-23,18.02,18.02,18.11,17.78,19708,35550702.00,1.83,-0.06,-0.01,2.78
2026-01-26,18.16,17.79,18.18,17.68,24539,44057215.00,2.77,-1.28,-0.23,3.46
2026-01-27,17.81,17.94,18.04,17.43,36468,65264880.00,3.43,0.84,0.15,5.14
2026-01-28,17.99,17.69,18.01,17.65,21914,39166309.00,2.01,-1.39,-0.25,3.09
2026-01-29,17.57,17.70,17.97,17.49,23457,41877722.00,2.71,0.06,0.01,3.31
2026-01-30,17.56,18.01,18.06,17.56,27652,49753605.00,2.82,1.75,0.31,3.90
2026-02-02,18.01,18.06,18.46,17.92,36146,66216315.00,3.00,0.28,0.05,5.09
2026-02-03,18.21,18.37,18.44,18.06,30192,55461341.00,2.10,1.72,0.31,4.25
2026-02-04,18.31,18.21,18.45,18.12,20216,37173513.00,1.80,-0.87,-0.16,2.85
2026-02-05,18.21,18.59,18.64,18.17,35432,65541707.00,2.58,2.09,0.38,4.99
2026-02-06,18.41,18.33,18.66,17.91,36925,68513631.00,4.03,-1.40,-0.26,5.20
2026-02-09,18.41,18.49,18.61,18.26,31097,57658892.00,1.91,0.87,0.16,4.38
2026-02-10,18.52,18.44,18.56,18.41,18796,34884229.00,0.81,-0.27,-0.05,2.65
2026-02-11,18.45,18.51,18.65,18.41,15898,29600554.00,1.30,0.38,0.07,2.24
2026-02-12,18.51,18.34,18.57,18.18,17230,31782509.00,2.11,-0.92,-0.17,2.43
2026-02-13,18.31,18.45,18.64,18.22,19842,36842424.00,2.29,0.60,0.11,2.80
2026-02-24,18.54,18.74,18.80,18.46,20183,37924528.00,1.84,1.57,0.29,2.84
2026-02-25,18.82,18.53,18.82,18.45,24543,45899560.00,1.97,-1.12,-0.21,3.46
2026-02-26,18.52,18.48,18.60,18.35,18509,34332682.00,1.35,-0.27,-0.05,2.61
2026-02-27,18.47,18.55,18.55,18.25,16811,31095579.00,1.62,0.38,0.07,2.37
2026-03-02,18.31,17.65,18.49,17.44,25722,46091224.00,5.66,-4.85,-0.90,3.62
2026-03-03,17.65,17.18,17.90,17.13,27468,48244379.00,4.36,-2.66,-0.47,3.87
2026-03-04,17.06,17.03,17.31,16.82,24369,41715792.00,2.85,-0.87,-0.15,3.43
2026-03-05,17.31,17.21,17.53,17.17,20538,35830380.00,2.11,1.06,0.18,2.89
2026-03-06,17.14,17.92,17.97,16.92,26749,47579525.00,6.10,4.13,0.71,3.77
2026-03-09,17.64,17.56,17.91,17.41,33779,59928283.00,2.79,-2.01,-0.36,4.76
2026-03-10,17.90,18.40,18.44,17.71,29711,54444607.00,4.16,4.78,0.84,4.19
2026-03-11,18.48,18.17,18.61,18.01,18502,33956615.00,3.26,-1.25,-0.23,2.61
2026-03-12,18.17,17.85,18.27,17.77,29619,53595308.00,2.75,-1.76,-0.32,4.17
2026-03-13,17.81,18.07,18.39,17.61,28145,51241929.00,4.37,1.23,0.22,3.97
2026-03-16,17.89,17.96,18.19,17.71,25766,46332469.00,2.66,-0.61,-0.11,3.63
2026-03-17,18.00,17.51,18.11,17.49,21219,37878189.00,3.45,-2.51,-0.45,2.99
2026-03-18,17.55,17.78,17.86,17.39,21283,37672759.00,2.68,1.54,0.27,3.00
2026-03-19,17.73,17.23,17.96,17.12,19951,35006507.00,4.72,-3.09,-0.55,2.81
2026-03-20,17.41,16.48,17.51,16.43,43127,72525929.00,6.27,-4.35,-0.75,6.08
2026-03-23,16.31,15.35,16.31,15.11,50388,79616947.00,7.28,-6.86,-1.13,7.10
2026-03-24,15.71,16.11,16.19,15.22,62402,98682702.00,6.32,4.95,0.76,8.79
2026-03-25,16.21,16.23,16.59,16.12,44928,73792676.00,2.92,0.74,0.12,6.33
2026-03-26,16.15,15.90,16.39,15.79,30785,49531852.00,3.70,-2.03,-0.33,4.34
2026-03-27,15.71,16.12,16.19,15.61,31082,50004525.00,3.65,1.38,0.22,4.38
2026-03-30,15.92,16.38,16.39,15.85,31369,50990812.00,3.35,1.61,0.26,4.42
2026-03-31,16.36,16.33,16.68,16.19,31992,52836272.00,2.99,-0.31,-0.05,4.51
2026-04-01,16.56,16.69,16.80,16.45,30503,50874299.00,2.14,2.20,0.36,4.30
2026-04-02,16.62,16.15,16.77,15.96,32029,52378197.00,4.85,-3.24,-0.54,4.51
2026-04-03,16.32,15.53,16.35,15.37,29793,46876903.00,6.07,-3.84,-0.62,4.20
2026-04-07,15.54,15.91,16.03,15.40,38667,61486309.00,4.06,2.45,0.38,5.45
2026-04-08,16.31,16.80,16.89,16.23,39545,66320787.00,4.15,5.59,0.89,5.57
2026-04-09,16.72,16.36,16.74,16.27,22224,36788451.00,2.80,-2.62,-0.44,3.13
2026-04-10,16.56,16.42,16.68,16.36,32298,53580343.00,1.96,0.37,0.06,4.55
2026-04-13,16.46,16.29,16.46,16.05,26358,42997304.00,2.50,-0.79,-0.13,3.71
2026-04-14,16.39,16.26,16.43,16.02,25455,41453940.00,2.52,-0.18,-0.03,3.59
2026-04-15,16.31,16.21,16.37,16.11,22673,37027234.00,1.60,-0.31,-0.05,3.20
2026-04-16,16.36,16.60,16.70,16.01,27834,45955213.00,4.26,2.41,0.39,3.92
2026-04-17,16.66,16.58,16.69,16.44,19244,32033608.00,1.51,-0.12,-0.02,2.71
2026-04-20,16.57,16.66,16.71,16.37,15649,26078482.00,2.05,0.48,0.08,2.21
2026-04-21,16.70,16.75,16.83,16.59,19641,33030332.00,1.44,0.54,0.09,2.77
2026-04-22,16.66,16.64,16.78,16.44,18807,31427295.00,2.03,-0.66,-0.11,2.65
2026-04-23,16.67,16.44,16.72,16.31,20158,33341737.00,2.46,-1.20,-0.20,2.84
2026-04-24,16.42,16.56,16.66,16.23,25358,41951579.00,2.62,0.73,0.12,3.57
2026-04-27,16.64,17.07,17.11,16.44,34507,58422413.00,4.05,3.08,0.51,4.86
2026-04-28,17.10,17.13,17.31,16.92,35794,61654385.00,2.28,0.35,0.06,5.04
2026-04-29,17.04,17.33,17.50,17.03,30545,53296633.00,2.74,1.17,0.20,4.30
2026-04-30,17.35,17.63,17.68,17.25,27296,48050855.00,2.48,1.73,0.30,3.85
2026-05-06,17.71,17.86,18.03,17.56,39370,70642324.00,2.67,1.30,0.23,5.55
2026-05-07,17.85,17.73,18.05,17.68,27491,49361435.00,2.07,-0.73,-0.13,3.87
2026-05-08,17.76,17.90,17.96,17.62,26424,47356196.00,1.92,0.96,0.17,3.72
2026-05-11,17.93,17.99,18.12,17.77,26963,48574372.00,1.96,0.50,0.09,3.80
2026-05-12,18.09,17.70,18.09,17.56,20211,36015238.00,2.95,-1.61,-0.29,2.85
2026-05-13,17.58,17.54,17.85,17.38,33603,59457010.00,2.66,-0.90,-0.16,4.74
2026-05-14,17.64,17.46,17.70,17.36,23917,42198499.00,1.94,-0.46,-0.08,3.37
2026-05-15,17.46,17.18,17.72,17.01,26232,45794056.00,4.07,-1.60,-0.28,3.70
2026-05-18,17.18,17.45,17.51,16.94,26261,45703188.00,3.32,1.57,0.27,3.70
2026-05-19,17.43,17.31,17.61,17.03,18872,32807307.00,3.32,-0.80,-0.14,2.66
2026-05-20,17.30,17.10,17.31,16.95,20788,35731198.00,2.08,-1.21,-0.21,2.93
2026-05-21,17.13,16.37,17.36,16.31,26145,44330883.00,6.14,-4.27,-0.73,3.68
2026-05-22,16.39,16.89,16.99,16.24,25964,43450214.00,4.58,3.18,0.52,3.66
2026-05-25,16.93,16.50,17.15,16.37,27893,46475181.00,4.62,-2.31,-0.39,3.93
2026-05-26,16.38,15.96,16.43,15.71,31437,50658839.00,4.36,-3.27,-0.54,4.43
2026-05-27,15.92,15.57,16.01,15.17,41046,63794889.00,5.26,-2.44,-0.39,5.78
2026-05-28,15.51,15.52,15.74,15.11,25617,39797553.00,4.05,-0.32,-0.05,3.61
2026-05-29,15.47,15.18,15.89,14.96,33222,51223331.00,5.99,-2.19,-0.34,4.61
2026-06-01,15.00,15.56,15.70,14.85,34485,53231606.00,5.60,2.50,0.38,4.78
2026-06-02,15.56,14.96,15.80,14.86,34429,52120543.00,6.04,-3.86,-0.60,4.77
2026-06-03,15.08,14.72,15.08,14.60,30929,45645530.00,3.21,-1.60,-0.24,4.29
2026-06-04,14.60,14.38,14.76,14.22,23590,34043403.00,3.67,-2.31,-0.34,3.27
2026-06-05,14.41,14.90,14.92,14.05,37387,54456398.00,6.05,3.62,0.52,5.18
2026-06-08,14.61,14.34,14.98,14.10,35640,51852692.00,5.91,-3.76,-0.56,3.37
2026-06-09,14.40,14.29,14.64,14.12,30975,44517813.00,3.63,-0.35,-0.05,2.93
2026-06-10,14.16,14.22,14.35,13.86,21902,30846338.00,3.43,-0.49,-0.07,2.07
2026-06-11,14.10,14.05,14.21,13.60,26401,36647564.00,4.29,-1.20,-0.17,2.50
2026-06-12,14.05,14.08,14.29,13.70,27005,37987771.81,4.20,0.21,0.03,2.55