2026-01-05,3.51,3.53,3.53,3.49,103331,36494872.00,1.14,0.86,0.03,0.86
2026-01-06,3.52,3.58,3.58,3.51,162918,58286934.00,1.98,1.42,0.05,1.35
2026-01-07,3.60,3.55,3.60,3.54,149180,53367479.00,1.68,-0.84,-0.03,1.24
2026-01-08,3.54,3.56,3.57,3.53,129975,46525623.00,1.13,0.28,0.01,1.08
2026-01-09,3.56,3.58,3.59,3.55,172822,62058075.00,1.12,0.56,0.02,1.43
2026-01-12,3.61,3.64,3.65,3.58,291530,106056072.00,1.96,1.68,0.06,2.42
2026-01-13,3.64,3.69,3.72,3.59,403473,148554978.00,3.57,1.37,0.05,3.34
2026-01-14,3.67,3.65,3.70,3.60,315384,115941596.00,2.71,-1.08,-0.04,2.61
2026-01-15,3.61,3.70,3.74,3.61,365908,135446294.00,3.56,1.37,0.05,3.03
2026-01-16,3.68,3.67,3.71,3.61,345980,127407153.00,2.70,-0.81,-0.03,2.87
2026-01-19,3.63,3.68,3.71,3.61,274022,100945462.00,2.72,0.27,0.01,2.27
2026-01-20,3.65,3.67,3.68,3.63,227140,83567973.00,1.36,-0.27,-0.01,1.88
2026-01-21,3.65,3.63,3.66,3.61,174543,63805005.00,1.36,-1.09,-0.04,1.45
2026-01-22,3.63,3.68,3.69,3.63,254164,93824137.00,1.65,1.38,0.05,2.11
2026-01-23,3.69,3.72,3.72,3.67,270497,100478233.00,1.36,1.09,0.04,2.24
2026-01-26,3.71,3.78,3.81,3.68,555878,209910981.00,3.49,1.61,0.06,4.61
2026-01-27,3.81,3.74,3.87,3.72,541831,206112414.00,3.97,-1.06,-0.04,4.49
2026-01-28,3.75,3.82,3.89,3.75,635134,243395452.00,3.74,2.14,0.08,5.26
2026-01-29,3.83,3.83,4.00,3.74,694238,268558573.00,6.81,0.26,0.01,5.75
2026-01-30,3.78,3.78,3.88,3.70,514296,195440118.00,4.70,-1.31,-0.05,4.26
2026-02-02,3.72,3.63,3.75,3.63,396130,146723905.00,3.17,-3.97,-0.15,3.28
2026-02-03,3.60,3.63,3.66,3.59,260565,94802288.00,1.93,0.00,0.00,2.16
2026-02-04,3.61,3.69,3.70,3.60,290563,107274243.00,2.75,1.65,0.06,2.41
2026-02-05,3.68,3.69,3.74,3.66,287545,106909860.00,2.17,0.00,0.00,2.38
2026-02-06,3.67,3.74,3.80,3.63,343754,128462188.00,4.61,1.36,0.05,2.85
2026-02-09,3.73,3.76,3.77,3.70,276834,104230599.00,1.87,0.53,0.02,2.29
2026-02-10,3.75,3.75,3.80,3.72,173486,65521777.00,2.13,-0.27,-0.01,1.44
2026-02-11,3.74,3.76,3.79,3.74,145688,55135896.00,1.33,0.27,0.01,1.21
2026-02-12,3.75,3.73,3.80,3.73,204417,77441184.00,1.86,-0.80,-0.03,1.69
2026-02-13,3.71,3.66,3.73,3.64,195894,72534281.00,2.41,-1.88,-0.07,1.62
2026-02-24,3.72,3.86,3.88,3.72,628138,242267358.00,4.37,5.46,0.20,5.21
2026-02-25,3.87,3.91,4.03,3.83,717368,284589394.00,5.18,1.30,0.05,5.95
2026-02-26,3.83,3.92,3.98,3.83,422294,165725242.00,3.84,0.26,0.01,3.50
2026-02-27,3.89,3.95,3.97,3.89,295046,116484780.00,2.04,0.77,0.03,2.45
2026-03-02,4.27,4.20,4.30,4.03,1788536,748625531.00,6.84,6.33,0.25,14.82
2026-03-03,4.33,4.62,4.62,4.28,1496341,675396125.00,8.10,10.00,0.42,12.40
2026-03-04,4.61,4.22,4.61,4.16,1950872,827221046.00,9.74,-8.66,-0.40,16.17
2026-03-05,4.08,4.04,4.21,3.99,1151283,471716253.00,5.21,-4.27,-0.18,9.54
2026-03-06,3.98,4.03,4.07,3.89,915288,366363195.00,4.46,-0.25,-0.01,7.59
2026-03-09,4.18,3.93,4.23,3.92,941149,381143594.00,7.69,-2.48,-0.10,7.80
2026-03-10,3.90,3.96,4.04,3.88,695251,277539522.00,4.07,0.76,0.03,5.76
2026-03-11,3.96,3.93,3.98,3.87,527737,206832847.00,2.78,-0.76,-0.03,4.37
2026-03-12,3.92,3.91,3.96,3.88,400642,157817577.00,2.04,-0.51,-0.02,3.32
2026-03-13,3.89,3.86,3.95,3.85,427749,167649236.00,2.56,-1.28,-0.05,3.55
2026-03-16,3.86,3.95,3.98,3.86,523264,206540523.00,3.11,2.33,0.09,4.34
2026-03-17,3.92,3.88,3.96,3.88,392454,154461779.00,2.03,-1.77,-0.07,3.25
2026-03-18,3.87,3.90,3.94,3.83,296860,115935369.00,2.84,0.52,0.02,2.46
2026-03-19,3.86,3.80,3.88,3.79,287825,110841768.00,2.31,-2.56,-0.10,2.39
2026-03-20,3.78,3.71,3.82,3.70,317422,120097612.00,3.16,-2.37,-0.09,2.63
2026-03-23,3.68,3.51,3.68,3.48,361592,130370413.00,5.39,-5.39,-0.20,3.00
2026-03-24,3.58,3.79,3.80,3.56,572337,212323059.00,6.84,7.98,0.28,4.74
2026-03-25,3.79,3.92,3.94,3.73,492761,192113431.00,5.54,3.43,0.13,4.08
2026-03-26,3.92,3.87,3.98,3.86,321280,125934464.00,3.06,-1.28,-0.05,2.66
2026-03-27,3.83,3.88,3.89,3.83,233339,90506628.00,1.55,0.26,0.01,1.93
2026-03-30,3.84,3.87,3.88,3.77,196224,75449886.00,2.84,-0.26,-0.01,1.63
2026-03-31,3.85,3.79,3.90,3.78,202064,77791792.00,3.10,-2.07,-0.08,1.67
2026-04-01,3.82,3.90,3.92,3.81,235345,91768541.00,2.90,2.90,0.11,1.95
2026-04-02,3.87,3.92,3.96,3.82,332141,130554617.00,3.59,0.51,0.02,2.75
2026-04-03,3.92,3.79,3.96,3.77,324590,125121362.00,4.85,-3.32,-0.13,2.69
2026-04-07,3.77,3.91,3.91,3.72,295183,114433763.00,5.01,3.17,0.12,2.45
2026-04-08,3.94,3.93,3.97,3.89,357493,140906943.00,2.05,0.51,0.02,2.96
2026-04-09,3.90,3.81,3.90,3.80,285559,109954181.00,2.54,-3.05,-0.12,2.37
2026-04-10,3.83,3.73,3.85,3.71,317062,119883531.00,3.67,-2.10,-0.08,2.63
2026-04-13,3.71,3.66,3.71,3.62,257620,94552900.00,2.41,-1.88,-0.07,2.14
2026-04-14,3.66,3.63,3.69,3.59,209567,76238523.00,2.73,-0.82,-0.03,1.74
2026-04-15,3.65,3.61,3.65,3.59,160861,58427682.00,1.65,-0.55,-0.02,1.33
2026-04-16,3.61,3.64,3.65,3.58,176968,64309145.00,1.94,0.83,0.03,1.47
2026-04-17,3.63,3.59,3.63,3.57,195575,70572441.00,1.65,-1.37,-0.05,1.62
2026-04-20,3.60,3.62,3.62,3.58,121664,44079871.00,1.11,0.84,0.03,1.01
2026-04-21,3.61,3.60,3.64,3.58,167274,60553340.00,1.66,-0.55,-0.02,1.39
2026-04-22,3.58,3.58,3.61,3.57,138795,50001314.00,1.11,-0.56,-0.02,1.15
2026-04-23,3.58,3.54,3.59,3.53,143552,51252749.00,1.68,-1.12,-0.04,1.19
2026-04-24,3.53,3.55,3.56,3.49,177668,63039806.00,1.98,0.28,0.01,1.47
2026-04-27,3.54,3.57,3.57,3.52,147158,52547884.00,1.41,0.56,0.02,1.22
2026-04-28,3.58,3.54,3.60,3.52,198443,70910156.00,2.24,-0.84,-0.03,1.64
2026-04-29,3.54,3.61,3.62,3.53,234557,84847209.00,2.54,1.98,0.07,1.94
2026-04-30,3.61,3.61,3.65,3.59,167463,60973353.00,1.66,0.00,0.00,1.39
2026-05-06,3.63,3.66,3.66,3.62,216426,79235684.00,1.11,1.39,0.05,1.79
2026-05-07,3.67,3.69,3.72,3.65,241984,89668849.00,1.91,0.82,0.03,2.01
2026-05-08,3.68,3.77,3.78,3.66,337944,127099894.00,3.25,2.17,0.08,2.80
2026-05-11,3.74,3.75,3.76,3.65,300096,111880314.00,2.92,-0.53,-0.02,2.49
2026-05-12,3.75,3.69,3.76,3.67,207993,77490943.00,2.40,-1.60,-0.06,1.72
2026-05-13,3.71,3.75,3.76,3.69,236245,88662836.00,1.90,1.63,0.06,1.96
2026-05-14,3.77,3.83,3.87,3.71,506724,194690348.00,4.27,2.13,0.08,4.20
2026-05-15,3.83,3.68,3.83,3.65,417097,155344408.00,4.70,-3.92,-0.15,3.46
2026-05-18,3.67,3.74,3.75,3.65,291142,108504604.00,2.72,1.63,0.06,2.41
2026-05-19,3.74,3.74,3.77,3.67,200395,74806728.00,2.67,0.00,0.00,1.66
2026-05-20,3.72,3.66,3.73,3.63,209143,77035914.00,2.67,-2.14,-0.08,1.73
2026-05-21,3.67,3.71,3.83,3.66,467056,175877055.00,4.64,1.37,0.05,3.87
2026-05-22,3.75,3.67,3.75,3.62,333557,122891327.00,3.50,-1.08,-0.04,2.76
2026-05-25,3.68,3.67,3.73,3.63,216258,79826772.00,2.72,0.00,0.00,1.79
2026-05-26,3.64,3.59,3.66,3.54,244047,88008541.00,3.27,-2.18,-0.08,2.02
2026-05-27,3.58,3.42,3.58,3.41,320152,111330456.00,4.74,-4.74,-0.17,2.65
2026-05-28,3.43,3.51,3.52,3.43,230350,80607361.00,2.63,2.63,0.09,1.91
2026-05-29,3.51,3.44,3.52,3.42,192343,67124242.00,2.85,-1.99,-0.07,1.59
2026-06-01,3.44,3.79,3.79,3.43,707593,263703584.00,10.47,10.17,0.35,5.86
2026-06-02,3.73,3.63,3.82,3.62,777454,288585103.00,5.28,-4.22,-0.16,6.44
2026-06-03,3.64,3.57,3.66,3.52,405214,145759577.00,3.86,-1.65,-0.06,3.36
2026-06-04,3.61,3.51,3.64,3.49,323987,115085184.00,4.20,-1.68,-0.06,2.69
2026-06-05,3.53,3.68,3.82,3.53,748495,277451258.00,8.26,4.84,0.17,6.20
2026-06-08,3.61,3.55,3.69,3.50,518268,187008611.00,5.16,-3.53,-0.13,4.30
2026-06-09,3.53,3.42,3.55,3.30,444130,152457490.00,7.04,-3.66,-0.13,3.68
2026-06-10,3.38,3.32,3.39,3.30,218406,73294703.00,2.63,-2.92,-0.10,1.81
2026-06-11,3.33,3.29,3.37,3.27,192497,63849734.00,3.01,-0.90,-0.03,1.60
2026-06-12,3.29,3.33,3.36,3.27,188071,62924041.00,2.74,1.22,0.04,1.56
2026-06-15,3.51,3.58,3.67,3.51,811665,294713992.00,4.80,7.51,0.25,6.73
2026-06-16,3.50,3.43,3.51,3.39,593853,205340256.00,3.35,-4.19,-0.15,4.92
2026-06-17,3.45,3.51,3.64,3.41,537199,190512005.00,6.71,2.33,0.08,4.45
2026-06-18,3.54,3.52,3.57,3.48,297414,105383699.00,2.56,0.28,0.01,2.47
2026-06-22,3.51,3.57,3.58,3.42,310220,109903256.00,4.55,1.42,0.05,2.57
2026-06-23,3.55,3.50,3.63,3.50,338191,120871910.00,3.64,-1.96,-0.07,2.80
2026-06-24,3.54,3.42,3.56,3.41,321908,112672218.00,4.29,-2.29,-0.08,2.67
2026-06-25,3.38,3.29,3.39,3.29,280620,93841429.00,2.92,-3.80,-0.13,2.33
2026-06-26,3.27,3.16,3.27,3.14,216081,69343506.00,3.95,-3.95,-0.13,1.79
2026-06-29,3.16,3.15,3.17,3.06,138545,43445737.00,3.48,-0.32,-0.01,1.15
2026-06-30,3.17,3.09,3.18,3.09,125576,39250551.00,2.86,-1.90,-0.06,1.04
2026-07-01,3.08,3.10,3.17,3.08,228908,71991400.00,2.91,0.32,0.01,1.90
2026-07-02,3.09,3.11,3.17,3.08,145778,45815510.00,2.90,0.32,0.01,1.21
2026-07-03,3.13,3.14,3.15,3.11,125349,39478605.00,1.29,0.96,0.03,1.04
2026-07-06,3.12,3.13,3.15,3.11,109160,34360140.00,1.27,-0.32,-0.01,0.90
2026-07-07,3.13,3.04,3.13,3.03,147732,45391522.00,3.19,-2.88,-0.09,1.22
2026-07-08,3.03,3.03,3.06,3.00,70998,21612280.00,1.97,-0.33,-0.01,0.59
2026-07-09,3.04,3.03,3.04,3.00,75495,22786372.00,1.32,0.00,0.00,0.63
2026-07-10,3.02,3.07,3.10,3.00,113038,34585874.00,3.30,1.32,0.04,0.94
2026-07-13,3.05,3.02,3.08,3.01,95668,29035385.00,2.28,-1.63,-0.05,0.79
2026-07-14,3.03,3.10,3.10,3.01,122535,37687556.00,2.98,2.65,0.08,1.02
2026-07-15,3.07,3.13,3.14,3.03,173869,54023728.00,3.55,0.97,0.03,1.44
2026-07-16,3.11,3.11,3.15,3.08,96817,30163967.00,2.24,-0.64,-0.02,0.80
2026-07-17,3.11,3.11,3.16,3.07,159236,49688165.00,2.89,0.00,0.00,1.32
2026-07-20,3.10,3.07,3.15,3.05,172258,53486034.00,3.22,-1.29,-0.04,1.43
2026-07-21,3.08,3.07,3.09,3.01,149740,45739372.00,2.61,0.00,0.00,1.24
2026-07-22,3.05,3.07,3.10,3.04,104369,32075395.00,1.95,0.00,0.00,0.87
2026-07-23,3.06,3.18,3.19,3.05,229143,71586476.00,4.56,3.58,0.11,1.90
2026-07-24,3.17,3.15,3.27,3.14,206071,66086330.00,4.09,-0.94,-0.03,1.71
2026-07-27,3.15,3.18,3.19,3.12,129821,41084597.00,2.22,0.95,0.03,1.08
2026-07-28,3.16,3.16,3.19,3.14,102005,32244191.00,1.57,-0.63,-0.02,0.85
2026-07-29,3.16,3.20,3.21,3.16,105619,33723407.00,1.58,1.27,0.04,0.88