2026-01-05,16047.26,16078.96,16106.23,15985.73,21133276,21070198520.00,0.75,0.24,38.70,2.18
2026-01-06,16091.15,16251.31,16251.31,16068.78,23257546,23034661385.00,1.14,1.07,172.35,2.40
2026-01-07,16247.99,16208.80,16315.78,16130.15,22841352,22912400786.00,1.14,-0.26,-42.51,2.35
2026-01-08,16183.08,16294.54,16343.61,16159.47,20005639,20242010842.00,1.14,0.53,85.74,2.06
2026-01-09,16278.61,16394.90,16394.90,16267.44,25227068,23874231307.00,0.78,0.62,100.36,2.60
2026-01-12,16381.56,16458.35,16458.35,16264.58,26631654,25405701780.00,1.18,0.39,63.45,2.75
2026-01-13,16462.68,16335.77,16541.56,16297.20,27810251,26591724987.00,1.48,-0.74,-122.58,2.87
2026-01-14,16340.57,16368.00,16521.08,16176.23,28142954,27042629102.00,2.11,0.20,32.23,2.90
2026-01-15,16308.17,16279.62,16413.15,16230.41,20126434,20133600352.00,1.12,-0.54,-88.38,2.07
2026-01-16,16295.62,16174.08,16312.14,16151.19,18612757,18721237394.00,0.99,-0.65,-105.54,1.92
2026-01-19,16148.63,16412.47,16418.76,16135.40,19082396,17902526668.00,1.75,1.47,238.39,1.97
2026-01-20,16374.70,16399.78,16482.46,16329.49,23691266,22408040211.00,0.93,-0.08,-12.69,2.44
2026-01-21,16357.10,16372.90,16396.74,16242.88,20594579,19939077991.00,0.94,-0.16,-26.88,2.12
2026-01-22,16370.02,16487.42,16487.42,16329.64,19686468,19141869330.00,0.96,0.70,114.52,2.03
2026-01-23,16484.81,16571.32,16572.80,16471.01,19946876,19379814159.00,0.62,0.51,83.90,2.06
2026-01-26,16598.13,16627.57,16628.80,16443.33,28967423,26539668535.00,1.12,0.34,56.25,2.99
2026-01-27,16566.57,16348.62,16566.57,16172.94,23366438,21675630004.00,2.37,-1.68,-278.95,2.41
2026-01-28,16322.13,16496.46,16599.28,16260.10,32087712,30578226563.00,2.07,0.90,147.84,3.31
2026-01-29,16442.72,16597.44,16668.28,16404.93,36353333,33109872043.00,1.60,0.61,100.98,3.75
2026-01-30,16528.80,16924.32,17135.46,16508.86,50757388,46382349364.00,3.78,1.97,326.88,5.23
2026-02-02,16650.85,16333.55,16661.45,16327.37,40148200,34896797348.00,1.97,-3.49,-590.77,4.14
2026-02-03,16364.92,16407.22,16415.27,16208.47,26196606,23738095485.00,1.27,0.45,73.67,2.70
2026-02-04,16492.41,16510.80,16546.33,16336.15,30975414,29200005157.00,1.28,0.63,103.58,3.19
2026-02-05,16422.68,16382.49,16621.74,16382.49,24169533,23072675843.00,1.45,-0.78,-128.31,2.49
2026-02-06,16305.61,16429.47,16561.81,16296.06,23699947,23860333518.00,1.62,0.29,46.98,2.44
2026-02-09,16495.48,16551.95,16567.31,16448.02,21411759,20799872323.00,0.73,0.75,122.48,2.21
2026-02-10,16537.97,16424.45,16539.47,16392.39,17692319,15729109232.00,0.89,-0.77,-127.50,1.82
2026-02-11,16407.05,16409.52,16460.20,16346.66,15953501,14310953520.00,0.69,-0.09,-14.93,1.64
2026-02-12,16400.39,16162.11,16400.39,16159.32,16866043,14647635663.00,1.47,-1.51,-247.41,1.74
2026-02-13,16191.38,16122.10,16301.36,16106.13,18097089,16157262833.00,1.21,-0.25,-40.01,1.87
2026-02-24,16224.18,16389.53,16424.03,16224.18,22208139,20380181229.00,1.24,1.66,267.43,2.29
2026-02-25,16408.72,16576.59,16631.99,16406.01,25102812,21672956702.00,1.38,1.14,187.06,2.59
2026-02-26,16609.39,16556.04,16716.56,16502.90,23679719,21840497220.00,1.29,-0.12,-20.55,2.44
2026-02-27,16528.94,16741.22,16743.20,16503.51,30203604,28841632893.00,1.45,1.12,185.18,3.11
2026-03-02,16603.44,16582.71,16762.89,16422.86,34524321,32730744739.00,2.03,-0.95,-158.51,3.56
2026-03-03,16587.62,16459.15,16867.55,16435.55,47294361,42572018347.00,2.61,-0.75,-123.56,4.87
2026-03-04,16405.23,16593.64,16702.65,16394.40,48275752,44833922794.00,1.87,0.82,134.49,4.98
2026-03-05,16566.46,16291.19,16569.10,16250.90,42406253,37180319398.00,1.92,-1.82,-302.45,4.37
2026-03-06,16243.26,16766.64,16772.81,16217.87,43562244,39437607982.00,3.41,2.92,475.45,4.49
2026-03-09,16793.95,16706.38,16990.42,16634.11,46840618,44719146528.00,2.13,-0.36,-60.26,4.83
2026-03-10,16642.21,16757.61,16832.46,16630.60,33228102,30127080708.00,1.21,0.31,51.23,3.42
2026-03-11,16755.21,16781.93,16792.11,16666.12,28366018,25745051663.00,0.75,0.15,24.32,2.92
2026-03-12,16806.06,16769.69,16883.89,16634.00,36353661,32165103525.00,1.49,-0.07,-12.24,3.75
2026-03-13,16762.27,16691.69,16913.19,16650.93,33595010,29914264539.00,1.56,-0.47,-78.00,3.46
2026-03-16,16732.40,16860.53,17052.29,16732.40,39566360,35292682732.00,1.92,1.01,168.84,4.08
2026-03-17,16786.84,16449.86,16912.69,16442.41,33370701,29952696368.00,2.79,-2.44,-410.67,3.44
2026-03-18,16460.15,16370.20,16470.10,16206.21,26281940,22873295960.00,1.60,-0.48,-79.66,2.71
2026-03-19,16325.35,15984.28,16337.80,15931.58,24910949,22774557228.00,2.48,-2.36,-385.92,2.57
2026-03-20,15984.35,15611.12,16028.83,15606.82,25182180,22489785117.00,2.64,-2.33,-373.16,2.60
2026-03-23,15388.01,14709.22,15388.01,14628.00,34522477,30860442560.00,4.87,-5.78,-901.90,3.56
2026-03-24,14940.27,15081.49,15081.96,14656.32,23960878,22627493845.00,2.89,2.53,372.27,2.47
2026-03-25,15125.42,15337.48,15339.52,15095.50,22676661,19872626940.00,1.62,1.70,255.99,2.34
2026-03-26,15337.40,15196.90,15485.34,15147.78,21053816,18789935257.00,2.20,-0.92,-140.58,2.17
2026-03-27,15079.03,15494.51,15499.02,15068.83,21668621,19473753121.00,2.83,1.96,297.61,2.23
2026-03-30,15372.87,15710.26,15733.30,15364.85,29915317,28912370684.00,2.38,1.39,215.75,3.08
2026-03-31,15685.43,15396.66,15774.73,15377.41,27535748,27258004191.00,2.53,-2.00,-313.60,2.84
2026-04-01,15545.16,15503.22,15553.61,15340.08,21518010,21638909611.00,1.39,0.69,106.56,2.22
2026-04-02,15479.11,15580.01,15719.50,15457.40,25451511,26209692081.00,1.69,0.50,76.79,2.62
2026-04-03,15545.92,15042.55,15546.82,15009.80,22912869,21249442602.00,3.45,-3.45,-537.46,2.36
2026-04-07,15005.02,15428.90,15534.62,14934.15,25470211,24098840286.00,3.99,2.57,386.35,2.63
2026-04-08,15484.45,15654.71,15654.71,15458.06,24933453,23977978176.00,1.27,1.46,225.81,2.57
2026-04-09,15597.06,15438.96,15673.55,15399.77,19999125,19155538528.00,1.75,-1.38,-215.75,2.06
2026-04-10,15491.58,15427.92,15538.15,15389.87,20232897,20811967944.00,0.96,-0.07,-11.04,2.09
2026-04-13,15422.91,15519.05,15577.07,15387.67,24185316,23017219441.00,1.23,0.59,91.13,2.49
2026-04-14,15556.62,15686.81,15689.26,15412.65,32475347,26750614227.00,1.78,1.08,167.76,3.35
2026-04-15,15694.33,15696.15,15716.62,15569.34,31953728,25853228508.00,0.94,0.06,9.34,3.29
2026-04-16,15673.23,15770.15,15795.54,15540.33,27751386,22152233285.00,1.63,0.47,74.00,2.86
2026-04-17,15735.68,15716.86,15737.34,15580.72,24217662,19789519246.00,0.99,-0.34,-53.29,2.50
2026-04-20,15784.52,15845.06,15850.72,15727.76,24797836,21375942900.00,0.78,0.82,128.20,2.56
2026-04-21,15819.36,15770.91,15871.58,15690.07,22787371,20154621468.00,1.15,-0.47,-74.15,2.35
2026-04-22,15733.19,15715.96,15864.23,15680.26,26212537,23120371534.00,1.17,-0.35,-54.95,2.70
2026-04-23,15649.90,15635.63,15740.17,15480.09,24386478,22137605619.00,1.65,-0.51,-80.33,2.51
2026-04-24,15583.19,15496.37,15618.85,15405.44,23480003,20227128794.00,1.36,-0.89,-139.26,2.42
2026-04-27,15431.22,15419.08,15435.21,15231.56,21118617,19133180870.00,1.31,-0.50,-77.29,2.18
2026-04-28,15351.35,15341.13,15400.02,15228.23,23175719,20748129832.00,1.11,-0.51,-77.95,2.39
2026-04-29,15292.73,15558.07,15663.57,15276.91,28835626,25110547686.00,2.52,1.41,216.94,2.97
2026-04-30,15529.19,15638.52,15707.93,15508.61,26672436,22241931993.00,1.28,0.52,80.45,2.75
2026-05-06,15660.51,15676.94,15679.72,15592.43,26010431,23061663591.00,0.56,0.25,38.42,2.68
2026-05-07,15665.16,15606.83,15702.41,15573.42,24587019,21783272474.00,0.82,-0.45,-70.11,2.53
2026-05-08,15605.53,15678.49,15690.05,15594.53,20752638,19477829469.00,0.61,0.46,71.66,2.14
2026-05-11,15708.07,15689.63,15708.83,15609.56,28730332,25791029304.00,0.63,0.07,11.14,2.96
2026-05-12,15674.96,15403.90,15674.96,15361.92,26434796,23739609269.00,2.00,-1.82,-285.73,2.72
2026-05-13,15446.26,15493.18,15527.72,15365.50,23974577,23129104974.00,1.05,0.58,89.28,2.47
2026-05-14,15520.57,15405.31,15564.52,15359.59,30223101,27431305853.00,1.32,-0.57,-87.87,3.12
2026-05-15,15373.30,15176.19,15373.30,15095.70,26386411,22639016310.00,1.80,-1.49,-229.12,2.72
2026-05-18,15153.66,15023.00,15153.88,14892.04,22439965,20754193115.00,1.73,-1.01,-153.19,2.31
2026-05-19,15035.75,15069.48,15118.32,14888.73,19032663,16390080225.00,1.53,0.31,46.48,1.96
2026-05-20,15035.33,14891.14,15035.33,14798.46,18000651,15259052082.00,1.57,-1.18,-178.34,1.86
2026-05-21,14898.33,14485.16,14977.61,14469.53,20263208,17127780421.00,3.41,-2.73,-405.98,2.09
2026-05-22,14552.10,14539.31,14579.09,14413.05,17910416,15652075016.00,1.15,0.37,54.15,1.85
2026-05-25,14547.92,14404.87,14555.71,14296.21,16628813,14244368101.00,1.78,-0.92,-134.44,1.71
2026-05-26,14391.17,14254.29,14391.17,14129.14,17104948,14670578733.00,1.82,-1.05,-150.58,1.76
2026-05-27,14242.61,14047.47,14266.62,13909.75,19669320,15979371446.00,2.50,-1.45,-206.82,2.03
2026-05-28,14022.90,13976.83,14089.92,13765.68,16278500,13926249308.00,2.31,-0.50,-70.64,1.68
2026-05-29,13970.28,13951.70,14108.49,13915.19,18790677,16087197930.00,1.38,-0.18,-25.13,1.94
2026-06-01,13934.87,14414.85,14414.85,13897.47,19069203,17089399889.00,3.71,3.32,463.15,1.97
2026-06-02,14394.97,14097.65,14395.39,14042.54,18587606,16150608699.00,2.45,-2.20,-317.20,1.92
2026-06-03,14112.58,13974.22,14121.86,13864.52,17313766,14933720823.00,1.83,-0.88,-123.43,1.78
2026-06-04,13952.92,13665.86,14078.99,13595.27,19010026,16334430014.00,3.46,-2.21,-308.36,1.96
2026-06-05,13637.94,13660.42,13790.77,13522.79,16484735,13407550640.00,1.96,-0.04,-5.44,1.70
2026-06-08,13488.20,13439.16,13797.53,13265.83,19018307,15616116102.00,3.89,-1.62,-221.26,1.96
2026-06-09,13483.46,13395.02,13495.58,13274.09,16209599,13100331409.00,1.65,-0.33,-44.14,1.67
2026-06-10,13356.31,13372.79,13470.46,13248.78,17141055,13546087238.00,1.65,-0.17,-22.23,1.77
2026-06-11,13317.21,13317.75,13400.70,13159.32,16664366,12792121291.00,1.81,-0.41,-55.04,1.72
2026-06-12,13349.89,13543.88,13594.37,13231.00,24064481,18938351139.00,2.73,1.70,226.13,2.48
2026-06-15,13594.66,13487.53,13718.91,13388.46,20119719,15816034372.00,2.44,-0.42,-56.35,2.07
2026-06-16,13460.21,13439.93,13460.33,13267.87,17278203,13898842507.00,1.43,-0.35,-47.60,1.78
2026-06-17,13414.63,13182.53,13414.63,13145.29,17203744,14494075147.00,2.00,-1.92,-257.40,1.77
2026-06-18,13148.71,13032.80,13150.48,12968.07,18196478,14681187234.00,1.38,-1.14,-149.73,1.88
2026-06-22,13000.77,13060.69,13065.22,12675.20,23494794,17649885630.00,2.99,0.21,27.89,2.42
2026-06-23,13023.31,13159.46,13387.22,13015.32,21477464,16687029871.00,2.85,0.76,98.77,2.21
2026-06-24,13144.85,12734.62,13145.98,12710.22,18199040,13676841719.00,3.31,-3.23,-424.84,1.88
2026-06-25,12674.21,12517.59,12678.47,12434.83,18016402,14030351767.00,1.91,-1.70,-217.03,1.86
2026-06-26,12500.23,12349.42,12543.45,12277.41,19893296,16827912924.00,2.13,-1.34,-168.17,2.05