2026-01-05,3865.28,3849.61,3865.28,3817.08,791489,2111034076.00,1.25,-0.33,-12.81,1.00
2026-01-06,3830.86,3857.71,3865.43,3807.33,1211616,2810203602.00,1.51,0.21,8.10,1.53
2026-01-07,3855.32,3828.45,3855.93,3817.78,1194069,2628458389.00,0.99,-0.76,-29.26,1.51
2026-01-08,3818.41,3838.38,3854.44,3798.22,1166651,2254368714.00,1.47,0.26,9.93,1.48
2026-01-09,3839.19,3848.07,3863.23,3803.35,1192418,2744046848.00,1.56,0.25,9.69,1.51
2026-01-12,3845.93,3827.46,3845.93,3764.59,1249792,2967491460.00,2.11,-0.54,-20.61,1.58
2026-01-13,3831.23,3775.12,3838.53,3766.44,978538,2331118696.00,1.88,-1.37,-52.34,1.24
2026-01-14,3768.91,3741.55,3784.49,3694.81,1304707,3313611514.00,2.38,-0.89,-33.57,1.65
2026-01-15,3733.58,3763.21,3804.23,3733.58,916804,2092134806.00,1.89,0.58,21.66,1.16
2026-01-16,3777.78,3814.11,3825.54,3751.75,954194,2516466936.00,1.96,1.35,50.90,1.21
2026-01-19,3819.56,3860.81,3876.22,3819.56,1192118,2497899591.00,1.49,1.22,46.70,1.51
2026-01-20,3858.64,3785.80,3858.64,3771.19,911059,1938446211.00,2.27,-1.94,-75.01,1.15
2026-01-21,3760.39,3838.18,3845.21,3749.18,730727,1708213448.00,2.54,1.38,52.38,0.92
2026-01-22,3848.34,3829.68,3862.78,3819.86,688974,1838836256.00,1.12,-0.22,-8.50,0.87
2026-01-23,3848.17,3850.77,3852.86,3824.32,866581,2077106781.00,0.75,0.55,21.09,1.10
2026-01-26,3854.35,3790.65,3854.35,3772.58,1387944,2719817787.00,2.12,-1.56,-60.12,1.76
2026-01-27,3774.33,3782.00,3799.56,3693.30,1195284,2489921425.00,2.80,-0.23,-8.65,1.51
2026-01-28,3781.98,3707.58,3781.98,3705.74,1373390,2411709942.00,2.02,-1.97,-74.42,1.74
2026-01-29,3699.48,3641.87,3721.43,3640.46,978096,2053687639.00,2.18,-1.77,-65.71,1.24
2026-01-30,3636.55,3633.92,3654.05,3574.11,748990,1972491355.00,2.20,-0.22,-7.95,0.95
2026-02-02,3633.54,3572.71,3654.24,3571.48,838259,2356428731.00,2.28,-1.68,-61.21,1.06
2026-02-03,3606.04,3636.03,3638.56,3589.84,639625,1929749993.00,1.36,1.77,63.32,0.81
2026-02-04,3640.60,3658.21,3665.02,3621.47,497165,1410769315.00,1.20,0.61,22.18,0.63
2026-02-05,3660.85,3653.31,3672.59,3639.29,563172,1289848312.00,0.91,-0.13,-4.90,0.71
2026-02-06,3633.01,3631.37,3669.35,3599.39,525132,1774771895.00,1.91,-0.60,-21.94,0.66
2026-02-09,3662.88,3657.75,3675.71,3643.06,549005,1418364534.00,0.90,0.73,26.38,0.69
2026-02-10,3657.92,3650.94,3671.20,3635.63,501945,1189567542.00,0.97,-0.19,-6.81,0.64
2026-02-11,3661.26,3669.72,3678.26,3644.34,686595,1341697778.00,0.93,0.51,18.78,0.87
2026-02-12,3667.89,3655.54,3672.36,3634.97,546564,1399664629.00,1.02,-0.39,-14.18,0.69
2026-02-13,3665.77,3687.61,3728.05,3642.15,1405894,2138292993.00,2.35,0.88,32.07,1.78
2026-02-24,3729.96,3741.49,3768.78,3729.96,1546414,2937316873.00,1.05,1.46,53.88,1.96
2026-02-25,3749.29,3721.58,3755.70,3712.61,1086390,2161824624.00,1.15,-0.53,-19.91,1.37
2026-02-26,3716.51,3675.28,3720.88,3655.65,892830,2040383461.00,1.75,-1.24,-46.30,1.13
2026-02-27,3663.49,3713.14,3714.71,3659.81,695128,1744234233.00,1.49,1.03,37.86,0.88
2026-03-02,3652.67,3615.72,3697.02,3601.18,992810,2103678795.00,2.58,-2.62,-97.42,1.26
2026-03-03,3614.21,3519.39,3639.87,3508.97,1184011,2168261625.00,3.62,-2.66,-96.33,1.50
2026-03-04,3492.67,3483.40,3527.63,3468.71,686196,1426697071.00,1.67,-1.02,-35.99,0.87
2026-03-05,3525.62,3522.70,3550.26,3509.89,613565,1366213261.00,1.16,1.13,39.30,0.78
2026-03-06,3523.15,3606.34,3616.60,3520.49,750738,1751225525.00,2.73,2.37,83.64,0.95
2026-03-09,3556.65,3566.10,3584.16,3499.52,885258,1911238692.00,2.35,-1.12,-40.24,1.12
2026-03-10,3585.41,3651.22,3656.59,3585.41,744021,1946543119.00,2.00,2.39,85.12,0.94
2026-03-11,3648.97,3664.47,3696.13,3629.75,720909,1879772278.00,1.82,0.36,13.25,0.91
2026-03-12,3661.09,3639.05,3668.90,3627.08,445814,1088275824.00,1.14,-0.69,-25.42,0.56
2026-03-13,3623.50,3615.11,3661.26,3609.61,610089,1354650704.00,1.42,-0.66,-23.94,0.77
2026-03-16,3598.68,3627.50,3628.57,3576.60,551640,1290747682.00,1.44,0.34,12.39,0.70
2026-03-17,3628.92,3605.75,3673.82,3601.33,533038,1342452964.00,2.00,-0.60,-21.75,0.67
2026-03-18,3600.51,3617.20,3622.82,3580.70,639830,1195357536.00,1.17,0.32,11.45,0.81
2026-03-19,3582.86,3509.57,3587.88,3491.77,683927,1375317223.00,2.66,-2.98,-107.63,0.87
2026-03-20,3515.98,3423.96,3538.85,3419.90,676698,1512923423.00,3.39,-2.44,-85.61,0.86
2026-03-23,3379.61,3312.16,3455.90,3302.55,1226058,2398419473.00,4.48,-3.27,-111.80,1.55
2026-03-24,3394.03,3425.13,3429.52,3350.42,1049117,1895781000.00,2.39,3.41,112.97,1.33
2026-03-25,3419.63,3453.82,3465.33,3419.63,854676,1711801076.00,1.33,0.84,28.69,1.08
2026-03-26,3437.31,3381.37,3464.44,3374.10,691825,1548775139.00,2.62,-2.10,-72.45,0.88
2026-03-27,3353.97,3405.62,3420.26,3350.33,786292,1506648669.00,2.07,0.72,24.25,0.99
2026-03-30,3461.16,3462.95,3483.41,3407.57,1229815,2280553354.00,2.23,1.68,57.33,1.56
2026-03-31,3469.07,3634.09,3686.73,3468.03,1695603,3349051475.00,6.32,4.94,171.14,2.15
2026-04-01,3652.60,3643.76,3652.60,3542.97,1597800,3529228637.00,3.02,0.27,9.67,2.02
2026-04-02,3602.26,3630.30,3641.35,3563.91,1178199,2761320958.00,2.13,-0.37,-13.46,1.49
2026-04-03,3625.03,3534.25,3670.42,3527.32,1027162,2056665897.00,3.94,-2.65,-96.05,1.30
2026-04-07,3530.02,3479.10,3530.02,3465.40,870115,1613382189.00,1.83,-1.56,-55.15,1.10
2026-04-08,3527.85,3612.40,3621.88,3527.85,959987,2405563058.00,2.70,3.83,133.30,1.21
2026-04-09,3575.37,3528.85,3576.07,3523.45,628543,1538570221.00,1.46,-2.31,-83.55,0.80
2026-04-10,3543.72,3574.09,3599.60,3542.20,639965,1610022105.00,1.63,1.28,45.24,0.81
2026-04-13,3556.13,3525.32,3568.39,3516.02,596671,1366304284.00,1.47,-1.36,-48.77,0.76
2026-04-14,3548.22,3539.09,3549.05,3509.46,483609,1324465757.00,1.12,0.39,13.77,0.61
2026-04-15,3550.96,3547.12,3562.24,3525.37,513615,1383417796.00,1.04,0.23,8.03,0.65
2026-04-16,3542.22,3657.10,3673.04,3534.36,743069,3102653441.00,3.91,3.10,109.98,0.94
2026-04-17,3654.86,3694.79,3703.32,3632.90,668213,1996944814.00,1.93,1.03,37.69,0.85
2026-04-20,3668.68,3678.25,3696.56,3630.82,1098973,2389518896.00,1.78,-0.45,-16.54,1.39
2026-04-21,3677.31,3684.07,3707.18,3655.77,663251,1743861197.00,1.40,0.16,5.82,0.84
2026-04-22,3665.61,3735.92,3745.02,3660.09,971512,2720439526.00,2.31,1.41,51.85,1.23
2026-04-23,3721.79,3700.11,3724.81,3666.81,1315156,2600591263.00,1.55,-0.96,-35.81,1.66
2026-04-24,3685.80,3703.36,3727.20,3664.04,879027,1995092021.00,1.71,0.09,3.25,1.11
2026-04-27,3689.89,3679.82,3699.10,3665.97,1109979,2250720316.00,0.89,-0.64,-23.54,1.40
2026-04-28,3684.02,3610.41,3684.02,3602.02,897966,1932333709.00,2.23,-1.89,-69.41,1.14
2026-04-29,3606.72,3640.64,3644.24,3597.32,790821,1835207513.00,1.30,0.84,30.23,1.00
2026-04-30,3632.72,3658.56,3690.27,3632.04,1108658,2002061013.00,1.60,0.49,17.92,1.40
2026-05-06,3690.37,3644.19,3695.43,3636.60,971736,2199808214.00,1.61,-0.39,-14.37,1.23
2026-05-07,3646.67,3654.19,3657.84,3626.53,902667,1767900418.00,0.86,0.27,10.00,1.14
2026-05-08,3643.83,3661.72,3681.83,3630.50,694786,1652748668.00,1.40,0.21,7.53,0.88
2026-05-11,3662.98,3645.03,3667.30,3633.77,853382,1889589887.00,0.92,-0.46,-16.69,1.08
2026-05-12,3643.80,3637.33,3666.73,3623.28,879008,1883459621.00,1.19,-0.21,-7.70,1.11
2026-05-13,3642.83,3692.80,3704.51,3621.29,1746844,2736872891.00,2.29,1.53,55.47,2.21
2026-05-14,3692.87,3625.23,3701.66,3624.88,1514347,2688944304.00,2.08,-1.83,-67.57,1.92
2026-05-15,3623.55,3600.32,3636.92,3570.97,1330713,2374807442.00,1.82,-0.69,-24.91,1.68
2026-05-18,3593.44,3560.97,3597.33,3533.50,953720,2234500623.00,1.77,-1.09,-39.35,1.21
2026-05-19,3556.80,3579.94,3586.04,3526.05,964381,1845513693.00,1.68,0.53,18.97,1.22
2026-05-20,3574.03,3526.79,3578.85,3492.24,788710,1770733170.00,2.42,-1.48,-53.15,1.00
2026-05-21,3533.96,3516.49,3620.85,3508.22,1595605,2849684471.00,3.19,-0.29,-10.30,2.02
2026-05-22,3541.10,3530.56,3557.06,3509.28,1018526,1812502469.00,1.36,0.40,14.07,1.29
2026-05-25,3536.22,3514.14,3562.66,3485.66,905380,1888245623.00,2.18,-0.47,-16.42,1.15
2026-05-26,3501.27,3494.36,3503.99,3442.36,1232950,2213735139.00,1.75,-0.56,-19.78,1.56
2026-05-27,3497.65,3445.09,3535.71,3415.68,1082621,2151840150.00,3.43,-1.41,-49.27,1.37
2026-05-28,3437.49,3404.87,3438.50,3346.45,732114,1803511770.00,2.67,-1.17,-40.22,0.93
2026-05-29,3407.17,3305.89,3407.65,3280.39,1003770,2149384992.00,3.74,-2.91,-98.98,1.27
2026-06-01,3263.69,3359.13,3378.67,3262.46,952041,2196404664.00,3.52,1.61,53.24,1.20
2026-06-02,3374.47,3356.93,3378.53,3321.79,811496,1639936605.00,1.69,-0.07,-2.20,1.03
2026-06-03,3348.87,3341.88,3377.03,3329.20,710614,1569428776.00,1.42,-0.45,-15.05,0.90
2026-06-04,3323.30,3304.09,3348.32,3279.45,776572,1498456600.00,2.06,-1.13,-37.79,0.98
2026-06-05,3293.80,3279.19,3319.23,3254.39,806008,1663423987.00,1.96,-0.75,-24.90,1.02
2026-06-08,3214.68,3206.24,3272.25,3174.68,796309,1792288226.00,2.98,-2.22,-72.95,1.01
2026-06-09,3220.54,3208.64,3237.76,3175.80,760890,1675227135.00,1.93,0.07,2.40,0.96
2026-06-10,3187.62,3147.16,3187.62,3123.16,579352,1288452017.00,2.01,-1.92,-61.48,0.73
2026-06-11,3131.80,3073.99,3142.24,3043.10,749967,1354424964.00,3.15,-2.32,-73.17,0.95
2026-06-12,3099.59,3163.97,3173.77,3094.11,975935,1765978242.00,2.59,2.93,89.98,1.23
2026-06-15,3182.30,3209.29,3242.75,3181.97,819503,1804348623.00,1.92,1.43,45.32,1.04
2026-06-16,3216.21,3182.53,3220.74,3164.69,1177570,2379336352.00,1.75,-0.83,-26.76,1.49
2026-06-17,3160.22,3164.36,3169.55,3128.77,973788,1655843203.00,1.28,-0.57,-18.17,1.23
2026-06-18,3159.96,3140.47,3177.86,3121.40,861007,1556708563.00,1.78,-0.75,-23.89,1.09
2026-06-22,3130.38,3125.67,3130.38,3028.05,1117780,2206288113.00,3.26,-0.47,-14.80,1.41
2026-06-23,3117.67,3159.43,3196.61,3109.23,837464,1716636299.00,2.80,1.08,33.76,1.06
2026-06-24,3167.52,3129.34,3173.79,3107.41,839892,1776876862.00,2.10,-0.95,-30.09,1.06
2026-06-25,3113.25,3089.92,3124.53,3081.44,765298,1445414900.00,1.38,-1.26,-39.42,0.97
2026-06-26,3084.50,3095.47,3119.15,3070.13,875476,2029904540.00,1.59,0.18,5.55,1.11
2026-06-29,3069.58,3110.81,3115.05,2994.81,839807,1871516677.00,3.88,0.50,15.34,1.06
2026-06-30,3106.36,3088.69,3137.16,3078.93,764390,1670413975.00,1.87,-0.71,-22.12,0.97
2026-07-01,3082.26,3166.97,3175.42,3079.05,969805,1890172171.00,3.12,2.53,78.28,1.23
2026-07-02,3149.27,3166.52,3220.68,3145.42,691067,1541144660.00,2.38,-0.01,-0.45,0.87
2026-07-03,3187.22,3235.14,3249.26,3171.68,821648,1905123869.00,2.45,2.17,68.62,1.04
2026-07-06,3221.35,3294.97,3330.03,3219.89,962453,2881570012.00,3.40,1.85,59.83,1.22
2026-07-07,3302.50,3266.73,3338.27,3253.05,594674,1839751707.00,2.59,-0.86,-28.24,0.75
2026-07-08,3254.77,3289.19,3325.97,3223.41,623726,2295601455.00,3.14,0.69,22.46,0.79
2026-07-09,3270.42,3295.97,3315.40,3244.89,788715,2034079354.00,2.14,0.21,6.78,1.00
2026-07-10,3272.66,3252.55,3322.88,3236.81,797400,1786015894.00,2.61,-1.32,-43.42,1.01
2026-07-13,3248.92,3174.06,3257.73,3161.65,773312,1997826738.00,2.95,-2.41,-78.49,0.98
2026-07-14,3178.23,3249.77,3250.71,3163.13,720756,1951699697.00,2.76,2.39,75.71,0.91
2026-07-15,3255.93,3341.20,3343.78,3246.53,748623,2009903975.00,2.99,2.81,91.43,0.95
2026-07-16,3325.30,3357.83,3379.09,3292.95,567112,1592733269.00,2.58,0.50,16.63,0.72
2026-07-17,3346.65,3263.08,3375.46,3245.00,796239,1841553486.00,3.89,-2.82,-94.75,1.01
2026-07-20,3265.18,3293.26,3380.24,3241.05,946101,2238402560.00,4.27,0.92,30.18,1.20
2026-07-21,3293.29,3311.19,3326.97,3223.39,994108,2465450682.00,3.15,0.54,17.93,1.26
2026-07-22,3303.69,3289.36,3331.36,3272.87,644743,1799912040.00,1.77,-0.66,-21.83,0.82
2026-07-23,3336.68,3325.51,3337.95,3283.27,554448,1541245004.00,1.66,1.10,36.15,0.70
2026-07-24,3296.67,3362.37,3382.43,3295.69,504064,1926295146.00,2.61,1.11,36.86,0.64
2026-07-27,3356.48,3419.98,3426.56,3336.18,538157,1659079042.00,2.69,1.71,57.61,0.68
2026-07-28,3398.01,3413.98,3478.45,3378.71,644936,1953979480.00,2.92,-0.18,-6.00,0.82
2026-07-29,3414.92,3477.66,3478.78,3392.05,822062,1913783619.00,2.54,1.87,63.68,1.04