2026-01-05,54.89,55.08,56.10,54.39,22293,160368290.30,3.15,1.42,0.77,4.81
2026-01-06,55.10,53.12,55.99,51.92,40073,280180896.56,7.39,-3.56,-1.96,8.64
2026-01-07,52.39,54.31,54.89,52.32,25449,179351303.04,4.84,2.24,1.19,5.49
2026-01-08,54.24,53.90,54.86,53.38,18019,127138321.98,2.73,-0.75,-0.41,3.89
2026-01-09,53.56,53.49,53.89,53.23,15365,107467010.09,1.22,-0.76,-0.41,3.31
2026-01-12,53.56,53.48,54.01,52.46,20894,145739098.18,2.90,-0.02,-0.01,4.51
2026-01-13,53.48,54.56,55.73,52.91,32211,229226034.69,5.27,2.02,1.08,6.95
2026-01-14,54.31,53.91,54.55,53.19,27802,195813834.63,2.49,-1.19,-0.65,5.99
2026-01-15,53.89,55.38,56.84,53.46,28033,203488578.44,6.27,2.73,1.47,6.04
2026-01-16,56.62,56.23,56.77,55.18,26075,191038569.36,2.87,1.53,0.85,5.62
2026-01-19,56.23,57.72,58.66,55.85,24769,186197477.83,5.00,2.65,1.49,5.34
2026-01-20,58.00,56.99,59.69,56.65,26458,200085746.10,5.27,-1.26,-0.73,5.70
2026-01-21,56.61,58.45,58.59,56.46,20743,156790012.35,3.74,2.56,1.46,4.47
2026-01-22,58.42,59.04,59.69,57.62,18549,142617987.84,3.54,1.01,0.59,4.00
2026-01-23,59.16,58.77,59.60,57.08,21244,161071423.04,4.27,-0.46,-0.27,4.58
2026-01-26,58.18,59.95,61.21,58.18,21493,168019761.57,5.16,2.01,1.18,4.63
2026-01-27,59.94,61.01,61.85,57.64,23404,183946417.94,7.02,1.77,1.06,5.05
2026-01-28,61.83,61.09,62.22,59.97,13573,107783614.92,3.69,0.13,0.08,2.93
2026-01-29,61.14,56.62,61.72,55.96,27331,207862677.00,9.43,-7.32,-4.47,5.89
2026-01-30,56.37,57.57,57.96,55.38,20340,150902933.28,4.56,1.68,0.95,4.39
2026-02-02,57.12,55.38,57.77,55.23,15089,111163204.96,4.41,-3.80,-2.19,3.25
2026-02-03,55.93,56.62,56.91,54.76,13291,96724457.94,3.88,2.24,1.24,2.87
2026-02-04,56.62,57.20,57.31,56.09,12073,89484769.78,2.15,1.02,0.58,2.60
2026-02-05,56.57,55.76,57.38,55.31,8050,59014567.00,3.62,-2.52,-1.44,1.74
2026-02-06,55.12,55.32,56.59,55.08,7620,55513165.84,2.71,-0.79,-0.44,1.64
2026-02-09,56.43,57.69,58.16,55.79,14391,107660137.93,4.28,4.28,2.37,3.10
2026-02-10,57.72,59.27,59.99,57.14,13768,105841442.77,4.94,2.74,1.58,2.97
2026-02-11,59.48,65.23,65.23,59.31,34219,280922917.08,9.99,10.06,5.96,7.38
2026-02-12,64.58,61.16,64.69,59.88,43809,352610965.37,7.37,-6.24,-4.07,9.45
2026-02-13,60.51,58.06,60.51,57.60,30670,235635933.81,4.76,-5.07,-3.10,6.61
2026-02-24,58.92,61.16,63.06,58.62,29639,237892881.81,7.65,5.34,3.10,6.39
2026-02-25,61.16,63.31,63.92,59.60,31187,251492009.29,7.06,3.52,2.15,6.72
2026-02-26,63.08,64.66,65.42,62.16,25976,217992386.82,5.15,2.13,1.35,5.60
2026-02-27,63.69,62.10,64.00,60.89,25428,205588209.00,4.81,-3.96,-2.56,5.48
2026-03-02,60.41,60.62,62.14,60.31,18318,146372488.87,2.95,-2.38,-1.48,3.95
2026-03-03,61.15,57.62,61.48,57.39,21010,161691821.02,6.75,-4.95,-3.00,4.53
2026-03-04,56.58,57.84,58.89,56.27,12692,95897881.19,4.55,0.38,0.22,2.74
2026-03-05,58.92,59.05,60.33,58.22,13843,107427467.00,3.65,2.09,1.21,2.98
2026-03-06,58.92,59.69,60.31,58.92,11284,88038042.34,2.35,1.08,0.64,2.43
2026-03-09,58.16,58.97,59.10,55.87,14465,108352451.22,5.41,-1.21,-0.72,3.12
2026-03-10,59.53,59.92,60.39,58.99,15458,120900601.34,2.37,1.61,0.95,3.33
2026-03-11,60.22,59.99,61.81,59.80,15282,121138844.96,3.35,0.12,0.07,3.30
2026-03-12,60.00,57.87,60.85,57.80,18066,139161255.00,5.08,-3.53,-2.12,3.90
2026-03-13,57.20,57.00,58.72,56.06,15811,117697111.80,4.60,-1.50,-0.87,3.41
2026-03-16,57.12,57.67,57.91,55.39,16847,124390795.62,4.42,1.18,0.67,3.63
2026-03-17,57.92,56.67,58.86,56.46,10254,76894826.75,4.16,-1.73,-1.00,2.21
2026-03-18,56.42,57.88,57.96,56.23,8978,66995250.60,3.05,2.14,1.21,1.94
2026-03-19,57.39,54.42,57.39,53.73,15277,110324659.54,6.32,-5.98,-3.46,3.29
2026-03-20,54.50,54.92,56.00,54.31,17034,122687745.68,3.11,0.92,0.50,3.67
2026-03-23,53.32,51.24,54.14,51.16,18813,129227463.00,5.43,-6.70,-3.68,4.06
2026-03-24,52.79,52.87,53.36,51.28,11251,76947010.59,4.06,3.18,1.63,2.43
2026-03-25,53.56,54.73,55.62,53.32,10604,75699727.00,4.35,3.52,1.86,2.29
2026-03-26,54.73,53.56,55.31,53.31,8988,63736850.40,3.65,-2.14,-1.17,1.94
2026-03-27,53.16,53.63,54.39,51.89,7034,49098204.92,4.67,0.13,0.07,1.52
2026-03-30,53.40,54.85,55.39,52.94,7618,54097823.74,4.57,2.27,1.22,1.64
2026-03-31,54.66,53.71,55.23,53.22,8233,58224833.00,3.66,-2.08,-1.14,1.78
2026-04-01,55.29,57.21,58.00,54.36,20589,152888161.61,6.78,6.52,3.50,4.44
2026-04-02,57.26,54.92,57.34,54.12,16148,116377616.00,5.63,-4.00,-2.29,3.48
2026-04-03,55.36,54.59,55.36,54.28,6935,49647389.00,1.97,-0.60,-0.33,1.50
2026-04-07,54.76,55.04,56.13,54.54,7698,55579380.00,2.91,0.82,0.45,1.66
2026-04-08,56.62,57.18,57.39,56.29,14953,111450575.00,2.00,3.89,2.14,3.22
2026-04-09,56.62,57.16,57.27,56.09,9148,67880333.00,2.06,-0.03,-0.02,1.97
2026-04-10,57.47,58.04,58.66,57.22,11301,86038833.00,2.52,1.54,0.88,2.44
2026-04-13,58.00,58.92,60.06,57.58,25904,199817110.94,4.27,1.52,0.88,5.59
2026-04-14,59.61,60.69,63.00,58.54,39169,313302487.31,7.57,3.00,1.77,8.45
2026-04-15,60.70,60.47,62.12,60.14,21591,171697405.52,3.26,-0.36,-0.22,4.66
2026-04-16,60.47,60.82,61.39,60.16,22269,176554368.44,2.03,0.58,0.35,4.80
2026-04-17,60.77,62.38,63.64,60.76,23678,193248654.96,4.74,2.56,1.56,5.11
2026-04-20,62.51,62.22,62.77,61.62,16119,130681249.00,1.84,-0.26,-0.16,3.48
2026-04-21,62.22,63.90,64.30,61.85,17051,141804627.00,3.94,2.70,1.68,3.68
2026-04-22,63.91,64.31,64.52,62.50,18542,154341716.16,3.16,0.64,0.41,4.00
2026-04-23,64.65,63.00,65.30,62.24,17730,147672970.00,4.76,-2.04,-1.31,3.82
2026-04-24,63.00,62.85,63.52,61.83,11730,95902663.61,2.68,-0.24,-0.15,2.53
2026-04-27,63.53,64.27,65.92,62.77,21819,185084962.34,5.01,2.26,1.42,4.70
2026-04-28,64.59,66.62,68.06,63.24,26390,226889943.28,7.50,3.66,2.35,5.69
2026-04-29,65.08,63.92,65.55,62.76,26833,223800026.00,4.19,-4.05,-2.70,5.79
2026-04-30,63.81,67.19,67.23,63.36,32010,274594520.80,6.05,5.12,3.27,6.90
2026-05-06,67.21,69.34,69.60,65.26,27030,240611246.30,6.46,3.20,2.15,5.83
2026-05-07,69.21,72.77,74.22,67.79,29540,276463270.34,9.27,4.95,3.43,6.37
2026-05-08,71.73,71.79,72.23,69.85,23781,220446776.96,3.27,-1.35,-0.98,5.13
2026-05-11,74.21,75.58,77.77,73.64,36714,363874813.34,5.75,5.28,3.79,7.92
2026-05-12,75.19,83.17,83.17,74.99,40762,420430627.39,10.82,10.04,7.59,8.79
2026-05-13,81.31,87.69,88.08,79.69,45943,511968807.88,10.09,5.43,4.52,9.91
2026-05-14,85.85,79.16,87.00,79.13,41290,439422917.95,8.97,-9.73,-8.53,8.90
2026-05-15,79.15,76.49,80.45,75.62,34310,345857427.50,6.10,-3.37,-2.67,7.40
2026-05-18,74.66,77.75,79.69,74.66,25051,254495880.25,6.58,1.65,1.26,5.40
2026-05-19,76.98,76.66,78.91,74.02,27934,277399639.03,6.29,-1.40,-1.09,6.02
2026-05-20,76.62,77.03,77.85,75.62,15372,154602770.74,2.91,0.48,0.37,3.31
2026-05-21,77.46,75.92,81.14,75.85,22337,229461813.43,6.87,-1.44,-1.11,4.82
2026-05-22,76.62,80.13,80.42,76.02,26952,278851753.65,5.80,5.55,4.21,5.81
2026-05-25,80.48,83.60,83.68,79.39,28574,304567529.33,5.35,4.33,3.47,6.16
2026-05-26,81.62,81.16,83.08,79.01,24165,254191152.49,4.87,-2.92,-2.44,5.21
2026-05-27,80.36,76.10,83.46,75.54,33416,341327079.80,9.76,-6.23,-5.06,7.21
2026-05-28,76.16,76.63,78.00,74.31,27208,270378366.35,4.85,0.70,0.53,5.87
2026-05-29,76.46,74.92,80.08,74.20,23628,234806589.77,7.67,-2.23,-1.71,5.09
2026-06-01,73.87,69.86,75.33,69.62,28466,264787984.39,7.62,-6.75,-5.06,6.14
2026-06-02,69.86,70.19,71.19,67.66,20347,185431974.70,5.05,0.47,0.33,4.39
2026-06-03,70.19,70.22,71.92,68.62,17287,158847579.10,4.70,0.04,0.03,3.73
2026-06-04,70.08,70.67,71.20,68.95,15288,140049525.53,3.20,0.64,0.45,3.30
2026-06-05,70.66,70.96,73.46,68.77,20803,194462719.18,6.64,0.41,0.29,4.49
2026-06-08,68.16,71.40,73.15,67.79,21312,195924533.67,7.55,0.62,0.44,4.60
2026-06-09,72.86,76.69,76.85,72.30,30545,298467428.37,6.37,7.41,5.29,6.59
2026-06-10,75.08,73.46,76.12,72.59,29403,284138377.77,4.60,-4.21,-3.23,6.34
2026-06-11,72.66,74.62,75.16,71.69,21350,205546736.58,4.72,1.58,1.16,4.60
2026-06-12,75.86,82.11,82.11,75.16,57421,607715797.97,9.31,10.04,7.49,12.38
2026-06-15,83.78,90.35,90.35,82.13,57532,653389278.98,10.01,10.04,8.24,12.41
2026-06-16,93.68,93.08,94.30,89.33,50281,604085106.70,5.50,3.02,2.73,10.84
2026-06-17,91.49,99.04,100.09,90.41,53739,682755263.44,10.40,6.40,5.96,11.59
2026-06-18,98.20,101.39,102.58,95.32,39298,508282808.57,7.33,2.37,2.35,8.47
2026-06-22,103.46,111.56,111.56,101.39,38642,542115325.04,10.03,10.03,10.17,8.33
2026-06-23,113.69,117.30,122.72,112.10,71647,850011197.60,9.52,5.15,5.74,11.88
2026-06-24,117.40,129.03,129.03,116.50,42165,526598101.93,10.68,10.00,11.73,6.99
2026-06-25,131.00,127.57,134.04,125.30,92017,1189133077.45,6.77,-1.13,-1.46,15.26
2026-06-26,125.48,129.93,133.90,123.70,61230,797936040.91,8.00,1.85,2.36,10.16
2026-06-29,128.00,117.50,129.05,116.94,68309,818872631.12,9.32,-9.57,-12.43,11.33
2026-06-30,117.52,125.25,125.79,115.33,49705,596461630.49,8.90,6.60,7.75,8.24