2026-01-05,6.86,6.96,6.96,6.79,62027,43142996.00,2.51,2.65,0.18,0.84
2026-01-06,6.97,7.16,7.20,6.95,122184,87088570.00,3.59,2.87,0.20,1.66
2026-01-07,7.14,7.35,7.49,7.10,175605,129909127.00,5.45,2.65,0.19,2.38
2026-01-08,7.34,7.35,7.43,7.26,119526,88574413.00,2.31,0.00,0.00,1.62
2026-01-09,7.34,7.42,7.44,7.31,108621,80703975.00,1.77,0.95,0.07,1.47
2026-01-12,7.45,7.38,7.47,7.29,108051,79915306.00,2.43,-0.54,-0.04,1.46
2026-01-13,7.39,7.34,7.52,7.30,123887,92243237.00,2.98,-0.54,-0.04,1.68
2026-01-14,7.35,7.38,7.63,7.26,186928,139538664.00,5.04,0.54,0.04,2.53
2026-01-15,7.34,7.33,7.51,7.26,116218,86385862.00,3.39,-0.68,-0.05,1.57
2026-01-16,7.35,7.19,7.47,7.11,84917,61658289.00,4.91,-1.91,-0.14,1.15
2026-01-19,7.22,7.26,7.28,7.15,78313,57048113.00,1.81,0.97,0.07,1.06
2026-01-20,7.25,7.33,7.35,7.21,80769,59299311.00,1.93,0.96,0.07,1.09
2026-01-21,7.28,7.55,7.73,7.22,160582,121549161.00,6.96,3.00,0.22,2.18
2026-01-22,7.69,7.95,8.31,7.61,526776,427290155.00,9.27,5.30,0.40,7.14
2026-01-23,7.94,8.04,8.23,7.87,416561,337657866.00,4.53,1.13,0.09,5.64
2026-01-26,8.04,7.78,8.13,7.73,214798,169211911.00,4.98,-3.23,-0.26,2.91
2026-01-27,7.81,7.64,7.81,7.42,153842,117554743.00,5.01,-1.80,-0.14,2.08
2026-01-28,7.61,7.69,7.82,7.51,181980,140826444.00,4.06,0.65,0.05,2.47
2026-01-29,7.70,7.68,7.83,7.53,138518,106943689.00,3.90,-0.13,-0.01,1.88
2026-01-30,7.59,7.66,7.73,7.49,117213,89499488.00,3.13,-0.26,-0.02,1.59
2026-02-02,7.62,7.61,7.75,7.52,118334,90987392.00,3.00,-0.65,-0.05,1.60
2026-02-03,7.61,7.79,7.85,7.57,104898,81587593.00,3.68,2.37,0.18,1.42
2026-02-04,7.82,7.75,7.85,7.68,94249,73592114.00,2.18,-0.51,-0.04,1.28
2026-02-05,7.71,7.76,7.83,7.70,81532,63755084.00,1.68,0.13,0.01,1.10
2026-02-06,7.75,8.01,8.12,7.73,161766,129962746.00,5.03,3.22,0.25,2.19
2026-02-09,8.02,8.14,8.17,7.97,156775,127519076.00,2.50,1.62,0.13,2.12
2026-02-10,8.14,8.11,8.32,8.07,121303,99802192.00,3.07,-0.37,-0.03,1.64
2026-02-11,8.14,8.39,8.59,8.06,139798,117867619.00,6.54,3.45,0.28,1.89
2026-02-12,8.45,8.44,8.91,8.17,178538,151139711.00,8.82,0.60,0.05,2.42
2026-02-13,8.31,8.29,8.50,8.27,132676,111714780.00,2.73,-1.78,-0.15,1.80
2026-02-24,8.29,8.33,8.47,8.22,88076,74077794.00,3.02,0.48,0.04,1.19
2026-02-25,8.34,8.20,8.38,8.16,83772,69581780.00,2.64,-1.56,-0.13,1.13
2026-02-26,8.25,8.19,8.25,8.05,71191,58535907.00,2.44,-0.12,-0.01,0.96
2026-02-27,8.06,8.25,8.26,8.06,53301,44031508.00,2.44,0.73,0.06,0.72
2026-03-02,8.17,7.85,8.17,7.84,122482,97924349.00,4.00,-4.85,-0.40,1.66
2026-03-03,7.85,7.65,7.94,7.63,96835,75460819.00,3.95,-2.55,-0.20,1.31
2026-03-04,7.55,7.70,7.74,7.55,64643,49800695.00,2.48,0.65,0.05,0.88
2026-03-05,7.77,7.83,7.91,7.71,68653,53866182.00,2.60,1.69,0.13,0.93
2026-03-06,7.79,7.93,8.07,7.73,80262,63790218.00,4.34,1.28,0.10,1.09
2026-03-09,7.82,8.73,8.73,7.76,289875,245639298.00,12.23,10.09,0.80,3.93
2026-03-10,8.98,8.90,9.13,8.75,388284,348900949.00,4.35,1.95,0.17,5.26
2026-03-11,8.97,8.93,9.05,8.87,285641,257274384.00,2.02,0.34,0.03,3.87
2026-03-12,8.85,8.85,8.90,8.71,174495,154495596.00,2.13,-0.90,-0.08,2.36
2026-03-13,8.85,8.79,9.03,8.75,175370,156418573.00,3.16,-0.68,-0.06,2.38
2026-03-16,8.84,8.94,8.98,8.66,187441,167455397.00,3.64,1.71,0.15,2.54
2026-03-17,9.04,8.58,9.09,8.57,237971,210174914.00,5.82,-4.03,-0.36,3.22
2026-03-18,8.67,8.50,8.72,8.33,144891,123394361.00,4.55,-0.93,-0.08,1.96
2026-03-19,8.51,8.07,8.51,8.02,141704,117135614.00,5.76,-5.06,-0.43,1.92
2026-03-20,8.07,7.89,8.22,7.88,118359,95415974.00,4.21,-2.23,-0.18,1.60
2026-03-23,7.66,7.10,7.72,7.10,176919,130450110.00,7.86,-10.01,-0.79,2.40
2026-03-24,7.29,7.39,7.40,7.08,128365,93527364.00,4.51,4.08,0.29,1.74
2026-03-25,7.52,7.66,7.72,7.39,131203,100765433.00,4.47,3.65,0.27,1.78
2026-03-26,7.71,7.81,8.18,7.60,213558,170120820.00,7.57,1.96,0.15,2.89
2026-03-27,7.80,7.95,7.98,7.66,115318,91287371.00,4.10,1.79,0.14,1.56
2026-03-30,7.89,7.80,8.02,7.78,98890,78113950.00,3.02,-1.89,-0.15,1.34
2026-03-31,7.69,7.79,7.95,7.69,81558,64485594.00,3.33,-0.13,-0.01,1.10
2026-04-01,7.84,8.57,8.57,7.84,175132,146515927.00,9.37,10.01,0.78,2.37
2026-04-02,8.95,8.57,8.95,8.47,449142,390523564.00,5.60,0.00,0.00,6.08
2026-04-03,8.51,8.39,8.61,8.15,310280,260126297.00,5.37,-2.10,-0.18,4.20
2026-04-07,8.45,8.34,8.51,8.21,187941,158281519.00,3.58,-0.60,-0.05,2.55
2026-04-08,8.37,8.26,8.44,8.13,233170,193259078.00,3.72,-0.96,-0.08,3.16
2026-04-09,8.19,8.26,8.33,8.04,202160,166787322.00,3.51,0.00,0.00,2.74
2026-04-10,8.18,8.36,8.39,8.05,196463,163238248.00,4.12,1.21,0.10,2.66
2026-04-13,8.16,8.35,8.44,8.06,155660,130041046.00,4.55,-0.12,-0.01,2.11
2026-04-14,8.37,8.34,8.44,8.25,118349,98953104.00,2.28,-0.12,-0.01,1.60
2026-04-15,8.60,8.41,8.60,8.22,161841,135936420.00,4.56,0.84,0.07,2.19
2026-04-16,8.33,8.36,8.37,8.22,140666,117440637.00,1.78,-0.59,-0.05,1.91
2026-04-17,8.33,8.45,8.48,8.28,120408,101700578.00,2.39,1.08,0.09,1.63
2026-04-20,8.38,8.58,8.59,8.38,175756,150348129.00,2.49,1.54,0.13,2.38
2026-04-21,8.54,8.32,8.57,8.28,133346,112693555.00,3.38,-3.03,-0.26,1.81
2026-04-22,8.38,8.40,8.42,8.21,89008,74460026.00,2.52,0.96,0.08,1.21
2026-04-23,8.30,8.26,8.39,8.10,110346,90937981.00,3.45,-1.67,-0.14,1.49
2026-04-24,8.23,8.27,8.33,8.19,71641,59576382.00,1.69,0.12,0.01,0.97
2026-04-27,8.26,8.37,8.38,8.04,109660,90235580.00,4.11,1.21,0.10,1.49
2026-04-28,8.33,8.23,8.33,8.19,87598,72832695.00,1.67,-1.67,-0.14,1.19
2026-04-29,8.08,8.33,8.36,7.88,139824,115065042.00,5.83,1.22,0.10,1.89
2026-04-30,8.30,8.28,8.40,8.19,87569,73201695.00,2.52,-0.60,-0.05,1.19
2026-05-06,8.34,8.36,8.47,8.25,92831,78008596.00,2.66,0.97,0.08,1.26
2026-05-07,8.48,8.67,8.90,8.45,172459,150606672.00,5.38,3.71,0.31,2.34
2026-05-08,8.68,8.54,8.75,8.50,120529,104047266.00,2.88,-1.50,-0.13,1.63
2026-05-11,8.54,8.78,8.88,8.48,161605,142034466.00,4.68,2.81,0.24,2.19
2026-05-12,8.78,8.25,8.78,8.21,184260,155452808.00,6.49,-6.04,-0.53,2.50
2026-05-13,8.25,7.98,8.30,7.92,183213,148870653.00,4.61,-3.27,-0.27,2.48
2026-05-14,8.03,7.76,8.26,7.75,155683,124449598.00,6.39,-2.76,-0.22,2.11
2026-05-15,7.75,7.69,8.00,7.58,137389,107200180.00,5.41,-0.90,-0.07,1.86
2026-05-18,7.70,7.70,7.99,7.57,172636,134331281.00,5.46,0.13,0.01,2.34
2026-05-19,7.70,7.90,7.92,7.65,154383,120564398.00,3.51,2.60,0.20,2.09
2026-05-20,7.85,7.90,8.19,7.75,139345,111102905.00,5.57,0.00,0.00,1.89
2026-05-21,7.93,7.29,7.93,7.29,150395,114651120.00,8.10,-7.72,-0.61,2.04
2026-05-22,7.33,7.22,7.37,7.20,83688,61214938.00,2.33,-0.96,-0.07,1.13
2026-05-25,7.22,7.95,7.95,7.21,176554,136599087.00,10.25,10.11,0.73,2.39
2026-05-26,7.95,8.08,8.56,7.80,416654,344997319.00,9.56,1.64,0.13,5.64
2026-05-27,8.10,7.77,8.14,7.63,196522,154000460.00,6.31,-3.84,-0.31,2.66
2026-05-28,7.85,7.90,8.13,7.72,156417,124570794.00,5.28,1.67,0.13,2.12
2026-05-29,7.86,8.11,8.29,7.85,188695,153147366.00,5.57,2.66,0.21,2.56
2026-06-01,8.09,8.03,8.13,7.85,128868,103749463.00,3.45,-0.99,-0.08,1.75
2026-06-02,8.00,7.61,8.15,7.59,141252,109962252.00,6.97,-5.23,-0.42,1.91
2026-06-03,7.68,7.62,7.68,7.46,80236,61252483.00,2.89,0.13,0.01,1.09
2026-06-04,7.55,7.34,7.60,7.29,81551,60816354.00,4.07,-3.67,-0.28,1.10
2026-06-05,7.39,7.40,7.52,7.29,65046,48346792.00,3.13,0.82,0.06,0.88
2026-06-08,7.12,7.03,7.39,6.88,89121,63775848.00,6.89,-5.00,-0.37,1.21
2026-06-09,7.04,7.10,7.12,6.97,43631,31004945.00,2.13,1.00,0.07,0.59
2026-06-10,7.10,7.06,7.12,6.93,53753,37976681.00,2.68,-0.56,-0.04,0.73
2026-06-11,6.97,7.06,7.16,6.93,46718,33142069.00,3.26,0.00,0.00,0.63
2026-06-12,7.11,7.27,7.33,7.06,54560,39720952.00,3.82,2.97,0.21,0.74
2026-06-15,7.27,7.50,7.54,7.18,76198,56547713.00,4.95,3.16,0.23,1.03
2026-06-16,7.50,7.56,7.79,7.40,70781,54168499.00,5.20,0.80,0.06,0.96
2026-06-17,7.58,7.26,7.58,7.23,56193,41607179.00,4.63,-3.97,-0.30,0.76
2026-06-18,7.27,7.99,7.99,7.27,168074,133772695.00,9.92,10.06,0.73,2.28
2026-06-22,8.56,8.79,8.79,8.40,473527,416509664.00,4.88,10.01,0.80,6.41
2026-06-23,9.00,9.67,9.67,9.00,456620,434858565.00,7.62,10.01,0.88,6.19
2026-06-24,10.50,10.04,10.64,9.82,927733,959572417.00,8.48,3.83,0.37,12.57
2026-06-25,10.00,9.73,10.24,9.31,794074,772881476.00,9.26,-3.09,-0.31,10.76
2026-06-26,9.47,8.75,9.63,8.75,414277,374127161.00,9.04,-10.07,-0.98,5.61
2026-06-29,8.14,8.83,9.39,8.03,750801,670297139.00,15.54,0.91,0.08,10.17
2026-06-30,8.70,8.96,8.98,8.37,465021,405043776.00,6.91,1.47,0.13,6.30
2026-07-01,8.81,8.92,9.00,8.62,323977,288042600.00,4.24,-0.45,-0.04,4.39
2026-07-02,8.75,9.13,9.45,8.74,452343,417226779.00,7.96,2.35,0.21,6.13
2026-07-03,9.09,9.10,9.34,8.82,340674,309710446.00,5.70,-0.33,-0.03,4.61
2026-07-06,8.95,8.78,9.33,8.77,362373,329539347.00,6.15,-3.52,-0.32,4.91
2026-07-07,8.75,8.57,8.96,8.55,238867,208202234.00,4.67,-2.39,-0.21,3.24
2026-07-08,8.57,8.23,8.71,8.23,216739,183063135.00,5.60,-3.97,-0.34,2.94
2026-07-09,8.22,8.66,9.06,8.16,343102,300916503.00,10.94,5.22,0.43,4.65
2026-07-10,8.35,8.73,8.94,8.35,288337,253319254.00,6.81,0.81,0.07,3.91
2026-07-13,8.71,8.52,8.95,8.52,220899,192908860.00,4.93,-2.41,-0.21,2.99
2026-07-14,8.38,8.67,8.70,8.21,187912,160984084.00,5.75,1.76,0.15,2.55
2026-07-15,8.60,9.09,9.35,8.56,383340,348103100.00,9.11,4.84,0.42,5.19
2026-07-16,8.95,9.01,9.40,8.54,404644,367137007.00,9.46,-0.88,-0.08,5.48
2026-07-17,8.80,8.10,8.93,8.10,393955,330107547.00,9.21,-10.10,-0.91,5.34
2026-07-20,7.93,7.71,8.17,7.52,304510,240409193.00,8.02,-4.81,-0.39,4.13
2026-07-21,7.72,7.91,7.91,7.35,194065,149275938.00,7.26,2.59,0.20,2.63
2026-07-22,7.88,7.67,8.04,7.66,138560,108848352.00,4.80,-3.03,-0.24,1.88
2026-07-23,7.51,7.73,7.75,7.50,95404,73265323.00,3.26,0.78,0.06,1.29
2026-07-24,7.58,7.45,7.69,7.41,84216,63356405.00,3.62,-3.62,-0.28,1.14
2026-07-27,7.41,7.62,7.73,7.35,71101,53910471.00,5.10,2.28,0.17,0.96
2026-07-28,7.60,7.67,7.82,7.53,85972,66285643.00,3.81,0.66,0.05,1.16
2026-07-29,7.58,7.77,7.77,7.51,89436,68560163.00,3.39,1.30,0.10,1.21