2026-01-05,22.27,21.46,22.55,21.46,928241,2028287389.58,4.57,-9.98,-2.38,11.55
2026-01-06,19.33,20.75,21.38,19.33,1929176,3990356241.81,9.55,-3.31,-0.71,24.01
2026-01-07,20.80,20.79,22.21,20.75,1483105,3165426031.97,7.04,0.19,0.04,18.46
2026-01-08,20.80,20.16,21.11,19.90,1457416,2968681890.57,5.82,-3.03,-0.63,18.14
2026-01-09,20.21,19.93,20.80,19.75,1243736,2518334651.85,5.21,-1.14,-0.23,15.48
2026-01-12,20.00,20.01,20.88,19.65,1729274,3486724464.83,6.17,0.40,0.08,21.52
2026-01-13,20.18,18.62,20.28,18.56,1380255,2652634838.60,8.60,-6.95,-1.39,17.18
2026-01-14,18.42,18.42,18.99,18.22,994840,1848856851.93,4.14,-1.07,-0.20,12.38
2026-01-15,18.23,17.72,18.23,17.56,783287,1396546930.68,3.64,-3.80,-0.70,9.75
2026-01-16,17.61,16.90,17.70,16.83,786599,1345129475.51,4.91,-4.63,-0.82,9.79
2026-01-19,17.21,18.59,18.59,17.09,1081404,1934730959.33,8.88,10.00,1.69,13.46
2026-01-20,18.41,17.42,18.55,17.20,1339035,2378230583.00,7.26,-6.29,-1.17,16.66
2026-01-21,17.34,16.96,17.40,16.80,650350,1109137329.48,3.44,-2.64,-0.46,8.09
2026-01-22,16.96,17.06,17.20,16.86,588063,1002013678.59,2.00,0.59,0.10,7.32
2026-01-23,17.06,17.80,17.95,17.00,1000826,1765910021.15,5.57,4.34,0.74,12.46
2026-01-26,17.61,16.62,17.75,16.41,964585,1637321804.30,7.53,-6.63,-1.18,12.00
2026-01-27,16.44,16.57,16.65,15.81,631749,1030465562.39,5.05,-0.30,-0.05,7.86
2026-01-28,16.69,16.66,16.94,16.41,592033,987511086.32,3.20,0.54,0.09,7.37
2026-01-29,16.53,16.44,16.88,16.07,549704,908172882.27,4.86,-1.32,-0.22,6.84
2026-01-30,16.78,16.58,17.27,16.35,919056,1548202308.50,5.60,0.85,0.14,11.44
2026-02-02,16.32,16.17,16.95,16.15,662016,1092578995.53,4.83,-2.47,-0.41,8.24
2026-02-03,16.41,16.76,16.78,16.16,622522,1028603238.00,3.83,3.65,0.59,7.75
2026-02-04,16.75,17.12,17.20,16.51,719101,1217507823.91,4.12,2.15,0.36,8.95
2026-02-05,16.95,17.89,18.53,16.89,1697800,3024228954.98,9.58,4.50,0.77,21.13
2026-02-06,17.52,16.50,17.52,16.10,1336407,2210240053.77,7.94,-7.77,-1.39,16.63
2026-02-09,16.50,16.94,17.50,16.49,998825,1697748127.69,6.12,2.67,0.44,12.43
2026-02-10,16.76,16.29,16.90,16.06,772255,1259755006.88,4.96,-3.84,-0.65,9.61
2026-02-11,16.10,16.09,16.78,15.93,613048,994261114.81,5.22,-1.23,-0.20,7.63
2026-02-12,15.95,15.40,15.95,15.29,655810,1016784900.37,4.10,-4.29,-0.69,8.16
2026-02-13,15.58,15.98,16.50,15.44,788577,1262226895.62,6.88,3.77,0.58,9.81
2026-02-24,15.48,15.54,15.85,15.22,679856,1056057321.63,3.94,-2.75,-0.44,8.46
2026-02-25,15.53,15.70,15.93,15.40,453193,713703807.79,3.41,1.03,0.16,5.64
2026-02-26,15.70,15.21,15.78,15.14,552628,845202376.70,4.08,-3.12,-0.49,6.88
2026-02-27,15.19,15.41,15.44,15.03,353988,542020176.04,2.70,1.31,0.20,4.41
2026-03-02,14.95,14.78,15.03,14.55,500498,739795856.81,3.11,-4.09,-0.63,6.23
2026-03-03,14.75,14.18,15.11,14.13,477901,691213568.37,6.63,-4.06,-0.60,5.95
2026-03-04,13.99,14.02,14.34,13.93,375396,528235448.19,2.89,-1.13,-0.16,4.67
2026-03-05,14.29,14.20,14.43,14.12,312388,445448649.30,2.21,1.28,0.18,3.89
2026-03-06,14.18,14.30,14.39,14.04,220849,315646625.19,2.46,0.70,0.10,2.75
2026-03-09,14.05,14.14,14.25,13.84,308775,432881447.50,2.87,-1.12,-0.16,3.84
2026-03-10,14.40,14.20,14.49,14.16,243860,348347648.65,2.33,0.42,0.06,3.03
2026-03-11,14.26,14.09,14.30,14.05,224464,316681356.00,1.76,-0.77,-0.11,2.79
2026-03-12,14.04,13.91,14.10,13.84,226809,316442223.86,1.85,-1.28,-0.18,2.82
2026-03-13,13.87,13.60,13.98,13.57,266971,367898418.80,2.95,-2.23,-0.31,3.32
2026-03-16,13.66,13.74,13.92,13.54,262149,359664688.50,2.79,1.03,0.14,3.26
2026-03-17,13.85,13.98,14.40,13.78,571226,804018589.00,4.51,1.75,0.24,7.11
2026-03-18,13.95,13.60,14.26,13.46,411906,562658756.41,5.72,-2.72,-0.38,5.13
2026-03-19,13.40,13.17,13.44,13.09,348055,461475592.76,2.57,-3.16,-0.43,4.33
2026-03-20,13.26,12.90,13.32,12.90,271997,356123340.00,3.19,-2.05,-0.27,3.38
2026-03-23,12.63,12.37,12.99,12.28,380924,479845462.78,5.50,-4.11,-0.53,4.74
2026-03-24,12.59,12.78,12.80,12.38,380858,479103302.58,3.40,3.31,0.41,4.74
2026-03-25,12.84,13.08,13.08,12.78,261005,337934835.30,2.35,2.35,0.30,3.25
2026-03-26,13.07,12.86,13.22,12.79,208431,269734942.66,3.29,-1.68,-0.22,2.59
2026-03-27,12.82,13.07,13.13,12.72,229643,299213107.16,3.19,1.63,0.21,2.86
2026-03-30,12.90,13.18,13.24,12.73,253914,330894210.00,3.90,0.84,0.11,3.16
2026-03-31,13.12,13.11,13.44,13.08,244184,323700602.10,2.73,-0.53,-0.07,3.04
2026-04-01,13.30,13.04,13.35,12.95,216429,282412401.72,3.05,-0.53,-0.07,2.69
2026-04-02,12.94,12.81,13.03,12.72,194213,249734620.57,2.38,-1.76,-0.23,2.42
2026-04-03,12.81,12.35,12.85,12.27,187690,233562590.04,4.53,-3.59,-0.46,2.34
2026-04-07,12.36,12.51,12.57,12.30,154802,192919147.09,2.19,1.30,0.16,1.93
2026-04-08,12.76,13.06,13.07,12.70,258715,334573212.98,2.96,4.40,0.55,3.22
2026-04-09,12.91,12.78,12.97,12.73,211051,270270850.66,1.84,-2.14,-0.28,2.63
2026-04-10,12.94,12.73,12.96,12.71,204847,262591502.19,1.96,-0.39,-0.05,2.55
2026-04-13,12.76,12.77,12.87,12.70,191710,245324584.00,1.34,0.31,0.04,2.39
2026-04-14,12.86,12.89,12.90,12.60,209331,267132484.55,2.35,0.94,0.12,2.61
2026-04-15,12.95,12.76,13.06,12.72,204645,263764390.77,2.64,-1.01,-0.13,2.55
2026-04-16,12.76,12.95,13.05,12.67,241497,311283597.96,2.98,1.49,0.19,3.01
2026-04-17,12.89,13.01,13.07,12.71,203998,263331564.43,2.78,0.46,0.06,2.54
2026-04-20,13.03,13.19,13.56,12.86,565248,747358145.26,5.38,1.38,0.18,7.03
2026-04-21,13.23,12.91,13.27,12.81,392111,508535466.25,3.49,-2.12,-0.28,4.88
2026-04-22,12.85,12.56,12.91,12.39,344816,432031705.24,4.03,-2.71,-0.35,4.29
2026-04-23,12.48,12.18,12.55,12.06,331905,405127464.09,3.90,-3.03,-0.38,4.13
2026-04-24,12.16,11.84,12.16,11.80,245745,292656279.85,2.96,-2.79,-0.34,3.06
2026-04-27,11.84,11.93,11.98,11.56,249286,294641654.19,3.55,0.76,0.09,3.10
2026-04-28,12.05,12.19,12.65,12.00,559826,689353591.16,5.45,2.18,0.26,6.97
2026-04-29,12.10,12.17,12.36,12.03,297050,363816690.66,2.71,-0.16,-0.02,3.70
2026-04-30,12.16,12.46,12.60,12.15,298801,370685297.34,3.70,2.38,0.29,3.72
2026-05-06,12.43,12.47,12.58,12.35,232264,289849399.21,1.85,0.08,0.01,2.89
2026-05-07,12.47,12.47,12.65,12.36,206145,257241702.80,2.33,0.00,0.00,2.57
2026-05-08,12.47,12.71,12.91,12.40,374517,478152948.82,4.09,1.92,0.24,4.66
2026-05-11,12.78,12.52,12.86,12.45,245601,308297007.00,3.23,-1.49,-0.19,3.06
2026-05-12,12.50,12.19,12.51,12.10,230067,281924312.59,3.27,-2.64,-0.33,2.86
2026-05-13,12.22,12.83,13.15,12.07,704678,897200786.52,8.86,5.25,0.64,8.77
2026-05-14,12.78,12.13,12.85,12.13,455615,564301405.21,5.61,-5.46,-0.70,5.67
2026-05-15,12.10,11.61,12.16,11.53,395379,464684333.00,5.19,-4.29,-0.52,4.92
2026-05-18,11.60,11.55,11.79,11.45,271519,315090839.15,2.93,-0.52,-0.06,3.38
2026-05-19,11.60,11.39,11.61,11.18,261642,297284198.58,3.72,-1.39,-0.16,3.26
2026-05-20,11.33,11.23,11.36,11.04,200407,224234669.00,2.81,-1.40,-0.16,2.49
2026-05-21,11.25,10.86,11.38,10.85,268325,297843210.23,4.72,-3.29,-0.37,3.34
2026-05-22,10.92,11.00,11.08,10.73,223727,244413261.16,3.22,1.29,0.14,2.78
2026-05-25,10.96,10.89,11.08,10.74,181544,197425385.00,3.09,-1.00,-0.11,2.26
2026-05-26,10.75,10.66,10.80,10.53,236927,251972519.12,2.48,-2.11,-0.23,2.95
2026-05-27,10.59,10.36,10.74,10.33,217037,226931088.20,3.85,-2.81,-0.30,2.70
2026-05-28,10.36,10.35,10.44,10.13,202192,208450571.48,2.99,-0.10,-0.01,2.52
2026-05-29,10.40,10.27,10.65,10.23,289427,301673809.20,4.06,-0.77,-0.08,3.60
2026-06-01,10.25,10.29,10.43,10.18,195993,202214955.00,2.43,0.19,0.02,2.44
2026-06-02,10.25,10.00,10.34,9.83,226566,226854426.58,4.96,-2.82,-0.29,2.82
2026-06-03,10.01,9.94,10.08,9.87,175190,174910275.00,2.10,-0.60,-0.06,2.18
2026-06-04,9.89,9.78,9.97,9.69,168940,165446736.21,2.82,-1.61,-0.16,2.10
2026-06-05,9.77,9.86,10.06,9.69,212010,209820051.00,3.78,0.82,0.08,2.64
2026-06-08,9.73,9.44,9.90,9.31,222601,213283319.39,5.98,-4.26,-0.42,2.77
2026-06-09,9.45,9.44,9.60,9.31,185197,174316608.00,3.07,0.00,0.00,2.30
2026-06-10,9.39,9.29,9.48,9.19,156960,146168677.38,3.07,-1.59,-0.15,1.95
2026-06-11,9.20,9.11,9.30,9.02,192536,175505312.20,3.01,-1.94,-0.18,2.40
2026-06-12,9.20,9.23,9.38,9.12,225965,209828195.78,2.85,1.32,0.12,2.81
2026-06-15,9.31,9.42,9.54,9.26,183632,172793494.02,3.03,2.06,0.19,2.29
2026-06-16,9.40,9.46,9.52,9.22,181736,170316419.20,3.18,0.42,0.04,2.26
2026-06-17,9.44,9.24,9.50,9.19,155727,144817359.10,3.28,-2.33,-0.22,1.94
2026-06-18,9.17,9.06,9.22,8.98,173876,158020564.90,2.60,-1.95,-0.18,2.16
2026-06-22,9.09,9.05,9.09,8.73,214043,190406241.39,3.97,-0.11,-0.01,2.66
2026-06-23,9.02,8.95,9.21,8.91,171432,155742738.00,3.31,-1.10,-0.10,2.13
2026-06-24,8.96,8.78,8.99,8.62,195809,171573938.93,4.13,-1.90,-0.17,2.44
2026-06-25,8.78,8.64,8.86,8.58,152588,132386442.00,3.19,-1.59,-0.14,1.90
2026-06-26,8.57,8.44,8.69,8.42,203232,173385266.00,3.13,-2.31,-0.20,2.53
2026-06-29,8.39,8.33,8.49,8.20,207564,173070147.25,3.44,-1.30,-0.11,2.58
2026-06-30,8.31,8.34,8.45,8.25,169028,141068063.31,2.40,0.12,0.01,2.10
2026-07-01,8.38,8.59,8.74,8.32,243067,207779908.40,5.04,3.00,0.25,3.02
2026-07-02,8.52,8.75,9.27,8.52,389191,346338946.38,8.73,1.86,0.16,4.84
2026-07-03,8.87,8.67,8.89,8.52,272198,236704888.52,4.23,-0.91,-0.08,3.39
2026-07-06,8.63,8.34,8.71,8.34,217549,185008752.16,4.27,-3.81,-0.33,2.71
2026-07-07,8.27,7.95,8.33,7.95,217734,176527724.77,4.56,-4.68,-0.39,2.71
2026-07-08,7.97,7.83,8.06,7.80,193251,152543118.96,3.27,-1.51,-0.12,2.40
2026-07-09,7.79,7.78,7.92,7.59,203871,158337832.79,4.21,-0.64,-0.05,2.54
2026-07-10,7.79,8.22,8.56,7.70,530964,438358351.08,11.05,5.66,0.44,6.61
2026-07-13,8.19,7.62,8.23,7.61,369626,289016236.56,7.54,-7.30,-0.60,4.60
2026-07-14,7.70,7.68,7.72,7.44,267431,202278259.00,3.67,0.79,0.06,3.33
2026-07-15,7.65,7.91,8.20,7.59,402887,321604560.21,7.94,2.99,0.23,5.01
2026-07-16,7.93,7.90,8.07,7.77,403152,318607733.18,3.79,-0.13,-0.01,5.02
2026-07-17,7.86,7.42,7.98,7.40,325556,248710065.16,7.34,-6.08,-0.48,4.05
2026-07-20,7.41,7.28,7.75,7.18,374424,280014383.43,7.68,-1.89,-0.14,4.66
2026-07-21,7.26,7.38,7.44,6.97,348001,251336685.57,6.46,1.37,0.10,4.33
2026-07-22,7.31,7.33,7.44,7.23,224644,164754288.48,2.85,-0.68,-0.05,2.80
2026-07-23,7.31,7.56,7.59,7.28,224783,168278671.02,4.23,3.14,0.23,2.80
2026-07-24,7.50,7.26,7.65,7.25,180201,133382000.09,5.29,-3.97,-0.30,2.24
2026-07-27,7.26,7.69,7.73,7.20,319750,242302426.92,7.30,5.92,0.43,3.98