2026-01-05,16.20,15.65,16.20,15.47,214091,345137502.19,4.59,-1.70,-0.27,0.42
2026-01-06,15.60,15.38,15.66,15.21,256247,404922291.02,2.88,-1.73,-0.27,0.51
2026-01-07,15.38,15.40,15.49,15.23,166715,263615395.91,1.69,0.13,0.02,0.33
2026-01-08,15.35,15.42,15.50,15.17,121104,191440340.38,2.14,0.13,0.02,0.24
2026-01-09,15.44,15.44,15.54,15.26,164123,260170577.14,1.82,0.13,0.02,0.33
2026-01-12,15.50,15.37,15.60,15.25,156525,248147389.43,2.27,-0.45,-0.07,0.31
2026-01-13,15.37,15.32,15.67,15.28,164728,261944164.15,2.54,-0.33,-0.05,0.33
2026-01-14,15.35,15.25,15.43,15.13,165153,259514029.98,1.96,-0.46,-0.07,0.33
2026-01-15,15.19,15.24,15.52,15.16,143015,225887211.92,2.36,-0.07,-0.01,0.28
2026-01-16,15.27,15.21,15.48,15.20,133750,211085787.71,1.84,-0.20,-0.03,0.27
2026-01-19,15.23,15.42,15.46,15.21,141711,224055006.93,1.64,1.38,0.21,0.28
2026-01-20,15.45,15.72,15.73,15.30,173440,277105290.19,2.79,1.95,0.30,0.34
2026-01-21,15.65,15.49,15.69,15.37,153924,245082682.75,2.04,-1.46,-0.23,0.30
2026-01-22,15.50,15.66,15.87,15.43,157009,253425986.77,2.84,1.10,0.17,0.31
2026-01-23,15.80,15.64,15.80,15.46,154184,247667406.15,2.17,-0.13,-0.02,0.31
2026-01-26,15.69,15.53,15.73,15.41,185428,297043570.11,2.05,-0.70,-0.11,0.37
2026-01-27,15.55,15.19,15.68,15.14,177374,279973161.40,3.48,-2.19,-0.34,0.35
2026-01-28,15.20,15.22,15.29,14.77,230154,358200914.51,3.42,0.20,0.03,0.46
2026-01-29,15.26,15.45,15.50,15.15,265346,418610194.47,2.30,1.51,0.23,0.53
2026-01-30,15.44,15.97,16.13,15.36,326751,530875804.39,4.98,3.37,0.52,0.65
2026-02-02,15.68,14.33,15.68,14.33,449210,684569299.47,8.45,-10.27,-1.64,0.89
2026-02-03,14.52,14.57,14.65,14.32,287045,428701985.88,2.30,1.67,0.24,0.57
2026-02-04,14.64,15.01,15.10,14.60,185602,285739278.46,3.43,3.02,0.44,0.37
2026-02-05,14.93,14.85,15.17,14.72,153586,236057116.43,3.00,-1.07,-0.16,0.30
2026-02-06,14.73,14.69,14.95,14.67,103268,157630855.34,1.89,-1.08,-0.16,0.20
2026-02-09,14.83,15.09,15.11,14.80,136078,209958262.63,2.11,2.72,0.40,0.27
2026-02-10,15.05,15.34,15.40,14.98,122194,191799881.40,2.78,1.66,0.25,0.24
2026-02-11,15.26,15.63,15.66,15.26,127638,204170490.04,2.61,1.89,0.29,0.25
2026-02-12,15.63,15.45,15.90,15.43,104137,166942777.16,3.01,-1.15,-0.18,0.21
2026-02-13,15.45,15.03,15.45,14.99,109896,171774926.18,2.98,-2.72,-0.42,0.22
2026-02-24,15.09,15.46,15.53,15.09,126019,200098532.34,2.93,2.86,0.43,0.25
2026-02-25,15.47,15.98,16.17,15.43,176597,290105154.70,4.79,3.36,0.52,0.35
2026-02-26,15.95,16.88,17.05,15.86,335370,573503823.43,7.45,5.63,0.90,0.66
2026-02-27,16.85,17.58,17.89,16.63,346530,620148230.22,7.46,4.15,0.70,0.69
2026-03-02,17.40,17.29,17.43,16.90,307407,541237971.30,3.01,-1.65,-0.29,0.61
2026-03-03,17.26,17.27,17.64,16.99,281533,499801451.93,3.76,-0.12,-0.02,0.56
2026-03-04,17.00,17.01,17.50,16.86,244166,428052019.14,3.71,-1.51,-0.26,0.48
2026-03-05,17.35,17.15,17.39,17.01,154795,272356650.67,2.23,0.82,0.14,0.31
2026-03-06,17.14,17.20,17.40,16.91,123718,218082922.05,2.86,0.29,0.05,0.25
2026-03-09,17.05,16.97,17.18,16.67,177692,309086726.84,2.97,-1.34,-0.23,0.35
2026-03-10,16.93,16.96,17.15,16.71,132460,230285165.41,2.59,-0.06,-0.01,0.26
2026-03-11,16.90,17.10,17.15,16.85,117519,205270900.42,1.77,0.83,0.14,0.23
2026-03-12,17.12,17.09,17.30,16.90,129749,227531747.10,2.34,-0.06,-0.01,0.26
2026-03-13,16.97,16.93,17.40,16.89,162160,285321184.44,2.98,-0.94,-0.16,0.32
2026-03-16,16.93,15.85,17.05,15.76,272872,449864876.70,7.62,-6.38,-1.08,0.54
2026-03-17,16.26,16.07,16.51,16.05,266828,445182679.44,2.90,1.39,0.22,0.53
2026-03-18,16.20,16.23,16.32,15.87,154571,255761985.11,2.80,1.00,0.16,0.31
2026-03-19,16.07,15.61,16.11,15.54,193527,313461515.89,3.51,-3.82,-0.62,0.38
2026-03-20,15.64,15.46,15.84,15.42,159922,256723647.15,2.69,-0.96,-0.15,0.32
2026-03-23,15.25,15.20,15.55,15.11,208447,328674571.68,2.85,-1.68,-0.26,0.41
2026-03-24,15.43,15.54,15.60,15.10,170476,269442846.15,3.29,2.24,0.34,0.34
2026-03-25,15.72,15.83,15.86,15.49,117065,189657502.31,2.38,1.87,0.29,0.23
2026-03-26,15.84,15.86,16.05,15.72,121086,197825635.78,2.08,0.19,0.03,0.24
2026-03-27,15.75,15.97,16.02,15.61,88634,144603231.88,2.59,0.69,0.11,0.18
2026-03-30,15.96,16.15,16.20,15.75,126173,207768051.92,2.82,1.13,0.18,0.25
2026-03-31,16.14,15.89,16.20,15.72,114002,186635477.59,2.97,-1.61,-0.26,0.23
2026-04-01,15.99,16.10,16.37,15.93,144166,239491428.41,2.77,1.32,0.21,0.29
2026-04-02,16.02,15.91,16.21,15.85,96820,159152344.58,2.24,-1.18,-0.19,0.19
2026-04-03,15.93,16.16,16.41,15.88,134051,223171194.14,3.33,1.57,0.25,0.27
2026-04-07,16.16,15.64,16.19,15.52,160840,259280793.11,4.15,-3.22,-0.52,0.32
2026-04-08,15.74,16.22,16.28,15.67,155516,256714823.68,3.90,3.71,0.58,0.31
2026-04-09,16.15,16.46,16.70,16.05,149312,253163337.13,4.01,1.48,0.24,0.30
2026-04-10,16.49,16.54,16.68,16.29,122163,207882113.88,2.37,0.49,0.08,0.24
2026-04-13,16.45,16.55,16.65,16.37,100417,170368027.90,1.69,0.06,0.01,0.20
2026-04-14,16.64,16.29,16.71,16.18,112018,188679556.25,3.20,-1.57,-0.26,0.22
2026-04-15,16.29,16.14,16.49,16.11,105298,175701639.38,2.33,-0.92,-0.15,0.21
2026-04-16,16.16,16.39,16.41,16.09,81212,135748483.00,1.98,1.55,0.25,0.16
2026-04-17,16.36,16.29,16.40,16.17,75896,126963455.10,1.40,-0.61,-0.10,0.15
2026-04-20,16.38,16.40,16.44,16.15,92891,156107213.32,1.78,0.68,0.11,0.18
2026-04-21,16.41,16.19,16.51,16.16,105234,175650825.30,2.13,-1.28,-0.21,0.21
2026-04-22,16.19,15.93,16.29,15.92,95921,158408770.33,2.29,-1.61,-0.26,0.19
2026-04-23,15.86,15.26,15.92,15.05,214251,338497886.65,5.46,-4.21,-0.67,0.42
2026-04-24,15.20,15.02,15.27,14.80,152811,236914988.28,3.08,-1.57,-0.24,0.30
2026-04-27,15.06,14.79,15.30,14.78,135006,208329646.60,3.46,-1.53,-0.23,0.27
2026-04-28,14.80,14.93,14.97,14.73,113833,174310954.40,1.62,0.95,0.14,0.23
2026-04-29,14.94,15.03,15.23,14.80,127227,196915873.29,2.88,0.67,0.10,0.25
2026-04-30,15.03,14.80,15.06,14.77,121002,185564017.64,1.93,-1.53,-0.23,0.24
2026-05-06,14.71,15.04,15.13,14.70,246968,379687524.65,2.91,1.62,0.24,0.49
2026-05-07,14.99,14.97,15.11,14.77,146011,224379596.16,2.26,-0.47,-0.07,0.29
2026-05-08,14.90,15.14,15.17,14.87,147862,228387825.14,2.00,1.14,0.17,0.29
2026-05-11,15.19,15.19,15.41,14.86,189751,296180450.40,3.63,0.33,0.05,0.38
2026-05-12,15.23,15.07,15.38,14.94,179530,278890684.20,2.90,-0.79,-0.12,0.36
2026-05-13,15.06,14.71,15.08,14.56,198629,302061022.20,3.45,-2.39,-0.36,0.39
2026-05-14,14.75,14.66,14.89,14.63,143101,217706906.80,1.77,-0.34,-0.05,0.28
2026-05-15,14.60,14.26,14.64,14.20,168893,249859373.06,3.00,-2.73,-0.40,0.33
2026-05-18,14.30,14.17,14.30,13.90,174913,253599626.55,2.81,-0.63,-0.09,0.35
2026-05-19,14.25,14.21,14.40,14.07,91724,134455381.27,2.33,0.28,0.04,0.18
2026-05-20,14.21,14.17,14.33,14.02,116658,170576494.31,2.18,-0.28,-0.04,0.23
2026-05-21,14.34,14.05,14.44,14.05,109059,155513136.02,2.75,-0.85,-0.12,0.22
2026-05-22,14.15,14.24,14.25,13.92,122350,173230657.70,2.35,1.35,0.19,0.24
2026-05-25,14.26,13.94,14.36,13.90,113883,160141587.68,3.23,-2.11,-0.30,0.23
2026-05-26,13.93,14.55,14.64,13.85,239432,344168194.60,5.67,4.38,0.61,0.47
2026-05-27,14.50,14.23,14.67,14.10,144552,206515977.78,3.92,-2.20,-0.32,0.29
2026-05-28,14.22,14.03,14.36,13.97,150234,212564160.33,2.74,-1.41,-0.20,0.30
2026-05-29,14.03,14.14,14.43,14.03,203277,289522509.81,2.85,0.78,0.11,0.40
2026-06-01,14.00,14.08,14.09,13.32,212696,293963609.53,5.45,-0.42,-0.06,0.42
2026-06-02,14.08,13.94,14.31,13.84,127689,178765093.00,3.34,-0.99,-0.14,0.25
2026-06-03,13.96,13.70,13.96,13.56,177878,243761432.34,2.87,-1.72,-0.24,0.35
2026-06-04,13.66,13.66,13.78,13.34,153190,207947913.73,3.21,-0.29,-0.04,0.30
2026-06-05,13.66,13.57,13.84,13.51,107128,146539562.57,2.42,-0.66,-0.09,0.21
2026-06-08,13.53,13.29,13.60,13.14,123569,164689842.32,3.39,-2.06,-0.28,0.24
2026-06-09,13.33,13.50,13.52,13.15,136833,182454219.24,2.78,1.58,0.21,0.27
2026-06-10,13.41,13.60,13.67,13.33,152709,206521012.54,2.52,0.74,0.10,0.30
2026-06-11,13.52,13.83,13.93,13.50,181724,249786395.98,3.16,1.69,0.23,0.36
2026-06-12,13.93,14.07,14.16,13.67,293903,410792230.68,3.54,1.74,0.24,0.58
2026-06-15,14.22,14.08,14.22,13.76,249641,349057825.22,3.27,0.07,0.01,0.49
2026-06-16,14.06,13.81,14.07,13.80,159795,222287821.55,1.92,-1.92,-0.27,0.32
2026-06-17,13.82,13.61,13.99,13.58,142250,195817101.29,2.97,-1.45,-0.20,0.28
2026-06-18,13.67,13.53,13.78,13.31,143929,195265915.81,3.45,-0.59,-0.08,0.29
2026-06-22,13.46,13.66,13.80,13.36,146376,199363278.65,3.25,0.96,0.13,0.29
2026-06-23,13.65,13.38,14.14,13.30,248599,340512962.43,6.15,-2.05,-0.28,0.49
2026-06-24,13.36,13.28,13.45,13.05,148206,196208917.49,2.99,-0.75,-0.10,0.29
2026-06-25,13.18,13.34,13.48,13.00,150111,199037502.74,3.61,0.45,0.06,0.30
2026-06-26,13.29,12.95,13.33,12.95,121286,158439682.97,2.85,-2.92,-0.39,0.24