2026-01-05,20.88,20.69,20.95,20.49,34323,71318765.00,2.21,-0.53,-0.11,4.57
2026-01-06,20.68,20.98,21.12,20.59,40132,84043388.00,2.56,1.40,0.29,5.35
2026-01-07,21.00,20.70,21.00,20.42,40487,84038426.00,2.76,-1.33,-0.28,5.39
2026-01-08,20.58,21.10,21.11,20.43,39613,82894508.00,3.29,1.93,0.40,5.28
2026-01-09,21.14,21.33,21.64,20.78,58990,125355982.00,4.08,1.09,0.23,7.86
2026-01-12,21.40,22.06,22.09,21.30,73424,160365713.00,3.70,3.42,0.73,9.78
2026-01-13,21.86,21.28,22.07,21.06,57980,124724115.00,4.58,-3.54,-0.78,7.72
2026-01-14,21.27,21.30,21.74,20.92,47444,101670755.00,3.85,0.09,0.02,6.32
2026-01-15,21.12,21.50,21.73,21.05,33391,71838792.00,3.19,0.94,0.20,4.45
2026-01-16,21.40,22.60,22.92,21.36,97106,219113320.00,7.26,5.12,1.10,12.94
2026-01-19,22.80,22.88,23.23,22.32,78724,180107667.00,4.03,1.24,0.28,10.49
2026-01-20,22.90,22.54,23.30,22.30,54200,123648622.00,4.37,-1.49,-0.34,7.22
2026-01-21,22.37,22.46,22.97,22.37,38198,86598319.00,2.66,-0.35,-0.08,5.09
2026-01-22,22.59,22.48,23.16,22.21,42752,97198943.00,4.23,0.09,0.02,5.70
2026-01-23,22.48,22.56,22.74,22.01,59229,133215232.00,3.25,0.36,0.08,7.89
2026-01-26,22.90,22.22,23.16,22.00,55941,126660334.00,5.14,-1.51,-0.34,7.45
2026-01-27,22.07,21.70,22.16,20.90,54275,117477476.00,5.67,-2.34,-0.52,7.23
2026-01-28,21.87,21.21,21.87,21.13,35558,76102777.00,3.41,-2.26,-0.49,4.74
2026-01-29,21.34,20.79,21.52,20.63,30284,63936029.00,4.20,-1.98,-0.42,4.03
2026-01-30,20.63,21.07,21.36,20.61,28373,59818199.00,3.61,1.35,0.28,3.78
2026-02-02,20.96,20.77,21.36,20.24,20897,44223211.00,5.32,-1.42,-0.30,2.78
2026-02-03,20.88,21.15,21.21,20.71,17745,37569608.00,2.41,1.83,0.38,2.36
2026-02-04,21.09,21.10,21.43,20.98,19182,40831575.00,2.13,-0.24,-0.05,2.56
2026-02-05,21.01,20.94,21.23,20.88,18284,38620123.00,1.66,-0.76,-0.16,2.44
2026-02-06,20.86,21.01,21.26,20.73,19114,40436775.00,2.53,0.33,0.07,2.55
2026-02-09,21.23,21.31,21.34,21.06,17513,37373029.00,1.33,1.43,0.30,2.33
2026-02-10,21.25,21.15,21.32,21.12,16262,34644169.00,0.94,-0.75,-0.16,2.17
2026-02-11,21.21,21.15,21.34,21.06,11666,24876719.00,1.32,0.00,0.00,1.55
2026-02-12,21.20,21.15,21.40,20.93,18080,38544881.00,2.22,0.00,0.00,2.41
2026-02-13,21.15,21.25,21.55,21.01,21846,46825199.00,2.55,0.47,0.10,2.91
2026-02-24,21.45,21.58,21.62,21.25,19483,42068366.00,1.74,1.55,0.33,2.60
2026-02-25,21.70,21.88,22.33,21.57,32861,72244394.00,3.52,1.39,0.30,4.38
2026-02-26,21.85,21.86,21.88,21.59,20868,45553988.00,1.33,-0.09,-0.02,2.78
2026-02-27,21.70,21.70,21.83,21.55,17906,38917148.00,1.28,-0.73,-0.16,2.39
2026-03-02,21.38,20.55,21.43,20.49,37681,78898534.00,4.33,-5.30,-1.15,5.02
2026-03-03,20.60,19.88,20.88,19.81,26640,54383573.00,5.21,-3.26,-0.67,3.55
2026-03-04,19.80,19.71,20.03,19.51,19224,38130522.00,2.62,-0.86,-0.17,2.56
2026-03-05,20.10,19.93,20.30,19.87,18072,36440313.00,2.18,1.12,0.22,2.41
2026-03-06,20.16,20.59,20.63,19.95,19816,40703287.00,3.41,3.31,0.66,2.64
2026-03-09,20.32,20.22,20.51,19.97,18051,36591736.00,2.62,-1.80,-0.37,2.40
2026-03-10,20.40,20.79,20.82,20.36,15486,32201375.00,2.27,2.82,0.57,2.06
2026-03-11,20.91,20.59,21.02,20.52,17161,35750905.00,2.41,-0.96,-0.20,2.29
2026-03-12,20.58,20.23,20.66,20.20,13895,28473868.00,2.23,-1.75,-0.36,1.85
2026-03-13,20.20,20.19,20.56,20.08,11242,22917802.00,2.37,-0.20,-0.04,1.50
2026-03-16,20.18,20.34,20.34,20.03,9603,19483524.00,1.54,0.74,0.15,1.28
2026-03-17,20.45,19.99,20.45,19.91,12274,24951834.00,2.65,-1.72,-0.35,1.64
2026-03-18,20.14,20.34,20.34,19.95,13179,26688344.00,1.95,1.75,0.35,1.76
2026-03-19,20.15,19.64,20.22,19.55,21500,42794979.00,3.29,-3.44,-0.70,2.86
2026-03-20,19.75,19.05,19.84,19.03,18266,35594788.00,4.12,-3.00,-0.59,2.43
2026-03-23,18.91,18.09,18.92,17.61,24589,45382431.00,6.88,-5.04,-0.96,3.28
2026-03-24,18.50,18.67,18.67,18.00,16998,31467502.00,3.70,3.21,0.58,2.26
2026-03-25,18.67,18.98,19.07,18.67,15480,29495306.00,2.14,1.66,0.31,2.06
2026-03-26,18.98,18.59,19.13,18.56,14158,26661899.00,3.00,-2.05,-0.39,1.89
2026-03-27,18.42,18.79,18.94,18.28,10607,19963270.00,3.55,1.08,0.20,1.41
2026-03-30,18.66,19.07,19.08,18.55,11996,22773549.00,2.82,1.49,0.28,1.60
2026-03-31,19.10,18.80,19.30,18.74,12742,24336859.00,2.94,-1.42,-0.27,1.70
2026-04-01,19.05,19.00,19.18,18.86,14197,27125849.00,1.70,1.06,0.20,1.89
2026-04-02,19.08,18.67,19.10,18.52,12514,23630562.00,3.05,-1.74,-0.33,1.67
2026-04-03,18.79,18.04,18.79,18.00,12609,23124920.00,4.23,-3.37,-0.63,1.68
2026-04-07,18.07,18.45,18.50,18.01,10582,19501872.00,2.72,2.27,0.41,1.41
2026-04-08,18.84,19.48,19.76,18.84,39371,77034821.00,4.99,5.58,1.03,5.25
2026-04-09,19.44,19.10,19.46,19.05,15463,29858081.00,2.10,-1.95,-0.38,2.06
2026-04-10,19.25,19.34,19.55,19.25,12122,23659767.00,1.57,1.26,0.24,1.61
2026-04-13,19.44,19.15,19.44,19.02,9459,18215027.00,2.17,-0.98,-0.19,1.26
2026-04-14,19.24,19.12,19.35,18.98,14325,27516497.00,1.93,-0.16,-0.03,1.91
2026-04-15,19.17,19.06,19.28,18.97,10632,20431988.00,1.62,-0.31,-0.06,1.42
2026-04-16,19.17,19.27,19.33,18.93,12770,24627749.00,2.10,1.10,0.21,1.70
2026-04-17,19.16,19.27,19.30,19.03,12187,23523937.00,1.40,0.00,0.00,1.62
2026-04-20,19.32,19.41,19.42,19.12,11816,22913886.00,1.56,0.73,0.14,1.57
2026-04-21,19.38,19.47,19.50,19.28,14318,27912624.00,1.13,0.31,0.06,1.91
2026-04-22,19.45,19.52,19.53,19.16,15399,29965756.00,1.90,0.26,0.05,2.05
2026-04-23,19.49,19.04,19.52,18.99,17611,33895686.00,2.72,-2.46,-0.48,2.35
2026-04-24,18.91,19.13,19.24,18.74,14780,28219898.00,2.63,0.47,0.09,1.97
2026-04-27,18.20,17.69,18.20,16.66,61467,106014500.00,8.05,-7.53,-1.44,8.19
2026-04-28,17.71,17.90,18.14,17.45,36117,64749258.00,3.90,1.19,0.21,4.81
2026-04-29,17.86,18.29,18.43,17.84,23364,42691356.00,3.30,2.18,0.39,3.11
2026-04-30,18.20,18.47,18.68,18.20,13977,25962403.00,2.62,0.98,0.18,1.86
2026-05-06,18.66,18.47,18.81,18.35,18454,34478140.00,2.49,0.00,0.00,2.46
2026-05-07,18.60,18.82,18.94,18.38,18784,35449042.00,3.03,1.89,0.35,2.50
2026-05-08,18.90,19.11,19.11,18.65,15402,29244436.00,2.44,1.54,0.29,2.05
2026-05-11,19.20,19.00,19.31,18.91,18083,34631879.00,2.09,-0.58,-0.11,2.41
2026-05-12,19.04,18.42,19.27,18.30,23448,44086103.00,5.11,-3.05,-0.58,3.12
2026-05-13,18.50,18.39,18.66,18.24,17654,32796493.00,2.28,-0.16,-0.03,2.35
2026-05-14,18.38,18.16,18.48,18.02,14265,26127856.00,2.50,-1.25,-0.23,1.90
2026-05-15,18.27,17.75,18.34,17.60,23804,43027887.00,4.07,-2.26,-0.41,3.17
2026-05-18,17.58,18.21,18.48,17.58,32923,59871591.00,5.07,2.59,0.46,4.39
2026-05-19,18.32,17.91,18.44,17.66,16681,30124869.00,4.28,-1.65,-0.30,2.22
2026-05-20,17.92,17.75,17.93,17.59,14335,25558654.00,1.90,-0.89,-0.16,1.91
2026-05-21,17.85,17.17,18.06,16.91,13730,24379862.00,6.48,-3.27,-0.58,1.83
2026-05-22,17.30,17.52,17.65,17.05,18828,32856420.00,3.49,2.04,0.35,2.51
2026-05-25,17.55,17.00,17.69,16.90,19542,33678555.00,4.51,-2.97,-0.52,2.60
2026-05-26,16.92,16.44,17.08,16.20,37872,62908929.00,5.18,-3.29,-0.56,5.05
2026-05-27,16.28,15.85,16.44,15.62,25581,40856180.00,4.99,-3.59,-0.59,3.41
2026-05-28,15.81,16.12,16.23,15.57,18545,29666495.00,4.16,1.70,0.27,2.47
2026-05-29,16.15,15.55,19.36,15.32,44154,71593277.00,25.06,-3.54,-0.57,5.88
2026-06-01,15.46,16.07,16.22,15.17,29639,47285025.00,6.75,3.34,0.52,3.95
2026-06-02,16.08,15.75,16.22,15.61,26548,42346265.00,3.80,-1.99,-0.32,3.54
2026-06-03,15.76,15.68,16.07,15.35,31461,49784590.00,4.57,-0.44,-0.07,4.19
2026-06-04,15.63,15.10,15.64,15.07,21622,33132115.00,3.64,-3.70,-0.58,2.88
2026-06-05,15.11,15.54,15.72,14.80,19762,30364222.00,6.09,2.91,0.44,2.63
2026-06-08,14.90,14.91,15.44,14.71,17773,26996034.00,4.70,-4.05,-0.63,2.37
2026-06-09,15.03,14.83,15.25,14.83,17439,26312397.00,2.82,-0.54,-0.08,2.32
2026-06-10,14.83,14.72,14.99,14.37,15746,23223344.00,4.18,-0.74,-0.11,2.10
2026-06-11,14.52,14.44,14.71,14.15,13783,20031740.00,3.80,-1.90,-0.28,1.84
2026-06-12,14.52,14.82,14.99,14.47,12702,18892543.00,3.60,2.63,0.38,1.69
2026-06-15,14.96,14.95,15.47,14.73,17435,26441101.00,4.99,0.88,0.13,2.32
2026-06-16,15.04,14.91,15.08,14.51,15878,23607232.00,3.81,-0.27,-0.04,2.12
2026-06-17,14.94,14.50,14.94,14.42,13852,20376531.00,3.49,-2.75,-0.41,1.85
2026-06-18,14.50,14.33,14.65,14.16,13210,19176965.00,3.38,-1.17,-0.17,1.76
2026-06-22,14.20,14.26,14.41,13.53,21822,30527232.00,6.14,-0.49,-0.07,2.91
2026-06-23,14.24,14.36,14.76,13.92,24449,35620736.00,5.89,0.70,0.10,3.26
2026-06-24,14.24,13.80,14.45,13.72,19032,26709355.00,5.08,-3.90,-0.56,2.54
2026-06-25,13.66,13.38,13.93,13.08,21221,28606617.00,6.16,-3.04,-0.42,2.83
2026-06-26,13.37,13.15,13.42,12.90,19522,25892464.00,3.89,-1.72,-0.23,2.60
2026-06-29,13.04,13.15,13.25,12.69,16873,22074549.00,4.26,0.00,0.00,2.25
2026-06-30,13.22,13.00,13.27,12.87,14590,19128723.00,3.04,-1.14,-0.15,1.94
2026-07-01,13.12,13.27,13.50,12.96,20611,27428599.00,4.15,2.08,0.27,2.75
2026-07-02,13.28,13.29,13.74,13.28,17509,23762146.00,3.47,0.15,0.02,2.33
2026-07-03,13.62,14.70,15.13,13.43,47765,68949644.00,12.79,10.61,1.41,6.36
2026-07-06,14.53,14.15,14.86,13.93,33438,48301500.00,6.33,-3.74,-0.55,4.45
2026-07-07,13.93,15.07,15.78,13.50,62183,92275421.00,16.11,6.50,0.92,8.28
2026-07-08,14.88,13.85,14.88,13.65,46957,65964764.00,8.16,-8.10,-1.22,6.26
2026-07-09,13.68,13.52,13.89,13.16,32451,43936806.00,5.27,-2.38,-0.33,4.32
2026-07-10,13.72,14.05,14.20,13.24,31585,43625109.00,7.10,3.92,0.53,4.21
2026-07-13,13.89,13.31,13.97,13.23,23900,32233547.00,5.27,-5.27,-0.74,3.18
2026-07-14,13.35,13.60,13.63,13.05,17265,23072133.00,4.36,2.18,0.29,2.30
2026-07-15,13.47,13.91,13.97,13.42,15746,21688679.00,4.04,2.28,0.31,2.10
2026-07-16,13.72,14.25,14.36,13.65,18340,25978276.00,5.10,2.44,0.34,2.44
2026-07-17,14.12,13.95,14.46,13.64,22349,31427406.00,5.75,-2.11,-0.30,2.98
2026-07-20,13.74,13.33,14.40,13.01,21584,29517722.00,9.96,-4.44,-0.62,2.88
2026-07-21,13.30,13.64,13.66,12.35,34044,44216566.00,9.83,2.33,0.31,4.54
2026-07-22,13.60,13.02,13.80,12.96,20384,26955998.00,6.16,-4.55,-0.62,2.72
2026-07-23,12.83,13.24,13.31,12.79,11856,15539048.00,3.99,1.69,0.22,1.58
2026-07-24,13.20,12.81,13.26,12.79,12428,16093327.00,3.55,-3.25,-0.43,1.66
2026-07-27,12.85,13.25,13.42,12.85,16085,21217751.00,4.45,3.43,0.44,2.14
2026-07-28,13.15,13.25,13.51,13.00,13357,17771367.00,3.85,0.00,0.00,1.78
2026-07-29,13.25,13.53,13.65,13.25,14075,19002339.00,3.02,2.11,0.28,1.88
2026-07-30,13.53,13.54,13.88,13.42,14517,19878516.00,3.40,0.07,0.01,1.93
2026-07-31,13.53,13.95,14.00,13.53,18997,26297442.00,3.47,3.03,0.41,2.53
2026-08-03,13.95,14.33,14.33,13.95,13991,19823449.00,2.72,2.72,0.38,1.86
2026-08-04,14.33,14.31,14.46,14.18,15417,22097912.00,1.95,-0.14,-0.02,2.05
2026-08-05,14.45,14.21,14.50,13.95,23656,33671587.46,3.84,-0.70,-0.10,3.15