2026-01-05,17.08,16.74,17.09,16.50,410217,691565152.00,3.45,-2.05,-0.35,1.71
2026-01-06,16.74,18.07,18.42,16.74,598568,1069511240.00,10.04,7.95,1.33,2.50
2026-01-07,18.01,18.04,18.44,17.89,333661,610465889.00,3.04,-0.17,-0.03,1.39
2026-01-08,17.85,17.96,18.43,17.55,314177,568576523.00,4.88,-0.44,-0.08,1.31
2026-01-09,18.08,17.55,18.22,17.37,332097,587694473.00,4.73,-2.28,-0.41,1.39
2026-01-12,17.55,17.24,17.61,17.16,292677,509786434.00,2.56,-1.77,-0.31,1.22
2026-01-13,17.19,17.22,17.61,17.04,295254,513436134.00,3.31,-0.12,-0.02,1.23
2026-01-14,17.39,18.29,18.61,17.39,636341,1171440820.00,7.08,6.21,1.07,2.66
2026-01-15,18.28,18.68,19.13,18.15,431567,812433385.00,5.36,2.13,0.39,1.80
2026-01-16,18.88,18.29,18.98,18.20,278155,516770412.00,4.18,-2.09,-0.39,1.16
2026-01-19,18.26,19.00,19.22,17.97,358420,679134685.00,6.83,3.88,0.71,1.50
2026-01-20,19.17,19.74,19.86,18.83,545555,1064749477.00,5.42,3.89,0.74,2.28
2026-01-21,19.76,19.73,20.01,19.25,302978,599831772.00,3.85,-0.05,-0.01,1.26
2026-01-22,19.67,20.42,20.71,19.33,487788,985414151.00,6.99,3.50,0.69,2.04
2026-01-23,20.43,20.45,21.03,20.28,382252,789824730.00,3.67,0.15,0.03,1.60
2026-01-26,20.46,20.43,20.87,19.96,345815,708635387.00,4.45,-0.10,-0.02,1.44
2026-01-27,20.21,20.33,20.96,19.94,334979,692282554.00,4.99,-0.49,-0.10,1.40
2026-01-28,20.29,21.56,21.98,20.25,480623,1027802481.00,8.51,6.05,1.23,2.01
2026-01-29,21.91,20.99,21.91,20.88,330638,709029646.00,4.78,-2.64,-0.57,1.38
2026-01-30,21.18,21.75,22.06,20.33,471073,1007572923.00,8.24,3.62,0.76,1.97
2026-02-02,21.11,19.97,21.48,19.86,765546,1580294736.00,7.45,-8.18,-1.78,3.20
2026-02-03,20.37,20.87,21.13,20.24,467735,973520961.00,4.46,4.51,0.90,1.95
2026-02-04,20.99,20.76,21.07,20.22,403528,837378823.00,4.07,-0.53,-0.11,1.68
2026-02-05,20.76,20.76,20.98,20.29,254536,528729707.00,3.32,0.00,0.00,1.06
2026-02-06,20.39,21.33,21.82,19.99,387788,830063025.00,8.82,2.75,0.57,1.62
2026-02-09,21.86,21.67,22.21,21.45,339067,740619517.00,3.56,1.59,0.34,1.42
2026-02-10,21.72,22.12,22.24,21.15,361565,787321604.00,5.03,2.08,0.45,1.51
2026-02-11,22.12,23.86,24.23,21.89,636249,1502176314.00,10.58,7.87,1.74,2.66
2026-02-12,23.77,23.88,24.18,23.48,233764,560704232.00,2.93,0.08,0.02,0.98
2026-02-13,23.51,23.06,23.82,22.97,253083,590295392.00,3.56,-3.43,-0.82,1.06
2026-02-24,23.37,24.39,24.68,22.89,285891,688218214.00,7.76,5.77,1.33,1.19
2026-02-25,24.32,24.12,25.06,23.87,315058,774787907.00,4.88,-1.11,-0.27,1.31
2026-02-26,23.99,23.93,24.47,23.38,317211,760768003.00,4.52,-0.79,-0.19,1.32
2026-02-27,23.76,24.17,24.37,23.43,296144,715123127.00,3.93,1.00,0.24,1.24
2026-03-02,24.47,25.66,25.89,23.58,527995,1315107980.00,9.56,6.16,1.49,2.20
2026-03-03,25.52,23.88,25.64,23.45,544062,1329394088.00,8.53,-6.94,-1.78,2.27
2026-03-04,23.34,21.59,23.38,21.54,922449,2050640623.00,7.71,-9.59,-2.29,3.85
2026-03-05,22.08,22.19,22.41,21.80,601455,1338830158.00,2.83,2.78,0.60,2.53
2026-03-06,21.83,22.61,22.91,21.48,626495,1406874378.00,6.44,1.89,0.42,2.64
2026-03-09,22.42,20.34,22.42,20.34,794546,1639199026.00,9.20,-10.04,-2.27,3.35
2026-03-10,20.88,21.01,21.53,20.60,591681,1257636338.00,4.57,3.29,0.67,2.49
2026-03-11,21.15,21.54,21.84,20.89,496248,1067462055.00,4.52,2.52,0.53,2.09
2026-03-12,22.01,20.87,22.01,20.40,646681,1361115675.00,7.47,-3.11,-0.67,2.72
2026-03-13,20.61,20.23,20.87,19.84,564761,1156368350.00,4.94,-3.07,-0.64,2.38
2026-03-16,20.23,19.54,20.35,19.18,824050,1623476259.00,5.78,-3.41,-0.69,3.47
2026-03-17,19.50,19.06,19.81,18.98,395792,771872131.00,4.25,-2.46,-0.48,1.67
2026-03-18,19.03,18.83,19.28,18.52,659099,1247013266.00,3.99,-1.21,-0.23,2.78
2026-03-19,18.50,17.13,18.61,16.94,1126208,1976219139.00,8.87,-9.03,-1.70,4.74
2026-03-20,17.10,16.80,17.77,16.71,999573,1725988370.00,6.19,-1.93,-0.33,4.21
2026-03-23,16.50,16.84,17.56,16.24,780511,1336355200.00,7.86,0.24,0.04,3.29
2026-03-24,17.19,17.50,17.55,16.83,682867,1183856848.00,4.28,3.92,0.66,2.88
2026-03-25,17.83,17.90,18.68,17.81,735099,1345012342.00,4.97,2.29,0.40,3.10
2026-03-26,17.87,17.71,18.44,17.58,414789,750076651.00,4.80,-1.06,-0.19,1.75
2026-03-27,17.55,17.93,18.13,17.35,385920,693434114.00,4.40,1.24,0.22,1.63
2026-03-30,17.46,18.13,18.28,17.46,385900,698652906.00,4.57,1.12,0.20,1.63
2026-03-31,18.05,17.93,18.28,17.72,340535,615725306.00,3.09,-1.10,-0.20,1.43
2026-04-01,18.55,18.67,19.08,18.30,467132,877209747.00,4.35,4.13,0.74,1.97
2026-04-02,18.64,18.07,18.64,18.01,274609,504353547.00,3.37,-3.21,-0.60,1.16
2026-04-03,18.16,17.81,18.19,17.58,257393,462696498.00,3.38,-1.44,-0.26,1.08
2026-04-07,17.99,18.28,18.88,17.76,467664,871040842.00,6.29,2.64,0.47,1.97
2026-04-08,19.08,19.39,19.95,18.93,710014,1393319642.00,5.58,6.07,1.11,2.99
2026-04-09,19.08,19.36,19.73,18.82,332960,648782923.00,4.69,-0.15,-0.03,1.40
2026-04-10,19.46,19.58,19.83,18.93,379575,742573357.00,4.65,1.14,0.22,1.60
2026-04-13,19.35,19.20,19.97,18.96,427693,832426028.00,5.16,-1.94,-0.38,1.80
2026-04-14,19.37,19.34,20.08,19.11,464874,913924448.00,5.05,0.73,0.14,1.96
2026-04-15,19.58,20.07,20.30,19.44,458016,921087914.00,4.45,3.77,0.73,1.93
2026-04-16,19.49,20.26,20.58,19.49,361951,733965820.00,5.43,0.95,0.19,1.52
2026-04-17,20.26,19.50,20.37,19.38,379628,750486749.00,4.89,-3.75,-0.76,1.60
2026-04-20,19.49,19.80,20.36,19.07,345113,687608043.00,6.62,1.54,0.30,1.45
2026-04-21,19.65,20.11,20.43,19.34,339322,686572045.00,5.51,1.57,0.31,1.43
2026-04-22,20.10,19.97,20.37,19.76,256969,518894998.00,3.03,-0.70,-0.14,1.08
2026-04-23,19.90,20.16,20.36,19.78,255009,516817182.00,2.90,0.95,0.19,1.07
2026-04-24,20.05,20.15,20.74,19.82,252394,514566423.00,4.56,-0.05,-0.01,1.06
2026-04-27,20.17,20.21,20.68,20.02,289622,593080904.00,3.28,0.30,0.06,1.22
2026-04-28,20.24,20.84,20.97,20.22,363380,757279237.00,3.71,3.12,0.63,1.53
2026-04-29,21.54,22.94,22.94,21.50,690354,1544973141.00,6.91,10.08,2.10,2.91
2026-04-30,22.69,24.09,24.33,22.69,684263,1634421122.00,7.15,5.01,1.15,2.88
2026-05-06,23.98,23.78,24.18,23.38,662725,1582890743.00,3.32,-1.29,-0.31,2.79
2026-05-07,23.78,22.20,23.82,21.88,724253,1630924109.00,8.16,-6.64,-1.58,3.05
2026-05-08,22.23,21.65,22.43,21.31,427947,933827381.00,5.05,-2.48,-0.55,1.80
2026-05-11,21.50,21.91,22.31,21.48,450833,997658012.00,3.83,1.20,0.26,1.90
2026-05-12,21.92,21.80,22.53,21.72,370873,820744928.00,3.70,-0.50,-0.11,1.56
2026-05-13,21.66,21.38,22.18,21.13,458500,986895681.00,4.82,-1.93,-0.42,1.93
2026-05-14,21.33,20.95,21.81,20.88,453766,973778505.00,4.35,-2.01,-0.43,1.91
2026-05-15,21.18,20.32,21.63,20.17,420712,872817046.00,6.97,-3.01,-0.63,1.77
2026-05-18,20.23,19.69,20.25,19.39,497698,984348068.00,4.23,-3.10,-0.63,2.10
2026-05-19,19.76,19.58,19.87,19.39,306229,603837120.00,2.44,-0.56,-0.11,1.29
2026-05-20,19.54,19.86,20.34,19.48,381330,764043755.00,4.39,1.43,0.28,1.61
2026-05-21,19.86,19.18,20.18,19.15,304257,601746013.00,5.19,-3.42,-0.68,1.28
2026-05-22,19.31,19.37,19.50,19.13,254213,493940709.00,1.93,0.99,0.19,1.07
2026-05-25,19.48,19.23,19.85,19.06,340981,665670760.00,4.08,-0.72,-0.14,1.44
2026-05-26,19.18,20.17,20.28,18.98,432153,857411170.00,6.76,4.89,0.94,1.82
2026-05-27,19.87,20.04,20.30,19.48,388525,775956551.00,4.07,-0.64,-0.13,1.64
2026-05-28,20.11,19.41,20.83,19.38,368043,731966007.00,7.24,-3.14,-0.63,1.55
2026-05-29,19.36,18.96,19.73,18.81,356422,690833435.00,4.74,-2.32,-0.45,1.50
2026-06-01,18.78,19.75,20.21,18.24,635378,1245808053.00,10.39,4.17,0.79,2.68
2026-06-02,19.88,19.72,20.09,19.42,341925,680146450.00,3.39,-0.15,-0.03,1.44
2026-06-03,19.80,20.31,20.47,19.45,456144,916672987.00,5.17,2.99,0.59,1.92
2026-06-04,20.25,20.37,20.54,19.50,505785,1022669615.00,5.12,0.30,0.06,2.13
2026-06-05,20.40,20.89,21.82,20.27,633822,1349353129.00,7.61,2.55,0.52,2.67
2026-06-08,20.48,19.87,20.93,19.73,400747,812928152.00,5.74,-4.88,-1.02,1.69
2026-06-09,20.07,21.03,21.14,20.07,440168,916842103.00,5.39,5.84,1.16,1.85
2026-06-10,20.71,21.57,22.06,20.59,518672,1122600742.00,6.99,2.57,0.54,2.18
2026-06-11,21.43,20.15,21.65,19.78,534986,1090904286.00,8.67,-6.58,-1.42,2.25
2026-06-12,20.68,22.18,22.18,20.68,550317,1191021042.00,7.44,10.07,2.03,2.32
2026-06-15,22.96,23.35,24.41,22.79,1026620,2429203307.00,7.30,5.28,1.17,4.32
2026-06-16,23.12,22.72,24.18,22.47,766781,1791163268.00,7.32,-2.70,-0.63,3.23
2026-06-17,22.55,21.51,22.78,21.41,761508,1674815063.00,6.03,-5.33,-1.21,3.21
2026-06-18,21.46,20.87,21.73,20.48,522407,1100310948.00,5.81,-2.98,-0.64,2.20
2026-06-22,20.76,22.97,22.97,20.73,562892,1253276786.00,10.73,10.06,2.10,2.37
2026-06-23,23.40,22.85,24.05,22.76,676518,1580580074.00,5.62,-0.52,-0.12,2.85
2026-06-24,22.82,24.13,24.83,22.68,676422,1637574086.00,9.41,5.60,1.28,2.85
2026-06-25,23.88,24.48,24.94,23.19,606355,1477789079.00,7.25,1.45,0.35,2.55
2026-06-26,24.50,23.94,25.30,23.60,540255,1320017757.00,6.94,-2.21,-0.54,2.28
2026-06-29,23.51,23.08,23.77,22.20,546468,1253555585.00,6.56,-3.59,-0.86,2.30
2026-06-30,22.43,21.53,22.68,21.37,631881,1381636508.00,5.68,-6.72,-1.55,2.66
2026-07-01,21.72,23.03,23.36,20.81,690816,1547668637.00,11.84,6.97,1.50,2.91
2026-07-02,22.38,22.78,23.47,22.20,504009,1156962895.00,5.51,-1.09,-0.25,2.12
2026-07-03,22.79,22.72,23.88,21.85,691647,1570264738.00,8.91,-0.26,-0.06,2.91
2026-07-06,22.52,23.57,24.34,22.50,586269,1394015267.00,8.10,3.74,0.85,2.47
2026-07-07,23.38,22.40,24.01,22.26,494173,1147595856.00,7.42,-4.96,-1.17,2.08
2026-07-08,22.47,21.53,22.56,21.28,384480,840996548.00,5.71,-3.88,-0.87,1.62
2026-07-09,21.31,21.02,21.50,20.16,400067,831064970.00,6.22,-2.37,-0.51,1.68
2026-07-10,21.02,20.66,21.13,20.44,369981,768938920.00,3.28,-1.71,-0.36,1.56
2026-07-13,20.40,19.31,20.70,19.08,481506,947234265.00,7.84,-6.53,-1.35,2.03
2026-07-14,19.38,20.56,20.69,19.12,454471,917742532.00,8.13,6.47,1.25,1.91
2026-07-15,20.86,20.72,21.21,20.25,401465,831346170.00,4.67,0.78,0.16,1.69
2026-07-16,20.54,20.33,20.87,20.13,341344,697389008.00,3.57,-1.88,-0.39,1.44
2026-07-17,20.27,20.65,21.09,20.13,456896,943584422.00,4.72,1.57,0.32,1.92
2026-07-20,20.64,20.80,21.53,20.34,494321,1038839400.00,5.76,0.73,0.15,2.08
2026-07-21,20.50,21.17,21.44,20.50,416333,878650072.00,4.52,1.78,0.37,1.75
2026-07-22,21.01,22.64,22.88,20.80,541148,1201380749.00,9.83,6.94,1.47,2.28
2026-07-23,22.60,22.61,22.75,21.76,344481,771258895.00,4.37,-0.13,-0.03,1.45
2026-07-24,22.32,21.13,22.58,21.10,384280,828623289.00,6.55,-6.55,-1.48,1.62
2026-07-27,20.86,21.41,21.72,20.78,278991,594227886.00,4.45,1.33,0.28,1.17
2026-07-28,21.05,21.20,21.36,20.65,236161,496102197.00,3.32,-0.98,-0.21,0.99
2026-07-29,21.20,22.29,22.58,21.10,397557,875046860.00,6.98,5.14,1.09,1.67
2026-07-30,22.24,22.05,22.55,21.72,331692,734508820.00,3.72,-1.08,-0.24,1.40
2026-07-31,21.70,22.40,22.69,21.53,328653,729135055.00,5.26,1.59,0.35,1.38
2026-08-03,22.29,22.42,23.18,21.63,396019,888677132.00,6.92,0.09,0.02,1.67
2026-08-04,22.28,22.17,22.38,21.52,285080,628157410.00,3.84,-1.12,-0.25,1.20
2026-08-05,21.90,22.92,23.17,21.86,330873,751142519.00,5.91,3.38,0.75,1.39