2026-01-05,25155.58,25392.44,25392.57,25124.80,16594033,43583595176.00,1.07,1.27,319.33,2.07
2026-01-06,25447.69,25627.38,25627.38,25424.19,17525972,43950660828.00,0.80,0.93,234.94,2.18
2026-01-07,25629.35,25461.92,25633.78,25371.52,18100543,43768680975.00,1.02,-0.65,-165.46,2.26
2026-01-08,25393.13,25607.40,25620.88,25341.06,15283870,34734001158.00,1.10,0.57,145.48,1.90
2026-01-09,25683.44,25908.16,25908.16,25648.00,18055668,42400393317.00,1.02,1.17,300.76,2.25
2026-01-12,25976.87,26352.05,26352.05,25976.87,24167580,50418364201.00,1.45,1.71,443.89,3.01
2026-01-13,26441.99,26209.54,26545.63,26142.03,25309749,58450261792.00,1.53,-0.54,-142.51,3.15
2026-01-14,26210.51,26342.04,26606.04,26057.83,25572766,56107816745.00,2.09,0.51,132.50,3.19
2026-01-15,26226.06,26173.67,26366.19,26081.85,20701728,39254305801.00,1.08,-0.64,-168.37,2.58
2026-01-16,26285.69,26198.74,26329.35,26046.27,18783311,44531840134.00,1.08,0.10,25.07,2.34
2026-01-19,26169.98,26517.83,26517.83,26145.95,16933594,41301898644.00,1.42,1.22,319.09,2.11
2026-01-20,26545.73,26438.68,26572.22,26317.76,19673294,44840489877.00,0.96,-0.30,-79.15,2.45
2026-01-21,26345.86,26588.84,26610.01,26254.08,18051873,38517008465.00,1.35,0.57,150.16,2.25
2026-01-22,26658.70,26728.83,26730.79,26588.20,17415749,38965794675.00,0.54,0.53,139.99,2.17
2026-01-23,26758.73,26931.57,26931.57,26709.66,21471259,48622383299.00,0.83,0.76,202.74,2.68
2026-01-26,26979.65,26493.25,26990.40,26389.62,20757506,44854446977.00,2.23,-1.63,-438.32,2.59
2026-01-27,26441.83,26358.18,26503.91,25918.15,17879998,35342284971.00,2.21,-0.51,-135.07,2.23
2026-01-28,26317.74,26000.75,26318.81,25976.61,15034329,33157366598.00,1.30,-1.36,-357.43,1.87
2026-01-29,25940.51,25850.23,26223.04,25771.01,16824245,35528489040.00,1.74,-0.58,-150.52,2.10
2026-01-30,25754.21,25759.10,25880.70,25446.44,15860391,33475610757.00,1.68,-0.35,-91.13,1.98
2026-02-02,25689.15,25370.51,25827.10,25368.44,13611307,31480712454.00,1.78,-1.51,-388.59,1.70
2026-02-03,25540.51,25722.48,25722.48,25459.91,12370059,29770889848.00,1.03,1.39,351.97,1.54
2026-02-04,25675.34,25942.81,25943.06,25647.45,13940783,28075476956.00,1.15,0.86,220.33,1.74
2026-02-05,25872.67,25868.06,26062.74,25833.30,12032711,26427510898.00,0.88,-0.29,-74.75,1.50
2026-02-06,25726.87,25867.60,26047.12,25584.90,11229528,24857297768.00,1.79,0.00,-0.46,1.40
2026-02-09,26082.63,26208.32,26214.58,26002.25,11400066,22933090166.00,0.82,1.32,340.72,1.42
2026-02-10,26300.31,26319.42,26367.75,26209.79,11439751,26507157179.00,0.60,0.42,111.10,1.43
2026-02-11,26342.92,26200.35,26365.76,26200.35,14244936,25763504384.00,0.63,-0.45,-119.07,1.77
2026-02-12,26188.70,26005.73,26197.49,25932.47,12038017,22041987494.00,1.01,-0.74,-194.62,1.50
2026-02-13,25971.70,25901.71,26136.59,25883.63,14256115,25924312877.00,0.97,-0.40,-104.02,1.78
2026-02-24,26158.86,26218.58,26292.82,26083.76,15082235,27890662558.00,0.81,1.22,316.87,1.88
2026-02-25,26288.30,26282.92,26395.95,26222.97,14044346,27664384728.00,0.66,0.25,64.34,1.75
2026-02-26,26294.28,26252.37,26297.12,26176.23,14659574,27546688676.00,0.46,-0.12,-30.55,1.83
2026-02-27,26205.17,26296.55,26296.55,26123.37,14937772,27212423096.00,0.66,0.17,44.18,1.86
2026-03-02,25954.68,25691.10,26147.53,25588.11,18251207,34404196117.00,2.13,-2.30,-605.45,2.27
2026-03-03,25742.93,24973.61,25900.13,24962.48,18558668,33685716601.00,3.65,-2.79,-717.49,2.31
2026-03-04,24762.60,24797.54,25041.57,24654.02,13263076,25022922559.00,1.55,-0.71,-176.07,1.65
2026-03-05,25160.65,25271.24,25428.60,25160.65,14046775,21740071708.00,1.08,1.91,473.70,1.75
2026-03-06,25218.67,25611.68,25615.22,25187.05,15337790,22952411058.00,1.69,1.35,340.44,1.91
2026-03-09,25302.73,25276.47,25311.17,24815.00,16303299,26290689134.00,1.94,-1.31,-335.21,2.03
2026-03-10,25434.53,25767.41,25767.41,25434.53,13282224,23094005468.00,1.32,1.94,490.94,1.66
2026-03-11,25784.90,25711.91,25862.17,25646.75,16951931,25318036959.00,0.84,-0.22,-55.50,2.11
2026-03-12,25690.75,25471.45,25703.09,25385.97,14721334,23204956995.00,1.23,-0.94,-240.46,1.83
2026-03-13,25405.99,25532.14,25734.57,25320.83,16955077,26523440380.00,1.62,0.24,60.69,2.11
2026-03-16,25528.23,25588.71,25588.71,25366.33,15825893,24535144939.00,0.87,0.22,56.57,1.97
2026-03-17,25645.03,25201.06,25645.56,25193.05,15854965,23933898928.00,1.77,-1.51,-387.65,1.98
2026-03-18,25268.80,25458.00,25470.29,25131.97,12781404,21137660640.00,1.34,1.02,256.94,1.59
2026-03-19,25214.51,24848.45,25289.00,24760.35,14679055,23517812873.00,2.08,-2.39,-609.55,1.83
2026-03-20,24930.86,24353.17,25039.26,24353.17,15689358,24699881871.00,2.76,-1.99,-495.28,1.95
2026-03-23,24008.71,23066.25,24008.71,22933.22,19750287,32523830614.00,4.42,-5.28,-1286.92,2.46
2026-03-24,23473.23,23783.58,23783.58,23161.25,15048645,24258844386.00,2.70,3.11,717.33,1.88
2026-03-25,23859.05,24216.77,24216.77,23859.05,13990569,22794686099.00,1.50,1.82,433.19,1.74
2026-03-26,24255.96,23998.15,24434.90,23917.29,13946570,23711230351.00,2.14,-0.90,-218.62,1.74
2026-03-27,23763.90,24154.05,24196.65,23713.91,13809438,23516568367.00,2.01,0.65,155.90,1.72
2026-03-30,23938.31,24177.74,24177.74,23777.30,13430094,23346179455.00,1.66,0.10,23.69,1.67
2026-03-31,24254.07,24012.69,24468.16,24009.89,13886155,27578085744.00,1.90,-0.68,-165.05,1.73
2026-04-01,24357.15,24470.76,24484.68,24264.21,14006427,24827625946.00,0.92,1.91,458.07,1.75
2026-04-02,24429.14,24109.38,24429.65,23954.62,13111349,22770042167.00,1.94,-1.48,-361.38,1.63
2026-04-03,24119.12,23535.57,24139.38,23514.40,11200607,18934832855.00,2.59,-2.38,-573.81,1.40
2026-04-07,23559.24,23683.26,23796.31,23485.40,10318345,18480526850.00,1.32,0.63,147.69,1.29
2026-04-08,24069.12,24568.83,24568.83,24069.12,15206053,28223022665.00,2.11,3.74,885.57,1.89
2026-04-09,24416.05,24264.40,24474.05,24207.49,13923662,26297864624.00,1.08,-1.24,-304.43,1.73
2026-04-10,24367.07,24524.75,24666.37,24367.07,13478303,25666925710.00,1.23,1.07,260.35,1.68
2026-04-13,24438.71,24479.10,24508.74,24331.68,12825792,21605348664.00,0.72,-0.19,-45.65,1.60
2026-04-14,24640.18,24673.31,24674.36,24442.63,16182947,25661558533.00,0.95,0.79,194.21,2.02
2026-04-15,24744.73,24700.80,24834.12,24653.57,18420030,30305860175.00,0.73,0.11,27.49,2.30
2026-04-16,24738.73,25031.57,25038.72,24722.04,16508822,28818575172.00,1.28,1.34,330.77,2.06
2026-04-17,24994.20,25087.11,25108.22,24822.94,16772224,28754543088.00,1.14,0.22,55.54,2.09
2026-04-20,25137.38,25307.76,25308.01,25079.68,16412793,31504007644.00,0.91,0.88,220.65,2.05
2026-04-21,25280.51,25289.23,25292.07,25140.52,20027410,32810041080.00,0.60,-0.07,-18.53,2.50
2026-04-22,25219.27,25397.47,25403.45,25173.33,20050790,31464078946.00,0.91,0.43,108.24,2.50
2026-04-23,25401.61,25221.80,25415.76,25152.59,23028932,40517111732.00,1.04,-0.69,-175.67,2.87
2026-04-24,25121.03,25104.91,25210.53,24849.52,16887446,30200295500.00,1.43,-0.46,-116.89,2.10
2026-04-27,25086.53,25356.74,25362.77,24923.03,20855279,37649072074.00,1.75,1.00,251.83,2.60
2026-04-28,25244.80,24996.95,25244.80,24927.81,19761420,37995851797.00,1.25,-1.42,-359.79,2.46
2026-04-29,24861.71,25122.36,25202.46,24821.76,17892517,36341265519.00,1.52,0.50,125.41,2.23
2026-04-30,25053.92,25273.11,25286.74,25035.27,17736934,37202643499.00,1.00,0.60,150.75,2.21
2026-05-06,25335.15,25587.31,25621.87,25335.15,18339500,38890478215.00,1.13,1.24,314.20,2.29
2026-05-07,25627.72,25811.06,25900.60,25599.52,21558043,45527087615.00,1.18,0.87,223.75,2.69
2026-05-08,25747.49,26231.18,26231.18,25670.58,20928068,45646984653.00,2.17,1.63,420.12,2.61
2026-05-11,26312.73,26495.20,26501.60,26248.35,21383780,45475235028.00,0.97,1.01,264.02,2.66
2026-05-12,26538.03,26191.92,26538.03,26116.62,19093989,37290715766.00,1.59,-1.14,-303.28,2.38
2026-05-13,26139.33,26355.09,26402.81,26094.46,18125333,35271687821.00,1.18,0.62,163.17,2.26
2026-05-14,26493.79,25960.74,26497.60,25960.74,18096568,38331929184.00,2.04,-1.50,-394.35,2.25
2026-05-15,25979.20,26057.43,26325.45,25899.87,20696401,47149140427.00,1.64,0.37,96.69,2.58
2026-05-18,26052.00,26093.33,26135.24,25883.00,17971812,41905250924.00,0.97,0.14,35.90,2.24
2026-05-19,26120.96,26473.54,26482.34,26116.11,15710085,35721020789.00,1.40,1.46,380.21,1.96
2026-05-20,26356.10,26350.65,26365.66,26105.49,16109571,35061238525.00,0.98,-0.46,-122.89,2.01
2026-05-21,26406.41,25878.81,26621.52,25849.74,21652596,50387477511.00,2.93,-1.79,-471.84,2.70
2026-05-22,25943.81,26121.47,26211.77,25750.18,17158037,40477258043.00,1.78,0.94,242.66,2.14
2026-05-25,26143.15,25956.11,26151.76,25714.19,17134845,37912084368.00,1.68,-0.63,-165.36,2.14
2026-05-26,25875.52,25641.63,25875.52,25334.97,17826842,40297153625.00,2.08,-1.21,-314.48,2.22
2026-05-27,25562.42,25083.36,25591.69,24960.87,17006901,36375298490.00,2.46,-2.18,-558.27,2.12
2026-05-28,25023.81,25041.21,25167.23,24629.10,15341629,32850666799.00,2.15,-0.17,-42.15,1.91
2026-05-29,25056.85,24486.58,25089.11,24376.77,16991623,36082790747.00,2.84,-2.21,-554.63,2.12
2026-06-01,24447.47,24708.79,24888.75,24398.11,14267113,29769578847.00,2.00,0.91,222.21,1.78
2026-06-02,24741.43,24536.41,24775.69,24209.80,13175629,25892705971.00,2.29,-0.70,-172.38,1.64
2026-06-03,24513.20,24415.96,24645.24,24264.50,14290552,27301559075.00,1.55,-0.49,-120.45,1.78
2026-06-04,24336.77,24158.06,24516.23,24010.19,14132810,28369319345.00,2.07,-1.06,-257.90,1.76
2026-06-05,24138.65,24397.53,24672.48,23874.28,15769589,33220342815.00,3.30,0.99,239.47,1.96
2026-06-08,23867.28,23778.84,24332.73,23529.97,14968124,31055061966.00,3.29,-2.54,-618.69,1.87
2026-06-09,23937.60,23927.24,23964.52,23702.47,12599420,25682120904.00,1.10,0.62,148.40,1.57
2026-06-10,23799.90,23570.45,23835.87,23355.19,13711107,26251153459.00,2.01,-1.49,-356.79,1.71
2026-06-11,23437.95,23482.07,23625.90,23242.02,13723225,28345365999.00,1.63,-0.37,-88.38,1.71
2026-06-12,23683.23,23644.39,23846.43,23445.32,15244203,33235623647.00,1.71,0.69,162.32,1.90
2026-06-15,23686.58,23950.40,23950.40,23686.58,14459505,29884131315.00,1.12,1.29,306.01,1.80
2026-06-16,23939.06,24092.20,24170.82,23777.96,14943654,30291382025.00,1.64,0.59,141.80,1.86
2026-06-17,23994.82,23924.36,24018.91,23846.76,13518546,26447593600.00,0.71,-0.70,-167.84,1.68
2026-06-18,23848.23,23701.01,23925.93,23591.72,14117899,29615494116.00,1.40,-0.93,-223.35,1.76
2026-06-22,23669.07,23670.41,23671.86,23040.73,16069265,30187962079.00,2.66,-0.13,-30.60,2.00
2026-06-23,23608.53,23717.74,24035.10,23590.40,15996927,27912716848.00,1.88,0.20,47.33,1.99
2026-06-24,23646.33,23299.09,23648.65,23098.44,14201947,24533808544.00,2.32,-1.77,-418.65,1.77
2026-06-25,23267.25,22872.25,23267.25,22783.83,15420000,28766836184.00,2.07,-1.83,-426.84,1.92
2026-06-26,22758.08,22289.91,22758.08,22288.47,16060859,28806838599.00,2.05,-2.55,-582.34,2.00
2026-06-29,22345.89,22516.07,22570.00,21956.89,18744765,34334296596.00,2.75,1.01,226.16,2.34
2026-06-30,22477.06,22882.62,22888.31,22468.93,16708323,33307272637.00,1.86,1.63,366.55,2.08
2026-07-01,22929.60,23293.57,23366.76,22859.58,18645638,34126581549.00,2.22,1.80,410.95,2.32
2026-07-02,23184.75,23250.79,23599.48,23154.40,18817783,36332801029.00,1.91,-0.18,-42.78,2.34
2026-07-03,23334.60,23802.81,23910.29,23322.41,19186299,43282179661.00,2.53,2.37,552.02,2.39
2026-07-06,23825.00,23549.88,23973.80,23476.16,18460634,38138667314.00,2.09,-1.06,-252.93,2.30
2026-07-07,23490.13,22836.19,23490.13,22776.46,14729794,27710642029.00,3.03,-3.03,-713.69,1.84
2026-07-08,22826.57,22501.46,22832.27,22457.15,12770648,24215190860.00,1.64,-1.47,-334.73,1.59
2026-07-09,22483.45,22587.57,22604.49,22065.05,12922154,22558084272.00,2.40,0.38,86.11,1.61
2026-07-10,22576.05,22906.72,23229.96,22431.32,15562329,29719908819.00,3.54,1.41,319.15,1.94
2026-07-13,22807.80,22032.68,22807.80,21996.83,16176770,27836936847.00,3.54,-3.82,-874.04,2.02
2026-07-14,22021.99,22262.63,22262.63,21777.35,14287720,25126120736.00,2.20,1.04,229.95,1.78
2026-07-15,22214.86,22377.79,22484.60,22067.98,13384415,22907259174.00,1.87,0.52,115.16,1.67
2026-07-16,22261.92,22333.62,22619.53,22164.57,12879297,22596351538.00,2.03,-0.20,-44.17,1.60
2026-07-17,22318.40,21459.15,22434.27,21313.83,14921393,26917933547.00,5.02,-3.92,-874.47,1.86
2026-07-20,21515.23,20916.72,21712.82,20639.66,15411860,28864215419.00,5.00,-2.53,-542.43,1.92
2026-07-21,20860.94,21034.43,21035.80,20111.83,15720041,28804254074.00,4.42,0.56,117.71,1.96
2026-07-22,20900.43,20692.24,21044.92,20602.06,12051167,20817155783.00,2.11,-1.63,-342.19,1.50
2026-07-23,20595.46,21045.81,21052.25,20595.46,10294985,16973528522.00,2.21,1.71,353.57,1.28
2026-07-24,20879.06,20636.54,20901.70,20549.72,10330468,17725254303.00,1.67,-1.94,-409.27,1.29
2026-07-27,20595.24,21260.74,21260.74,20571.97,10090678,17284734797.00,3.34,3.02,624.20,1.26
2026-07-28,21133.67,21318.13,21550.67,21129.64,10097352,18628639143.00,1.98,0.27,57.39,1.26
2026-07-29,21298.38,21607.63,21683.25,21281.43,12550096,24324270852.00,1.88,1.36,289.50,1.56