2026-01-05,30.13,30.72,30.88,30.03,42348,129450664.00,2.82,1.96,0.59,0.95
2026-01-06,30.55,30.82,31.31,30.55,37846,117174639.00,2.47,0.33,0.10,0.85
2026-01-07,31.04,31.43,31.72,30.70,43434,135873839.00,3.31,1.98,0.61,0.98
2026-01-08,31.37,31.13,31.59,30.97,38902,121474244.00,1.97,-0.95,-0.30,0.87
2026-01-09,31.00,31.26,31.41,30.90,37028,115535361.00,1.64,0.42,0.13,0.83
2026-01-12,31.69,31.76,31.81,30.90,50917,160116570.00,2.91,1.60,0.50,1.14
2026-01-13,31.52,31.24,32.90,31.09,58776,187246250.00,5.70,-1.64,-0.52,1.32
2026-01-14,31.45,32.16,32.78,31.35,73511,236693912.00,4.58,2.94,0.92,1.65
2026-01-15,31.75,32.05,32.30,31.43,43449,138455157.00,2.71,-0.34,-0.11,0.98
2026-01-16,32.88,33.47,33.82,32.50,76075,252798402.00,4.12,4.43,1.42,1.71
2026-01-19,33.46,32.61,33.46,32.50,53177,174765831.00,2.87,-2.57,-0.86,1.19
2026-01-20,33.11,32.33,33.11,32.06,35340,114980886.00,3.22,-0.86,-0.28,0.79
2026-01-21,32.01,33.06,33.18,31.98,43888,144695860.00,3.71,2.26,0.73,0.99
2026-01-22,33.01,33.04,33.70,32.83,37235,123604908.00,2.63,-0.06,-0.02,0.84
2026-01-23,32.95,33.68,33.93,32.83,48877,163470626.00,3.33,1.94,0.64,1.10
2026-01-26,33.76,32.61,34.14,32.31,45916,150850440.00,5.43,-3.18,-1.07,1.03
2026-01-27,32.59,33.69,33.82,31.83,49760,164237232.00,6.10,3.31,1.08,1.12
2026-01-28,33.46,32.94,33.63,32.83,34879,115725144.00,2.37,-2.23,-0.75,0.78
2026-01-29,32.85,32.18,33.50,32.15,42597,139755284.00,4.10,-2.31,-0.76,0.96
2026-01-30,31.95,32.74,32.93,31.46,38644,125066372.00,4.57,1.74,0.56,0.87
2026-02-02,31.95,30.98,32.24,30.87,55540,175249433.00,4.18,-5.38,-1.76,1.25
2026-02-03,31.27,32.51,32.61,31.15,47717,153274274.00,4.71,4.94,1.53,1.07
2026-02-04,32.30,31.90,32.73,31.55,27567,88047841.00,3.63,-1.88,-0.61,0.62
2026-02-05,31.74,31.37,32.05,31.33,33053,104479127.00,2.26,-1.66,-0.53,0.74
2026-02-06,30.87,31.76,32.02,30.87,33889,107221430.00,3.67,1.24,0.39,0.76
2026-02-09,31.87,32.36,32.40,31.65,27512,88367314.00,2.36,1.89,0.60,0.62
2026-02-10,32.44,32.75,33.66,32.17,35202,116694173.00,4.60,1.21,0.39,0.79
2026-02-11,32.49,32.61,33.21,32.46,21348,70120074.00,2.29,-0.43,-0.14,0.48
2026-02-12,32.91,33.10,33.20,32.49,21529,71037114.00,2.18,1.50,0.49,0.48
2026-02-13,32.80,35.01,35.88,32.80,94906,331339287.00,9.31,5.77,1.91,2.14
2026-02-24,35.27,34.34,35.36,33.70,64137,220629462.00,4.74,-1.91,-0.67,1.44
2026-02-25,34.00,34.05,34.38,33.60,41860,142102257.00,2.27,-0.84,-0.29,0.94
2026-02-26,33.96,35.29,35.90,33.61,65001,226962666.00,6.73,3.64,1.24,1.46
2026-02-27,34.96,34.63,35.13,34.31,36527,126633100.00,2.32,-1.87,-0.66,0.82
2026-03-02,33.85,33.20,34.43,32.95,56475,188681375.00,4.27,-4.13,-1.43,1.27
2026-03-03,33.36,30.84,33.65,30.78,58305,186156266.00,8.64,-7.11,-2.36,1.31
2026-03-04,30.70,30.06,31.39,29.95,40732,124071884.00,4.67,-2.53,-0.78,0.92
2026-03-05,30.60,34.50,34.94,30.60,127721,426008599.00,14.44,14.77,4.44,2.87
2026-03-06,33.84,32.81,34.54,32.32,94559,315163550.00,6.43,-4.90,-1.69,2.13
2026-03-09,26.25,31.42,31.91,26.25,78191,240154327.00,17.25,-4.24,-1.39,1.76
2026-03-10,32.06,32.26,32.38,31.75,49794,160169807.00,2.01,2.67,0.84,1.12
2026-03-11,32.39,35.76,38.45,32.19,167619,599661343.00,19.40,10.85,3.50,3.77
2026-03-12,36.15,34.53,36.16,34.19,91549,321109246.00,5.51,-3.44,-1.23,2.06
2026-03-13,34.67,33.10,34.95,33.05,60933,206069672.00,5.50,-4.14,-1.43,1.37
2026-03-16,33.06,33.49,34.14,32.10,51992,172238855.00,6.16,1.18,0.39,1.17
2026-03-17,33.68,31.78,33.75,31.76,49139,160105641.00,5.94,-5.11,-1.71,1.11
2026-03-18,32.42,32.72,32.75,31.65,40812,132090868.00,3.46,2.96,0.94,0.92
2026-03-19,32.20,31.34,32.52,30.95,44238,140020639.00,4.80,-4.22,-1.38,1.00
2026-03-20,31.50,30.38,32.03,30.28,41345,128983307.00,5.58,-3.06,-0.96,0.93
2026-03-23,30.26,28.14,30.26,27.78,60828,176049552.00,8.16,-7.37,-2.24,1.37
2026-03-24,29.34,29.95,30.22,28.13,50337,146714803.00,7.43,6.43,1.81,1.13
2026-03-25,29.95,30.79,31.44,29.95,39413,121480063.00,4.97,2.80,0.84,0.89
2026-03-26,30.63,30.11,31.39,29.88,32195,98286186.00,4.90,-2.21,-0.68,0.72
2026-03-27,29.47,30.25,30.45,29.45,22683,68220175.00,3.32,0.46,0.14,0.51
2026-03-30,30.24,30.55,31.12,29.22,29517,89052785.00,6.28,0.99,0.30,0.66
2026-03-31,30.46,30.24,31.64,30.16,32357,100060641.00,4.84,-1.01,-0.31,0.73
2026-04-01,30.95,31.66,32.12,30.66,36793,115567543.00,4.83,4.70,1.42,0.83
2026-04-02,31.32,32.62,34.12,31.25,79428,262911677.00,9.07,3.03,0.96,1.79
2026-04-03,32.94,34.92,35.42,32.54,87291,298212240.00,8.83,7.05,2.30,1.96
2026-04-07,35.05,37.30,38.15,34.78,94343,348889591.00,9.65,6.82,2.38,2.12
2026-04-08,37.66,38.91,39.67,36.50,134382,511532536.00,8.50,4.32,1.61,3.02
2026-04-09,38.71,41.85,42.36,38.30,142101,575120704.00,10.43,7.56,2.94,3.20
2026-04-10,42.27,39.75,42.35,39.24,107352,431661159.00,7.43,-5.02,-2.10,2.42
2026-04-13,40.55,40.85,42.33,39.95,87845,362433748.00,5.99,2.77,1.10,1.98
2026-04-14,41.27,42.36,43.23,40.94,105462,443995318.00,5.61,3.70,1.51,2.37
2026-04-15,42.39,41.57,42.88,41.35,65654,276502524.00,3.61,-1.86,-0.79,1.48
2026-04-16,41.25,40.79,41.83,40.24,80701,330501060.00,3.82,-1.88,-0.78,1.82
2026-04-17,40.81,44.45,45.74,40.48,137483,599420745.00,12.90,8.97,3.66,3.09
2026-04-20,44.43,43.80,45.25,43.20,98144,430872684.00,4.61,-1.46,-0.65,2.21
2026-04-21,43.50,44.09,45.06,42.63,79346,348379973.00,5.55,0.66,0.29,1.79
2026-04-22,43.79,47.47,49.07,43.51,131518,610535026.00,12.61,7.67,3.38,2.96
2026-04-23,47.47,46.02,48.45,44.55,125890,575950467.00,8.22,-3.05,-1.45,2.83
2026-04-24,50.65,50.50,54.18,49.26,268480,1394291856.00,10.69,9.73,4.48,6.04
2026-04-27,52.20,60.61,60.61,51.93,264377,1477604306.00,17.19,20.02,10.11,5.95
2026-04-28,59.75,58.81,61.15,55.75,267456,1557345290.00,8.91,-2.97,-1.80,6.02
2026-04-29,57.64,54.95,59.43,54.75,194958,1103218609.00,7.96,-6.56,-3.86,4.39
2026-04-30,55.75,52.86,55.94,52.23,232891,1251410994.00,6.75,-3.80,-2.09,5.09
2026-05-06,53.04,52.48,54.72,51.70,143966,757074510.00,5.71,-0.72,-0.38,3.15
2026-05-07,51.53,56.81,57.95,50.66,236613,1289775262.00,13.89,8.25,4.33,5.18
2026-05-08,57.38,63.85,64.28,56.90,247863,1521121792.00,12.99,12.39,7.04,5.42
2026-05-11,62.95,61.60,63.25,60.98,185309,1150872732.00,3.56,-3.52,-2.25,4.05
2026-05-12,61.64,62.63,63.48,60.41,173277,1071495885.00,4.98,1.67,1.03,3.79
2026-05-13,60.95,62.36,62.59,58.90,215141,1305554254.00,5.89,-0.43,-0.27,4.58
2026-05-14,59.96,59.75,62.45,58.95,172191,1040603213.00,5.61,-4.19,-2.61,3.67
2026-05-15,59.45,57.94,59.85,56.75,143244,834079885.00,5.19,-3.03,-1.81,3.05
2026-05-18,56.79,57.16,59.80,56.50,106509,618577447.00,5.70,-1.35,-0.78,2.26
2026-05-19,56.78,57.10,57.64,54.90,112313,631549814.00,4.79,-0.10,-0.06,2.38
2026-05-20,56.53,61.26,63.48,56.53,182652,1121160682.00,12.17,7.29,4.16,3.87
2026-05-21,63.45,66.72,71.93,63.45,230531,1580430866.00,13.84,8.91,5.46,4.89
2026-05-22,67.39,68.74,70.05,65.15,155807,1063560860.00,7.34,3.03,2.02,3.30
2026-05-25,75.05,82.50,82.50,75.05,160071,1302085141.00,10.84,20.02,13.76,3.39
2026-05-26,83.21,80.63,85.40,79.75,243159,1997546899.00,6.85,-2.27,-1.87,5.16
2026-05-27,79.10,77.29,82.16,76.59,159017,1253399059.00,6.91,-4.14,-3.34,3.37
2026-05-28,76.50,75.14,76.94,71.53,166986,1235413168.00,7.00,-2.78,-2.15,3.54
2026-05-29,75.88,71.40,77.75,70.66,127423,937398759.00,9.44,-4.98,-3.74,2.70
2026-06-01,71.45,69.65,73.94,67.21,133666,939523268.00,9.43,-2.45,-1.75,2.83
2026-06-02,69.52,70.81,72.18,65.72,148626,1028998280.00,9.27,1.67,1.16,3.15
2026-06-03,70.50,70.40,73.45,68.95,123026,879997250.00,6.36,-0.58,-0.41,2.61
2026-06-04,69.63,75.14,75.43,68.43,131414,957099940.00,9.94,6.73,4.74,2.79
2026-06-05,73.64,69.35,73.83,68.92,133083,945887248.00,6.53,-7.71,-5.79,2.82
2026-06-08,62.45,63.53,66.44,62.05,131363,843391930.00,6.33,-8.39,-5.82,2.79
2026-06-09,64.30,64.64,65.69,62.23,119378,762102857.00,5.45,1.75,1.11,2.53
2026-06-10,62.46,62.09,64.15,60.88,77416,481554032.00,5.06,-3.94,-2.55,1.64
2026-06-11,61.25,59.95,62.19,58.94,112341,677958616.00,5.23,-3.45,-2.14,2.38
2026-06-12,62.95,58.69,62.95,58.25,86344,518480684.00,7.84,-2.10,-1.26,1.83
2026-06-15,59.54,61.90,62.92,59.09,102420,626538075.00,6.53,5.47,3.21,2.17
2026-06-16,62.16,70.59,71.10,61.38,170326,1147350670.00,15.70,14.04,8.69,3.61
2026-06-17,67.97,73.64,75.45,67.97,160273,1153124739.00,10.60,4.32,3.05,3.40
2026-06-18,72.45,81.04,82.07,72.01,187303,1454825934.00,13.66,10.05,7.40,3.97
2026-06-22,80.95,79.45,83.17,76.02,170013,1341060568.00,8.82,-1.96,-1.59,3.61
2026-06-23,79.06,81.93,84.93,75.95,163602,1348515056.00,11.30,3.12,2.48,3.47
2026-06-24,81.95,89.94,93.28,79.13,160119,1363051993.00,17.27,9.78,8.01,3.40
2026-06-25,86.95,92.49,92.95,86.25,133013,1200413109.00,7.45,2.84,2.55,2.82
2026-06-26,91.39,87.61,94.02,86.95,101033,915053038.00,7.64,-5.28,-4.88,2.14
2026-06-29,91.16,81.95,91.20,80.45,129070,1088570281.00,12.27,-6.46,-5.66,2.74
2026-06-30,82.48,85.65,87.53,80.95,83473,707162432.00,8.03,4.51,3.70,1.77
2026-07-01,86.37,79.15,86.37,78.72,121387,988077983.00,8.93,-7.59,-6.50,2.57
2026-07-02,77.95,73.25,79.10,72.98,104150,795008957.00,7.73,-7.45,-5.90,2.21
2026-07-03,73.25,72.53,77.85,71.28,89137,658445063.00,8.97,-0.98,-0.72,1.89
2026-07-06,73.35,67.95,74.39,67.23,100328,699162594.00,9.87,-6.31,-4.58,2.13
2026-07-07,68.75,66.62,68.75,65.06,69842,466665091.00,5.43,-1.96,-1.33,1.48
2026-07-08,68.15,65.11,69.18,63.45,67420,446668075.00,8.60,-2.27,-1.51,1.43
2026-07-09,66.36,68.11,68.41,63.06,78231,517839589.00,8.22,4.61,3.00,1.66
2026-07-10,69.47,64.38,70.19,64.13,89070,600309898.00,8.90,-5.48,-3.73,1.89
2026-07-13,62.66,58.90,64.16,58.40,97541,591448845.00,8.95,-8.51,-5.48,2.07
2026-07-14,59.39,62.06,63.50,58.40,93924,572191215.00,8.66,5.37,3.16,1.99
2026-07-15,62.74,62.99,64.96,61.78,83729,530162673.00,5.12,1.50,0.93,1.78
2026-07-16,62.50,60.82,64.74,60.00,106332,659404323.00,7.53,-3.44,-2.17,2.25
2026-07-17,60.66,54.36,61.49,53.19,122097,687371187.00,13.65,-10.62,-6.46,2.59
2026-07-20,55.76,47.80,56.96,45.89,142347,703159881.00,20.36,-12.07,-6.56,3.02
2026-07-21,48.55,57.36,57.36,44.49,190925,982788644.00,26.92,20.00,9.56,4.05
2026-07-22,54.81,52.81,58.84,52.24,137465,759601607.00,11.51,-7.93,-4.55,2.92
2026-07-23,53.33,50.32,55.28,49.50,95979,496518896.00,10.94,-4.72,-2.49,2.04
2026-07-24,49.55,49.77,51.78,48.88,90038,450882274.00,5.76,-1.09,-0.55,1.91
2026-07-27,49.77,51.50,52.00,47.51,69813,351700034.00,9.02,3.48,1.73,1.48
2026-07-28,50.00,47.00,51.76,46.23,74995,366236491.00,10.74,-8.74,-4.50,1.59
2026-07-29,47.84,46.16,47.86,42.81,107005,482548554.00,10.74,-1.79,-0.84,2.27
2026-07-30,46.52,42.00,46.66,41.24,107012,459892905.00,11.74,-9.01,-4.16,2.27
2026-07-31,46.00,43.18,47.64,43.10,98712,449807451.00,10.81,2.81,1.18,2.09
2026-08-03,42.00,42.00,44.18,40.66,103572,435428075.00,8.15,-2.73,-1.18,2.20
2026-08-04,42.22,45.29,45.75,41.70,77038,341462231.00,9.64,7.83,3.29,1.63
2026-08-05,43.82,47.59,48.54,43.82,74807,348885142.00,10.42,5.08,2.30,1.59