2026-01-05,41.48,42.65,43.24,41.11,13008,55483267.00,5.14,2.82,1.17,7.64
2026-01-06,42.93,42.67,43.27,42.26,12049,51758950.00,2.37,0.05,0.02,7.07
2026-01-07,42.76,43.70,45.79,42.43,37948,168245687.00,7.87,2.41,1.03,22.28
2026-01-08,43.75,44.62,45.34,42.86,28598,128156874.00,5.68,2.11,0.92,16.79
2026-01-09,44.86,44.98,45.28,43.66,21946,98217231.00,3.63,0.81,0.36,12.89
2026-01-12,45.45,44.63,45.71,44.08,17915,80237069.00,3.62,-0.78,-0.35,10.52
2026-01-13,44.78,45.51,47.84,44.31,31489,145598592.00,7.91,1.97,0.88,18.49
2026-01-14,45.26,45.44,46.33,44.62,23480,107554520.00,3.76,-0.15,-0.07,13.79
2026-01-15,45.20,44.61,45.35,44.33,14963,67204610.00,2.24,-1.83,-0.83,8.79
2026-01-16,44.60,44.45,44.97,44.37,10905,48869720.00,1.34,-0.36,-0.16,6.40
2026-01-19,44.26,45.00,45.18,44.02,10354,46618205.00,2.61,1.24,0.55,6.08
2026-01-20,45.00,44.79,45.43,44.41,9682,43623744.00,2.27,-0.47,-0.21,5.68
2026-01-21,44.70,46.21,46.74,44.26,16776,77072876.00,5.54,3.17,1.42,9.85
2026-01-22,45.96,46.06,46.99,45.72,11823,54821645.00,2.75,-0.32,-0.15,6.94
2026-01-23,46.16,45.57,46.16,45.08,10360,47286945.00,2.34,-1.06,-0.49,6.08
2026-01-26,45.17,44.58,45.26,43.96,15631,69900059.00,2.85,-2.17,-0.99,9.18
2026-01-27,44.46,44.44,44.94,43.12,10445,46192074.00,4.08,-0.31,-0.14,6.13
2026-01-28,44.23,44.19,45.56,43.56,13451,60233220.00,4.50,-0.56,-0.25,7.90
2026-01-29,44.79,44.25,45.64,43.94,12700,57326681.00,3.85,0.14,0.06,7.46
2026-01-30,44.25,45.15,45.21,43.61,9923,44606768.00,3.62,2.03,0.90,5.83
2026-02-02,45.03,44.41,45.60,44.38,10318,46649806.00,2.70,-1.64,-0.74,6.06
2026-02-03,44.51,45.38,45.38,44.51,8112,36763580.00,1.96,2.18,0.97,4.76
2026-02-04,45.34,45.40,46.06,44.98,7626,34804975.00,2.38,0.04,0.02,4.48
2026-02-05,45.26,45.57,46.22,45.02,9927,45679802.00,2.64,0.37,0.17,5.83
2026-02-06,45.59,45.76,46.42,44.83,8495,39184948.00,3.49,0.42,0.19,4.99
2026-02-09,46.16,46.21,46.21,45.26,7696,35478896.00,2.08,0.98,0.45,4.52
2026-02-10,46.21,46.05,46.63,45.92,6231,28895770.00,1.54,-0.35,-0.16,3.66
2026-02-11,46.05,45.71,46.24,45.69,7635,35256408.00,1.19,-0.74,-0.34,4.48
2026-02-12,45.95,45.29,45.95,45.09,7340,33620762.00,1.88,-0.92,-0.42,4.31
2026-02-13,45.71,45.28,46.00,45.24,6673,30624352.00,1.68,-0.02,-0.01,3.92
2026-02-24,45.46,46.29,46.29,45.36,9133,42192504.00,2.05,2.23,1.01,5.36
2026-02-25,46.55,45.85,46.55,45.85,6919,32044959.00,1.51,-0.95,-0.44,4.06
2026-02-26,46.02,45.80,46.28,45.61,7672,35386792.00,1.46,-0.11,-0.05,4.50
2026-02-27,45.91,44.82,45.93,44.49,8280,37630621.00,3.14,-2.14,-0.98,4.86
2026-03-02,44.76,44.20,46.51,43.77,17402,78334248.00,6.11,-1.38,-0.62,10.22
2026-03-03,44.20,42.64,44.57,42.64,10172,44583084.00,4.37,-3.53,-1.56,5.97
2026-03-04,42.64,42.09,42.75,41.76,9908,42008483.00,2.32,-1.29,-0.55,5.82
2026-03-05,42.73,42.44,43.15,42.12,6208,26695460.00,2.45,0.83,0.35,3.65
2026-03-06,42.58,43.54,43.84,42.12,7008,30552480.00,4.05,2.59,1.10,4.11
2026-03-09,43.32,42.79,43.54,41.77,9945,42712691.00,4.07,-1.72,-0.75,5.84
2026-03-10,42.97,44.52,44.56,42.97,8495,37641350.00,3.72,4.04,1.73,4.99
2026-03-11,45.00,43.87,45.04,43.76,5979,26552675.00,2.88,-1.46,-0.65,3.51
2026-03-12,43.86,42.83,44.06,42.64,6660,28908781.00,3.24,-2.37,-1.04,3.91
2026-03-13,42.69,42.68,43.71,42.68,6943,30100078.00,2.40,-0.35,-0.15,4.08
2026-03-16,42.68,43.53,44.71,42.15,10439,45713329.00,6.00,1.99,0.85,6.13
2026-03-17,43.54,42.20,43.90,42.19,7232,31258871.00,3.93,-3.06,-1.33,4.25
2026-03-18,42.40,43.25,43.42,42.17,7220,31127482.00,2.96,2.49,1.05,4.24
2026-03-19,42.78,41.77,43.02,41.47,7407,31432996.00,3.58,-3.42,-1.48,4.35
2026-03-20,41.77,40.92,42.73,40.88,7384,30848888.00,4.43,-2.03,-0.85,4.34
2026-03-23,39.85,37.82,39.97,37.37,18760,72865989.00,6.35,-7.58,-3.10,11.01
2026-03-24,38.72,40.16,40.31,38.06,17069,67341302.00,5.95,6.19,2.34,10.02
2026-03-25,40.16,41.44,41.58,40.16,10134,42011937.00,3.54,3.19,1.28,5.95
2026-03-26,41.26,40.23,42.06,39.95,10474,43026117.00,5.09,-2.92,-1.21,6.15
2026-03-27,40.16,40.87,41.05,39.79,7194,29447813.00,3.13,1.59,0.64,4.22
2026-03-30,40.71,41.49,41.54,40.66,7436,30813573.00,2.15,1.52,0.62,4.37
2026-03-31,41.46,41.46,42.64,41.43,8417,35547965.00,2.92,-0.07,-0.03,4.94
2026-04-01,42.81,41.49,42.86,41.14,9195,38576012.00,4.15,0.07,0.03,5.40
2026-04-02,41.49,41.01,42.26,40.77,10481,43824699.00,3.59,-1.16,-0.48,6.15
2026-04-03,41.14,39.44,41.26,39.38,7169,28851194.00,4.58,-3.83,-1.57,4.21
2026-04-07,39.74,42.25,42.72,39.54,20503,85472020.00,8.06,7.12,2.81,12.04
2026-04-08,41.88,42.09,42.43,41.47,24807,104570044.00,2.27,-0.38,-0.16,14.57
2026-04-09,41.67,41.79,42.56,41.51,15445,65260435.00,2.49,-0.71,-0.30,9.07
2026-04-10,41.80,41.80,42.19,41.46,12669,53332687.00,1.75,0.02,0.01,7.44
2026-04-13,41.80,41.88,42.04,41.51,10534,44241583.00,1.27,0.19,0.08,6.19
2026-04-14,42.16,41.98,42.28,41.54,8115,34179562.00,1.77,0.24,0.10,4.76
2026-04-15,42.05,42.20,42.74,41.84,10022,42665110.00,2.14,0.52,0.22,5.88
2026-04-16,42.55,43.06,43.19,42.13,10522,45040979.00,2.51,2.04,0.86,6.18
2026-04-17,42.87,42.71,43.12,42.49,6864,29519677.00,1.46,-0.81,-0.35,4.03
2026-04-20,42.85,42.97,43.00,42.51,7191,30937401.00,1.15,0.61,0.26,4.22
2026-04-21,42.97,43.34,43.73,42.89,11098,48301745.00,1.95,0.86,0.37,6.52
2026-04-22,41.57,41.25,42.36,39.68,23630,96669706.00,6.18,-4.82,-2.09,13.87
2026-04-23,41.01,40.25,41.01,39.98,10325,41939878.00,2.50,-2.42,-1.00,6.06
2026-04-24,40.39,40.48,40.64,39.81,8920,36089482.00,2.06,0.57,0.23,5.24
2026-04-27,40.47,41.44,41.66,40.07,8702,35835948.00,3.93,2.37,0.96,5.11
2026-04-28,41.44,41.71,42.31,41.17,9616,40545248.00,2.75,0.65,0.27,5.65
2026-04-29,41.73,43.35,43.61,41.49,12130,52506912.00,5.08,3.93,1.64,7.12
2026-04-30,43.71,44.24,45.31,42.75,15847,70792215.00,5.91,2.05,0.89,9.30
2026-05-06,44.27,44.38,44.93,43.26,15774,70018752.00,3.77,0.32,0.14,9.26
2026-05-07,44.38,44.96,45.37,44.38,12673,57381193.00,2.23,1.31,0.58,7.44
2026-05-08,45.05,45.40,45.69,44.82,8098,36824080.00,1.94,0.98,0.44,4.75
2026-05-11,45.76,45.41,45.76,44.96,8637,39359846.00,1.76,0.02,0.01,5.07
2026-05-12,45.30,44.47,45.75,44.16,6959,31420664.00,3.50,-2.07,-0.94,4.09
2026-05-13,44.66,43.98,44.83,43.56,7833,34808983.00,2.86,-1.10,-0.49,4.60
2026-05-14,44.25,43.66,44.34,43.49,5077,22376225.00,1.93,-0.73,-0.32,2.98
2026-05-15,43.56,43.93,44.55,43.36,7366,32590000.00,2.73,0.62,0.27,4.32
2026-05-18,43.71,42.98,43.71,42.19,8427,36190093.00,3.46,-2.16,-0.95,4.95
2026-05-19,43.06,43.17,44.47,42.40,7256,31429484.00,4.82,0.44,0.19,4.26
2026-05-20,43.11,42.63,43.11,41.78,4963,21253679.00,3.08,-1.25,-0.54,2.91
2026-05-21,42.64,41.08,43.68,40.87,8187,34771987.00,6.59,-3.64,-1.55,4.81
2026-05-22,41.23,41.74,41.96,40.51,7237,30047733.00,3.53,1.61,0.66,4.25
2026-05-25,41.76,40.23,42.00,39.81,9375,38102563.00,5.25,-3.62,-1.51,5.50
2026-05-26,41.16,38.99,41.16,38.51,11304,44630819.00,6.59,-3.08,-1.24,6.64
2026-05-27,38.99,37.82,39.53,37.34,11410,43592642.00,5.62,-3.00,-1.17,6.70
2026-05-28,37.75,37.26,38.58,35.99,14229,53167343.00,6.85,-1.48,-0.56,8.35
2026-05-29,37.26,36.65,38.01,36.25,11562,42933469.00,4.72,-1.64,-0.61,6.79
2026-06-01,36.15,37.36,37.79,36.15,9414,35253804.00,4.47,1.94,0.71,5.53
2026-06-02,37.58,36.35,37.58,35.55,9796,35971143.00,5.43,-2.70,-1.01,5.75
2026-06-03,36.35,35.73,36.42,35.47,6912,24915024.00,2.61,-1.71,-0.62,4.06
2026-06-04,35.51,35.02,35.88,34.07,6469,22872764.00,5.07,-1.99,-0.71,3.80
2026-06-05,34.87,36.37,37.26,34.64,12741,46151434.00,7.48,3.85,1.35,7.48
2026-06-08,35.76,35.30,36.46,34.77,7420,26629470.00,4.65,-2.94,-1.07,4.36
2026-06-09,35.44,36.31,36.54,34.88,10053,36287345.00,4.70,2.86,1.01,5.90
2026-06-10,36.11,36.69,37.64,35.80,11393,42301890.00,5.07,1.05,0.38,6.69
2026-06-11,36.61,35.90,36.66,34.85,8942,32157501.00,4.93,-2.15,-0.79,5.25
2026-06-12,36.12,36.48,36.99,35.73,9816,35789143.00,3.51,1.62,0.58,5.76
2026-06-15,36.66,35.73,37.00,35.36,10621,38558129.00,4.50,-2.06,-0.75,6.24
2026-06-16,35.65,35.21,35.65,34.32,6719,23579515.00,3.72,-1.46,-0.52,3.95
2026-06-17,35.16,34.42,35.40,33.88,6490,22751477.00,4.32,-2.24,-0.79,3.81
2026-06-18,33.96,34.61,34.97,33.64,5967,20720773.00,3.86,0.55,0.19,3.50
2026-06-22,34.32,34.66,34.76,33.12,6050,20618331.00,4.74,0.14,0.05,3.55
2026-06-23,34.46,35.21,35.65,34.16,5591,19839575.00,4.30,1.59,0.55,3.28
2026-06-24,35.16,33.94,35.39,33.63,4924,16966628.00,5.00,-3.61,-1.27,2.89
2026-06-25,33.76,33.21,33.92,32.97,4993,16747660.00,2.80,-2.15,-0.73,2.93
2026-06-26,32.96,32.27,32.99,31.86,5044,16537593.00,3.40,-2.83,-0.94,2.96
2026-06-29,32.26,32.52,32.57,30.88,8411,26993346.00,5.24,0.77,0.25,4.94
2026-06-30,33.30,32.29,33.30,31.86,5433,17620596.00,4.43,-0.71,-0.23,3.19
2026-07-01,32.18,32.90,33.15,32.02,7662,24966627.00,3.50,1.89,0.61,4.50
2026-07-02,32.71,32.63,33.55,32.54,7038,23285233.00,3.07,-0.82,-0.27,4.13
2026-07-03,32.80,33.75,34.14,32.58,7347,24575679.00,4.78,3.43,1.12,4.31
2026-07-06,33.86,33.35,34.42,33.01,5449,18294142.00,4.18,-1.19,-0.40,3.20
2026-07-07,33.17,32.41,33.50,32.23,4434,14529096.00,3.81,-2.82,-0.94,2.60
2026-07-08,32.45,31.81,32.46,31.63,4161,13275256.00,2.56,-1.85,-0.60,2.44
2026-07-09,31.70,31.50,32.06,30.30,4137,12960606.00,5.53,-0.97,-0.31,2.43
2026-07-10,31.46,32.46,32.99,31.10,6518,21018904.00,6.00,3.05,0.96,3.83
2026-07-13,32.34,31.55,32.71,31.33,5817,18446425.00,4.25,-2.80,-0.91,3.42
2026-07-14,32.31,33.15,33.45,31.23,10217,33237266.00,7.04,5.07,1.60,6.00
2026-07-15,33.09,33.69,34.35,32.58,8581,28799134.00,5.34,1.63,0.54,5.04
2026-07-16,33.52,33.58,34.07,32.61,6155,20632420.00,4.33,-0.33,-0.11,3.61
2026-07-17,33.58,32.80,34.67,32.80,7745,26099729.00,5.57,-2.32,-0.78,4.55
2026-07-20,32.58,31.37,33.79,30.80,7910,25613011.00,9.12,-4.36,-1.43,4.64
2026-07-21,31.32,31.13,31.56,29.80,8055,24718055.00,5.61,-0.77,-0.24,4.73
2026-07-22,31.15,31.11,31.97,30.20,6959,21727208.00,5.69,-0.06,-0.02,4.09
2026-07-23,31.11,32.60,33.10,30.90,10309,33162162.00,7.07,4.79,1.49,6.05
2026-07-24,32.25,31.45,32.60,30.62,10512,32802792.00,6.07,-3.53,-1.15,6.17
2026-07-27,31.43,31.75,32.24,30.65,5814,18450574.00,5.06,0.95,0.30,3.41
2026-07-28,31.69,32.12,32.69,31.51,5620,18056841.00,3.72,1.17,0.37,3.30
2026-07-29,32.14,32.44,33.09,32.05,6202,20202145.00,3.24,1.00,0.32,3.64
2026-07-30,32.44,32.21,33.36,31.88,4503,14725651.00,4.56,-0.71,-0.23,2.64