2026-01-05,55.55,55.54,56.21,55.21,25297,140989285.00,1.80,0.18,0.10,1.72
2026-01-06,55.42,55.46,55.80,54.24,27942,153695432.00,2.81,-0.14,-0.08,1.90
2026-01-07,55.46,54.42,55.49,54.12,27969,152598248.00,2.47,-1.88,-1.04,1.90
2026-01-08,54.75,55.62,56.11,54.46,32460,180551257.00,3.03,2.21,1.20,2.21
2026-01-09,55.95,58.00,58.05,55.63,61036,348151575.00,4.35,4.28,2.38,4.16
2026-01-12,58.78,58.68,59.32,57.12,51123,298084251.00,3.79,1.17,0.68,3.48
2026-01-13,57.99,55.69,58.96,55.64,46322,262550635.00,5.66,-5.10,-2.99,3.15
2026-01-14,55.36,55.18,56.46,54.50,40324,223506889.00,3.52,-0.92,-0.51,2.75
2026-01-15,54.63,53.46,54.96,52.92,37647,201906023.00,3.70,-3.12,-1.72,2.56
2026-01-16,53.41,53.86,54.33,53.11,21064,113276383.00,2.28,0.75,0.40,1.43
2026-01-19,52.89,53.56,54.12,52.76,22459,120143840.00,2.53,-0.56,-0.30,1.53
2026-01-20,53.84,52.25,53.84,51.86,23429,122879836.00,3.70,-2.45,-1.31,1.60
2026-01-21,51.92,52.16,52.72,51.63,11766,61511440.00,2.09,-0.17,-0.09,0.80
2026-01-22,52.16,52.26,52.65,51.71,18043,94307628.00,1.80,0.19,0.10,1.23
2026-01-23,52.19,54.16,54.68,51.96,34510,185118854.00,5.20,3.64,1.90,2.35
2026-01-26,55.71,53.69,55.71,52.61,32805,175424880.00,5.72,-0.87,-0.47,2.23
2026-01-27,53.16,54.28,54.76,53.06,26066,140996163.00,3.17,1.10,0.59,1.77
2026-01-28,54.51,53.81,55.68,53.26,28977,157814235.00,4.46,-0.87,-0.47,1.97
2026-01-29,53.82,52.39,54.44,52.22,24057,128074527.00,4.13,-2.64,-1.42,1.64
2026-01-30,52.24,52.80,53.31,51.62,14826,78028025.00,3.23,0.78,0.41,1.01
2026-02-02,53.01,50.66,53.01,50.64,16416,84786495.00,4.49,-4.05,-2.14,1.12
2026-02-03,50.75,51.37,51.56,50.63,12307,62852573.00,1.84,1.40,0.71,0.84
2026-02-04,51.16,49.96,51.35,49.66,21670,109232095.00,3.29,-2.74,-1.41,1.48
2026-02-05,49.96,48.86,49.96,48.78,17299,85169194.00,2.36,-2.20,-1.10,1.18
2026-02-06,48.83,49.31,49.39,47.62,19397,94161968.00,3.62,0.92,0.45,1.32
2026-02-09,48.96,47.52,49.55,47.10,43525,208265940.00,4.97,-3.63,-1.79,2.96
2026-02-10,47.53,46.72,48.16,46.26,34475,162709899.00,4.00,-1.68,-0.80,2.35
2026-02-11,46.52,46.73,47.13,45.10,40624,187886933.00,4.35,0.02,0.01,2.77
2026-02-12,46.71,46.61,47.14,45.41,29406,136181035.00,3.70,-0.26,-0.12,2.00
2026-02-13,46.51,46.67,47.46,46.16,22028,103655650.00,2.79,0.13,0.06,1.50
2026-02-24,46.95,46.65,47.00,45.67,16670,77313499.00,2.85,-0.04,-0.02,1.14
2026-02-25,46.53,47.82,47.83,45.96,24992,117735561.00,4.01,2.51,1.17,1.70
2026-02-26,48.37,53.00,53.39,48.37,78087,403655198.00,10.50,10.83,5.18,5.32
2026-02-27,52.11,52.58,53.40,51.75,37938,200055748.00,3.11,-0.79,-0.42,2.58
2026-03-02,52.48,57.40,57.46,52.16,91051,503313058.00,10.08,9.17,4.82,6.20
2026-03-03,56.96,51.02,57.53,50.50,79503,426494379.00,12.25,-11.11,-6.38,5.41
2026-03-04,49.93,50.26,51.51,48.45,44399,221679544.00,6.00,-1.49,-0.76,3.02
2026-03-05,51.05,50.30,52.18,49.78,31768,161103490.00,4.78,0.08,0.04,2.16
2026-03-06,51.46,50.72,51.75,50.16,30450,154832851.00,3.16,0.83,0.42,2.07
2026-03-09,49.96,49.13,49.96,47.92,37082,181270501.00,4.02,-3.13,-1.59,2.53
2026-03-10,49.20,49.90,50.23,49.20,26009,129384633.00,2.10,1.57,0.77,1.77
2026-03-11,49.90,48.28,50.28,48.16,31000,151863132.00,4.25,-3.25,-1.62,2.11
2026-03-12,48.02,48.71,49.39,48.02,21837,106263347.00,2.84,0.89,0.43,1.49
2026-03-13,48.71,47.10,48.71,47.04,27441,131055469.00,3.43,-3.31,-1.61,1.87
2026-03-16,46.94,46.07,47.03,45.56,26312,121474506.00,3.12,-2.19,-1.03,1.79
2026-03-17,46.11,46.50,48.15,46.11,30030,141951623.00,4.43,0.93,0.43,2.04
2026-03-18,46.81,46.74,47.24,46.06,20269,94603474.00,2.54,0.52,0.24,1.38
2026-03-19,46.24,45.52,46.76,45.34,20806,95674160.00,3.04,-2.61,-1.22,1.42
2026-03-20,45.51,43.94,46.08,43.85,19440,87293761.00,4.90,-3.47,-1.58,1.32
2026-03-23,41.26,39.41,43.94,39.36,34679,142269015.00,10.42,-10.31,-4.53,2.36
2026-03-24,40.46,42.07,42.26,40.01,28505,117004149.00,5.71,6.75,2.66,1.94
2026-03-25,42.96,44.16,45.18,42.11,41953,186325734.00,7.30,4.97,2.09,2.86
2026-03-26,44.32,44.27,44.96,43.34,27854,123279647.00,3.67,0.25,0.11,1.90
2026-03-27,43.37,44.03,44.25,42.87,14979,65354918.00,3.12,-0.54,-0.24,1.02
2026-03-30,43.00,43.18,43.80,42.73,17833,77114284.00,2.43,-1.93,-0.85,1.21
2026-03-31,43.27,42.21,43.81,41.94,22770,97376160.00,4.33,-2.25,-0.97,1.55
2026-04-01,42.96,41.76,43.53,41.69,23011,97897687.00,4.36,-1.07,-0.45,1.57
2026-04-02,42.54,40.68,42.54,39.96,26169,107548577.00,6.18,-2.59,-1.08,1.78
2026-04-03,40.46,38.81,40.82,38.71,29348,115951479.00,5.19,-4.60,-1.87,2.00
2026-04-07,39.78,38.31,39.83,38.26,26202,101830291.00,4.05,-1.29,-0.50,1.78
2026-04-08,39.27,41.56,42.93,39.03,65642,268630248.00,10.18,8.48,3.25,4.47
2026-04-09,41.36,40.27,41.39,40.14,31576,128365960.00,3.01,-3.10,-1.29,2.15
2026-04-10,41.15,39.91,41.68,39.88,31462,128591592.00,4.47,-0.89,-0.36,2.14
2026-04-13,39.76,39.49,40.30,38.78,34418,136020839.00,3.81,-1.05,-0.42,2.34
2026-04-14,39.61,40.43,41.32,39.54,46834,189486448.00,4.51,2.38,0.94,3.19
2026-04-15,40.64,40.80,41.16,39.93,34217,138529442.00,3.04,0.92,0.37,2.33
2026-04-16,40.08,45.16,45.64,40.02,84355,367362436.00,13.77,10.69,4.36,5.74
2026-04-17,44.59,45.06,45.55,44.01,61741,277131988.00,3.41,-0.22,-0.10,4.20
2026-04-20,44.72,45.31,45.69,42.72,61548,274855406.00,6.59,0.55,0.25,4.19
2026-04-21,45.30,44.20,45.64,43.73,39978,177837099.00,4.22,-2.45,-1.11,2.72
2026-04-22,43.89,45.62,46.10,43.46,47265,213540018.00,5.97,3.21,1.42,3.22
2026-04-23,45.62,44.34,45.84,43.96,42877,192474349.00,4.12,-2.81,-1.28,2.92
2026-04-24,44.54,45.13,45.93,42.96,46785,207970048.00,6.70,1.78,0.79,3.19
2026-04-27,44.85,46.08,46.46,44.16,47796,219421030.00,5.10,2.11,0.95,3.25
2026-04-28,46.03,46.69,49.14,45.87,62706,298268522.00,7.10,1.32,0.61,4.27
2026-04-29,44.62,47.26,47.73,44.62,60873,284992596.00,6.66,1.22,0.57,4.15
2026-04-30,47.03,48.63,49.45,46.96,52910,255910862.00,5.27,2.90,1.37,3.60
2026-05-06,48.89,50.75,50.94,48.63,63482,317818823.00,4.75,4.36,2.12,4.32
2026-05-07,50.74,49.88,50.91,49.46,43618,218609009.00,2.86,-1.71,-0.87,2.97
2026-05-08,49.52,49.93,50.44,48.96,40108,200098329.00,2.97,0.10,0.05,2.73
2026-05-11,50.17,52.53,53.83,50.17,66745,349167399.00,7.33,5.21,2.60,4.55
2026-05-12,52.62,54.36,54.99,51.62,75490,405810954.00,6.42,3.48,1.83,5.14
2026-05-13,54.62,56.36,57.34,54.04,70359,395376079.00,6.07,3.68,2.00,4.79
2026-05-14,56.36,55.46,58.06,55.46,68888,389047322.00,4.61,-1.60,-0.90,4.69
2026-05-15,55.76,54.96,56.01,53.32,63172,345791345.00,4.85,-0.90,-0.50,4.30
2026-05-18,54.55,55.92,56.76,54.41,38861,216538208.00,4.28,1.75,0.96,2.65
2026-05-19,55.96,55.39,56.86,54.66,39205,217322764.00,3.93,-0.95,-0.53,2.67
2026-05-20,55.39,55.95,58.24,55.11,54142,306317274.00,5.65,1.01,0.56,3.69
2026-05-21,56.33,52.53,56.33,52.46,59773,324906610.00,6.92,-6.11,-3.42,4.07
2026-05-22,53.64,54.37,54.68,52.31,40348,217010293.00,4.51,3.50,1.84,2.75
2026-05-25,54.96,53.95,56.29,53.46,50487,273870587.00,5.21,-0.77,-0.42,3.44
2026-05-26,53.76,52.16,53.95,50.31,41696,217566705.00,6.75,-3.32,-1.79,2.84
2026-05-27,52.39,50.06,52.84,49.61,37013,188039275.00,6.19,-4.03,-2.10,2.52
2026-05-28,50.26,51.68,52.06,49.15,29480,150988987.00,5.81,3.24,1.62,2.01
2026-05-29,52.36,46.89,52.46,46.56,58645,284894425.00,11.42,-9.27,-4.79,3.99
2026-06-01,47.22,45.66,47.89,45.46,33857,158750925.00,5.18,-2.62,-1.23,2.31
2026-06-02,44.77,50.05,50.50,44.18,60060,284382360.00,13.84,9.61,4.39,4.09
2026-06-03,51.23,49.22,51.62,48.56,42937,215896736.00,6.11,-1.66,-0.83,2.92
2026-06-04,49.26,49.12,51.82,47.86,32748,163785057.00,8.05,-0.20,-0.10,2.23
2026-06-05,49.62,49.34,50.95,48.18,36519,180953636.00,5.64,0.45,0.22,2.49
2026-06-08,48.96,45.99,48.96,45.41,42798,201675264.00,7.19,-6.79,-3.35,2.91
2026-06-09,47.25,47.16,47.45,45.42,28295,131972472.00,4.41,2.54,1.17,1.93
2026-06-10,47.30,44.55,47.30,43.83,37206,167614460.00,7.36,-5.53,-2.61,2.53
2026-06-11,44.63,43.05,44.63,41.76,49871,213443377.00,6.44,-3.37,-1.50,3.40
2026-06-12,43.56,43.06,44.16,42.16,57569,248711901.00,4.65,0.02,0.01,3.92
2026-06-15,43.67,43.22,44.73,42.52,40930,178094775.00,5.13,0.37,0.16,2.79
2026-06-16,43.44,44.28,44.78,41.66,48636,211052539.00,7.22,2.45,1.06,3.31
2026-06-17,43.98,43.28,46.44,42.98,46458,207384342.00,7.81,-2.26,-1.00,3.16
2026-06-18,43.96,45.93,46.73,42.28,61643,273003561.00,10.28,6.12,2.65,4.20
2026-06-22,45.99,43.18,47.29,42.36,63945,279356779.00,10.73,-5.99,-2.75,4.35
2026-06-23,42.75,45.00,46.18,42.70,66029,297552312.00,8.06,4.21,1.82,4.50
2026-06-24,45.44,51.96,52.16,45.03,104488,519533017.00,15.84,15.47,6.96,7.12
2026-06-25,52.40,53.67,55.75,51.45,107870,581234530.00,8.28,3.29,1.71,7.35
2026-06-26,53.00,53.96,55.52,51.55,77859,414093175.00,7.40,0.54,0.29,5.30