2026-01-05,35.92,36.69,37.12,35.64,28720,140167845.00,4.12,2.14,0.77,5.99
2026-01-06,36.83,37.69,37.75,36.34,24290,121549234.00,3.84,2.73,1.00,5.06
2026-01-07,37.69,38.32,39.27,37.09,34470,177667600.00,5.78,1.67,0.63,7.19
2026-01-08,38.45,39.17,41.13,37.97,44730,237668122.00,8.25,2.22,0.85,9.32
2026-01-09,38.80,38.01,40.39,37.65,40296,208873659.00,7.00,-2.96,-1.16,8.40
2026-01-12,37.73,37.63,38.46,37.12,31148,157935482.00,3.53,-1.00,-0.38,6.49
2026-01-13,37.06,38.72,40.76,37.06,43403,229824255.00,9.83,2.90,1.09,9.05
2026-01-14,38.45,37.99,39.28,37.29,32687,168517147.00,5.14,-1.89,-0.73,6.81
2026-01-15,37.80,39.70,40.27,37.80,44343,234183391.00,6.50,4.50,1.71,9.24
2026-01-16,39.93,40.50,41.61,39.20,30220,165291639.00,6.07,2.02,0.80,6.30
2026-01-19,40.91,37.20,40.92,36.32,46628,239548409.00,11.36,-8.15,-3.30,9.72
2026-01-20,37.06,37.06,38.01,36.77,23309,117234249.00,3.33,-0.38,-0.14,4.86
2026-01-21,36.56,37.94,38.39,36.34,21563,109819520.00,5.53,2.37,0.88,4.49
2026-01-22,38.39,38.03,39.42,37.55,19940,103376846.00,4.93,0.24,0.09,4.16
2026-01-23,38.91,39.04,41.61,37.66,68508,367256068.00,10.39,2.66,1.01,14.28
2026-01-26,37.71,38.69,40.04,37.71,37630,197821645.00,5.97,-0.90,-0.35,7.84
2026-01-27,38.52,41.04,41.24,38.18,48599,263924494.00,7.91,6.07,2.35,10.13
2026-01-28,41.50,43.49,43.95,40.42,51566,296016491.00,8.60,5.97,2.45,10.75
2026-01-29,44.07,45.43,48.45,44.07,54328,339405676.00,10.07,4.46,1.94,11.32
2026-01-30,46.69,48.29,49.55,46.56,42891,279055240.00,6.58,6.30,2.86,8.94
2026-02-02,47.45,49.60,51.14,47.45,45337,302047524.00,7.64,2.71,1.31,9.45
2026-02-03,49.11,50.30,50.72,47.33,40353,265667842.00,6.83,1.41,0.70,8.41
2026-02-04,50.22,50.14,50.84,48.54,20836,140347311.00,4.57,-0.32,-0.16,4.34
2026-02-05,50.16,49.48,51.55,48.17,22096,148942286.00,6.74,-1.32,-0.66,4.61
2026-02-06,48.94,48.60,50.16,47.73,18220,120203791.00,4.91,-1.78,-0.88,3.80
2026-02-09,49.68,51.71,52.32,48.57,29350,200025603.00,7.72,6.40,3.11,6.12
2026-02-10,51.72,50.35,52.73,49.71,22973,156600767.00,5.84,-2.63,-1.36,4.79
2026-02-11,49.80,47.62,50.09,47.08,24898,161634266.00,5.98,-5.42,-2.73,5.19
2026-02-12,47.57,48.64,49.13,47.19,14871,96775450.00,4.07,2.14,1.02,3.10
2026-02-13,48.32,49.77,51.73,47.44,21626,144498860.00,8.82,2.32,1.13,4.51
2026-02-24,49.77,47.52,50.40,47.45,13445,87625155.00,5.93,-4.52,-2.25,2.80
2026-02-25,47.64,48.17,49.00,47.64,9414,61606310.00,2.86,1.37,0.65,1.96
2026-02-26,48.41,47.98,49.27,47.65,10084,65703969.00,3.36,-0.39,-0.19,2.10
2026-02-27,47.58,49.25,50.03,47.17,19855,130696435.00,5.96,2.65,1.27,4.14
2026-03-02,48.48,48.91,52.09,47.76,28563,192403424.00,8.79,-0.69,-0.34,5.95
2026-03-03,48.79,47.44,50.40,47.44,19481,128872898.00,6.05,-3.01,-1.47,4.06
2026-03-04,47.45,47.55,48.17,45.23,21301,134431454.00,6.20,0.23,0.11,4.44
2026-03-05,48.50,46.57,48.90,45.95,17043,109050650.00,6.20,-2.06,-0.98,3.55
2026-03-06,46.57,46.88,47.79,46.14,10898,69155369.00,3.54,0.67,0.31,2.27
2026-03-09,46.18,45.89,46.18,44.58,15456,94512181.00,3.41,-2.11,-0.99,3.22
2026-03-10,45.65,46.67,47.42,45.61,9702,61209060.00,3.94,1.70,0.78,2.02
2026-03-11,46.54,45.47,47.31,44.31,17313,106661014.00,6.43,-2.57,-1.20,3.61
2026-03-12,45.76,45.55,46.53,44.50,10909,67264280.00,4.46,0.18,0.08,2.27
2026-03-13,45.55,44.53,45.58,43.72,13386,81259445.00,4.08,-2.24,-1.02,2.79
2026-03-16,44.75,42.55,44.75,40.76,27154,154377371.00,8.96,-4.45,-1.98,5.66
2026-03-17,42.54,41.12,42.61,40.82,14928,83602362.00,4.21,-3.36,-1.43,3.11
2026-03-18,41.50,41.50,41.61,40.46,12322,68458819.00,2.80,0.92,0.38,2.57
2026-03-19,37.35,41.13,41.50,37.35,10929,59762357.00,10.00,-0.89,-0.37,2.28
2026-03-20,40.32,39.21,40.79,38.56,15703,83875784.00,5.42,-4.67,-1.92,3.27
2026-03-23,38.70,38.38,39.17,36.17,27112,137527922.00,7.65,-2.12,-0.83,3.78
2026-03-24,39.17,40.02,40.02,37.95,15900,83760121.00,5.39,4.27,1.64,2.22
2026-03-25,40.39,41.73,42.16,39.41,13235,73713583.00,6.87,4.27,1.71,1.85
2026-03-26,42.56,41.22,42.56,40.98,10119,56373902.00,3.79,-1.22,-0.51,1.41
2026-03-27,40.87,41.50,43.13,40.21,11945,67476715.00,7.08,0.68,0.28,1.67
2026-03-30,41.50,40.70,41.70,39.76,9150,49876460.00,4.67,-1.93,-0.80,1.28
2026-03-31,40.61,39.09,40.78,38.95,11485,61510100.00,4.50,-3.96,-1.61,1.60
2026-04-01,39.48,39.72,40.68,39.48,8646,46616813.00,3.07,1.61,0.63,1.21
2026-04-02,40.32,38.72,40.32,37.83,10572,54969776.00,6.27,-2.52,-1.00,1.48
2026-04-03,38.99,38.24,38.99,38.11,6605,34301634.00,2.27,-1.24,-0.48,0.92
2026-04-07,38.88,38.20,38.99,37.87,6021,31129845.00,2.93,-0.10,-0.04,0.84
2026-04-08,38.94,40.67,40.76,38.57,12776,69239004.00,5.73,6.47,2.47,1.78
2026-04-09,40.56,40.41,41.06,39.76,8461,45981046.00,3.20,-0.64,-0.26,1.18
2026-04-10,40.76,41.03,41.50,40.32,12672,70242540.00,2.92,1.53,0.62,1.77
2026-04-13,40.62,42.91,42.98,40.55,16948,95877279.00,5.92,4.58,1.88,2.37
2026-04-14,42.99,42.70,44.38,42.10,12031,69474948.00,5.31,-0.49,-0.21,1.68
2026-04-15,43.04,45.06,45.68,42.27,21392,128059405.00,7.99,5.53,2.36,2.99
2026-04-16,45.79,45.72,47.28,45.28,17150,106515316.00,4.44,1.46,0.66,2.39
2026-04-17,45.70,46.62,47.01,45.41,11979,74973975.00,3.50,1.97,0.90,1.67
2026-04-20,46.54,48.02,49.28,45.59,16455,106840971.00,7.92,3.00,1.40,2.30
2026-04-21,47.16,47.43,47.67,46.11,14750,93354692.00,3.25,-1.23,-0.59,2.06
2026-04-22,46.96,46.60,47.51,45.96,13764,86452954.00,3.27,-1.75,-0.83,1.92
2026-04-23,46.76,46.42,47.03,45.59,9424,58806618.00,3.09,-0.39,-0.18,1.32
2026-04-24,46.56,47.70,48.69,45.99,12544,80281777.00,5.82,2.76,1.28,1.75
2026-04-27,47.61,47.91,48.91,47.19,12616,81511495.00,3.61,0.44,0.21,1.76
2026-04-28,48.28,47.06,48.28,46.20,12735,80508869.00,4.34,-1.77,-0.85,1.78
2026-04-29,46.84,46.94,47.80,45.99,10574,67245015.00,3.85,-0.25,-0.12,1.48
2026-04-30,46.76,47.07,47.26,45.44,11478,71655773.00,3.88,0.28,0.13,1.59
2026-05-06,48.08,49.20,50.32,47.04,20509,135598345.00,6.97,4.53,2.13,2.84
2026-05-07,49.20,51.55,52.24,49.03,29586,202172480.00,6.52,4.78,2.35,4.09
2026-05-08,51.14,54.09,54.47,50.77,23405,167928818.00,7.18,4.93,2.54,3.24
2026-05-11,54.58,56.32,57.20,54.11,23689,178705472.00,5.71,4.12,2.23,3.28
2026-05-12,56.74,56.91,57.43,55.21,17129,130668069.00,3.94,1.05,0.59,2.37
2026-05-13,57.07,54.62,57.21,53.58,25732,191744965.00,6.38,-4.02,-2.29,3.56
2026-05-14,54.61,53.21,56.16,53.07,20501,150618741.00,5.66,-2.58,-1.41,2.84
2026-05-15,52.51,55.24,56.01,51.19,31837,229879582.00,9.06,3.82,2.03,4.40
2026-05-18,55.25,53.33,56.50,53.21,21947,161147088.00,5.96,-3.46,-1.91,3.04
2026-05-19,53.56,51.37,54.10,50.15,23286,161642138.00,7.41,-3.68,-1.96,3.22
2026-05-20,50.88,52.32,52.86,49.12,29559,203299558.00,7.28,1.85,0.95,4.09
2026-05-21,52.81,51.61,55.13,51.61,22479,160837388.00,6.73,-1.36,-0.71,3.11
2026-05-22,52.60,53.20,54.25,51.14,20777,148279404.00,6.03,3.08,1.59,2.87
2026-05-25,52.44,51.99,53.81,51.61,13824,97929723.00,4.14,-2.27,-1.21,1.91
2026-05-26,52.53,51.44,52.55,49.66,12597,85923814.00,5.56,-1.06,-0.55,1.74
2026-05-27,51.62,50.75,52.98,50.09,15741,109029643.00,5.62,-1.34,-0.69,2.18
2026-05-28,50.75,52.47,53.73,49.51,17792,123616443.00,8.32,3.39,1.72,2.46
2026-05-29,52.99,53.14,55.51,51.88,25279,182093289.00,6.92,1.28,0.67,3.50
2026-06-01,53.21,51.60,53.72,50.55,22251,155622913.00,5.97,-2.90,-1.54,3.08
2026-06-02,52.00,56.05,56.88,51.60,32304,176257862.00,10.23,8.62,4.45,3.31
2026-06-03,60.00,53.81,60.00,52.58,47221,262225780.00,13.24,-4.00,-2.24,4.84
2026-06-04,53.57,56.75,58.00,53.21,35436,199528407.00,8.90,5.46,2.94,3.63
2026-06-05,57.13,57.51,59.01,56.12,28629,165186453.00,5.09,1.34,0.76,2.94
2026-06-08,55.80,54.00,57.70,53.98,32338,178559818.00,6.47,-6.10,-3.51,3.32
2026-06-09,54.78,55.79,56.53,53.68,27809,154043021.00,5.28,3.31,1.79,2.85
2026-06-10,55.55,53.22,57.00,53.10,23502,128124239.00,6.99,-4.61,-2.57,2.41
2026-06-11,52.50,51.73,53.51,51.00,19277,100208961.00,4.72,-2.80,-1.49,1.98
2026-06-12,52.47,52.09,54.45,50.50,18279,95857718.00,7.64,0.70,0.36,1.87
2026-06-15,52.30,54.78,54.96,51.12,18263,97932916.00,7.37,5.16,2.69,1.87
2026-06-16,55.88,56.00,57.00,54.23,14610,81288973.00,5.06,2.23,1.22,1.50
2026-06-17,56.72,54.50,57.50,53.64,21290,118178843.00,6.89,-2.68,-1.50,2.18
2026-06-18,54.45,59.77,61.52,54.06,55663,327327779.00,13.69,9.67,5.27,5.71
2026-06-22,58.07,59.80,61.27,57.00,44880,264977877.00,7.14,0.05,0.03,4.60
2026-06-23,59.80,57.27,61.00,55.86,26766,154001747.00,8.60,-4.23,-2.53,2.74
2026-06-24,57.10,56.03,59.50,54.51,23879,133684363.00,8.71,-2.17,-1.24,2.45
2026-06-25,56.30,53.99,56.99,52.68,27575,149639670.00,7.69,-3.64,-2.04,2.83
2026-06-26,54.00,58.90,61.00,53.50,62999,368269986.00,13.89,9.09,4.91,6.46