2026-01-05,6.74,6.81,6.91,6.72,84212,57659249.00,2.83,1.49,0.10,1.38
2026-01-06,6.84,6.81,6.88,6.79,80526,55087847.00,1.32,0.00,0.00,1.32
2026-01-07,6.82,6.84,6.91,6.79,78873,54050750.00,1.76,0.44,0.03,1.29
2026-01-08,6.82,6.90,6.91,6.79,84382,58064531.00,1.75,0.88,0.06,1.38
2026-01-09,6.91,6.87,6.94,6.80,99761,68572142.00,2.03,-0.43,-0.03,1.63
2026-01-12,6.88,6.87,6.89,6.84,98531,67771629.00,0.73,0.00,0.00,1.61
2026-01-13,6.90,6.90,7.03,6.82,135121,93837765.00,3.06,0.44,0.03,2.21
2026-01-14,6.91,6.87,6.98,6.77,132053,91173066.00,3.04,-0.43,-0.03,2.16
2026-01-15,6.87,6.91,6.92,6.81,67669,46632588.00,1.60,0.58,0.04,1.11
2026-01-16,6.94,6.87,6.98,6.84,90100,62268353.00,2.03,-0.58,-0.04,1.48
2026-01-19,6.85,7.13,7.18,6.83,163683,115647752.00,5.09,3.78,0.26,2.68
2026-01-20,7.12,7.17,7.21,7.06,111455,79908559.00,2.10,0.56,0.04,1.83
2026-01-21,7.18,7.09,7.18,7.07,76711,54524923.00,1.53,-1.12,-0.08,1.26
2026-01-22,7.09,7.25,7.25,7.09,88518,63664406.00,2.26,2.26,0.16,1.45
2026-01-23,7.23,7.30,7.37,7.17,91177,66527943.00,2.76,0.69,0.05,1.49
2026-01-26,7.34,7.40,7.48,7.27,149449,110535678.00,2.88,1.37,0.10,2.45
2026-01-27,7.39,7.31,7.39,7.20,108207,78903619.00,2.57,-1.22,-0.09,1.77
2026-01-28,7.29,7.28,7.37,7.23,74598,54456380.00,1.92,-0.41,-0.03,1.22
2026-01-29,7.38,7.22,7.38,7.18,104539,76136787.00,2.75,-0.82,-0.06,1.71
2026-01-30,7.19,7.34,7.35,7.15,122462,89273222.00,2.77,1.66,0.12,2.01
2026-02-02,7.32,7.71,7.85,7.25,410679,315091324.00,8.17,5.04,0.37,6.73
2026-02-03,7.71,8.16,8.17,7.65,461296,368177106.00,6.74,5.84,0.45,7.56
2026-02-04,8.13,8.44,8.74,8.01,479740,408105707.00,8.95,3.43,0.28,7.86
2026-02-05,8.30,8.27,8.62,8.24,300646,252496425.00,4.50,-2.01,-0.17,4.92
2026-02-06,8.24,8.09,8.39,8.08,255752,209266011.00,3.75,-2.18,-0.18,4.19
2026-02-09,8.09,8.02,8.21,7.86,191950,154227716.00,4.33,-0.87,-0.07,3.14
2026-02-10,8.03,7.85,8.03,7.81,157497,124163160.00,2.74,-2.12,-0.17,2.58
2026-02-11,7.85,7.80,7.94,7.79,119297,93670574.00,1.91,-0.64,-0.05,1.95
2026-02-12,7.76,7.80,7.87,7.66,102595,79898231.00,2.69,0.00,0.00,1.68
2026-02-13,7.77,7.61,7.81,7.59,103833,79686236.00,2.82,-2.44,-0.19,1.70
2026-02-24,7.67,7.79,7.80,7.64,104896,81329975.00,2.10,2.37,0.18,1.72
2026-02-25,7.79,7.78,7.89,7.74,121502,94921453.00,1.93,-0.13,-0.01,1.99
2026-02-26,7.80,8.02,8.03,7.78,176057,139526661.00,3.21,3.08,0.24,2.88
2026-02-27,8.01,7.99,8.06,7.88,121417,96679630.00,2.24,-0.37,-0.03,1.99
2026-03-02,7.74,7.65,7.90,7.59,170050,131032054.00,3.88,-4.26,-0.34,2.79
2026-03-03,7.64,7.50,7.76,7.50,126831,96830296.00,3.40,-1.96,-0.15,2.08
2026-03-04,7.50,7.64,7.70,7.45,101922,77689083.00,3.33,1.87,0.14,1.67
2026-03-05,7.73,7.82,8.03,7.71,130966,102805002.00,4.19,2.36,0.18,2.15
2026-03-06,7.76,7.94,7.97,7.72,102423,81015661.00,3.20,1.53,0.12,1.68
2026-03-09,7.84,8.05,8.08,7.84,145309,116081096.00,3.02,1.39,0.11,2.38
2026-03-10,8.06,8.08,8.18,8.01,107955,87519447.00,2.11,0.37,0.03,1.77
2026-03-11,8.09,8.08,8.12,8.00,100527,81141333.00,1.49,0.00,0.00,1.65
2026-03-12,8.08,8.01,8.11,7.95,103494,83041220.00,1.98,-0.87,-0.07,1.70
2026-03-13,8.05,7.95,8.10,7.92,85971,69038152.00,2.25,-0.75,-0.06,1.41
2026-03-16,7.95,7.60,7.98,7.54,154796,118861535.00,5.53,-4.40,-0.35,2.54
2026-03-17,7.62,7.57,7.76,7.54,105283,80626526.00,2.89,-0.39,-0.03,1.72
2026-03-18,7.57,7.65,7.70,7.54,65938,50242871.00,2.11,1.06,0.08,1.08
2026-03-19,7.54,7.48,7.65,7.46,69805,52725459.00,2.48,-2.22,-0.17,1.14
2026-03-20,7.50,7.37,7.65,7.31,91286,68002399.00,4.55,-1.47,-0.11,1.50
2026-03-23,7.24,6.93,7.27,6.91,133426,94865312.00,4.88,-5.97,-0.44,2.19
2026-03-24,7.06,7.39,7.39,7.03,108568,78331535.00,5.19,6.64,0.46,1.78
2026-03-25,7.40,7.62,7.70,7.36,91053,69107090.00,4.60,3.11,0.23,1.49
2026-03-26,7.61,7.45,7.73,7.40,94698,71445014.00,4.33,-2.23,-0.17,1.55
2026-03-27,7.36,7.45,7.54,7.33,91371,68011737.00,2.82,0.00,0.00,1.50
2026-03-30,7.32,7.35,7.40,7.15,83381,60878033.00,3.36,-1.34,-0.10,1.37
2026-03-31,7.37,7.25,7.50,7.21,103649,76293863.00,3.95,-1.36,-0.10,1.70
2026-04-01,7.34,7.36,7.38,7.21,108038,79068366.00,2.34,1.52,0.11,1.77
2026-04-02,7.38,7.34,7.42,7.28,91687,67473483.00,1.90,-0.27,-0.02,1.50
2026-04-03,7.34,7.32,7.37,7.24,98172,71902307.00,1.77,-0.27,-0.02,1.61
2026-04-07,7.28,7.45,7.52,7.09,129681,95896379.00,5.87,1.78,0.13,2.12
2026-04-08,7.58,7.90,8.04,7.56,168007,132231365.00,6.44,6.04,0.45,2.75
2026-04-09,7.76,8.05,8.32,7.76,218012,177014616.00,7.09,1.90,0.15,3.57
2026-04-10,8.18,7.91,8.18,7.89,129651,103606801.00,3.60,-1.74,-0.14,2.12
2026-04-13,7.92,8.04,8.10,7.88,118770,95056758.00,2.78,1.64,0.13,1.95
2026-04-14,8.09,8.17,8.17,7.95,130017,104874216.00,2.74,1.62,0.13,2.13
2026-04-15,8.17,8.05,8.25,8.00,108997,87995203.00,3.06,-1.47,-0.12,1.79
2026-04-16,8.05,8.04,8.16,7.97,101077,81430784.00,2.36,-0.12,-0.01,1.66
2026-04-17,8.00,7.89,8.07,7.85,91179,72337168.00,2.74,-1.87,-0.15,1.49
2026-04-20,7.92,8.03,8.14,7.87,94222,75605773.00,3.42,1.77,0.14,1.54
2026-04-21,8.07,8.20,8.24,8.01,146679,119827931.00,2.86,2.12,0.17,2.40
2026-04-22,8.17,8.19,8.34,8.04,139053,114044582.00,3.66,-0.12,-0.01,2.28
2026-04-23,8.32,8.14,8.32,8.03,135883,110584627.00,3.54,-0.61,-0.05,2.23
2026-04-24,7.93,8.03,8.08,7.92,110006,88223849.00,1.97,-1.35,-0.11,1.80
2026-04-27,7.99,8.06,8.14,7.92,75250,60327420.00,2.74,0.37,0.03,1.23
2026-04-28,8.02,8.03,8.08,7.95,67926,54473040.00,1.61,-0.37,-0.03,1.11
2026-04-29,8.14,8.21,8.45,8.07,143706,118533432.00,4.73,2.24,0.18,2.35
2026-04-30,8.15,8.17,8.25,8.00,91833,74716380.00,3.05,-0.49,-0.04,1.50
2026-05-06,8.21,8.52,8.74,8.21,225639,191066007.00,6.49,4.28,0.35,3.70
2026-05-07,8.53,8.59,8.64,8.42,183524,156905915.00,2.58,0.82,0.07,3.01
2026-05-08,8.49,8.47,8.52,8.38,128740,108844694.00,1.63,-1.40,-0.12,2.11
2026-05-11,8.47,8.43,8.56,8.35,115766,97799173.00,2.48,-0.47,-0.04,1.90
2026-05-12,8.44,9.00,9.22,8.36,435024,386813406.00,10.20,6.76,0.57,7.13
2026-05-13,9.90,9.90,9.90,9.80,189237,187498502.00,1.11,10.00,0.90,3.10
2026-05-14,9.88,8.91,9.88,8.91,733193,677814615.00,9.80,-10.00,-0.99,12.01
2026-05-15,8.93,8.49,9.02,8.34,475116,409010030.00,7.63,-4.71,-0.42,7.78
2026-05-18,8.27,8.39,8.47,8.27,271391,227126659.00,2.36,-1.18,-0.10,4.45
2026-05-19,8.37,8.43,8.47,8.24,231343,193395327.00,2.74,0.48,0.04,3.79
2026-05-20,8.27,8.38,8.62,8.13,264005,220157265.00,5.81,-0.59,-0.05,4.32
2026-05-21,8.42,8.00,8.51,7.99,200121,165924141.00,6.21,-4.53,-0.38,3.28
2026-05-22,8.00,8.18,8.28,7.97,169592,138222517.00,3.88,2.25,0.18,2.78
2026-05-25,8.17,8.22,8.39,8.06,140845,116034746.00,4.03,0.49,0.04,2.31
2026-05-26,8.15,7.85,8.20,7.71,151059,119090965.00,5.96,-4.50,-0.37,2.47
2026-05-27,7.79,7.81,7.95,7.71,126571,99239924.00,3.06,-0.51,-0.04,2.07
2026-05-28,7.79,7.85,7.92,7.71,111166,87146913.00,2.69,0.51,0.04,1.82
2026-05-29,7.85,7.69,7.92,7.64,91987,71454171.00,3.57,-2.04,-0.16,1.51
2026-06-01,7.71,7.78,7.86,7.60,84234,65436050.00,3.38,1.17,0.09,1.38
2026-06-02,7.76,7.58,7.81,7.46,89069,67415893.00,4.50,-2.57,-0.20,1.46
2026-06-03,7.57,7.77,7.82,7.46,124961,95921455.00,4.75,2.51,0.19,2.05
2026-06-04,7.76,7.91,7.94,7.56,141126,109697458.00,4.89,1.80,0.14,2.31
2026-06-05,7.91,7.67,8.12,7.65,152130,118634506.00,5.94,-3.03,-0.24,2.49
2026-06-08,7.49,7.44,7.70,7.28,102817,76991062.00,5.48,-3.00,-0.23,1.68
2026-06-09,7.45,7.47,7.53,7.31,79416,59067482.00,2.96,0.40,0.03,1.30
2026-06-10,7.45,7.44,7.47,7.22,83909,61588891.00,3.35,-0.40,-0.03,1.37
2026-06-11,7.37,7.44,7.58,7.29,75412,55923079.00,3.90,0.00,0.00,1.24
2026-06-12,7.52,7.54,7.63,7.31,118717,89064915.00,4.30,1.34,0.10,1.94
2026-06-15,7.52,7.59,7.67,7.48,103469,78344303.00,2.52,0.66,0.05,1.69
2026-06-16,7.69,7.61,7.76,7.58,106817,81845627.00,2.37,0.26,0.02,1.75
2026-06-17,7.60,7.34,7.65,7.30,98900,73407852.00,4.60,-3.55,-0.27,1.62
2026-06-18,7.27,7.13,7.33,7.07,102531,73640670.00,3.54,-2.86,-0.21,1.68
2026-06-22,7.12,7.25,7.28,6.90,124472,88080787.00,5.33,1.68,0.12,2.04
2026-06-23,7.15,7.35,7.56,7.15,92778,68652545.00,5.66,1.38,0.10,1.52
2026-06-24,7.31,7.02,7.38,6.96,97558,69097507.00,5.71,-4.49,-0.33,1.60
2026-06-25,7.02,6.86,7.05,6.80,80128,55000363.00,3.56,-2.28,-0.16,1.31
2026-06-26,6.79,6.67,6.91,6.66,72547,48937202.00,3.64,-2.77,-0.19,1.19
2026-06-29,6.65,6.52,6.67,6.37,100418,65323633.00,4.50,-2.25,-0.15,1.64
2026-06-30,6.50,6.30,6.51,6.28,109864,69689880.00,3.53,-3.37,-0.22,1.80
2026-07-01,6.35,6.26,6.39,6.22,129080,81324766.00,2.70,-0.63,-0.04,2.11
2026-07-02,6.20,6.18,6.41,6.17,105732,66315069.00,3.83,-1.28,-0.08,1.73
2026-07-03,6.18,6.29,6.40,6.18,92127,58066558.00,3.56,1.78,0.11,1.51
2026-07-06,6.30,6.19,6.35,6.17,75285,46964709.00,2.86,-1.59,-0.10,1.23
2026-07-07,6.23,6.03,6.23,6.02,76159,46316631.00,3.39,-2.58,-0.16,1.25
2026-07-08,6.00,5.94,6.05,5.92,68265,40717319.00,2.16,-1.49,-0.09,1.12
2026-07-09,5.94,5.92,5.98,5.75,66753,39159258.00,3.87,-0.34,-0.02,1.09
2026-07-10,5.93,5.99,6.10,5.86,82716,49672539.00,4.05,1.18,0.07,1.35
2026-07-13,5.92,5.79,5.99,5.77,75788,44226376.00,3.67,-3.34,-0.20,1.24
2026-07-14,5.79,5.94,5.95,5.74,74373,43511833.00,3.63,2.59,0.15,1.22
2026-07-15,5.93,6.03,6.05,5.88,91057,54395631.00,2.86,1.52,0.09,1.49
2026-07-16,5.96,5.96,6.03,5.84,74518,44398908.00,3.15,-1.16,-0.07,1.22
2026-07-17,5.96,5.79,6.02,5.75,91072,53624813.00,4.53,-2.85,-0.17,1.49
2026-07-20,5.75,5.68,5.92,5.62,112213,64896174.00,5.18,-1.90,-0.11,1.84
2026-07-21,5.69,5.61,5.71,5.43,118314,66034296.00,4.93,-1.23,-0.07,1.94
2026-07-22,5.60,5.47,5.63,5.46,68887,38104565.00,3.03,-2.50,-0.14,1.13