2026-01-05,53.30,54.86,55.70,52.47,267754,1458576205.00,6.19,5.20,2.71,12.72
2026-01-06,54.64,55.28,55.93,53.65,212635,1167569014.00,4.16,0.77,0.42,10.10
2026-01-07,54.45,56.07,56.95,53.76,233158,1296604188.00,5.77,1.43,0.79,11.08
2026-01-08,55.55,57.94,58.17,55.36,275084,1574914481.00,5.01,3.34,1.87,13.07
2026-01-09,58.47,62.51,65.75,58.30,424326,2631309156.00,12.86,7.89,4.57,20.16
2026-01-12,65.15,71.15,74.88,63.85,463882,3172621912.00,17.65,13.82,8.64,22.04
2026-01-13,67.95,65.82,70.55,63.06,394339,2595558591.00,10.53,-7.49,-5.33,18.73
2026-01-14,66.36,64.40,68.60,63.48,373333,2472496009.00,7.78,-2.16,-1.42,17.74
2026-01-15,63.05,61.53,64.25,60.34,250964,1547977150.00,6.07,-4.46,-2.87,11.92
2026-01-16,61.84,60.02,62.43,59.68,204118,1240541943.00,4.47,-2.45,-1.51,9.70
2026-01-19,58.96,59.58,60.82,58.60,151406,905229429.00,3.70,-0.73,-0.44,7.19
2026-01-20,59.61,57.18,60.41,56.40,192187,1107901593.00,6.73,-4.03,-2.40,9.13
2026-01-21,56.42,55.74,57.28,55.62,152587,860883998.00,2.90,-2.52,-1.44,7.25
2026-01-22,56.37,57.34,57.90,56.01,159930,916429385.00,3.39,2.87,1.60,7.60
2026-01-23,57.95,61.28,63.33,57.43,321822,1940891448.00,10.29,6.87,3.94,15.29
2026-01-26,60.08,55.65,60.33,55.30,263556,1508642830.00,8.21,-9.19,-5.63,12.52
2026-01-27,55.85,59.35,59.47,55.65,252030,1455272010.00,6.86,6.65,3.70,11.97
2026-01-28,59.84,57.20,59.86,56.87,165089,954506279.00,5.04,-3.62,-2.15,7.84
2026-01-29,56.99,56.78,58.75,56.28,140358,809616766.00,4.32,-0.73,-0.42,6.67
2026-01-30,56.07,55.18,57.33,53.85,142285,782950878.00,6.13,-2.82,-1.60,6.76
2026-02-02,55.44,54.15,56.73,54.15,98151,543686110.00,4.68,-1.87,-1.03,4.66
2026-02-03,54.62,55.88,56.14,54.35,106182,589686128.00,3.31,3.19,1.73,5.04
2026-02-04,55.45,55.44,56.34,54.53,97636,540932854.00,3.24,-0.79,-0.44,4.64
2026-02-05,54.90,55.46,56.30,54.66,87006,482645329.00,2.96,0.04,0.02,4.13
2026-02-06,54.79,54.37,55.90,54.28,91720,504539212.00,2.92,-1.97,-1.09,4.36
2026-02-09,55.52,55.10,55.79,54.76,82289,454925798.00,1.89,1.34,0.73,3.91
2026-02-10,55.15,54.37,55.30,54.28,76969,421318466.00,1.85,-1.32,-0.73,3.66
2026-02-11,54.38,53.52,54.71,53.51,71748,387989921.00,2.21,-1.56,-0.85,3.41
2026-02-12,53.55,54.10,54.33,53.20,58777,317310950.00,2.11,1.08,0.58,2.79
2026-02-13,54.31,53.56,54.72,53.51,60861,329894727.00,2.24,-1.00,-0.54,2.89
2026-02-24,53.94,53.57,54.45,53.49,61816,333390480.00,1.79,0.02,0.01,2.94
2026-02-25,53.68,54.62,54.90,53.26,76807,417477920.00,3.06,1.96,1.05,3.65
2026-02-26,54.38,55.17,55.39,53.75,91586,502071794.00,3.00,1.01,0.55,4.35
2026-02-27,54.87,55.34,55.95,54.62,91892,508991759.00,2.41,0.31,0.17,4.37
2026-03-02,56.48,58.55,58.82,55.72,255123,1471462463.00,5.60,5.80,3.21,12.12
2026-03-03,58.00,54.02,58.10,53.93,173470,968024135.00,7.12,-7.74,-4.53,8.24
2026-03-04,52.37,52.61,54.59,52.11,96676,515250868.00,4.59,-2.61,-1.41,4.59
2026-03-05,53.60,52.01,53.70,50.96,109950,576233905.00,5.21,-1.14,-0.60,5.22
2026-03-06,51.55,52.25,52.95,51.03,65441,342004523.00,3.69,0.46,0.24,3.11
2026-03-09,51.37,51.13,51.43,49.67,84507,427674095.00,3.37,-2.14,-1.12,4.01
2026-03-10,51.45,52.20,52.74,51.45,59599,311165822.00,2.52,2.09,1.07,2.83
2026-03-11,52.05,51.46,52.70,51.40,59468,308685114.00,2.49,-1.42,-0.74,2.83
2026-03-12,51.26,50.68,51.46,50.08,60424,306231914.00,2.68,-1.52,-0.78,2.87
2026-03-13,50.45,49.18,50.53,49.15,62356,310542936.00,2.72,-2.96,-1.50,2.96
2026-03-16,49.18,49.55,49.63,48.58,46785,230229430.00,2.14,0.75,0.37,2.22
2026-03-17,49.70,48.33,49.92,48.32,46397,228374199.00,3.23,-2.46,-1.22,2.20
2026-03-18,48.71,49.54,49.58,48.31,49224,241449897.00,2.63,2.50,1.21,2.34
2026-03-19,49.09,48.46,49.31,48.22,41482,202416339.00,2.20,-2.18,-1.08,1.97
2026-03-20,48.75,46.83,49.05,46.75,56518,269628454.00,4.75,-3.36,-1.63,2.68
2026-03-23,46.14,44.62,46.60,44.16,78340,356074861.00,5.21,-4.72,-2.21,3.72
2026-03-24,45.53,45.27,45.63,44.20,53345,240034431.00,3.20,1.46,0.65,2.53
2026-03-25,45.50,45.90,46.04,45.35,46840,214379611.00,1.52,1.39,0.63,2.23
2026-03-26,46.25,44.88,46.35,44.53,47157,213377484.00,3.97,-2.22,-1.02,2.24
2026-03-27,43.95,45.27,45.56,43.80,34933,157165385.00,3.92,0.87,0.39,1.66
2026-03-30,44.85,45.83,45.93,44.55,41320,187985750.00,3.05,1.24,0.56,1.96
2026-03-31,46.22,45.95,47.51,45.83,83166,388845278.00,3.67,0.26,0.12,3.95
2026-04-01,46.86,46.20,46.95,45.66,56231,259601742.00,2.81,0.54,0.25,2.67
2026-04-02,45.96,44.95,46.33,44.83,44221,200861377.00,3.25,-2.71,-1.25,2.10
2026-04-03,45.16,44.22,45.42,44.16,32947,147259901.00,2.80,-1.62,-0.73,1.57
2026-04-07,44.22,44.30,44.76,44.05,28919,128640184.00,1.61,0.18,0.08,1.37
2026-04-08,45.27,47.22,47.28,45.23,69899,324050797.00,4.63,6.59,2.92,3.32
2026-04-09,46.75,46.40,47.10,46.22,49167,229638341.00,1.86,-1.74,-0.82,2.34
2026-04-10,46.85,46.59,47.40,46.51,49165,230989581.00,1.92,0.41,0.19,2.34
2026-04-13,46.14,46.87,47.09,45.75,38496,179999166.00,2.88,0.60,0.28,1.83
2026-04-14,47.13,49.51,50.08,46.88,101237,488819041.00,6.83,5.63,2.64,4.81
2026-04-15,49.50,48.81,50.10,48.50,83718,413512674.00,3.23,-1.41,-0.70,3.98
2026-04-16,48.83,49.20,49.41,48.44,49673,243467529.00,1.99,0.80,0.39,2.36
2026-04-17,48.95,49.76,49.93,48.77,53020,262897562.00,2.36,1.14,0.56,2.52
2026-04-20,50.03,50.88,51.23,49.80,77696,394157704.00,2.87,2.25,1.12,3.69
2026-04-21,50.53,50.06,50.82,49.80,51653,259387716.00,2.00,-1.61,-0.82,2.45
2026-04-22,49.65,49.80,50.11,49.26,53354,265342626.00,1.70,-0.52,-0.26,2.53
2026-04-23,49.75,48.65,49.93,48.31,63935,313431210.00,3.25,-2.31,-1.15,3.04
2026-04-24,40.99,41.05,42.05,40.99,200887,833033049.00,2.18,-15.62,-7.60,9.54
2026-04-27,40.60,40.39,40.73,39.05,106502,425189988.00,4.09,-1.61,-0.66,5.06
2026-04-28,39.98,38.98,40.15,38.65,85900,338662593.00,3.71,-3.49,-1.41,4.08
2026-04-29,38.82,39.22,39.35,38.73,49340,193539172.00,1.59,0.62,0.24,2.34
2026-04-30,38.94,39.69,39.88,38.92,53518,211298041.00,2.45,1.20,0.47,2.54
2026-05-06,39.76,40.45,41.03,39.72,70710,287804833.00,3.30,1.91,0.76,3.36
2026-05-07,40.94,41.12,41.15,40.38,49832,203769621.00,1.90,1.66,0.67,2.37
2026-05-08,40.86,41.99,42.04,40.69,67716,281495374.00,3.28,2.12,0.87,3.22
2026-05-11,42.50,42.55,43.13,42.26,66051,281692002.00,2.07,1.33,0.56,3.14
2026-05-12,42.45,42.02,42.53,41.18,64860,271606383.00,3.17,-1.25,-0.53,3.08
2026-05-13,41.95,42.01,42.29,41.45,46788,196190660.00,2.00,-0.02,-0.01,2.22
2026-05-14,42.07,40.48,42.25,40.48,55541,228185189.00,4.21,-3.64,-1.53,2.64
2026-05-15,40.50,39.95,40.95,39.88,52374,211574821.00,2.64,-1.31,-0.53,2.49
2026-05-18,39.95,40.15,40.87,39.72,38869,156704830.00,2.88,0.50,0.20,1.85
2026-05-19,40.32,40.05,40.35,39.54,44305,177571607.00,2.02,-0.25,-0.10,2.10
2026-05-20,39.83,38.96,39.96,38.83,55172,216178873.00,2.82,-2.72,-1.09,2.62
2026-05-21,39.27,37.06,39.57,37.05,69117,265458013.00,6.47,-4.88,-1.90,3.28
2026-05-22,37.25,37.81,38.03,36.80,50947,190672639.00,3.32,2.02,0.75,2.42
2026-05-25,38.13,38.35,38.44,37.11,48374,182741159.00,3.52,1.43,0.54,2.30
2026-05-26,41.95,40.90,42.02,39.59,175362,717007290.00,6.34,6.65,2.55,8.33
2026-05-27,40.28,40.62,41.75,39.66,125980,514118529.00,5.11,-0.68,-0.28,5.98
2026-05-28,40.28,40.16,41.04,39.61,81786,329707185.00,3.52,-1.13,-0.46,3.89
2026-05-29,39.96,37.72,40.23,37.65,84719,325862756.00,6.42,-6.08,-2.44,4.02
2026-06-01,37.25,37.74,38.40,37.18,45743,173128238.00,3.23,0.05,0.02,2.17
2026-06-02,37.72,36.58,37.93,36.32,47071,173777593.00,4.27,-3.07,-1.16,2.23
2026-06-03,36.60,36.00,37.14,35.95,56490,206633546.00,3.25,-1.59,-0.58,2.68
2026-06-04,35.58,35.24,35.91,35.02,51479,182565023.00,2.47,-2.11,-0.76,2.44
2026-06-05,35.55,36.34,36.94,34.90,64886,234984862.00,5.79,3.12,1.10,3.08
2026-06-08,35.32,34.63,36.16,34.32,55353,194445641.00,5.06,-4.71,-1.71,2.62
2026-06-09,34.96,34.69,35.10,34.11,39670,137127961.00,2.86,0.17,0.06,1.88
2026-06-10,34.50,34.31,35.08,33.76,36840,126370708.00,3.81,-1.10,-0.38,1.75
2026-06-11,34.19,33.61,34.19,33.19,37806,126915712.00,2.91,-2.04,-0.70,1.79
2026-06-12,34.00,34.38,34.96,33.83,53270,183229079.08,3.36,2.29,0.77,2.53