2026-01-05,22.62,23.18,23.33,22.58,41008,95364581.00,3.31,2.29,0.52,4.51
2026-01-06,23.12,23.24,23.42,23.05,41358,96951079.00,1.60,0.26,0.06,4.55
2026-01-07,23.25,23.51,23.86,23.24,61614,146462191.00,2.67,1.16,0.27,6.78
2026-01-08,23.44,24.26,24.48,23.40,92365,225690409.00,4.59,3.19,0.75,10.17
2026-01-09,24.33,24.63,24.90,24.19,88028,217509737.00,2.93,1.53,0.37,9.69
2026-01-12,24.80,24.55,24.90,24.26,74191,183153908.00,2.60,-0.32,-0.08,8.17
2026-01-13,24.55,24.07,24.88,23.90,68951,169373606.00,3.99,-1.96,-0.48,7.59
2026-01-14,24.03,24.22,24.58,23.74,66200,161363640.00,3.49,0.62,0.15,7.29
2026-01-15,23.95,23.93,24.24,23.77,35139,84865746.00,1.94,-1.20,-0.29,3.87
2026-01-16,23.98,25.31,26.18,23.80,145179,368405562.00,9.95,5.77,1.38,15.98
2026-01-19,25.26,24.91,25.55,24.82,74573,187889457.00,2.88,-1.58,-0.40,8.21
2026-01-20,24.88,26.25,27.07,24.81,147024,389719099.00,9.07,5.38,1.34,16.18
2026-01-21,26.13,27.08,27.50,25.80,134947,362943409.00,6.48,3.16,0.83,14.85
2026-01-22,26.80,26.65,26.81,26.13,84115,224370725.00,2.51,-1.59,-0.43,9.26
2026-01-23,26.41,26.49,26.78,26.32,59906,159647060.00,1.73,-0.60,-0.16,6.59
2026-01-26,26.33,25.25,26.48,25.20,61539,158579368.00,4.83,-4.68,-1.24,6.77
2026-01-27,25.04,24.83,25.31,24.00,54445,135136892.00,5.19,-1.66,-0.42,5.99
2026-01-28,24.94,24.05,24.94,24.00,50004,122134082.00,3.79,-3.14,-0.78,5.50
2026-01-29,24.06,24.31,25.44,24.05,54159,134678992.00,5.78,1.08,0.26,5.96
2026-01-30,24.10,24.08,24.28,23.30,40308,96652576.00,4.03,-0.95,-0.23,4.44
2026-02-02,24.10,23.61,24.20,23.60,24140,58252618.00,2.49,-1.95,-0.47,2.66
2026-02-03,23.98,24.35,24.35,23.77,26142,63634840.00,2.46,3.13,0.74,2.88
2026-02-04,24.38,24.80,25.57,24.16,50288,126384755.00,5.79,1.85,0.45,5.53
2026-02-05,24.64,24.29,24.71,24.17,29009,71362852.00,2.18,-2.06,-0.51,3.19
2026-02-06,24.04,24.46,24.85,23.96,32498,80570891.00,3.66,0.70,0.17,3.58
2026-02-09,24.70,24.89,24.95,24.50,31924,79703910.00,1.84,1.76,0.43,3.51
2026-02-10,24.88,24.45,25.05,24.43,23789,59030405.00,2.49,-1.77,-0.44,2.62
2026-02-11,24.60,24.39,24.60,24.33,14226,35029260.00,1.10,-0.25,-0.06,1.57
2026-02-12,24.47,24.23,24.69,24.22,25410,62625255.00,1.93,-0.66,-0.16,2.80
2026-02-13,24.14,24.05,24.57,24.04,20783,50954915.00,2.19,-0.74,-0.18,2.29
2026-02-24,24.06,24.30,24.45,24.06,18610,45577060.00,1.62,1.04,0.25,2.05
2026-02-25,24.30,24.59,24.66,24.14,22996,56703627.00,2.14,1.19,0.29,2.53
2026-02-26,24.68,24.55,24.68,24.36,17785,43921770.00,1.30,-0.16,-0.04,1.96
2026-02-27,24.47,24.59,24.60,24.27,18965,46716248.00,1.34,0.16,0.04,2.09
2026-03-02,24.10,23.43,24.39,23.35,36396,86909282.00,4.23,-4.72,-1.16,4.01
2026-03-03,23.40,22.74,23.77,22.66,30942,72191325.00,4.74,-2.94,-0.69,3.41
2026-03-04,22.24,22.68,23.10,22.24,18590,42641068.00,3.78,-0.26,-0.06,2.05
2026-03-05,23.27,22.83,23.45,22.78,20932,48796476.00,2.95,0.66,0.15,2.30
2026-03-06,22.88,23.50,23.54,22.68,23993,56393428.00,3.77,2.93,0.67,2.64
2026-03-09,23.50,23.22,23.68,22.98,23541,55095020.00,2.98,-1.19,-0.28,2.59
2026-03-10,23.60,23.70,23.85,23.43,24232,57810564.00,1.81,2.07,0.48,2.67
2026-03-11,23.71,23.35,23.83,23.25,21423,50704746.00,2.45,-1.48,-0.35,2.36
2026-03-12,23.46,22.69,23.46,22.66,23320,53889617.00,3.43,-2.83,-0.66,2.57
2026-03-13,22.84,22.69,23.28,22.54,23337,53792139.00,3.26,0.00,0.00,2.57
2026-03-16,22.75,22.58,22.82,22.20,20826,47228920.00,2.73,-0.48,-0.11,2.29
2026-03-17,22.69,22.00,22.73,21.95,20191,45393963.00,3.45,-2.57,-0.58,2.22
2026-03-18,22.10,22.41,22.41,21.82,18626,41572998.00,2.68,1.86,0.41,2.05
2026-03-19,22.15,21.67,22.31,21.57,20274,44729328.00,3.30,-3.30,-0.74,2.23
2026-03-20,21.60,21.04,22.05,21.02,22624,48816900.00,4.75,-2.91,-0.63,2.49
2026-03-23,20.80,19.80,20.90,19.67,29476,60470280.00,5.85,-5.89,-1.24,3.24
2026-03-24,20.30,20.99,21.01,20.05,34261,70979322.00,4.85,6.01,1.19,3.77
2026-03-25,21.03,21.24,21.42,21.03,17169,36804772.00,1.86,1.19,0.25,1.89
2026-03-26,21.30,20.88,21.39,20.64,14881,31456545.00,3.53,-1.69,-0.36,1.64
2026-03-27,20.73,21.12,21.13,20.47,13367,28272811.00,3.16,1.15,0.24,1.47
2026-03-30,20.80,21.10,21.18,20.76,14938,31584433.00,1.99,-0.09,-0.02,1.64
2026-03-31,21.29,20.83,21.45,20.76,18380,39212214.00,3.27,-1.28,-0.27,2.02
2026-04-01,21.23,21.15,21.28,20.90,16660,35428488.00,1.82,1.54,0.32,1.83
2026-04-02,21.01,20.87,21.24,20.58,17566,37018835.00,3.12,-1.32,-0.28,1.93
2026-04-03,20.92,20.33,21.16,20.22,11541,23829556.00,4.50,-2.59,-0.54,1.27
2026-04-07,20.46,20.94,21.05,20.11,20814,43806824.00,4.62,3.00,0.61,2.29
2026-04-08,21.46,21.57,21.57,21.12,20327,43892390.00,2.15,3.01,0.63,2.24
2026-04-09,21.50,21.02,21.50,20.95,16808,35888289.00,2.55,-2.55,-0.55,1.85
2026-04-10,21.12,21.47,21.64,21.12,16263,35259461.00,2.47,2.14,0.45,1.79
2026-04-13,21.44,21.25,21.44,21.20,14394,30937758.00,1.12,-1.02,-0.22,1.58
2026-04-14,21.46,21.38,21.48,21.10,16869,36197460.00,1.79,0.61,0.13,1.86
2026-04-15,21.48,21.17,21.58,21.12,15602,33512395.00,2.15,-0.98,-0.21,1.72
2026-04-16,21.35,21.54,21.66,21.01,18249,39417484.00,3.07,1.75,0.37,2.01
2026-04-17,21.61,21.51,21.68,21.39,15464,33559486.00,1.35,-0.14,-0.03,1.70
2026-04-20,21.61,21.62,21.78,21.32,17948,39134359.00,2.14,0.51,0.11,1.98
2026-04-21,21.62,21.46,21.62,21.32,14717,31843287.00,1.39,-0.74,-0.16,1.62
2026-04-22,21.50,21.70,22.16,21.30,30865,67554881.00,4.01,1.12,0.24,3.40
2026-04-23,21.63,21.52,21.93,21.40,26789,58454681.00,2.44,-0.83,-0.18,2.95
2026-04-24,21.40,21.38,21.58,21.12,16919,36406228.00,2.14,-0.65,-0.14,1.86
2026-04-27,20.94,21.50,21.58,19.56,53197,110455487.00,9.45,0.56,0.12,5.85
2026-04-28,21.44,21.05,21.45,20.75,30306,64379005.00,3.26,-2.09,-0.45,3.34
2026-04-29,20.88,21.47,21.66,20.83,28519,61419610.00,3.94,2.00,0.42,3.14
2026-04-30,21.70,21.56,21.84,21.37,21783,47387338.00,2.19,0.42,0.09,2.40
2026-05-06,21.60,21.86,22.02,21.33,30292,66621733.00,3.20,1.39,0.30,3.33
2026-05-07,21.86,21.78,21.96,21.60,22125,48545872.00,1.65,-0.37,-0.08,2.44
2026-05-08,21.79,22.21,22.48,21.70,32835,73570312.00,3.58,1.97,0.43,3.40
2026-05-11,22.40,22.91,23.46,22.10,59023,136016287.00,6.12,3.15,0.70,6.11
2026-05-12,22.62,22.11,23.23,22.08,33183,75141265.00,5.02,-3.49,-0.80,3.38
2026-05-13,22.13,22.28,22.41,21.80,25492,57069369.00,2.76,0.77,0.17,2.60
2026-05-14,22.56,21.72,22.56,21.68,20618,45644280.00,3.95,-2.51,-0.56,2.10
2026-05-15,21.73,21.63,22.03,21.47,22291,48894664.00,2.58,-0.41,-0.09,2.27
2026-05-18,21.63,21.66,21.90,21.22,18936,40993342.00,3.14,0.14,0.03,1.93
2026-05-19,21.72,22.17,22.45,21.50,37025,82160664.00,4.39,2.35,0.51,3.78
2026-05-20,22.17,21.59,22.17,21.43,23918,52174035.00,3.34,-2.62,-0.58,2.44
2026-05-21,21.75,20.80,22.04,20.70,26035,56178461.00,6.21,-3.66,-0.79,2.66
2026-05-22,20.77,21.04,21.30,20.62,23588,49871512.00,3.27,1.15,0.24,2.41
2026-05-25,21.00,20.40,21.40,20.21,24145,50016658.00,5.66,-3.04,-0.64,2.46
2026-05-26,20.28,19.95,20.60,19.70,20797,42104878.00,4.41,-2.21,-0.45,2.12
2026-05-27,20.00,19.30,20.16,18.96,31686,61958437.00,6.02,-3.26,-0.65,3.23
2026-05-28,19.28,19.48,19.66,18.83,16652,32415244.00,4.30,0.93,0.18,1.70
2026-05-29,19.50,18.62,19.63,18.58,21465,40538616.00,5.39,-4.41,-0.86,2.19
2026-06-01,18.50,19.12,19.31,18.43,17421,33235383.00,4.73,2.69,0.50,1.78
2026-06-02,19.20,18.65,19.31,18.45,19670,36795437.00,4.50,-2.46,-0.47,2.01
2026-06-03,18.80,18.11,18.80,17.98,17460,31929730.00,4.40,-2.90,-0.54,1.78
2026-06-04,18.10,17.96,18.26,17.79,14797,26645000.00,2.60,-0.83,-0.15,1.51
2026-06-05,17.96,18.16,18.50,17.50,22063,39759823.00,5.57,1.11,0.20,2.25
2026-06-08,17.65,17.43,18.11,17.12,20224,35559651.00,5.45,-4.02,-0.73,2.06
2026-06-09,17.47,17.66,18.03,17.32,18042,31954939.00,4.07,1.32,0.23,1.84
2026-06-10,17.56,17.36,17.70,17.01,19257,33313516.00,3.91,-1.70,-0.30,1.96
2026-06-11,17.21,17.00,17.33,16.82,15379,26129512.00,2.94,-2.07,-0.36,1.57
2026-06-12,17.17,17.15,17.41,16.88,16402,28149590.00,3.12,0.88,0.15,1.67
2026-06-15,17.35,17.52,18.29,17.18,22603,39940315.00,6.47,2.16,0.37,2.31
2026-06-16,17.60,18.07,18.23,17.14,33293,59178182.00,6.22,3.14,0.55,3.40
2026-06-17,17.99,17.41,18.05,17.37,24396,42790551.00,3.76,-3.65,-0.66,2.49
2026-06-18,17.41,17.52,17.64,17.12,18726,32650327.00,2.99,0.63,0.11,1.91
2026-06-22,17.48,17.30,17.53,16.69,23420,39900410.00,4.79,-1.26,-0.22,2.39
2026-06-23,17.40,17.54,17.69,17.31,16953,29717380.00,2.20,1.39,0.24,1.73
2026-06-24,17.38,16.84,17.54,16.74,19078,32422180.00,4.56,-3.99,-0.70,1.95
2026-06-25,16.84,16.43,17.02,16.28,20230,33412204.00,4.39,-2.43,-0.41,2.06
2026-06-26,16.22,16.06,16.47,15.93,15853,25626493.00,3.29,-2.25,-0.37,1.62
2026-06-29,16.05,16.12,16.35,15.43,23102,36794613.00,5.73,0.37,0.06,2.36
2026-06-30,16.27,16.77,16.89,16.10,32241,53350028.92,4.90,4.03,0.65,3.29