2026-01-05,61.44,62.50,63.43,60.67,17830,111869574.00,4.57,3.55,2.14,1.87
2026-01-06,62.50,63.15,63.74,62.17,14786,93434121.00,2.51,1.04,0.65,1.55
2026-01-07,63.43,64.96,66.09,63.27,25113,162769429.00,4.47,2.87,1.81,2.63
2026-01-08,64.77,66.43,67.67,64.38,22393,148920818.00,5.06,2.26,1.47,2.35
2026-01-09,66.65,68.13,68.18,66.18,25004,168986922.00,3.01,2.56,1.70,2.62
2026-01-12,68.32,71.30,72.58,67.69,39179,275027850.00,7.18,4.65,3.17,4.11
2026-01-13,70.88,66.97,70.88,66.80,32131,218536451.00,5.72,-6.07,-4.33,3.37
2026-01-14,67.77,66.27,68.22,65.67,26338,176844037.00,3.81,-1.05,-0.70,2.76
2026-01-15,66.10,68.17,69.57,65.78,26494,179657017.00,5.72,2.87,1.90,2.78
2026-01-16,71.18,67.27,71.57,66.77,28283,192993388.00,7.04,-1.32,-0.90,2.97
2026-01-19,67.46,68.48,69.75,67.46,21368,147473315.00,3.40,1.80,1.21,2.24
2026-01-20,67.78,67.18,68.95,66.56,17559,118711697.00,3.49,-1.90,-1.30,1.84
2026-01-21,66.77,67.62,68.22,66.77,15391,104446443.00,2.16,0.65,0.44,1.61
2026-01-22,67.98,67.41,68.57,66.77,16052,108853588.00,2.66,-0.31,-0.21,1.68
2026-01-23,67.57,68.36,68.36,66.58,21694,147014269.00,2.64,1.41,0.95,2.28
2026-01-26,68.36,65.87,69.14,65.48,25453,169451925.00,5.35,-3.64,-2.49,2.67
2026-01-27,65.68,66.10,66.60,63.79,17488,114889649.00,4.27,0.35,0.23,1.83
2026-01-28,65.83,64.79,66.84,64.45,17801,116334822.00,3.62,-1.98,-1.31,1.87
2026-01-29,64.83,63.09,65.75,62.96,16429,105760628.00,4.31,-2.62,-1.70,1.72
2026-01-30,63.23,64.14,64.24,62.37,14654,93071644.00,2.96,1.66,1.05,1.54
2026-02-02,64.47,62.39,65.52,62.32,16892,108542273.00,4.99,-2.73,-1.75,1.77
2026-02-03,62.64,63.90,64.75,62.47,17068,108769550.00,3.65,2.42,1.51,1.79
2026-02-04,64.17,62.85,64.17,62.04,14714,92671781.00,3.33,-1.64,-1.05,1.54
2026-02-05,62.57,61.73,62.57,61.21,9599,59487515.00,2.16,-1.78,-1.12,1.01
2026-02-06,61.65,61.77,62.49,60.77,6376,39527454.00,2.79,0.06,0.04,0.67
2026-02-09,62.59,63.01,63.55,61.76,10449,65820710.00,2.90,2.01,1.24,1.10
2026-02-10,63.01,62.56,63.01,62.27,9220,57859828.00,1.17,-0.71,-0.45,0.97
2026-02-11,62.73,62.09,62.96,61.99,6887,43099384.00,1.55,-0.75,-0.47,0.72
2026-02-12,62.10,62.80,63.25,61.78,9572,60311814.00,2.37,1.14,0.71,1.00
2026-02-13,63.06,62.89,63.96,62.55,11110,70709066.00,2.25,0.14,0.09,1.17
2026-02-24,62.86,63.81,64.34,62.29,14565,93061496.00,3.26,1.46,0.92,1.53
2026-02-25,63.18,63.38,63.75,62.84,14600,92650978.00,1.43,-0.67,-0.43,1.53
2026-02-26,63.41,64.36,64.36,62.77,14195,90810504.00,2.51,1.55,0.98,1.49
2026-02-27,64.33,63.66,64.33,62.41,11644,74041557.00,2.98,-1.09,-0.70,1.22
2026-03-02,63.63,62.57,65.34,62.47,21912,139896689.00,4.51,-1.71,-1.09,2.30
2026-03-03,61.97,58.10,63.36,58.10,21852,131947819.00,8.41,-7.14,-4.47,2.29
2026-03-04,57.25,57.82,58.88,57.20,9707,56662954.00,2.89,-0.48,-0.28,1.02
2026-03-05,58.46,59.87,61.00,58.46,12797,76657975.00,4.39,3.55,2.05,1.34
2026-03-06,59.77,61.09,62.07,59.48,13158,80846095.00,4.33,2.04,1.22,1.38
2026-03-09,60.09,60.65,60.70,58.57,14525,86819041.00,3.49,-0.72,-0.44,1.52
2026-03-10,61.27,62.11,62.26,60.37,11044,68517343.00,3.12,2.41,1.46,1.16
2026-03-11,62.57,62.81,64.46,62.57,17297,110203280.00,3.04,1.13,0.70,1.81
2026-03-12,62.37,60.64,63.23,59.98,11709,72090241.00,5.17,-3.45,-2.17,1.23
2026-03-13,60.77,60.52,61.74,59.88,8699,53152483.00,3.07,-0.20,-0.12,0.91
2026-03-16,60.41,61.44,61.69,59.21,11045,67191483.00,4.10,1.52,0.92,1.16
2026-03-17,61.38,59.52,61.57,59.43,7028,42765123.00,3.48,-3.13,-1.92,0.74
2026-03-18,59.27,60.56,60.76,59.17,8179,49223853.00,2.67,1.75,1.04,0.86
2026-03-19,59.97,59.44,60.50,59.08,8277,49459200.00,2.34,-1.85,-1.12,0.87
2026-03-20,59.47,58.78,59.92,58.78,7997,47551856.00,1.92,-1.11,-0.66,0.84
2026-03-23,58.25,54.81,58.25,54.27,20786,116554781.00,6.77,-6.75,-3.97,2.18
2026-03-24,56.60,55.78,56.60,53.92,15010,82673681.00,4.89,1.77,0.97,1.57
2026-03-25,56.21,56.25,57.39,55.87,11153,63268043.00,2.72,0.84,0.47,1.17
2026-03-26,55.87,54.06,56.34,53.85,10545,57954123.00,4.43,-3.89,-2.19,1.11
2026-03-27,53.76,53.43,54.38,53.28,16862,91022113.00,2.03,-1.17,-0.63,1.77
2026-03-30,52.99,52.85,53.46,51.59,16200,85404135.00,3.50,-1.09,-0.58,1.70
2026-03-31,52.56,51.44,53.24,51.44,12401,64870300.00,3.41,-2.67,-1.41,1.30
2026-04-01,53.75,53.12,53.75,52.31,12605,66913285.00,2.80,3.27,1.68,1.32
2026-04-02,52.67,52.68,53.32,52.40,11848,62831719.00,1.73,-0.83,-0.44,1.24
2026-04-03,52.39,52.12,52.79,51.89,8427,44310885.00,1.71,-1.06,-0.56,0.88
2026-04-07,52.07,52.02,52.67,51.80,8728,45759499.00,1.67,-0.19,-0.10,0.92
2026-04-08,52.77,55.39,55.65,52.77,14523,79453958.00,5.54,6.48,3.37,1.52
2026-04-09,55.07,54.77,55.59,54.53,8815,48686767.00,1.91,-1.12,-0.62,0.92
2026-04-10,55.76,55.67,56.55,55.06,10646,59729751.00,2.72,1.64,0.90,1.12
2026-04-13,55.89,55.97,57.18,55.16,12232,69141948.00,3.63,0.54,0.30,1.28
2026-04-14,56.27,56.02,56.76,55.67,10797,60706596.00,1.95,0.09,0.05,1.13
2026-04-15,56.30,56.05,57.15,55.82,7915,44839247.00,2.37,0.05,0.03,0.83
2026-04-16,56.04,57.03,57.90,55.86,12264,70329507.00,3.64,1.75,0.98,1.29
2026-04-17,57.76,59.09,59.33,56.88,11799,68986846.00,4.30,3.61,2.06,1.24
2026-04-20,59.10,59.01,60.42,58.62,13250,78845523.00,3.05,-0.14,-0.08,1.39
2026-04-21,58.95,58.27,58.95,57.28,12718,74139393.00,2.83,-1.25,-0.74,1.33
2026-04-22,57.48,58.63,58.97,57.48,12779,74703237.00,2.56,0.62,0.36,1.34
2026-04-23,58.34,58.45,59.93,57.76,13019,76727386.00,3.70,-0.31,-0.18,1.37
2026-04-24,57.86,59.89,60.32,57.86,17725,106127970.00,4.21,2.46,1.44,1.86
2026-04-27,59.65,60.57,60.75,58.77,12571,75759912.00,3.31,1.14,0.68,1.32
2026-04-28,56.38,56.89,58.34,56.37,30997,178029655.00,3.25,-6.08,-3.68,3.25
2026-04-29,56.45,59.24,60.77,56.37,22071,130397479.00,7.73,4.13,2.35,2.32
2026-04-30,58.73,59.96,60.34,58.73,15054,90229762.00,2.72,1.22,0.72,1.58
2026-05-06,60.78,59.22,61.25,58.91,23121,138293489.00,3.90,-1.23,-0.74,2.43
2026-05-07,59.46,59.29,59.86,58.38,13953,82981207.00,2.50,0.12,0.07,1.46
2026-05-08,59.39,59.76,60.15,58.63,12680,75790170.00,2.56,0.79,0.47,1.33
2026-05-11,59.76,63.96,65.66,59.50,44478,279571281.00,10.31,7.03,4.20,4.67
2026-05-12,63.88,62.67,63.88,61.83,22356,140547795.00,3.21,-2.02,-1.29,2.35
2026-05-13,61.77,65.63,66.77,61.77,38050,247864590.00,7.98,4.72,2.96,3.99
2026-05-14,65.16,63.80,66.69,63.79,20134,131704032.00,4.42,-2.79,-1.83,2.11
2026-05-15,63.81,64.43,65.31,62.99,22913,147693345.00,3.64,0.99,0.63,2.40
2026-05-18,64.74,64.98,66.54,63.14,21605,141135008.00,5.28,0.85,0.55,2.27
2026-05-19,65.66,65.74,65.86,64.21,16769,109721810.00,2.54,1.17,0.76,1.76
2026-05-20,65.77,66.52,66.57,64.64,18422,121266281.00,2.94,1.19,0.78,1.93
2026-05-21,67.27,64.89,70.27,64.77,41911,285478731.00,8.27,-2.45,-1.63,4.40
2026-05-22,64.92,67.66,68.91,64.63,23431,156982292.00,6.60,4.27,2.77,2.46
2026-05-25,67.67,66.72,68.27,66.20,21224,142866113.00,3.06,-1.39,-0.94,2.23
2026-05-26,66.99,64.63,66.99,63.27,26992,174694702.00,5.58,-3.13,-2.09,2.83
2026-05-27,64.11,64.37,65.52,63.42,18628,120515574.00,3.25,-0.40,-0.26,1.95
2026-05-28,63.58,68.67,69.27,63.58,37415,254344424.00,8.84,6.68,4.30,3.93
2026-05-29,68.48,63.41,68.66,62.87,32699,214000123.00,8.43,-7.66,-5.26,3.43
2026-06-01,63.32,61.82,64.75,60.91,24541,154895016.00,6.06,-2.51,-1.59,2.57
2026-06-02,61.42,62.01,63.23,58.57,26562,162785773.00,7.54,0.31,0.19,2.79
2026-06-03,62.00,61.66,64.14,60.79,19384,121086997.00,5.40,-0.56,-0.35,2.03
2026-06-04,60.68,61.72,63.84,60.38,17911,111489354.00,5.61,0.10,0.06,1.88
2026-06-05,61.72,61.77,63.63,59.58,22614,140156095.00,6.56,0.08,0.05,2.37
2026-06-08,55.77,57.64,60.42,55.77,27859,162531098.00,7.53,-6.69,-4.13,2.92
2026-06-09,57.77,60.47,61.77,56.88,33946,204507064.00,8.48,4.91,2.83,3.56
2026-06-10,59.87,58.67,61.23,57.17,19944,118117238.00,6.71,-2.98,-1.80,2.09
2026-06-11,57.86,60.20,61.15,57.83,26426,158777987.00,5.66,2.61,1.53,2.77
2026-06-12,61.28,58.34,61.52,57.42,22881,135713417.00,6.81,-3.09,-1.86,2.40
2026-06-15,58.09,62.16,62.26,58.09,34347,209440929.00,7.15,6.55,3.82,3.60
2026-06-16,62.17,62.52,63.45,61.29,16671,104708133.00,3.47,0.58,0.36,1.75
2026-06-17,62.12,63.80,64.07,61.97,18183,115360478.00,3.36,2.05,1.28,1.91
2026-06-18,63.80,64.41,66.27,63.22,20997,136287801.00,4.78,0.96,0.61,2.20
2026-06-22,64.90,63.97,66.87,62.85,34207,222433410.00,6.24,-0.68,-0.44,3.59
2026-06-23,64.33,62.26,65.27,61.44,26354,167162711.00,5.99,-2.67,-1.71,2.76
2026-06-24,61.77,59.81,62.88,58.88,27171,163960852.00,6.42,-3.94,-2.45,2.85
2026-06-25,59.67,58.22,60.92,57.76,25846,152584574.00,5.28,-2.66,-1.59,2.71
2026-06-26,59.37,59.43,61.38,57.28,40547,241838369.00,7.04,2.08,1.21,4.25
2026-06-29,60.04,66.65,67.87,60.02,74274,489059018.00,13.21,12.15,7.22,7.79
2026-06-30,66.55,74.18,76.37,66.20,65625,478216266.00,15.26,11.30,7.53,6.89
2026-07-01,73.32,69.39,75.32,68.48,58433,419687669.00,9.22,-6.46,-4.79,6.13
2026-07-02,67.77,74.62,76.77,65.85,69100,504399957.00,15.74,7.54,5.23,7.25
2026-07-03,76.01,73.01,77.99,71.43,51634,381224946.00,8.79,-2.16,-1.61,5.42
2026-07-06,71.51,85.26,87.61,71.51,90668,751003840.00,22.05,16.78,12.25,9.51
2026-07-07,86.71,88.95,93.00,82.90,91891,821787454.00,11.85,4.33,3.69,9.64
2026-07-08,88.14,87.70,91.00,85.00,68249,600218101.00,6.75,-1.41,-1.25,7.16
2026-07-09,93.00,100.97,102.55,86.11,113593,1068538317.00,18.75,15.13,13.27,11.92
2026-07-10,101.46,103.00,112.99,100.00,116933,1234574928.00,12.87,2.01,2.03,12.27
2026-07-13,98.17,93.46,102.01,92.10,79021,763911416.00,9.62,-9.26,-9.54,8.29