2026-01-05,16.18,15.73,16.24,15.64,54926,86700629.00,3.71,-2.84,-0.46,2.18
2026-01-06,15.79,15.30,15.80,15.19,62198,95522701.00,3.88,-2.73,-0.43,2.47
2026-01-07,15.30,15.18,15.43,14.98,46077,69982241.00,2.94,-0.78,-0.12,1.83
2026-01-08,15.40,15.19,15.40,15.09,30426,46304518.00,2.04,0.07,0.01,1.21
2026-01-09,15.17,15.08,15.29,15.00,60439,91545026.00,1.91,-0.72,-0.11,2.40
2026-01-12,15.16,14.92,15.46,14.76,83766,125505538.00,4.64,-1.06,-0.16,3.32
2026-01-13,14.96,14.69,15.30,14.59,68993,102935840.00,4.76,-1.54,-0.23,2.74
2026-01-14,14.68,15.20,15.36,14.68,95735,144482121.00,4.63,3.47,0.51,3.80
2026-01-15,15.37,15.37,15.50,15.04,63347,96972048.00,3.03,1.12,0.17,2.51
2026-01-16,15.50,14.97,15.59,14.95,58262,88140649.00,4.16,-2.60,-0.40,2.31
2026-01-19,15.02,16.00,16.44,14.80,122892,195186715.00,10.96,6.88,1.03,4.87
2026-01-20,16.00,15.20,16.00,14.93,86044,131972062.00,6.69,-5.00,-0.80,3.41
2026-01-21,15.08,15.09,15.24,14.98,27567,41605521.00,1.71,-0.72,-0.11,1.09
2026-01-22,15.16,14.95,15.19,14.89,38289,57424416.00,1.99,-0.93,-0.14,1.52
2026-01-23,15.04,14.56,15.04,14.47,78549,115658435.00,3.81,-2.61,-0.39,3.12
2026-01-26,14.49,14.10,14.56,14.03,65515,93065101.00,3.64,-3.16,-0.46,2.60
2026-01-27,14.10,13.97,14.25,13.73,49221,68455076.00,3.69,-0.92,-0.13,1.95
2026-01-28,14.15,13.79,14.15,13.60,44854,61760046.00,3.94,-1.29,-0.18,1.78
2026-01-29,13.79,13.36,13.84,13.21,83018,111418583.00,4.57,-3.12,-0.43,3.29
2026-01-30,13.30,13.55,13.64,13.18,59960,80559233.00,3.44,1.42,0.19,2.38
2026-02-02,13.42,13.70,14.23,13.30,70283,97463416.00,6.86,1.11,0.15,2.79
2026-02-03,13.80,13.87,14.13,13.60,51305,71237766.00,3.87,1.24,0.17,2.03
2026-02-04,13.75,13.91,14.75,13.73,81324,115479370.00,7.35,0.29,0.04,3.23
2026-02-05,13.65,13.98,14.15,13.65,40180,56264189.00,3.59,0.50,0.07,1.59
2026-02-06,13.90,14.54,14.73,13.88,83924,121363877.00,6.08,4.01,0.56,3.33
2026-02-09,14.67,14.73,14.75,14.34,65280,95066048.00,2.82,1.31,0.19,2.59
2026-02-10,14.76,14.94,15.09,14.67,58336,87168910.00,2.85,1.43,0.21,2.31
2026-02-11,15.04,14.70,15.15,14.56,68626,102308460.00,3.95,-1.61,-0.24,2.72
2026-02-12,14.70,14.34,14.70,14.24,55301,79955223.00,3.13,-2.45,-0.36,2.19
2026-02-13,14.34,14.30,14.65,14.20,46929,67483032.00,3.14,-0.28,-0.04,1.86
2026-02-24,14.33,14.45,14.58,14.33,35759,51681296.00,1.75,1.05,0.15,1.42
2026-02-25,14.43,14.71,14.98,14.31,46377,68371586.00,4.64,1.80,0.26,1.84
2026-02-26,14.69,14.26,14.72,14.19,48438,69273142.00,3.60,-3.06,-0.45,1.92
2026-02-27,14.31,14.63,14.65,14.17,45928,66707294.00,3.37,2.59,0.37,1.82
2026-03-02,14.39,14.60,15.13,14.33,71004,104396151.00,5.47,-0.21,-0.03,2.82
2026-03-03,14.68,13.60,14.73,13.50,83808,117128768.00,8.42,-6.85,-1.00,3.32
2026-03-04,13.34,13.62,13.80,13.34,33404,45479963.00,3.38,0.15,0.02,1.32
2026-03-05,13.77,13.80,13.98,13.72,41282,57120992.00,1.91,1.32,0.18,1.64
2026-03-06,13.80,14.11,14.21,13.75,39037,54828241.00,3.33,2.25,0.31,1.55
2026-03-09,14.01,14.06,14.13,13.61,41850,58083068.00,3.69,-0.35,-0.05,1.66
2026-03-10,14.33,14.12,14.42,14.08,38416,54574381.00,2.42,0.43,0.06,1.52
2026-03-11,14.17,13.91,14.19,13.86,34592,48353385.00,2.34,-1.49,-0.21,1.37
2026-03-12,13.94,13.58,13.94,13.54,43449,59337592.00,2.88,-2.37,-0.33,1.72
2026-03-13,13.58,13.60,13.85,13.52,35288,48379389.00,2.43,0.15,0.02,1.40
2026-03-16,13.60,13.74,13.95,13.55,30151,41525694.00,2.94,1.03,0.14,1.20
2026-03-17,13.77,13.35,13.99,13.31,40128,54201491.00,4.95,-2.84,-0.39,1.59
2026-03-18,13.31,13.39,13.45,13.20,30793,41076747.00,1.87,0.30,0.04,1.22
2026-03-19,13.35,13.93,14.26,13.20,91838,126796491.00,7.92,4.03,0.54,3.64
2026-03-20,14.09,15.50,16.20,14.09,246156,375739644.00,15.15,11.27,1.57,9.76
2026-03-23,15.17,15.35,15.93,15.10,151764,235290015.00,5.35,-0.97,-0.15,6.02
2026-03-24,15.65,15.74,15.98,15.30,110359,172462353.00,4.43,2.54,0.39,4.38
2026-03-25,15.62,15.02,15.80,14.95,130500,198342266.00,5.40,-4.57,-0.72,5.18
2026-03-26,14.99,14.62,15.23,14.50,78675,116158819.00,4.86,-2.66,-0.40,3.12
2026-03-27,14.46,15.28,15.58,14.40,83538,126230532.00,8.07,4.51,0.66,3.31
2026-03-30,15.09,15.01,15.35,14.90,58910,88619840.00,2.95,-1.77,-0.27,2.34
2026-03-31,15.05,14.40,15.05,14.32,50056,73222939.00,4.86,-4.06,-0.61,1.99
2026-04-01,14.60,14.48,14.75,14.32,42207,61109060.00,2.99,0.56,0.08,1.67
2026-04-02,14.42,14.42,14.90,14.15,43107,62276532.00,5.18,-0.41,-0.06,1.71
2026-04-03,14.42,13.64,14.42,13.30,80843,110402123.00,7.77,-5.41,-0.78,3.21
2026-04-07,13.90,14.55,14.62,13.60,77060,108828417.00,7.48,6.67,0.91,3.06
2026-04-08,14.73,14.72,14.97,14.46,58852,86389455.00,3.51,1.17,0.17,2.33
2026-04-09,14.61,14.54,14.72,14.35,36507,53101134.00,2.51,-1.22,-0.18,1.45
2026-04-10,14.70,14.87,15.36,14.61,68612,103016692.00,5.16,2.27,0.33,2.72
2026-04-13,14.80,14.90,15.15,14.55,47583,70838020.00,4.03,0.20,0.03,1.89
2026-04-14,14.96,14.87,15.05,14.71,41554,61682672.00,2.28,-0.20,-0.03,1.65
2026-04-15,14.95,14.66,14.95,14.63,37871,55823626.00,2.15,-1.41,-0.21,1.50
2026-04-16,14.74,15.00,15.02,14.42,55601,81672519.00,4.09,2.32,0.34,2.21
2026-04-17,14.99,14.97,15.53,14.90,49318,74470490.00,4.20,-0.20,-0.03,1.96
2026-04-20,14.90,14.61,14.90,14.61,44890,66086224.00,1.94,-2.40,-0.36,1.78
2026-04-21,14.75,14.44,14.75,14.36,26955,39013806.00,2.67,-1.16,-0.17,1.07
2026-04-22,14.36,14.15,14.44,14.02,41135,58315224.00,2.91,-2.01,-0.29,1.63
2026-04-23,14.35,13.85,14.51,13.72,54815,76953407.00,5.58,-2.12,-0.30,2.17
2026-04-24,13.82,13.92,14.08,13.80,37374,52074872.00,2.02,0.51,0.07,1.48
2026-04-27,13.82,14.10,14.29,13.82,38729,54592877.00,3.38,1.29,0.18,1.54
2026-04-28,13.97,13.82,14.05,13.70,34223,47322273.00,2.48,-1.99,-0.28,1.36
2026-04-29,13.72,13.86,14.08,13.63,27008,37535560.00,3.26,0.29,0.04,1.07
2026-04-30,13.95,14.02,14.07,13.83,19663,27444295.00,1.73,1.15,0.16,0.78
2026-05-06,14.03,14.32,14.52,14.03,52995,75333530.00,3.50,2.14,0.30,2.10
2026-05-07,14.23,15.17,15.36,14.15,99320,147223368.00,8.45,5.94,0.85,3.94
2026-05-08,15.05,14.66,15.35,14.52,63256,93754376.00,5.47,-3.36,-0.51,2.51
2026-05-11,14.78,14.31,15.10,14.30,56298,81990727.00,5.46,-2.39,-0.35,2.23
2026-05-12,14.46,13.91,14.46,13.86,44372,62181925.00,4.19,-2.80,-0.40,1.76
2026-05-13,13.93,13.85,14.15,13.68,43833,60826687.00,3.38,-0.43,-0.06,1.74
2026-05-14,13.95,13.65,13.95,13.62,34695,47586108.00,2.38,-1.44,-0.20,1.38
2026-05-15,13.66,13.49,13.80,13.39,35312,48084625.00,3.00,-1.17,-0.16,1.40
2026-05-18,13.47,13.80,13.98,13.35,46040,63246282.00,4.67,2.30,0.31,1.83
2026-05-19,13.70,13.84,14.35,13.61,49876,69438252.00,5.36,0.29,0.04,1.98
2026-05-20,13.80,13.66,13.80,13.45,38915,53026851.00,2.53,-1.30,-0.18,1.54
2026-05-21,13.65,13.12,13.70,13.01,50333,67368414.00,5.05,-3.95,-0.54,2.00
2026-05-22,13.27,13.31,13.48,13.00,37442,49624704.00,3.66,1.45,0.19,1.48
2026-05-25,13.33,13.17,13.48,13.09,28587,37832455.00,2.93,-1.05,-0.14,1.13
2026-05-26,13.10,12.90,13.17,12.61,43401,55808679.00,4.25,-2.05,-0.27,1.72
2026-05-27,12.90,12.70,12.96,12.49,40779,51708732.00,3.64,-1.55,-0.20,1.62
2026-05-28,12.94,12.73,13.36,12.51,44946,57671306.00,6.69,0.24,0.03,1.78
2026-05-29,12.70,13.28,13.29,12.26,66828,85061014.00,8.09,4.32,0.55,2.65
2026-06-01,13.17,13.03,13.30,12.90,30015,39303921.00,3.01,-1.88,-0.25,1.19
2026-06-02,13.06,12.78,13.06,12.72,25386,32536166.00,2.61,-1.92,-0.25,1.01
2026-06-03,12.78,12.75,12.99,12.58,34370,43927128.00,3.21,-0.23,-0.03,1.36
2026-06-04,12.58,12.60,13.10,12.31,37254,46780039.00,6.20,-1.18,-0.15,1.48
2026-06-05,12.47,12.46,12.73,12.32,26804,33570882.00,3.25,-1.11,-0.14,1.06
2026-06-08,12.21,12.21,12.64,12.05,34995,43107927.00,4.74,-2.01,-0.25,1.39
2026-06-09,12.32,12.13,12.40,12.06,23946,29105612.00,2.78,-0.66,-0.08,0.95
2026-06-10,12.25,12.23,12.34,11.94,32162,39069207.00,3.30,0.82,0.10,1.28
2026-06-11,12.14,12.05,12.25,11.66,38252,45563712.00,4.82,-1.47,-0.18,1.52
2026-06-12,12.15,12.18,12.40,11.93,28476,34803597.00,3.90,1.08,0.13,1.13
2026-06-15,12.18,12.49,12.58,12.16,31651,39297199.00,3.45,2.55,0.31,1.26
2026-06-16,12.45,12.22,12.55,12.14,32759,40156496.00,3.28,-2.16,-0.27,1.30
2026-06-17,12.18,12.30,12.70,12.18,47075,58500867.00,4.26,0.65,0.08,1.87
2026-06-18,12.28,11.92,12.37,11.86,44210,53220655.00,4.15,-3.09,-0.38,1.75
2026-06-22,11.92,11.60,11.92,11.35,48410,55893443.00,4.78,-2.68,-0.32,1.92
2026-06-23,11.60,11.60,11.87,11.47,28866,33654633.00,3.45,0.00,0.00,1.14
2026-06-24,11.76,11.47,11.76,11.31,27194,31110494.00,3.88,-1.12,-0.13,1.08
2026-06-25,11.45,11.53,11.59,10.96,67864,76438342.00,5.49,0.52,0.06,2.69
2026-06-26,11.86,11.31,11.86,11.01,45595,51391182.00,7.37,-1.91,-0.22,1.81
2026-06-29,11.10,12.10,12.95,10.91,106045,124771881.00,18.04,6.98,0.79,4.21
2026-06-30,12.30,12.50,13.23,11.90,113649,144465148.00,10.99,3.31,0.40,4.51
2026-07-01,12.60,11.92,12.66,11.85,71186,86629009.00,6.48,-4.64,-0.58,2.82
2026-07-02,11.92,11.94,12.17,11.68,28907,34648526.00,4.11,0.17,0.02,1.15
2026-07-03,11.90,11.83,12.06,11.69,23747,28156956.00,3.10,-0.92,-0.11,0.94
2026-07-06,11.89,11.39,11.90,11.38,35880,41538290.00,4.40,-3.72,-0.44,1.42
2026-07-07,11.33,11.12,11.39,11.05,28393,31700785.00,2.99,-2.37,-0.27,1.13
2026-07-08,11.25,10.89,11.28,10.88,25911,28499734.00,3.60,-2.07,-0.23,1.03
2026-07-09,10.88,10.89,10.95,10.59,32229,34736781.00,3.31,0.00,0.00,1.28
2026-07-10,11.06,10.97,11.62,10.95,30553,34079633.00,6.15,0.73,0.08,1.21
2026-07-13,10.89,10.82,11.32,10.73,31229,34337123.00,5.38,-1.37,-0.15,1.24
2026-07-14,10.80,10.83,10.94,10.55,21849,23471015.00,3.60,0.09,0.01,0.87
2026-07-15,10.83,10.70,11.05,10.63,16597,17940762.00,3.88,-1.20,-0.13,0.66
2026-07-16,10.69,10.59,10.80,10.56,19157,20461181.00,2.24,-1.03,-0.11,0.76
2026-07-17,10.60,10.15,10.69,10.08,30541,31568014.00,5.76,-4.15,-0.44,1.21
2026-07-20,10.18,9.83,10.48,9.75,36584,36874879.00,7.19,-3.15,-0.32,1.45
2026-07-21,9.98,10.20,10.26,9.61,40042,39702077.00,6.61,3.76,0.37,1.59
2026-07-22,10.20,10.09,10.39,10.05,16401,16686139.00,3.33,-1.08,-0.11,0.65
2026-07-23,10.01,10.21,10.24,9.98,18253,18464055.00,2.58,1.19,0.12,0.72
2026-07-24,10.18,10.06,10.30,10.00,18484,18748022.00,2.94,-1.47,-0.15,0.73
2026-07-27,10.20,10.48,10.60,9.99,24694,25616913.00,6.06,4.17,0.42,0.98
2026-07-28,10.49,10.77,11.30,10.40,36757,40050367.00,8.59,2.77,0.29,1.46
2026-07-29,10.70,10.86,10.99,10.61,22913,24809677.00,3.53,0.84,0.09,0.91
2026-07-30,10.75,10.85,11.07,10.74,25332,27681974.00,3.04,-0.09,-0.01,1.00
2026-07-31,10.85,10.75,10.95,10.60,24698,26607844.00,3.23,-0.92,-0.10,0.98
2026-08-03,10.75,11.15,11.25,10.75,34226,37670248.00,4.65,3.72,0.40,1.36
2026-08-04,11.10,11.30,11.78,11.10,37034,42269930.00,6.10,1.35,0.15,1.47
2026-08-05,11.35,11.59,11.75,11.26,23129,26681174.00,4.34,2.57,0.29,0.92