2026-01-05,11.50,11.57,11.60,11.40,36133,42547687.00,1.75,0.96,0.11,0.90
2026-01-06,11.59,11.68,11.68,11.51,48886,57958523.00,1.47,0.95,0.11,1.22
2026-01-07,11.65,11.57,11.67,11.53,43085,51007483.00,1.20,-0.94,-0.11,1.07
2026-01-08,11.54,11.71,11.81,11.48,62900,74848955.00,2.85,1.21,0.14,1.57
2026-01-09,11.71,11.78,11.81,11.65,51933,62228623.00,1.37,0.60,0.07,1.30
2026-01-12,11.78,12.05,12.15,11.76,82678,100726623.00,3.31,2.29,0.27,2.06
2026-01-13,12.05,11.83,12.12,11.75,80293,98144417.00,3.07,-1.83,-0.22,2.00
2026-01-14,11.83,11.79,11.97,11.63,78197,94453539.00,2.87,-0.34,-0.04,1.95
2026-01-15,11.69,11.69,11.83,11.61,53897,64295125.00,1.87,-0.85,-0.10,1.34
2026-01-16,11.72,11.55,11.75,11.52,49272,58266503.00,1.97,-1.20,-0.14,1.23
2026-01-19,11.53,11.72,11.80,11.48,51591,61615748.00,2.77,1.47,0.17,1.29
2026-01-20,11.72,11.79,11.96,11.72,54087,65269073.00,2.05,0.60,0.07,1.35
2026-01-21,11.77,11.71,11.81,11.62,32113,38348389.00,1.61,-0.68,-0.08,0.80
2026-01-22,11.69,11.83,11.86,11.69,41579,50095763.00,1.45,1.02,0.12,1.04
2026-01-23,11.83,11.87,11.89,11.79,40285,48724085.00,0.85,0.34,0.04,1.00
2026-01-26,11.87,11.86,11.93,11.70,47154,56844814.00,1.94,-0.08,-0.01,1.18
2026-01-27,11.86,11.74,11.87,11.53,44593,53130719.00,2.87,-1.01,-0.12,1.11
2026-01-28,11.74,11.60,11.80,11.58,34172,40698928.00,1.87,-1.19,-0.14,0.85
2026-01-29,11.60,11.89,11.93,11.47,69785,83994522.00,3.97,2.50,0.29,1.74
2026-01-30,11.90,11.67,11.93,11.56,58021,69604481.00,3.11,-1.85,-0.22,1.45
2026-02-02,11.67,11.78,11.97,11.61,75481,91489945.00,3.08,0.94,0.11,1.88
2026-02-03,11.78,11.72,11.98,11.61,54928,65784485.00,3.14,-0.51,-0.06,1.37
2026-02-04,11.60,11.74,11.79,11.55,42034,50295673.00,2.05,0.17,0.02,1.05
2026-02-05,11.72,11.85,12.03,11.65,80945,98553501.00,3.24,0.94,0.11,2.02
2026-02-06,11.86,11.75,11.95,11.69,48359,58126053.00,2.19,-0.84,-0.10,1.21
2026-02-09,11.80,11.69,11.80,11.63,62907,75026921.00,1.45,-0.51,-0.06,1.57
2026-02-10,11.68,11.57,11.68,11.53,51046,60361001.00,1.28,-1.03,-0.12,1.27
2026-02-11,11.55,11.53,11.62,11.51,32567,38437397.00,0.95,-0.35,-0.04,0.81
2026-02-12,11.55,11.31,11.56,11.31,50287,58432036.00,2.17,-1.91,-0.22,1.25
2026-02-13,11.33,11.06,11.37,11.05,47279,54139376.00,2.83,-2.21,-0.25,1.18
2026-02-24,11.05,11.07,11.10,10.96,32491,36682274.00,1.27,0.09,0.01,0.81
2026-02-25,11.07,11.14,11.21,11.07,50724,57733889.00,1.26,0.63,0.07,1.26
2026-02-26,11.14,10.97,11.15,10.94,40089,45170671.00,1.89,-1.53,-0.17,1.00
2026-02-27,10.96,11.01,11.02,10.94,20271,22786105.00,0.73,0.36,0.04,0.51
2026-03-02,10.87,10.57,10.90,10.55,54318,59427097.00,3.18,-4.00,-0.44,1.35
2026-03-03,10.56,10.41,10.71,10.40,43184,46668299.00,2.93,-1.51,-0.16,1.08
2026-03-04,10.42,10.17,10.42,10.14,35530,37284171.00,2.69,-2.31,-0.24,0.89
2026-03-05,10.30,10.28,10.40,10.25,28993,30615765.00,1.47,1.08,0.11,0.72
2026-03-06,10.24,10.48,10.49,10.18,35874,38134815.00,3.02,1.95,0.20,0.89
2026-03-09,10.36,10.41,10.47,10.30,28315,30103082.00,1.62,-0.67,-0.07,0.71
2026-03-10,10.47,10.50,10.53,10.44,20689,22222696.00,0.86,0.86,0.09,0.52
2026-03-11,10.53,10.42,10.55,10.39,20988,22426877.00,1.52,-0.76,-0.08,0.52
2026-03-12,10.41,10.38,10.50,10.35,20225,21557209.00,1.44,-0.38,-0.04,0.50
2026-03-13,10.34,10.36,10.46,10.30,25143,26756214.00,1.54,-0.19,-0.02,0.63
2026-03-16,10.31,10.44,10.45,10.29,28560,30421561.00,1.54,0.77,0.08,0.71
2026-03-17,10.47,10.38,10.54,10.37,29432,31555744.00,1.63,-0.57,-0.06,0.73
2026-03-18,10.36,10.32,10.38,10.21,26275,27630358.00,1.64,-0.58,-0.06,0.66
2026-03-19,10.21,10.07,10.27,10.05,26582,27593490.00,2.13,-2.42,-0.25,0.66
2026-03-20,10.07,9.83,10.14,9.83,31816,32388769.00,3.08,-2.38,-0.24,0.79
2026-03-23,9.83,9.37,9.83,9.31,48269,47252565.00,5.29,-4.68,-0.46,1.20
2026-03-24,9.55,9.70,9.72,9.40,33999,33335549.00,3.42,3.52,0.33,0.85
2026-03-25,9.75,9.92,9.93,9.74,27269,27575706.00,1.96,2.27,0.22,0.68
2026-03-26,9.88,9.76,10.01,9.72,23705,23907776.00,2.92,-1.61,-0.16,0.59
2026-03-27,9.65,9.95,9.97,9.65,26683,26994304.00,3.28,1.95,0.19,0.67
2026-03-30,9.83,9.96,10.01,9.81,22846,23292418.00,2.01,0.10,0.01,0.57
2026-03-31,10.00,9.87,10.15,9.86,25209,25820002.00,2.91,-0.90,-0.09,0.63
2026-04-01,9.95,10.02,10.03,9.88,27744,28340744.00,1.52,1.52,0.15,0.69
2026-04-02,10.01,9.90,10.03,9.86,22006,22417184.00,1.70,-1.20,-0.12,0.55
2026-04-03,9.92,9.62,9.92,9.62,21988,21899573.00,3.03,-2.83,-0.28,0.55
2026-04-07,9.63,9.84,9.87,9.50,32161,32098107.00,3.85,2.29,0.22,0.80
2026-04-08,9.98,10.02,10.05,9.86,28201,28914035.00,1.93,1.83,0.18,0.70
2026-04-09,9.99,9.88,10.25,9.86,36990,38044015.00,3.89,-1.40,-0.14,0.92
2026-04-10,9.93,10.05,10.12,9.88,33816,34818219.00,2.43,1.72,0.17,0.84
2026-04-13,10.07,10.04,10.15,9.99,24355,25108352.00,1.59,-0.10,-0.01,0.61
2026-04-14,10.04,9.89,10.07,9.74,41834,42375340.00,3.29,-1.49,-0.15,1.04
2026-04-15,9.90,9.81,9.91,9.75,28827,29036526.00,1.62,-0.81,-0.08,0.72
2026-04-16,9.82,10.02,10.04,9.76,33785,34348055.00,2.85,2.14,0.21,0.84
2026-04-17,9.95,9.86,9.99,9.75,29793,30040359.00,2.40,-1.60,-0.16,0.74
2026-04-20,9.83,9.88,9.92,9.78,18779,18982128.00,1.42,0.20,0.02,0.47
2026-04-21,9.89,10.18,10.41,9.83,68816,71357378.00,5.87,3.04,0.30,1.72
2026-04-22,10.16,9.91,10.16,9.85,51290,52340900.00,3.05,-2.65,-0.27,1.28
2026-04-23,9.88,9.90,10.03,9.71,46626,47155796.00,3.23,-0.10,-0.01,1.16
2026-04-24,9.88,10.00,10.05,9.80,34421,35046984.00,2.53,1.01,0.10,0.86
2026-04-27,9.99,10.19,10.25,9.84,45492,46976726.00,4.10,1.90,0.19,1.13
2026-04-28,10.10,10.32,10.41,10.10,55409,58610504.00,3.04,1.28,0.13,1.38
2026-04-29,10.87,10.92,11.24,10.65,189819,214038387.00,5.72,5.81,0.60,4.73
2026-04-30,10.87,10.84,11.12,10.78,95980,107295702.00,3.11,-0.73,-0.08,2.39
2026-05-06,10.85,10.98,11.11,10.77,79169,88693471.00,3.14,1.29,0.14,1.97
2026-05-07,10.96,10.81,10.98,10.80,52864,58770619.00,1.64,-1.55,-0.17,1.32
2026-05-08,10.81,10.87,10.90,10.78,30916,34280716.00,1.11,0.56,0.06,0.77
2026-05-11,10.89,10.89,10.92,10.72,43610,48364303.00,1.84,0.18,0.02,1.09
2026-05-12,10.86,10.65,10.87,10.63,46199,50687681.00,2.20,-2.20,-0.24,1.15
2026-05-13,10.67,10.60,10.74,10.58,29097,31658487.00,1.50,-0.47,-0.05,0.73
2026-05-14,10.60,10.53,10.68,10.44,44940,48526349.00,2.26,-0.66,-0.07,1.12
2026-05-15,10.51,10.48,10.63,10.42,44403,47764421.00,1.99,-0.47,-0.05,1.11
2026-05-18,10.45,10.73,10.74,10.32,54995,59436075.00,4.01,2.39,0.25,1.37
2026-05-19,10.70,10.88,10.98,10.68,49478,55107496.00,2.80,1.40,0.15,1.23
2026-05-20,10.92,10.81,11.02,10.77,44125,49095280.00,2.30,-0.64,-0.07,1.10
2026-05-21,10.78,10.57,11.13,10.56,56391,62587363.00,5.27,-2.22,-0.24,1.41
2026-05-22,10.68,10.51,10.68,10.43,45843,49509808.00,2.37,-0.57,-0.06,1.14
2026-05-25,10.54,10.48,10.67,10.36,31637,33969691.00,2.95,-0.29,-0.03,0.79
2026-05-26,10.46,10.17,10.51,10.05,46534,48777611.00,4.39,-2.96,-0.31,1.16
2026-05-27,10.15,10.21,10.30,9.93,40389,41998564.00,3.64,0.39,0.04,1.01
2026-05-28,10.17,10.19,10.32,9.99,35516,37009511.00,3.23,-0.20,-0.02,0.89
2026-05-29,10.16,10.38,10.53,10.16,55945,59429452.00,3.63,1.86,0.19,1.40
2026-06-01,10.27,10.48,10.51,10.11,52764,55856273.00,3.85,0.96,0.10,1.32
2026-06-02,10.50,10.08,10.53,10.00,61572,64280645.00,5.06,-3.82,-0.40,1.54
2026-06-03,10.08,9.88,10.09,9.75,51680,52166798.00,3.37,-1.98,-0.20,1.29
2026-06-04,9.89,9.69,10.01,9.57,53321,51914516.00,4.45,-1.92,-0.19,1.33
2026-06-05,9.72,9.64,9.85,9.49,49341,47575798.00,3.72,-0.52,-0.05,1.23
2026-06-08,9.36,9.40,9.70,9.24,52408,49476636.00,4.77,-2.49,-0.24,1.31
2026-06-09,9.57,9.25,9.57,9.21,38093,35439190.00,3.83,-1.60,-0.15,0.95
2026-06-10,9.25,9.27,9.39,9.10,37836,34966549.00,3.14,0.22,0.02,0.94
2026-06-11,9.19,9.18,9.33,9.02,37166,34024283.00,3.34,-0.97,-0.09,0.93
2026-06-12,9.22,9.63,9.76,9.15,74499,70784267.00,6.64,4.90,0.45,1.86
2026-06-15,9.55,9.60,9.74,9.52,46683,44922514.00,2.28,-0.31,-0.03,1.16
2026-06-16,9.60,9.29,9.60,9.22,47582,44344148.00,3.96,-3.23,-0.31,1.19
2026-06-17,9.22,8.97,9.42,8.88,60321,54361611.00,5.81,-3.44,-0.32,1.50
2026-06-18,8.92,8.94,9.12,8.73,47110,42137690.00,4.35,-0.33,-0.03,1.17
2026-06-22,8.94,9.05,9.07,8.72,60957,54130598.00,3.91,1.23,0.11,1.52
2026-06-23,9.02,9.25,9.45,8.96,58531,54269150.00,5.41,2.21,0.20,1.46
2026-06-24,9.25,9.13,9.31,9.04,46694,42742092.00,2.92,-1.30,-0.12,1.16
2026-06-25,9.13,9.06,9.25,8.88,43867,39700379.00,4.05,-0.77,-0.07,1.09
2026-06-26,8.96,8.70,9.05,8.70,45082,39697437.00,3.86,-3.97,-0.36,1.12