2026-01-05,16.15,16.25,16.39,16.07,57661,94001608.00,1.98,0.62,0.10,1.05
2026-01-06,16.15,17.88,17.88,16.15,129534,227675049.00,10.65,10.03,1.63,2.36
2026-01-07,18.19,17.29,18.19,17.26,170893,300392323.00,5.20,-3.30,-0.59,3.11
2026-01-08,17.32,17.35,17.80,17.25,94436,164945269.00,3.18,0.35,0.06,1.72
2026-01-09,17.36,17.24,17.50,17.12,78951,136990031.00,2.19,-0.63,-0.11,1.44
2026-01-12,17.15,17.73,18.23,17.00,142003,253148794.00,7.13,2.84,0.49,2.58
2026-01-13,17.75,17.59,18.19,17.40,95661,170405289.00,4.46,-0.79,-0.14,1.74
2026-01-14,17.62,17.42,18.15,17.32,105661,188229711.00,4.72,-0.97,-0.17,1.92
2026-01-15,17.28,17.63,18.33,17.22,83390,148790633.00,6.37,1.21,0.21,1.52
2026-01-16,17.65,17.20,17.66,17.07,74275,128938490.00,3.35,-2.44,-0.43,1.35
2026-01-19,16.75,18.67,18.93,16.71,334521,616037101.00,12.91,8.55,1.47,6.08
2026-01-20,18.54,20.54,20.54,18.53,227914,458917429.00,10.77,10.02,1.87,4.14
2026-01-21,21.95,20.83,21.95,20.65,408863,869863242.00,6.33,1.41,0.29,7.43
2026-01-22,20.34,19.95,20.66,19.68,241315,483784578.00,4.70,-4.22,-0.88,4.39
2026-01-23,19.96,20.35,21.12,19.96,194299,400087359.00,5.81,2.01,0.40,3.53
2026-01-26,20.35,20.80,21.36,19.98,247374,514942750.00,6.78,2.21,0.45,4.50
2026-01-27,20.41,19.95,20.61,19.46,154228,308738743.00,5.53,-4.09,-0.85,2.80
2026-01-28,20.20,20.94,21.58,20.01,214924,453423531.00,7.87,4.96,0.99,3.91
2026-01-29,21.25,20.62,21.54,20.50,188196,397783777.00,4.97,-1.53,-0.32,3.42
2026-01-30,20.55,20.42,20.75,19.29,180989,362630839.00,7.08,-0.97,-0.20,3.29
2026-02-02,20.21,18.93,20.35,18.84,161727,312630004.00,7.39,-7.30,-1.49,2.94
2026-02-03,19.25,19.50,19.84,18.83,105892,205933920.00,5.34,3.01,0.57,1.93
2026-02-04,19.35,19.45,19.82,19.10,68919,134384876.00,3.69,-0.26,-0.05,1.25
2026-02-05,19.28,18.82,19.61,18.80,67383,128600240.00,4.16,-3.24,-0.63,1.23
2026-02-06,18.62,19.37,19.91,18.45,96326,186151993.00,7.76,2.92,0.55,1.75
2026-02-09,19.56,19.72,20.25,19.43,85581,170359011.00,4.23,1.81,0.35,1.56
2026-02-10,19.62,19.78,20.25,19.26,77112,152555562.00,5.02,0.30,0.06,1.40
2026-02-11,19.59,20.31,21.15,19.57,103009,212217396.00,7.99,2.68,0.53,1.87
2026-02-12,20.06,20.20,20.52,20.01,47982,97242355.00,2.51,-0.54,-0.11,0.87
2026-02-13,20.06,19.56,20.20,19.51,43711,86406951.00,3.42,-3.17,-0.64,0.79
2026-02-24,19.57,21.20,21.40,19.56,134545,279871922.00,9.41,8.38,1.64,2.45
2026-02-25,21.10,20.84,21.40,20.67,71619,150963610.00,3.44,-1.70,-0.36,1.30
2026-02-26,20.91,20.30,20.94,20.14,61264,125214860.00,3.84,-2.59,-0.54,1.11
2026-02-27,20.34,20.52,20.60,20.14,47128,96320719.00,2.27,1.08,0.22,0.86
2026-03-02,20.16,20.14,20.38,19.54,97117,194537421.00,4.09,-1.85,-0.38,1.77
2026-03-03,20.14,18.98,20.22,18.93,74903,145625996.00,6.41,-5.76,-1.16,1.36
2026-03-04,18.65,19.00,19.24,18.56,46052,87604077.00,3.58,0.11,0.02,0.84
2026-03-05,19.29,19.26,19.77,19.11,46359,89929913.00,3.47,1.37,0.26,0.84
2026-03-06,19.26,20.10,20.31,18.95,84307,167642687.00,7.06,4.36,0.84,1.53
2026-03-09,20.45,19.45,20.70,19.28,81910,162214513.00,7.06,-3.23,-0.65,1.49
2026-03-10,19.35,19.14,19.72,19.09,52654,101765324.00,3.24,-1.59,-0.31,0.96
2026-03-11,19.23,19.20,19.82,18.83,81261,156705895.00,5.17,0.31,0.06,1.48
2026-03-12,19.42,19.28,19.49,18.79,80970,154808152.00,3.65,0.42,0.08,1.47
2026-03-13,19.06,18.72,19.68,18.71,80603,154681771.00,5.03,-2.90,-0.56,1.47
2026-03-16,18.65,17.25,19.05,17.04,128288,227298908.00,10.74,-7.85,-1.47,2.33
2026-03-17,17.20,16.90,17.51,16.85,65498,112123010.00,3.83,-2.03,-0.35,1.19
2026-03-18,16.84,16.82,16.90,16.61,36017,60511928.00,1.72,-0.47,-0.08,0.65
2026-03-19,16.91,15.95,16.91,15.84,81596,132374986.00,6.36,-5.17,-0.87,1.48
2026-03-20,15.95,15.51,16.24,15.49,63656,100313145.00,4.70,-2.76,-0.44,1.16
2026-03-23,15.43,15.05,15.65,14.95,78682,120220923.00,4.51,-2.97,-0.46,1.43
2026-03-24,15.31,15.23,15.36,14.80,52126,78584524.00,3.72,1.20,0.18,0.95
2026-03-25,15.35,15.34,15.43,15.13,58855,90212962.00,1.97,0.72,0.11,1.07
2026-03-26,15.34,15.45,15.73,15.30,68701,106818319.00,2.80,0.72,0.11,1.25
2026-03-27,15.37,17.00,17.00,15.30,117906,192079347.00,11.00,10.03,1.55,2.14
2026-03-30,17.83,18.71,18.71,17.81,338219,629121434.00,5.29,10.06,1.71,6.15
2026-03-31,18.69,17.29,18.74,17.26,272869,490150615.00,7.91,-7.59,-1.42,4.96
2026-04-01,17.45,17.25,17.70,17.19,118503,207323552.00,2.95,-0.23,-0.04,2.15
2026-04-02,17.45,17.06,17.60,16.88,96375,166078860.00,4.17,-1.10,-0.19,1.75
2026-04-03,17.25,16.40,17.30,16.16,88998,147038414.00,6.68,-3.87,-0.66,1.62
2026-04-07,16.31,18.05,18.05,16.20,96660,169486280.00,11.28,10.06,1.65,1.76
2026-04-08,17.78,18.39,18.83,17.60,197121,364035248.00,6.81,1.88,0.34,3.58
2026-04-09,18.72,17.95,19.47,17.95,110201,202793707.00,8.27,-2.39,-0.44,2.00
2026-04-10,18.18,17.87,18.20,17.80,63941,115192659.00,2.23,-0.45,-0.08,1.16
2026-04-13,17.91,18.38,18.68,17.72,145063,266093360.00,5.37,2.85,0.51,2.64
2026-04-14,18.53,18.55,18.70,18.11,120588,222210430.00,3.21,0.92,0.17,2.19
2026-04-15,18.55,18.66,18.88,18.20,120886,225213786.00,3.67,0.59,0.11,2.20
2026-04-16,18.61,18.32,18.64,18.17,85707,158181624.00,2.52,-1.82,-0.34,1.56
2026-04-17,18.19,19.22,19.64,18.19,153086,292351090.00,7.91,4.91,0.90,2.78
2026-04-20,19.12,18.58,19.16,18.33,154665,288217338.00,4.32,-3.33,-0.64,2.81
2026-04-21,18.46,18.51,19.05,18.11,89376,165813871.00,5.06,-0.38,-0.07,1.63
2026-04-22,18.49,18.33,18.71,18.30,68809,127198269.00,2.22,-0.97,-0.18,1.25
2026-04-23,18.55,18.71,19.27,18.40,115212,217198811.00,4.75,2.07,0.38,2.09
2026-04-24,18.55,18.98,19.14,18.55,101449,192062885.00,3.15,1.44,0.27,1.84
2026-04-27,19.17,19.15,19.45,18.92,97550,187411085.00,2.79,0.90,0.17,1.77
2026-04-28,19.00,19.57,20.09,18.98,128047,250940395.00,5.80,2.19,0.42,2.33
2026-04-29,19.18,19.75,20.05,19.18,118818,235646435.00,4.45,0.92,0.18,2.16
2026-04-30,19.68,19.36,19.76,19.28,86535,168695060.00,2.43,-1.97,-0.39,1.57
2026-05-06,19.37,19.20,19.51,18.99,88153,169342851.00,2.69,-0.83,-0.16,1.60
2026-05-07,19.01,18.56,19.14,18.44,105684,197702003.00,3.65,-3.33,-0.64,1.92
2026-05-08,18.77,18.37,18.81,18.21,75532,139484630.00,3.23,-1.02,-0.19,1.37
2026-05-11,18.37,18.88,19.39,18.30,102415,193129272.00,5.93,2.78,0.51,1.86
2026-05-12,18.78,18.62,19.18,18.43,66945,125546678.00,3.97,-1.38,-0.26,1.22
2026-05-13,18.65,18.44,19.03,18.29,71513,133247959.00,3.97,-0.97,-0.18,1.30
2026-05-14,18.35,18.50,18.85,18.26,81933,153238518.00,3.20,0.33,0.06,1.49
2026-05-15,18.54,18.40,18.95,18.25,71798,134070107.00,3.78,-0.54,-0.10,1.31
2026-05-18,18.25,17.91,18.34,17.65,77182,138047106.00,3.75,-2.66,-0.49,1.40
2026-05-19,17.92,17.80,17.95,17.24,79421,139518672.00,3.96,-0.61,-0.11,1.44
2026-05-20,17.63,17.93,18.09,17.63,43522,77974427.00,2.58,0.73,0.13,0.79
2026-05-21,17.92,17.26,18.09,17.23,68843,121846933.00,4.80,-3.74,-0.67,1.25
2026-05-22,17.37,17.27,17.42,16.95,52191,90124491.00,2.72,0.06,0.01,0.95
2026-05-25,17.33,16.96,17.47,16.85,49777,85063887.00,3.59,-1.80,-0.31,0.91
2026-05-26,16.94,16.70,16.98,16.47,50953,85225951.00,3.01,-1.53,-0.26,0.93
2026-05-27,16.72,16.30,16.78,16.25,50798,83788278.00,3.17,-2.40,-0.40,0.92
2026-05-28,16.21,16.59,16.61,16.21,43595,71729024.00,2.45,1.78,0.29,0.79
2026-05-29,16.47,16.12,16.60,15.95,48295,78300300.00,3.92,-2.83,-0.47,0.88
2026-06-01,16.18,16.44,16.52,16.17,41862,68854546.00,2.17,1.99,0.32,0.76
2026-06-02,16.42,16.16,16.49,16.02,38167,61736345.00,2.86,-1.70,-0.28,0.69
2026-06-03,16.17,16.08,16.24,15.95,42129,68007511.00,1.79,-0.50,-0.08,0.77
2026-06-04,16.04,15.50,16.09,15.49,44163,69253453.00,3.73,-3.61,-0.58,0.80
2026-06-05,15.57,15.60,15.84,15.30,42904,66849139.00,3.48,0.65,0.10,0.78
2026-06-08,15.31,14.95,15.49,14.81,46097,69576371.00,4.36,-4.17,-0.65,0.84
2026-06-09,15.17,15.05,15.22,14.70,36912,55014364.00,3.48,0.67,0.10,0.67
2026-06-10,15.03,15.46,15.66,14.97,61019,93887613.00,4.58,2.72,0.41,1.11
2026-06-11,15.45,15.20,15.60,14.99,43347,65677646.00,3.95,-1.68,-0.26,0.79
2026-06-12,15.18,15.66,15.80,15.06,53923,83482121.00,4.87,3.03,0.46,0.98
2026-06-15,15.66,15.92,16.25,15.55,51726,82167095.00,4.47,1.66,0.26,0.94
2026-06-16,15.98,15.83,16.08,15.70,45760,72749506.00,2.39,-0.57,-0.09,0.83
2026-06-17,15.82,15.60,15.82,15.52,38486,60139748.00,1.90,-1.45,-0.23,0.70
2026-06-18,15.55,15.25,15.59,15.20,39929,61193088.00,2.50,-2.24,-0.35,0.73
2026-06-22,15.25,15.75,15.76,14.93,58277,89441444.00,5.44,3.28,0.50,1.06
2026-06-23,16.21,16.46,17.25,16.21,129411,216390967.00,6.60,4.51,0.71,2.35
2026-06-24,16.80,16.43,17.30,16.16,121386,201423644.00,6.93,-0.18,-0.03,2.21
2026-06-25,16.31,16.02,17.17,15.99,120922,199828308.00,7.18,-2.50,-0.41,2.20
2026-06-26,15.99,15.37,16.23,15.36,97133,151784882.00,5.43,-4.06,-0.65,1.77