2026-01-05,36.06,36.34,36.37,35.87,12716,46660486.00,1.40,1.88,0.67,0.91
2026-01-06,36.37,36.59,36.84,36.22,19746,72961413.00,1.71,0.69,0.25,1.41
2026-01-07,36.83,37.58,37.67,36.45,24234,91291277.00,3.33,2.71,0.99,1.73
2026-01-08,37.59,38.10,38.69,37.57,21182,81727502.00,2.98,1.38,0.52,1.51
2026-01-09,38.10,38.23,38.92,38.04,24236,94110795.00,2.31,0.34,0.13,1.73
2026-01-12,38.26,39.53,39.94,38.26,38963,154582491.00,4.39,3.40,1.30,2.78
2026-01-13,39.54,39.64,40.33,38.69,42275,168839542.00,4.15,0.28,0.11,3.02
2026-01-14,40.44,42.45,42.99,39.24,70223,291011562.00,9.46,7.09,2.81,5.02
2026-01-15,42.64,40.79,42.93,40.16,52446,219197407.00,6.53,-3.91,-1.66,3.75
2026-01-16,41.72,40.91,42.60,40.86,37761,158559357.00,4.27,0.29,0.12,2.70
2026-01-19,40.99,41.06,41.97,40.51,41369,172792902.00,3.57,0.37,0.15,2.95
2026-01-20,41.53,39.77,41.53,39.34,34690,140020438.00,5.33,-3.14,-1.29,2.48
2026-01-21,39.17,39.87,39.95,39.04,27156,108673058.00,2.29,0.25,0.10,1.94
2026-01-22,39.67,39.56,40.33,39.33,20760,83136121.00,2.51,-0.78,-0.31,1.48
2026-01-23,39.50,39.86,40.12,39.36,30713,123318072.00,1.92,0.76,0.30,2.19
2026-01-26,39.96,39.15,40.04,38.73,25446,101029808.00,3.29,-1.78,-0.71,1.82
2026-01-27,39.25,38.71,39.97,37.93,22458,88099668.00,5.21,-1.12,-0.44,1.60
2026-01-28,39.05,39.19,39.93,39.04,31346,124983583.00,2.30,1.24,0.48,2.24
2026-01-29,39.04,38.72,39.79,38.48,23125,91728766.00,3.34,-1.20,-0.47,1.65
2026-01-30,41.14,45.34,45.82,40.02,151852,645015190.00,14.98,17.10,6.62,10.85
2026-02-02,44.45,44.08,45.32,43.09,83829,373469609.00,4.92,-2.78,-1.26,5.99
2026-02-03,44.44,46.09,46.53,44.14,81044,373000286.00,5.42,4.56,2.01,5.79
2026-02-04,45.73,45.39,47.31,44.79,70008,324313083.00,5.47,-1.52,-0.70,5.00
2026-02-05,45.03,43.63,45.30,43.36,42006,186483011.00,4.27,-3.88,-1.76,3.00
2026-02-06,43.23,44.29,44.82,43.15,32983,147830359.00,3.83,1.51,0.66,2.36
2026-02-09,44.54,48.10,49.19,44.05,76371,360820397.00,11.61,8.60,3.81,5.46
2026-02-10,47.85,46.96,47.94,46.77,43997,209783851.00,2.43,-2.37,-1.14,3.14
2026-02-11,46.63,46.36,48.31,46.20,29160,137780332.00,4.49,-1.28,-0.60,2.08
2026-02-12,46.58,48.98,49.01,46.20,61009,295068603.00,6.06,5.65,2.62,4.36
2026-02-13,48.43,48.53,49.20,47.85,34887,170637064.00,2.76,-0.92,-0.45,2.49
2026-02-24,48.53,47.80,49.14,47.14,32046,155479976.00,4.12,-1.50,-0.73,2.29
2026-02-25,47.93,47.19,48.23,46.94,32430,155261539.00,2.70,-1.28,-0.61,2.32
2026-02-26,47.48,46.41,47.48,46.12,41866,196631113.00,2.88,-1.65,-0.78,2.99
2026-02-27,46.44,45.95,46.44,45.04,33803,155746064.00,3.02,-0.99,-0.46,2.41
2026-03-02,46.14,46.47,47.43,45.95,50225,236829050.00,3.22,1.13,0.52,3.59
2026-03-03,46.25,42.74,46.57,42.72,50034,224904812.00,8.28,-8.03,-3.73,3.57
2026-03-04,42.26,43.49,44.03,41.54,40149,175285375.00,5.83,1.75,0.75,2.87
2026-03-05,44.52,50.08,51.84,44.47,117462,577001304.00,16.95,15.15,6.59,8.39
2026-03-06,49.30,50.88,51.52,49.01,85601,435604676.00,5.01,1.60,0.80,6.11
2026-03-09,50.28,54.51,55.51,49.59,104165,553927075.00,11.64,7.13,3.63,7.44
2026-03-10,54.54,53.52,54.54,52.20,80838,431788162.00,4.29,-1.82,-0.99,5.77
2026-03-11,52.74,56.00,57.57,52.37,83229,462459948.00,9.72,4.63,2.48,5.94
2026-03-12,56.04,55.24,59.29,54.83,72980,416402194.00,7.96,-1.36,-0.76,5.21
2026-03-13,54.36,51.75,54.54,51.54,67094,357514570.00,5.43,-6.32,-3.49,4.79
2026-03-16,51.59,51.39,52.04,50.39,38812,199678471.00,3.19,-0.70,-0.36,2.77
2026-03-17,51.62,49.60,51.79,49.34,33122,168492369.00,4.77,-3.48,-1.79,2.37
2026-03-18,49.46,51.17,51.18,49.46,31057,158497145.00,3.47,3.17,1.57,2.22
2026-03-19,50.41,49.26,50.41,48.79,32864,163746453.00,3.17,-3.73,-1.91,2.35
2026-03-20,49.38,48.24,50.20,48.24,29935,149070589.00,3.98,-2.07,-1.02,2.14
2026-03-23,46.44,45.41,47.86,45.22,36392,171102081.00,5.47,-5.87,-2.83,2.60
2026-03-24,46.58,47.93,47.93,45.58,37201,175720320.00,5.18,5.55,2.52,2.66
2026-03-25,48.20,48.70,49.84,48.12,35323,175052117.00,3.59,1.61,0.77,2.52
2026-03-26,48.49,46.83,49.04,46.52,26931,129393275.00,5.17,-3.84,-1.87,1.92
2026-03-27,46.19,48.15,48.19,46.13,18498,88568055.00,4.40,2.82,1.32,1.32
2026-03-30,47.10,46.65,47.35,45.85,20753,97459622.00,3.12,-3.12,-1.50,1.48
2026-03-31,46.39,46.69,47.93,46.25,24866,118295258.00,3.60,0.09,0.04,1.78
2026-04-01,48.05,47.52,48.47,46.95,20376,97649181.00,3.26,1.78,0.83,1.46
2026-04-02,47.24,46.62,47.99,46.14,19418,91844532.00,3.89,-1.89,-0.90,1.39
2026-04-03,46.40,46.80,47.03,45.07,21956,102103989.00,4.20,0.39,0.18,1.57
2026-04-07,46.41,46.73,46.97,45.87,15238,71583131.00,2.35,-0.15,-0.07,1.09
2026-04-08,47.54,48.84,48.86,47.54,32404,158548672.00,2.82,4.52,2.11,2.31
2026-04-09,48.31,49.73,50.84,48.12,42103,212043767.00,5.57,1.82,0.89,3.01
2026-04-10,50.04,50.06,51.05,49.56,30610,154993953.00,3.00,0.66,0.33,2.19
2026-04-13,49.55,50.39,50.72,49.34,24934,126177122.00,2.76,0.66,0.33,1.78
2026-04-14,50.56,50.13,51.09,49.45,31590,160092536.00,3.25,-0.52,-0.26,2.26
2026-04-15,50.59,50.34,51.35,50.05,28224,144460752.00,2.59,0.42,0.21,2.02
2026-04-16,50.34,49.73,50.49,49.55,24251,122013742.00,1.87,-1.21,-0.61,1.73
2026-04-17,49.69,49.61,50.28,49.07,26378,132414653.00,2.43,-0.24,-0.12,1.88
2026-04-20,49.54,49.59,50.10,49.24,26320,131707948.00,1.73,-0.04,-0.02,1.88
2026-04-21,49.54,49.86,49.99,48.24,21445,106438389.00,3.53,0.54,0.27,1.53
2026-04-22,49.56,52.44,53.00,49.54,41912,218100393.00,6.94,5.17,2.58,2.99
2026-04-23,51.90,48.99,51.90,48.14,66865,333385694.00,7.17,-6.58,-3.45,4.78
2026-04-24,49.22,46.34,49.32,46.05,40153,190943951.00,6.67,-5.41,-2.65,2.87
2026-04-27,46.29,45.70,46.30,45.17,25327,116803437.00,2.44,-1.38,-0.64,1.81
2026-04-28,45.89,44.33,45.89,43.85,25703,115289105.00,4.46,-3.00,-1.37,1.84
2026-04-29,44.52,44.72,45.42,44.14,23525,106604406.00,2.89,0.88,0.39,1.68
2026-04-30,41.84,39.94,42.44,39.79,67785,279025596.00,5.93,-10.69,-4.78,4.84
2026-05-06,39.94,40.04,40.30,39.20,33896,136616383.00,2.75,0.25,0.10,2.42
2026-05-07,40.35,40.60,41.12,40.07,25328,104088357.00,2.62,1.40,0.56,1.81
2026-05-08,40.60,40.32,40.63,39.55,27628,111497787.00,2.66,-0.69,-0.28,1.97
2026-05-11,41.73,40.80,41.80,40.54,27042,112064775.00,3.13,1.19,0.48,1.93
2026-05-12,40.80,40.08,40.84,39.79,20871,84937486.00,2.57,-1.76,-0.72,1.49
2026-05-13,40.16,41.18,41.29,39.84,22681,93784631.00,3.62,2.74,1.10,1.62
2026-05-14,41.17,39.90,41.20,39.88,23233,94699945.00,3.21,-3.11,-1.28,1.66
2026-05-15,39.62,39.47,40.19,39.22,17969,71932863.00,2.43,-1.08,-0.43,1.28
2026-05-18,39.24,39.69,39.94,38.74,12858,51425794.00,3.04,0.56,0.22,0.92
2026-05-19,39.60,40.74,40.82,38.84,19739,79743535.00,4.99,2.65,1.05,1.41
2026-05-20,40.74,39.92,40.74,39.47,15033,60644708.00,3.12,-2.01,-0.82,1.07
2026-05-21,39.92,37.84,40.03,37.54,21386,84362816.00,6.24,-5.21,-2.08,1.53
2026-05-22,38.60,39.63,39.89,38.04,18568,73349923.00,4.89,4.73,1.79,1.33
2026-05-25,41.49,40.56,43.04,40.40,41890,176324990.00,6.66,2.35,0.93,2.99
2026-05-26,40.54,39.47,40.54,38.96,25783,102696468.00,3.90,-2.69,-1.09,1.84
2026-05-27,39.16,38.59,39.62,38.24,18644,73297098.00,3.50,-2.23,-0.88,1.33
2026-05-28,38.35,39.11,39.84,38.35,17005,67030098.00,3.86,1.35,0.52,1.21
2026-05-29,38.82,37.32,38.82,37.04,21084,80632130.00,4.55,-4.58,-1.79,1.51
2026-06-01,37.34,38.24,38.91,37.34,15559,60478704.00,4.21,2.47,0.92,1.11
2026-06-02,38.25,37.30,38.39,36.84,11440,43217363.00,4.05,-2.46,-0.94,0.82
2026-06-03,37.29,36.48,37.53,36.34,17742,66374095.00,3.19,-2.20,-0.82,1.27
2026-06-04,36.47,35.75,36.47,35.46,15974,57754357.00,2.77,-2.00,-0.73,1.14
2026-06-05,35.60,35.25,36.23,34.94,14470,52140785.00,3.61,-1.40,-0.50,1.03
2026-06-08,34.02,33.82,34.75,33.40,15383,53035398.00,3.83,-4.06,-1.43,1.10
2026-06-09,34.50,35.04,35.05,33.86,17861,62848685.00,3.52,3.61,1.22,1.28
2026-06-10,34.97,34.69,34.97,34.29,12760,44665831.00,1.94,-1.00,-0.35,0.91
2026-06-11,34.38,35.54,36.11,34.04,20481,73722563.00,5.97,2.45,0.85,1.46
2026-06-12,35.43,38.22,40.42,35.43,46084,178529559.00,14.04,7.54,2.68,3.29
2026-06-15,38.78,38.64,38.78,37.54,20523,79531653.00,3.24,1.10,0.42,1.47
2026-06-16,38.14,38.64,39.02,38.07,13674,53305129.00,2.46,0.00,0.00,0.98
2026-06-17,38.60,37.70,38.60,37.34,16203,61921198.00,3.26,-2.43,-0.94,1.16
2026-06-18,37.38,37.22,37.81,36.95,10363,39151710.00,2.28,-1.27,-0.48,0.74
2026-06-22,37.28,38.24,38.43,36.01,15953,58994618.00,6.50,2.74,1.02,1.14
2026-06-23,37.79,37.25,38.19,37.14,10325,38807848.00,2.75,-2.59,-0.99,0.74
2026-06-24,37.11,36.66,37.23,36.25,9336,34210590.00,2.63,-1.58,-0.59,0.67
2026-06-25,36.74,35.67,36.74,35.54,12122,43462435.00,3.27,-2.70,-0.99,0.87
2026-06-26,35.81,34.40,35.81,34.40,14293,49760751.00,3.95,-3.56,-1.27,1.02
2026-06-29,34.21,33.85,34.53,33.40,14954,50506988.00,3.28,-1.60,-0.55,1.07
2026-06-30,33.80,33.83,33.99,33.06,14314,47843957.00,2.75,-0.06,-0.02,1.02
2026-07-01,33.83,34.75,35.38,33.61,15655,53963731.00,5.23,2.72,0.92,1.12
2026-07-02,34.56,34.86,35.98,34.54,13822,48678099.00,4.14,0.32,0.11,0.99
2026-07-03,34.86,35.22,35.71,34.66,9579,33839421.00,3.01,1.03,0.36,0.68
2026-07-06,35.18,34.27,35.59,34.22,12010,41827985.00,3.89,-2.70,-0.95,0.86
2026-07-07,34.30,33.21,34.30,33.02,8606,28815105.00,3.74,-3.09,-1.06,0.61
2026-07-08,33.49,32.56,33.49,32.40,8380,27451331.00,3.28,-1.96,-0.65,0.60
2026-07-09,32.31,32.72,32.88,31.36,11939,38267347.00,4.67,0.49,0.16,0.85
2026-07-10,32.97,32.70,33.63,32.38,9504,31428571.00,3.82,-0.06,-0.02,0.68
2026-07-13,32.70,31.62,32.92,31.31,10003,31911974.00,4.92,-3.30,-1.08,0.71
2026-07-14,31.89,31.84,31.93,31.05,9429,29750211.00,2.78,0.70,0.22,0.67
2026-07-15,31.71,31.69,32.36,31.56,7260,23152324.00,2.51,-0.47,-0.15,0.52
2026-07-16,31.61,31.71,32.19,31.37,7531,23950632.00,2.59,0.06,0.02,0.54
2026-07-17,31.53,31.09,32.06,30.86,10331,32450059.00,3.78,-1.96,-0.62,0.74
2026-07-20,31.56,31.52,31.66,30.92,10472,32815576.00,2.38,1.38,0.43,0.75