2026-01-05,16.92,17.06,17.22,16.76,57707,98512253.00,2.74,1.73,0.29,6.84
2026-01-06,17.06,16.78,17.26,16.70,46743,79096298.00,3.28,-1.64,-0.28,5.54
2026-01-07,16.81,16.65,16.83,16.49,38604,64380478.00,2.03,-0.77,-0.13,4.58
2026-01-08,16.61,16.93,17.11,16.51,41298,70088642.00,3.60,1.68,0.28,4.89
2026-01-09,16.93,16.96,17.06,16.71,37566,63748428.00,2.07,0.18,0.03,4.45
2026-01-12,17.10,17.16,17.29,16.79,56293,96245022.00,2.95,1.18,0.20,6.67
2026-01-13,17.33,17.60,17.89,17.15,89824,158575856.00,4.31,2.56,0.44,10.65
2026-01-14,17.62,17.34,17.64,17.12,79499,138368621.00,2.95,-1.48,-0.26,9.42
2026-01-15,17.34,17.41,17.60,17.21,41565,72794105.00,2.25,0.40,0.07,4.93
2026-01-16,17.65,17.70,18.00,17.40,73026,130503231.00,3.45,1.67,0.29,8.66
2026-01-19,17.59,17.81,18.05,17.59,54789,98134786.00,2.60,0.62,0.11,6.49
2026-01-20,17.84,18.15,18.26,17.71,67873,122765444.00,3.09,1.91,0.34,8.04
2026-01-21,18.00,17.96,18.34,17.85,49024,88573740.00,2.70,-1.05,-0.19,5.81
2026-01-22,18.09,21.56,21.56,18.05,282821,575722677.00,19.54,20.04,3.60,33.52
2026-01-23,21.56,22.29,23.73,20.94,375225,847471343.00,12.94,3.39,0.73,44.47
2026-01-26,22.28,23.46,24.10,22.28,245164,572301313.00,8.17,5.25,1.17,29.06
2026-01-27,22.96,23.62,24.88,22.92,209979,496999672.00,8.35,0.68,0.16,24.89
2026-01-28,23.40,22.46,23.94,22.40,164535,377686227.00,6.52,-4.91,-1.16,19.50
2026-01-29,22.64,21.60,22.66,21.36,143632,315196219.00,5.79,-3.83,-0.86,17.02
2026-01-30,21.63,23.77,24.64,21.63,206750,482244534.00,13.94,10.05,2.17,24.51
2026-02-02,23.96,24.12,24.98,23.44,179918,437431856.00,6.48,1.47,0.35,21.32
2026-02-03,24.80,24.66,25.11,22.96,230264,556254337.00,8.91,2.24,0.54,27.29
2026-02-04,25.09,26.43,26.81,24.07,227628,574776861.00,11.11,7.18,1.77,26.98
2026-02-27,27.94,25.50,30.94,25.44,310307,863676070.00,20.81,-3.52,-0.93,36.78
2026-03-02,23.66,23.55,24.55,21.90,227988,535472558.00,10.39,-7.65,-1.95,27.02
2026-03-03,23.24,22.21,23.44,22.18,165019,375731211.00,5.35,-5.69,-1.34,19.56
2026-03-04,21.95,22.75,22.92,21.83,91762,208031177.00,4.91,2.43,0.54,10.88
2026-03-05,23.30,22.42,23.54,22.22,85001,194315046.00,5.80,-1.45,-0.33,10.07
2026-03-06,22.33,22.61,23.03,22.16,60869,138382037.00,3.88,0.85,0.19,7.21
2026-03-09,22.16,21.84,22.30,21.54,89605,196282829.00,3.36,-3.41,-0.77,10.62
2026-03-10,22.17,21.86,22.29,21.64,66529,146095445.00,2.98,0.09,0.02,7.89
2026-03-11,21.86,21.13,22.06,20.96,74275,159196342.00,5.03,-3.34,-0.73,8.80
2026-03-12,21.04,20.35,21.15,20.27,70972,146799081.00,4.16,-3.69,-0.78,8.41
2026-03-13,20.33,20.17,20.60,20.07,49206,100312996.00,2.60,-0.88,-0.18,5.83
2026-03-16,20.17,20.14,20.25,19.54,61951,123514081.00,3.52,-0.15,-0.03,7.34
2026-03-17,20.13,19.38,20.33,19.37,47232,93269734.00,4.77,-3.77,-0.76,5.60
2026-03-18,19.39,21.46,22.03,19.39,155785,325928802.00,13.62,10.73,2.08,18.46
2026-03-19,21.04,20.09,21.19,20.03,97842,200527964.00,5.41,-6.38,-1.37,11.60
2026-03-20,20.24,19.84,20.84,19.82,73613,149264634.00,5.08,-1.24,-0.25,8.73
2026-03-23,19.54,18.74,19.84,18.57,81221,156878953.00,6.40,-5.54,-1.10,9.63
2026-03-24,19.35,20.06,20.42,19.29,99336,198088845.00,6.03,7.04,1.32,11.77
2026-03-25,19.99,20.09,20.53,19.92,65904,133308622.00,3.04,0.15,0.03,7.81
2026-03-26,19.94,20.05,20.22,19.61,54248,108345334.00,3.04,-0.20,-0.04,6.43
2026-03-27,19.83,20.15,20.52,19.44,59430,120366675.00,5.39,0.50,0.10,7.04
2026-03-30,19.92,20.61,20.94,19.82,95630,197903022.00,5.56,2.28,0.46,11.33
2026-03-31,20.61,19.75,20.61,19.74,71312,143626156.00,4.22,-4.17,-0.86,8.45
2026-04-01,20.24,20.28,20.77,20.10,61870,126229634.00,3.39,2.68,0.53,7.33
2026-04-02,20.24,20.09,20.48,19.95,47859,96843145.00,2.61,-0.94,-0.19,5.67
2026-04-03,20.02,19.72,20.32,19.69,38831,77215158.00,3.14,-1.84,-0.37,4.60
2026-04-07,19.88,19.62,19.94,19.45,33245,65568459.00,2.48,-0.51,-0.10,3.94
2026-04-08,20.11,21.11,21.11,20.10,72318,150126000.00,5.15,7.59,1.49,8.57
2026-04-09,20.98,20.80,20.98,20.44,50632,105150618.00,2.56,-1.47,-0.31,6.00
2026-04-10,20.98,21.47,21.76,20.76,88230,189235623.00,4.81,3.22,0.67,10.46
2026-04-13,21.95,22.37,22.44,21.40,132919,293078856.00,4.84,4.19,0.90,15.75
2026-04-14,22.05,22.17,22.49,21.80,115106,254932074.00,3.08,-0.89,-0.20,13.64
2026-04-15,22.08,21.81,22.53,21.74,89358,197445038.00,3.56,-1.62,-0.36,10.59
2026-04-16,21.80,21.63,21.94,21.46,61834,133916661.00,2.20,-0.83,-0.18,7.33
2026-04-17,21.53,21.56,21.93,21.40,46882,101850815.00,2.45,-0.32,-0.07,5.56
2026-04-20,21.64,21.97,22.39,21.53,78623,173856707.00,3.99,1.90,0.41,9.32
2026-04-21,22.04,22.94,23.14,21.75,145801,332173417.00,6.33,4.42,0.97,17.28
2026-04-22,22.84,22.55,22.87,22.24,91714,206583125.00,2.75,-1.70,-0.39,10.87
2026-04-23,22.44,21.99,23.33,21.80,87835,197501273.00,6.78,-2.48,-0.56,10.41
2026-04-24,21.80,21.53,21.97,21.36,62000,134234351.00,2.77,-2.09,-0.46,7.35
2026-04-27,21.66,21.98,22.07,21.20,55376,121110582.00,4.04,2.09,0.45,6.56
2026-04-28,21.81,21.79,22.14,21.44,45201,98410902.00,3.18,-0.86,-0.19,5.36
2026-04-29,21.70,22.00,22.19,21.47,48878,107642886.00,3.30,0.96,0.21,5.79
2026-04-30,22.11,21.56,22.31,21.38,54048,117188682.00,4.23,-2.00,-0.44,6.41
2026-05-06,21.77,21.86,22.02,21.55,48982,107146692.00,2.18,1.39,0.30,5.81
2026-05-07,22.08,23.28,23.62,22.04,160369,372813396.00,7.23,6.50,1.42,19.01
2026-05-08,23.38,24.74,24.90,23.29,151243,365013935.00,6.92,6.27,1.46,17.93
2026-05-11,25.45,26.30,28.14,25.45,179545,479903938.00,10.87,6.31,1.56,21.28
2026-05-12,26.30,25.52,26.30,24.85,105087,267561972.00,5.51,-2.97,-0.78,12.46
2026-05-13,26.53,25.98,27.53,25.75,143340,381481772.00,6.97,1.80,0.46,16.99
2026-05-14,23.95,26.34,26.94,23.95,152814,390595577.00,11.51,1.39,0.36,18.11
2026-05-15,26.48,26.13,26.92,25.81,107295,282854840.00,4.21,-0.80,-0.21,12.72
2026-05-18,23.94,21.33,26.09,21.04,217025,488108787.00,19.33,-18.37,-4.80,25.72
2026-05-19,20.59,21.64,21.79,20.54,121454,259195982.00,5.86,1.45,0.31,14.40
2026-05-20,21.63,21.33,22.07,20.61,88153,188375490.00,6.75,-1.43,-0.31,10.45
2026-05-21,21.33,19.89,21.41,17.05,94100,195085083.00,20.44,-6.75,-1.44,11.15
2026-05-22,20.34,21.23,21.82,19.91,73865,153786259.00,9.60,6.74,1.34,8.75
2026-05-25,21.32,20.64,21.42,20.12,63767,131238172.00,6.12,-2.78,-0.59,7.56
2026-05-26,20.67,20.12,21.16,19.82,52702,107071096.00,6.49,-2.52,-0.52,6.25
2026-05-27,20.07,19.56,20.44,19.37,44558,87443052.00,5.32,-2.78,-0.56,5.28
2026-05-28,19.59,19.79,20.19,18.94,52464,104285336.00,6.39,1.18,0.23,6.22
2026-05-29,19.84,18.72,19.89,18.63,48422,92247111.00,6.37,-5.41,-1.07,5.74
2026-06-01,18.54,19.35,19.54,18.54,47110,90959731.00,5.34,3.37,0.63,5.58
2026-06-02,19.60,19.30,20.00,18.98,43302,84000976.00,5.27,-0.26,-0.05,5.13
2026-06-03,19.28,19.53,19.86,19.06,46256,90701332.00,4.15,1.19,0.23,5.48
2026-06-04,19.34,19.57,19.73,19.20,30296,59253340.00,2.71,0.20,0.04,3.59
2026-06-05,19.45,19.67,19.84,18.85,44996,87679947.00,5.06,0.51,0.10,5.33
2026-06-08,19.14,18.70,19.74,18.54,51297,97829168.00,6.10,-4.93,-0.97,6.08
2026-06-09,20.38,18.72,20.49,18.19,98184,185997540.00,12.30,0.11,0.02,11.64
2026-06-10,18.40,18.75,20.32,18.39,114941,223256348.00,10.31,0.16,0.03,13.62
2026-06-11,18.37,17.94,18.70,17.73,82757,149487073.00,5.17,-4.32,-0.81,9.81
2026-06-12,18.26,18.04,18.49,17.88,54896,99828900.00,3.40,0.56,0.10,6.51
2026-06-15,18.31,18.61,18.66,18.09,45619,84563817.00,3.16,3.16,0.57,5.41
2026-06-16,18.82,20.79,21.02,18.70,113806,229154129.00,12.47,11.71,2.18,13.49
2026-06-17,20.33,19.85,21.32,19.52,114330,232188866.00,8.66,-4.52,-0.94,13.55
2026-06-18,19.85,21.62,21.78,19.64,131196,273158596.00,10.78,8.92,1.77,15.55
2026-06-22,21.60,20.86,21.99,20.50,106584,223952383.00,6.89,-3.52,-0.76,12.63
2026-06-23,20.95,20.65,21.55,20.47,80572,168111824.00,5.18,-1.01,-0.21,9.55
2026-06-24,20.42,20.29,20.62,19.87,60705,122940102.00,3.63,-1.74,-0.36,7.20
2026-06-25,20.29,19.36,20.32,19.15,65446,128193523.00,5.77,-4.58,-0.93,7.76
2026-06-26,19.25,18.60,19.25,18.40,51511,96616727.00,4.39,-3.93,-0.76,6.11
2026-06-29,18.64,20.30,20.98,17.80,107458,209657062.00,17.10,9.14,1.70,12.74
2026-06-30,20.60,20.19,21.45,20.02,102204,210001430.00,7.04,-0.54,-0.11,12.11
2026-07-01,20.77,20.32,21.26,19.86,87091,178222250.00,6.93,0.64,0.13,10.32
2026-07-02,20.20,19.67,20.64,19.61,65432,131360559.00,5.07,-3.20,-0.65,7.76
2026-07-03,19.60,19.46,19.97,19.39,51908,101795527.00,2.95,-1.07,-0.21,6.15
2026-07-06,19.49,18.28,19.50,18.28,59657,111360589.00,6.27,-6.06,-1.18,7.07
2026-07-07,18.15,17.58,18.60,17.50,50665,90797098.00,6.02,-3.83,-0.70,6.01
2026-07-08,17.68,17.15,17.80,16.82,41137,71127315.00,5.57,-2.45,-0.43,4.88
2026-07-09,17.16,17.33,17.57,16.41,44131,74933415.00,6.76,1.05,0.18,5.23
2026-07-10,17.33,17.38,17.93,17.29,43511,76607707.00,3.69,0.29,0.05,5.16
2026-07-13,17.40,15.84,17.40,15.79,47552,77617446.00,9.26,-8.86,-1.54,5.64
2026-07-14,16.07,16.20,16.25,15.50,37637,59796024.00,4.73,2.27,0.36,4.46
2026-07-15,16.23,15.97,16.49,15.93,29669,47960923.00,3.46,-1.42,-0.23,3.52
2026-07-16,15.68,15.80,16.18,15.55,30505,48451417.00,3.94,-1.06,-0.17,3.62
2026-07-17,15.82,14.59,15.83,14.49,48520,73134283.00,8.48,-7.66,-1.21,5.75
2026-07-20,14.74,13.50,15.01,13.15,62341,87698773.00,12.75,-7.47,-1.09,7.39
2026-07-21,13.59,13.98,14.03,12.25,73161,96915797.00,13.19,3.56,0.48,8.67
2026-07-22,13.88,13.68,14.17,13.51,39914,55164794.00,4.72,-2.15,-0.30,4.73
2026-07-23,13.52,13.82,13.87,13.52,27770,38088702.00,2.56,1.02,0.14,3.29
2026-07-24,13.76,13.69,13.86,13.47,27516,37639166.00,2.82,-0.94,-0.13,3.26
2026-07-27,13.79,14.37,14.37,13.62,33583,47416875.00,5.48,4.97,0.68,3.98
2026-07-28,14.35,14.28,14.74,14.15,30504,43865572.00,4.11,-0.63,-0.09,3.62
2026-07-29,14.38,14.46,14.70,14.04,37682,54117993.00,4.62,1.26,0.18,4.47
2026-07-30,14.39,13.98,14.54,13.72,38530,54452693.00,5.67,-3.32,-0.48,4.57
2026-07-31,14.42,14.62,14.88,14.21,38800,56950294.00,4.79,4.58,0.64,4.60
2026-08-03,14.62,14.76,14.79,14.52,29611,43436038.00,1.85,0.96,0.14,3.51
2026-08-04,14.86,15.03,15.14,14.76,46346,69276474.00,2.57,1.83,0.27,5.49
2026-08-05,14.96,15.24,15.38,14.92,30213,45978441.00,3.06,1.40,0.21,3.58