2026-01-05,20.24,19.80,20.40,19.58,36922,73557767.00,4.03,-2.65,-0.54,0.90
2026-01-06,20.01,20.87,21.17,19.82,58583,121456129.00,6.82,5.40,1.07,1.42
2026-01-07,20.77,22.96,22.96,20.64,73693,163107134.00,11.12,10.01,2.09,1.79
2026-01-08,23.21,24.77,25.26,23.01,144028,355096480.00,9.80,7.88,1.81,3.50
2026-01-09,24.96,27.25,27.25,24.52,163086,419762649.00,11.02,10.01,2.48,3.96
2026-01-12,28.42,27.43,29.98,25.80,252862,721267347.00,15.34,0.66,0.18,6.14
2026-01-13,26.30,28.00,29.09,25.94,174203,476988682.00,11.48,2.08,0.57,4.23
2026-01-14,27.39,29.60,30.08,27.39,124880,360869737.00,9.61,5.71,1.60,3.03
2026-01-15,29.36,27.20,30.45,27.01,94974,266577055.00,11.62,-8.11,-2.40,2.31
2026-01-16,27.19,27.67,28.22,26.51,91931,252015161.00,6.29,1.73,0.47,2.23
2026-01-19,27.56,28.20,29.10,27.41,89591,253682024.00,6.11,1.92,0.53,2.17
2026-01-20,28.00,29.11,29.27,27.90,80306,229216084.00,4.86,3.23,0.91,1.95
2026-01-21,29.08,29.20,31.82,28.70,122113,366131955.00,10.72,0.31,0.09,2.96
2026-01-22,29.01,29.34,30.19,28.13,88644,255966209.00,7.05,0.48,0.14,2.15
2026-01-23,29.60,29.69,30.47,28.58,75526,224249366.00,6.44,1.19,0.35,1.83
2026-01-26,29.58,27.85,29.85,27.61,70203,199077638.00,7.54,-6.20,-1.84,1.70
2026-01-27,28.05,28.98,29.36,28.05,74654,215291956.00,4.70,4.06,1.13,1.81
2026-01-28,28.98,29.10,29.60,28.30,61184,177568264.00,4.49,0.41,0.12,1.49
2026-01-29,29.57,28.05,29.80,27.60,64642,184472234.00,7.56,-3.61,-1.05,1.57
2026-01-30,27.87,28.20,28.80,27.58,54735,154195830.00,4.35,0.53,0.15,1.33
2026-02-02,27.90,27.60,28.39,27.53,49122,137473805.00,3.05,-2.13,-0.60,1.19
2026-02-03,28.11,27.30,28.11,27.12,39449,108024036.00,3.59,-1.09,-0.30,0.96
2026-02-04,27.07,27.48,27.78,26.58,37891,103300188.00,4.40,0.66,0.18,0.92
2026-02-05,27.02,27.45,27.72,27.02,22896,62921333.00,2.55,-0.11,-0.03,0.56
2026-02-06,27.38,27.46,28.00,27.06,33421,91778378.00,3.42,0.04,0.01,0.81
2026-02-09,27.56,28.76,28.91,27.03,38025,106900047.00,6.85,4.73,1.30,0.92
2026-02-10,29.00,27.90,29.00,27.55,38308,106970187.00,5.04,-2.99,-0.86,0.93
2026-02-11,27.89,28.22,28.32,27.55,18581,51933520.00,2.76,1.15,0.32,0.45
2026-02-12,27.72,29.35,29.66,27.72,44177,128649778.00,6.87,4.00,1.13,1.07
2026-02-13,29.38,28.37,30.06,28.23,37456,107753040.00,6.24,-3.34,-0.98,0.91
2026-02-24,28.68,29.26,29.60,27.63,51658,146935568.00,6.94,3.14,0.89,1.25
2026-02-25,29.98,32.19,32.19,29.30,89256,281680195.00,9.88,10.01,2.93,2.17
2026-02-26,32.83,33.22,34.43,31.92,119742,398356305.00,7.80,3.20,1.03,2.91
2026-02-27,33.06,33.55,33.80,31.97,52016,172990561.00,5.51,0.99,0.33,1.26
2026-03-02,33.03,32.60,33.39,32.25,59669,195121473.00,3.40,-2.83,-0.95,1.45
2026-03-03,33.07,33.50,34.81,32.37,79441,265668180.00,7.48,2.76,0.90,1.93
2026-03-04,32.52,33.17,34.09,32.52,40767,135420917.00,4.69,-0.99,-0.33,0.99
2026-03-05,33.83,34.47,35.30,32.91,73239,252792565.00,7.21,3.92,1.30,1.78
2026-03-06,34.03,34.13,35.99,34.01,57713,200756845.00,5.74,-0.99,-0.34,1.40
2026-03-09,33.76,32.39,34.27,31.95,70976,232745457.00,6.80,-5.10,-1.74,1.72
2026-03-10,32.24,31.90,32.50,31.33,48614,154425010.00,3.61,-1.51,-0.49,1.18
2026-03-11,31.90,31.50,31.95,31.38,25480,80528363.00,1.79,-1.25,-0.40,0.62
2026-03-12,31.38,31.69,32.61,31.00,36981,118113658.00,5.11,0.60,0.19,0.90
2026-03-13,31.54,30.37,31.61,30.27,43931,135151095.00,4.23,-4.17,-1.32,1.07
2026-03-16,30.07,29.65,30.30,29.40,32244,95959818.00,2.96,-2.37,-0.72,0.78
2026-03-17,29.89,28.42,29.89,27.89,53814,153265275.00,6.75,-4.15,-1.23,1.31
2026-03-18,28.07,28.24,28.66,27.68,38331,107890908.00,3.45,-0.63,-0.18,0.93
2026-03-19,28.19,26.89,28.19,26.60,30938,84085541.00,5.63,-4.78,-1.35,0.75
2026-03-20,27.02,26.40,27.25,26.34,28622,76951449.00,3.38,-1.82,-0.49,0.69
2026-03-23,26.00,23.76,26.19,23.76,64839,160449519.00,9.20,-10.00,-2.64,1.57
2026-03-24,24.49,23.90,24.49,23.26,49727,117794071.00,5.18,0.59,0.14,1.21
2026-03-25,23.94,24.42,25.10,23.94,53492,131422352.00,4.85,2.18,0.52,1.30
2026-03-26,25.07,24.69,25.24,24.32,33841,83712233.00,3.77,1.11,0.27,0.82
2026-03-27,24.67,24.58,25.15,24.45,37262,92389989.00,2.84,-0.45,-0.11,0.90
2026-03-30,24.56,25.28,25.69,24.30,35533,89331023.00,5.66,2.85,0.70,0.86
2026-03-31,25.40,24.54,25.65,24.51,18210,45433134.00,4.51,-2.93,-0.74,0.44
2026-04-01,25.55,25.01,25.55,24.64,20123,50292271.00,3.71,1.92,0.47,0.49
2026-04-02,24.92,26.93,27.07,24.68,69174,182099109.00,9.56,7.68,1.92,1.68
2026-04-03,26.80,25.65,26.98,25.31,51359,132533461.00,6.20,-4.75,-1.28,1.25
2026-04-07,26.23,25.20,26.26,24.76,29024,73110195.00,5.85,-1.75,-0.45,0.70
2026-04-08,25.60,25.90,25.99,25.02,26172,67404303.00,3.85,2.78,0.70,0.64
2026-04-09,26.08,25.55,26.19,25.50,24912,64252537.00,2.66,-1.35,-0.35,0.60
2026-04-10,25.31,24.71,26.06,24.28,48091,120229104.00,6.97,-3.29,-0.84,1.17
2026-04-13,24.46,24.73,25.00,24.22,31617,77767086.00,3.16,0.08,0.02,0.77
2026-04-14,24.75,24.85,24.96,24.42,22830,56514070.00,2.18,0.49,0.12,0.55
2026-04-15,24.83,24.94,25.26,24.76,25036,62566519.00,2.01,0.36,0.09,0.61
2026-04-16,24.89,25.55,25.67,24.75,31582,80143386.00,3.69,2.45,0.61,0.77
2026-04-17,25.60,25.95,26.77,24.73,66338,172075368.00,7.98,1.57,0.40,1.61
2026-04-20,26.29,28.55,28.55,25.65,36692,101306396.00,11.18,10.02,2.60,0.89
2026-04-21,29.45,28.32,29.45,28.10,87432,249270406.00,4.73,-0.81,-0.23,2.12
2026-04-22,28.18,27.52,28.31,27.27,48076,133089879.00,3.67,-2.82,-0.80,1.17
2026-04-23,27.79,27.05,27.85,26.93,36338,98664333.00,3.34,-1.71,-0.47,0.88
2026-04-24,27.05,26.70,27.22,26.13,39226,104424636.00,4.03,-1.29,-0.35,0.95
2026-04-27,26.40,27.00,27.35,26.20,33871,91620309.00,4.31,1.12,0.30,0.82
2026-04-28,26.84,27.05,27.22,26.48,26037,69845354.00,2.74,0.19,0.05,0.63
2026-04-29,27.30,26.73,27.59,26.65,31230,84743373.00,3.48,-1.18,-0.32,0.76
2026-04-30,27.29,27.78,27.98,27.11,42602,117790801.00,3.25,3.93,1.05,1.03
2026-05-06,27.80,28.45,28.59,27.60,45358,127692599.00,3.56,2.41,0.67,1.10
2026-05-07,28.79,28.77,29.30,28.51,33846,97595518.00,2.78,1.12,0.32,0.82
2026-05-08,29.40,27.79,29.40,27.71,38923,110403266.00,5.87,-3.41,-0.98,0.94
2026-05-11,27.81,26.83,27.81,26.66,43444,117438166.00,4.14,-3.45,-0.96,1.05
2026-05-12,26.85,26.26,26.85,25.86,34300,89671647.00,3.69,-2.12,-0.57,0.83
2026-05-13,26.00,27.20,27.60,25.88,32576,87377125.00,6.55,3.58,0.94,0.79
2026-05-14,27.20,28.21,28.75,27.00,49032,136793266.00,6.43,3.71,1.01,1.19
2026-05-15,27.92,28.07,28.82,27.71,32299,91285627.00,3.93,-0.50,-0.14,0.78
2026-05-18,28.48,26.60,28.48,25.90,51533,137257261.00,9.19,-5.24,-1.47,1.25
2026-05-19,26.69,27.64,28.20,26.60,37549,103655754.00,6.02,3.91,1.04,0.91
2026-05-20,28.16,28.41,28.65,27.31,37516,106061428.00,4.85,2.79,0.77,0.91
2026-05-21,28.22,27.31,28.51,27.06,34205,95457206.00,5.10,-3.87,-1.10,0.83
2026-05-22,27.49,26.87,27.68,26.52,34423,92776610.00,4.25,-1.61,-0.44,0.84
2026-05-25,26.36,27.01,28.25,26.36,29410,80794822.00,7.03,0.52,0.14,0.71
2026-05-26,27.01,26.66,27.49,26.33,26557,70972020.00,4.29,-1.30,-0.35,0.64
2026-05-27,26.45,26.60,26.87,25.69,31877,83603536.00,4.43,-0.23,-0.06,0.77
2026-05-28,26.75,26.76,26.99,26.22,17981,47866595.00,2.89,0.60,0.16,0.44
2026-05-29,26.77,26.66,27.00,26.38,24614,65743737.00,2.32,-0.37,-0.10,0.60
2026-06-01,26.59,26.28,27.12,26.05,28670,76126604.00,4.01,-1.43,-0.38,0.70
2026-06-02,26.76,26.17,26.81,25.66,21470,56022035.00,4.38,-0.42,-0.11,0.52
2026-06-03,26.17,25.35,26.66,25.08,34926,89544898.00,6.04,-3.13,-0.82,0.85
2026-06-04,25.34,24.89,25.44,24.40,31789,79085810.00,4.10,-1.81,-0.46,0.77
2026-06-05,24.84,24.92,25.50,24.58,32388,81193721.00,3.70,0.12,0.03,0.79
2026-06-08,25.00,24.16,25.80,23.77,30799,75186711.00,8.15,-3.05,-0.76,0.75
2026-06-09,24.04,23.36,24.41,22.89,44960,105364269.00,6.29,-3.31,-0.80,1.09
2026-06-10,23.37,24.31,24.36,22.58,35728,84886423.00,7.62,4.07,0.95,0.87
2026-06-11,24.15,23.82,24.58,23.42,23169,55151975.00,4.77,-2.02,-0.49,0.56
2026-06-12,23.95,25.56,25.56,23.70,32899,81123667.00,7.81,7.30,1.74,0.80
2026-06-15,24.50,24.02,25.30,23.70,51538,125070645.00,6.26,-6.03,-1.54,1.25
2026-06-16,23.85,23.62,24.00,23.28,30877,72479519.00,3.00,-1.67,-0.40,0.75
2026-06-17,23.66,23.44,23.70,23.20,17611,41177537.00,2.12,-0.76,-0.18,0.43
2026-06-18,23.45,23.88,23.95,22.79,22572,53536696.00,4.95,1.88,0.44,0.55
2026-06-22,23.72,23.60,23.91,22.95,26273,61299234.00,4.02,-1.17,-0.28,0.64
2026-06-23,23.30,22.86,23.76,22.70,23849,55119211.00,4.49,-3.14,-0.74,0.58
2026-06-24,23.29,22.53,23.29,22.35,22435,50862014.00,4.11,-1.44,-0.33,0.54
2026-06-25,22.26,22.08,22.86,21.83,37781,83695951.00,4.57,-2.00,-0.45,0.92
2026-06-26,21.83,22.77,23.28,21.63,43415,98534796.00,7.47,3.13,0.69,1.05