2026-01-05,1970.64,1980.33,1981.16,1969.25,997444,1858834511.00,0.60,0.47,9.27,1.54
2026-01-06,1975.05,2008.30,2008.82,1970.38,1118865,1840368344.00,1.94,1.41,27.97,1.73
2026-01-07,2000.02,2030.75,2044.13,2000.02,1135277,2460965531.00,2.20,1.12,22.45,1.75
2026-01-08,2022.72,2052.59,2063.51,2008.95,1122026,2434973129.00,2.69,1.08,21.84,1.73
2026-01-09,2043.75,2077.63,2079.67,2043.75,1413160,2085716708.00,1.75,1.22,25.04,2.18
2026-01-12,2068.65,2100.03,2100.89,2065.00,1390435,2236490115.00,1.73,1.08,22.40,2.15
2026-01-13,2089.38,2064.50,2122.56,2063.04,1472171,2372254527.00,2.83,-1.69,-35.53,2.27
2026-01-14,2055.04,2053.04,2087.04,2035.76,1488225,2667296664.00,2.48,-0.56,-11.46,2.30
2026-01-15,2054.50,2052.93,2078.25,2045.93,1067285,2014793435.00,1.57,-0.01,-0.11,1.65
2026-01-16,2053.12,2050.44,2064.56,2034.55,957023,1779322813.00,1.46,-0.12,-2.49,1.48
2026-01-19,2052.31,2073.47,2096.37,2052.31,1616529,2662565072.00,2.15,1.12,23.03,2.50
2026-01-20,2078.46,2089.57,2094.54,2069.06,2080120,2783934631.00,1.23,0.78,16.10,3.21
2026-01-21,2075.79,2045.30,2078.79,2044.18,1289567,2219897113.00,1.66,-2.12,-44.27,1.99
2026-01-22,2050.11,2064.90,2066.07,2046.30,1514543,2306059679.00,0.97,0.96,19.60,2.34
2026-01-23,2070.55,2080.12,2080.12,2059.70,1569146,2057796969.00,0.99,0.74,15.22,2.42
2026-01-26,2074.55,2066.54,2090.06,2047.05,1344132,2065434570.00,2.07,-0.65,-13.58,2.08
2026-01-27,2065.31,2043.79,2070.93,2033.48,1351376,1939702058.00,1.81,-1.10,-22.75,2.09
2026-01-28,2042.26,2056.27,2071.06,2039.77,1569327,2776159058.00,1.53,0.61,12.48,2.42
2026-01-29,2055.22,2094.71,2101.55,2037.04,1729110,2958769295.00,3.14,1.87,38.44,2.67
2026-01-30,2091.76,2083.97,2102.02,2067.24,1737340,2703961952.00,1.66,-0.51,-10.74,2.68
2026-02-02,2079.13,2062.41,2119.42,2062.41,1607828,2570861380.00,2.74,-1.03,-21.56,2.48
2026-02-03,2073.18,2064.46,2090.83,2045.54,1471204,2233301828.00,2.20,0.10,2.05,2.27
2026-02-04,2060.04,2091.40,2092.56,2060.04,1612500,2359234536.00,1.58,1.30,26.94,2.49
2026-02-05,2082.35,2110.92,2129.28,2082.35,1576578,2683368235.00,2.24,0.93,19.52,2.43
2026-02-06,2097.86,2089.67,2108.61,2075.12,1141898,1959976764.00,1.59,-1.01,-21.25,1.76
2026-02-09,2085.45,2096.47,2097.61,2080.73,1029403,1557961983.00,0.81,0.33,6.80,1.59
2026-02-10,2089.72,2070.27,2089.72,2061.86,887931,1269161621.00,1.33,-1.25,-26.20,1.37
2026-02-11,2069.18,2060.13,2074.82,2060.13,792354,1092268451.00,0.71,-0.49,-10.14,1.22
2026-02-12,2063.34,2032.81,2063.34,2032.57,979482,1212094228.00,1.49,-1.33,-27.32,1.51
2026-02-13,2041.79,2016.11,2059.39,2015.36,927957,1393161300.00,2.17,-0.82,-16.70,1.43
2026-02-24,2031.56,2013.37,2033.56,2009.52,900320,1408272897.00,1.19,-0.14,-2.74,1.39
2026-02-25,2014.00,2038.42,2050.74,2011.83,1141901,1360838442.00,1.93,1.24,25.05,1.76
2026-02-26,2036.79,2023.28,2045.87,2018.89,859465,1278509883.00,1.32,-0.74,-15.14,1.33
2026-02-27,2016.60,2007.32,2020.13,1999.33,719492,2121913805.00,1.03,-0.79,-15.96,1.11
2026-03-02,1982.65,1975.25,2006.76,1965.72,1039096,1618330962.00,2.04,-1.60,-32.07,1.60
2026-03-03,1974.39,1950.89,1989.40,1942.97,1140740,1621893754.00,2.35,-1.23,-24.36,1.76
2026-03-04,1935.83,1924.13,1949.37,1914.77,995225,1316193365.00,1.77,-1.37,-26.76,1.54
2026-03-05,1941.79,1933.31,1949.75,1927.52,830148,1097318408.00,1.16,0.48,9.18,1.28
2026-03-06,1927.84,1968.21,1970.46,1923.69,913396,1083322992.00,2.42,1.81,34.90,1.41
2026-03-09,1946.68,1948.53,1955.36,1930.86,805308,1288123069.00,1.24,-1.00,-19.68,1.24
2026-03-10,1958.19,1979.00,1981.21,1956.88,707442,1277725967.00,1.25,1.56,30.47,1.09
2026-03-11,1979.34,1966.97,1981.31,1962.43,647959,955462674.00,0.95,-0.61,-12.03,1.00
2026-03-12,1964.40,1954.17,1972.75,1947.02,735175,1497985541.00,1.31,-0.65,-12.80,1.13
2026-03-13,1950.07,1942.98,1964.47,1940.66,802704,1443169163.00,1.22,-0.57,-11.19,1.24
2026-03-16,1945.12,1966.09,1966.29,1942.80,796147,1454842415.00,1.21,1.19,23.11,1.23
2026-03-17,1966.54,1945.35,1992.05,1944.62,908681,1507632591.00,2.41,-1.05,-20.74,1.40
2026-03-18,1945.72,1943.76,1954.49,1926.36,676872,964209653.00,1.45,-0.08,-1.59,1.04
2026-03-19,1924.64,1919.84,1939.15,1914.89,715716,1037211549.00,1.25,-1.23,-23.92,1.10
2026-03-20,1921.09,1872.62,1927.36,1872.62,973469,1157083616.00,2.85,-2.46,-47.22,1.50
2026-03-23,1851.24,1775.79,1853.92,1766.55,1246516,1384443434.00,4.67,-5.17,-96.83,1.92
2026-03-24,1801.52,1826.68,1830.21,1788.21,764708,1049699127.00,2.37,2.87,50.89,1.18
2026-03-25,1835.91,1855.97,1860.55,1831.35,642376,827734719.00,1.60,1.60,29.29,0.99
2026-03-26,1858.09,1835.68,1877.49,1829.06,558157,878165343.00,2.61,-1.09,-20.29,0.86
2026-03-27,1820.03,1861.01,1862.61,1818.08,613674,1008751417.00,2.43,1.38,25.33,0.95
2026-03-30,1848.18,1882.47,1885.10,1843.25,718015,1023277067.00,2.25,1.15,21.46,1.11
2026-03-31,1886.47,1843.36,1900.50,1838.70,805260,2837322138.00,3.28,-2.08,-39.11,1.24
2026-04-01,1858.00,1855.36,1862.53,1835.32,810169,1653817960.00,1.48,0.65,12.00,1.25
2026-04-02,1856.57,1843.56,1866.65,1833.12,617640,1526660500.00,1.81,-0.64,-11.80,0.95
2026-04-03,1842.72,1797.06,1844.32,1795.65,558637,951460941.00,2.64,-2.52,-46.50,0.86
2026-04-07,1800.90,1806.26,1806.75,1784.38,712493,957584779.00,1.24,0.51,9.20,1.10
2026-04-08,1832.45,1861.49,1863.77,1831.03,768481,1835190948.00,1.81,3.06,55.23,1.19
2026-04-09,1852.26,1823.23,1857.77,1820.83,596952,1124963908.00,1.98,-2.06,-38.26,0.92
2026-04-10,1833.84,1834.84,1853.08,1829.18,572803,1211198803.00,1.31,0.64,11.61,0.88
2026-04-13,1832.54,1845.53,1851.33,1822.51,1098967,1633460459.00,1.57,0.58,10.69,1.70
2026-04-14,1850.29,1852.97,1854.33,1830.96,835147,2060418697.00,1.27,0.40,7.44,1.29
2026-04-15,1856.03,1850.89,1857.29,1843.12,639627,1683687583.00,0.76,-0.11,-2.08,0.99
2026-04-16,1848.01,1878.38,1882.22,1844.40,1219624,1663408600.00,2.04,1.49,27.49,1.88
2026-04-17,1870.90,1883.38,1887.52,1859.90,955899,2108987703.00,1.47,0.27,5.00,1.48
2026-04-20,1877.37,1897.62,1900.90,1869.59,899801,1667350714.00,1.66,0.76,14.24,1.39
2026-04-21,1898.57,1902.71,1906.91,1882.95,907755,1652671049.00,1.26,0.27,5.09,1.40
2026-04-22,1902.35,1909.05,1910.15,1890.86,803973,1423266226.00,1.01,0.33,6.34,1.24
2026-04-23,1902.56,1899.14,1919.34,1890.75,876100,1625293923.00,1.50,-0.52,-9.91,1.35
2026-04-24,1898.07,1887.16,1899.33,1878.53,642279,1346482812.00,1.10,-0.63,-11.98,0.99
2026-04-27,1899.32,1921.66,1928.05,1888.72,908664,1749056526.00,2.08,1.83,34.50,1.40
2026-04-28,1933.52,1912.81,1935.59,1903.32,1393246,1891450432.00,1.68,-0.46,-8.85,2.15
2026-04-29,1904.57,1956.87,1967.27,1903.32,1193357,2511347518.00,3.34,2.30,44.06,1.84
2026-04-30,1979.84,1995.19,2002.60,1964.39,1983915,3535238718.00,1.95,1.96,38.32,3.06
2026-05-06,2003.01,2019.36,2026.70,1993.25,1706351,3093352134.00,1.68,1.21,24.17,2.63
2026-05-07,2028.39,2005.50,2048.05,1996.21,1238535,2682781470.00,2.57,-0.69,-13.86,1.91
2026-05-08,2003.34,2018.78,2024.18,1993.22,1002060,1872143360.00,1.54,0.66,13.28,1.55
2026-05-11,2026.24,2032.61,2033.54,2009.65,1138076,2246006078.00,1.18,0.69,13.83,1.76
2026-05-12,2031.60,2011.81,2039.07,2006.22,942979,1868574841.00,1.62,-1.02,-20.80,1.46
2026-05-13,2010.12,2037.14,2038.76,1998.09,917024,2194679129.00,2.02,1.26,25.33,1.42
2026-05-14,2042.17,2045.06,2065.24,2032.12,1217806,3035988873.00,1.63,0.39,7.92,1.88
2026-05-15,2038.44,2011.68,2038.57,2001.05,1032543,2720546300.00,1.83,-1.63,-33.38,1.59
2026-05-18,2024.10,2039.49,2040.86,2011.90,1028842,2759996708.00,1.44,1.38,27.81,1.59
2026-05-19,2044.11,2032.56,2052.57,2011.48,950036,3553028616.00,2.01,-0.34,-6.93,1.47
2026-05-20,2037.85,2036.75,2064.58,2031.76,1006201,4013406674.00,1.61,0.21,4.19,1.55
2026-05-21,2025.75,1962.65,2036.39,1961.25,1098013,3153686506.00,3.69,-3.64,-74.10,1.70
2026-05-22,1966.15,1961.04,1976.25,1946.03,887748,2538531227.00,1.54,-0.08,-1.61,1.37
2026-05-25,1958.58,1953.09,1964.28,1945.30,840947,2269411737.00,0.97,-0.41,-7.95,1.30
2026-05-26,1945.84,1930.77,1960.47,1907.53,845920,2011189298.00,2.71,-1.14,-22.32,1.31
2026-05-27,1927.39,1954.26,1976.17,1902.38,1016566,2344211985.00,3.82,1.22,23.49,1.57
2026-05-28,1941.09,1938.50,1956.70,1919.15,984996,2410274654.00,1.92,-0.81,-15.76,1.52
2026-05-29,1936.03,1959.03,1982.06,1918.69,1078474,2676183373.00,3.27,1.06,20.53,1.66
2026-06-01,1945.56,1991.95,1992.19,1938.50,1192045,3024656682.00,2.74,1.68,32.92,1.84
2026-06-02,1978.93,1947.95,1983.59,1939.97,1094348,2492667789.00,2.19,-2.21,-44.00,1.69
2026-06-03,1942.42,1929.96,1943.65,1913.31,863722,2034896754.00,1.56,-0.92,-17.99,1.33
2026-06-04,1923.37,1871.22,1931.43,1856.09,837066,1753512755.00,3.90,-3.04,-58.74,1.29
2026-06-05,1862.69,1855.20,1904.17,1853.91,695869,1934822344.00,2.69,-0.86,-16.02,1.07
2026-06-08,1830.11,1814.21,1857.41,1789.36,826243,1716265489.00,3.67,-2.21,-40.99,1.28
2026-06-09,1813.05,1812.18,1822.72,1792.11,667319,1399348226.00,1.69,-0.11,-2.03,1.03
2026-06-10,1803.18,1807.80,1821.10,1791.68,675435,1252982253.00,1.62,-0.24,-4.38,1.04
2026-06-11,1804.71,1796.25,1808.22,1785.37,636783,1317602411.00,1.26,-0.64,-11.55,0.98
2026-06-12,1799.15,1832.70,1838.47,1790.40,807148,1799988013.00,2.68,2.03,36.45,1.25
2026-06-15,1832.18,1831.18,1848.70,1820.18,849969,2068009533.00,1.56,-0.08,-1.52,1.31
2026-06-16,1825.92,1817.74,1827.42,1795.98,687843,1970251814.00,1.72,-0.73,-13.44,1.06
2026-06-17,1805.59,1787.96,1811.09,1776.84,758319,1851448332.00,1.88,-1.64,-29.78,1.17
2026-06-18,1782.05,1776.32,1785.22,1755.85,701184,2005262156.00,1.64,-0.65,-11.64,1.08
2026-06-22,1769.15,1778.12,1779.12,1735.21,884418,2431285223.00,2.47,0.10,1.80,1.37
2026-06-23,1766.78,1793.94,1821.28,1766.78,844735,1979840563.00,3.07,0.89,15.82,1.30
2026-06-24,1785.65,1764.24,1795.82,1752.31,704958,1617328555.00,2.43,-1.66,-29.70,1.09
2026-06-25,1753.73,1734.77,1763.25,1728.14,751540,1857214952.00,1.99,-1.67,-29.47,1.16
2026-06-26,1731.52,1706.12,1735.60,1705.32,839062,1833724693.00,1.75,-1.65,-28.65,1.30