2026-01-05,41.12,43.15,43.70,41.12,162088,697550354.00,6.28,5.04,2.07,5.39
2026-01-06,43.05,43.96,44.51,42.93,141985,627122118.00,3.66,1.88,0.81,4.72
2026-01-07,43.98,43.60,44.29,43.31,119217,524545490.00,2.23,-0.82,-0.36,3.96
2026-01-08,43.32,44.88,44.91,43.16,154354,691893018.00,4.01,2.94,1.28,5.13
2026-01-09,44.87,44.49,45.31,44.21,151495,681812219.00,2.45,-0.87,-0.39,5.04
2026-01-12,44.49,44.28,44.89,43.75,135987,604945805.00,2.56,-0.47,-0.21,4.52
2026-01-13,44.28,42.20,44.28,42.14,177393,767344181.00,4.83,-4.70,-2.08,5.90
2026-01-14,42.43,43.91,45.24,42.41,207852,920149770.00,6.71,4.05,1.71,6.91
2026-01-15,44.41,45.91,46.68,44.09,209587,963690946.00,5.90,4.55,2.00,6.97
2026-01-16,46.31,45.07,46.38,44.93,146479,668243935.00,3.16,-1.83,-0.84,4.87
2026-01-19,45.30,47.30,47.52,45.13,238321,1122884519.00,5.30,4.95,2.23,7.92
2026-01-20,47.31,47.02,48.37,46.52,199470,946510885.00,3.91,-0.59,-0.28,6.63
2026-01-21,46.55,47.59,48.19,46.25,204890,976659441.00,4.13,1.21,0.57,6.81
2026-01-22,47.51,48.08,48.35,46.92,184628,885033977.00,3.00,1.03,0.49,6.14
2026-01-23,47.94,49.41,49.71,47.38,235084,1147322047.00,4.85,2.77,1.33,7.82
2026-01-26,51.65,49.42,51.65,48.44,366108,1842439747.00,6.50,0.02,0.01,12.17
2026-01-27,48.91,47.89,49.39,46.53,250671,1203142803.00,5.79,-3.10,-1.53,8.33
2026-01-28,47.71,47.24,47.91,46.59,169429,802651297.00,2.76,-1.36,-0.65,5.63
2026-01-29,46.91,45.24,47.02,45.21,195363,901963817.00,3.83,-4.23,-2.00,6.50
2026-01-30,45.02,44.53,45.46,43.51,144751,645947463.00,4.31,-1.57,-0.71,4.81
2026-02-02,44.29,42.92,44.69,42.73,148941,653675282.00,4.40,-3.62,-1.61,4.95
2026-02-03,43.51,44.19,44.30,42.73,140524,614576718.00,3.66,2.96,1.27,4.67
2026-02-04,43.82,44.35,44.57,42.96,117816,518662852.00,3.64,0.36,0.16,3.92
2026-02-05,44.01,42.74,44.08,42.43,117569,509402972.00,3.72,-3.63,-1.61,3.91
2026-02-06,42.33,42.08,43.28,41.98,115790,496261242.00,3.04,-1.54,-0.66,3.85
2026-02-09,42.67,42.51,42.99,42.12,111578,477978766.00,2.07,1.02,0.43,3.71
2026-02-10,42.75,42.80,43.15,42.34,103293,444807747.00,1.91,0.68,0.29,3.43
2026-02-11,42.80,43.78,44.29,42.71,125134,551240293.00,3.69,2.29,0.98,4.16
2026-02-12,43.97,43.59,44.03,43.21,96155,421423658.00,1.87,-0.43,-0.19,3.20
2026-02-13,43.49,42.98,43.84,42.96,77831,340816370.00,2.02,-1.40,-0.61,2.59
2026-02-24,43.45,43.95,44.10,43.34,98495,434446515.00,1.77,2.26,0.97,3.27
2026-02-25,43.91,44.02,44.21,43.60,117962,521264130.00,1.39,0.16,0.07,3.92
2026-02-26,44.26,48.49,49.19,44.23,441234,2110707565.00,11.27,10.15,4.47,14.67
2026-02-27,47.71,47.41,48.70,46.71,220240,1051572351.00,4.10,-2.23,-1.08,7.32
2026-03-02,46.51,45.83,47.21,45.52,169700,786711190.00,3.56,-3.33,-1.58,5.64
2026-03-03,46.01,46.70,48.83,46.01,281828,1346985147.00,6.15,1.90,0.87,9.37
2026-03-04,46.21,47.21,48.59,46.04,234383,1119126882.00,5.46,1.09,0.51,7.79
2026-03-05,47.89,47.58,48.51,46.72,249601,1192178106.00,3.79,0.78,0.37,8.30
2026-03-06,47.30,46.93,47.66,46.31,152202,719516499.00,2.84,-1.37,-0.65,5.06
2026-03-09,45.81,46.95,47.57,43.79,221787,1012154154.00,8.05,0.04,0.02,7.37
2026-03-10,47.42,48.06,48.46,47.01,179368,864228260.00,3.09,2.36,1.11,5.96
2026-03-11,47.88,49.77,50.31,47.88,357984,1777428601.00,5.06,3.56,1.71,11.90
2026-03-12,49.66,53.09,54.65,48.89,470180,2437660577.00,11.57,6.67,3.32,15.63
2026-03-13,53.77,52.97,55.55,52.23,435735,2352464367.00,6.25,-0.23,-0.12,14.49
2026-03-16,53.05,52.51,55.02,52.18,323026,1732563640.00,5.36,-0.87,-0.46,10.74
2026-03-17,51.39,50.70,53.65,50.21,268310,1403256373.00,6.55,-3.45,-1.81,8.92
2026-03-18,50.78,49.86,51.14,48.87,230925,1153800777.00,4.48,-1.66,-0.84,7.68
2026-03-19,49.36,48.79,50.70,48.38,201182,997513826.00,4.65,-2.15,-1.07,6.69
2026-03-20,48.48,48.59,50.99,48.48,264676,1319553105.00,5.14,-0.41,-0.20,8.80
2026-03-23,48.06,47.39,49.11,46.66,227984,1097298631.00,5.04,-2.47,-1.20,7.58
2026-03-24,48.22,46.90,48.35,44.53,239995,1116342711.00,8.06,-1.03,-0.49,7.98
2026-03-25,47.10,47.09,47.94,46.49,186726,884036549.00,3.09,0.41,0.19,6.21
2026-03-26,46.66,45.62,47.71,45.39,180015,839202640.00,4.93,-3.12,-1.47,5.98
2026-03-27,45.63,43.85,46.20,43.21,256248,1140481994.00,6.55,-3.88,-1.77,8.52
2026-03-30,43.42,42.92,44.64,41.76,208707,903438062.00,6.57,-2.12,-0.93,6.94
2026-03-31,43.37,43.99,45.99,42.22,297680,1323966610.00,8.78,2.49,1.07,9.90
2026-04-01,44.01,43.04,44.46,42.82,215195,935346290.00,3.73,-2.16,-0.95,7.15
2026-04-02,42.51,40.45,43.66,40.39,225628,948607460.00,7.60,-6.02,-2.59,7.50
2026-04-03,40.69,40.80,41.56,39.23,199657,810323397.00,5.76,0.87,0.35,6.64
2026-04-07,40.71,39.65,41.00,39.58,138502,560529197.00,3.48,-2.82,-1.15,4.60
2026-04-08,40.21,41.58,41.71,40.21,184699,763085769.00,3.78,4.87,1.93,6.14
2026-04-09,41.17,40.63,41.34,40.44,155122,637193697.00,2.16,-2.28,-0.95,5.16
2026-04-10,41.07,41.70,42.09,41.01,175339,735932694.00,2.66,2.63,1.07,5.83
2026-04-13,41.21,41.56,42.13,41.09,138224,579295338.00,2.49,-0.34,-0.14,4.60
2026-04-14,41.84,42.54,42.55,41.22,177657,750216530.00,3.20,2.36,0.98,5.91
2026-04-15,42.93,42.45,43.58,42.01,166669,717186171.00,3.69,-0.21,-0.09,5.54
2026-04-16,42.44,42.04,42.59,41.55,160546,677484629.00,2.45,-0.97,-0.41,5.34
2026-04-17,41.91,42.28,43.04,41.77,162907,695568452.00,3.02,0.57,0.24,5.42
2026-04-20,41.91,41.34,41.95,41.03,175825,733156314.00,2.18,-2.22,-0.94,5.85
2026-04-21,41.64,40.97,41.64,40.08,148468,607229503.00,3.77,-0.90,-0.37,4.94
2026-04-22,40.71,41.16,41.37,40.52,122974,507836223.00,2.07,0.46,0.19,4.09
2026-04-23,41.37,40.72,41.82,40.49,120348,495243744.00,3.23,-1.07,-0.44,4.00
2026-04-24,40.84,40.89,41.64,40.62,122225,506164636.00,2.50,0.42,0.17,4.06
2026-04-27,40.95,40.83,41.94,40.64,138645,573946270.00,3.18,-0.15,-0.06,4.61
2026-04-28,40.59,39.01,41.19,39.00,164697,657771286.00,5.36,-4.46,-1.82,5.48
2026-04-29,38.00,41.66,42.38,37.99,335634,1387652976.00,11.25,6.79,2.65,11.16
2026-04-30,41.74,42.84,43.38,41.26,249254,1066115869.00,5.09,2.83,1.18,8.29
2026-05-06,43.00,42.63,43.10,41.86,196948,834908075.00,2.89,-0.49,-0.21,6.55
2026-05-07,42.54,42.54,43.51,42.41,144930,620419558.00,2.58,-0.21,-0.09,4.82
2026-05-08,42.36,42.50,42.83,41.80,142424,602001299.00,2.42,-0.09,-0.04,4.74
2026-05-11,42.49,41.57,42.60,41.31,160384,669143318.00,3.04,-2.19,-0.93,5.33
2026-05-12,41.77,40.13,41.77,39.56,200085,806454727.00,5.32,-3.46,-1.44,6.65
2026-05-13,40.04,41.01,41.40,39.96,127201,518595542.00,3.59,2.19,0.88,4.23
2026-05-14,41.11,38.69,41.75,38.66,166799,660396678.00,7.53,-5.66,-2.32,5.55
2026-05-15,38.90,38.05,39.05,37.28,150083,573766374.00,4.57,-1.65,-0.64,4.99
2026-05-18,37.80,36.70,38.36,36.18,158495,590064504.00,5.73,-3.55,-1.35,5.27
2026-05-19,36.85,36.81,37.48,36.22,107517,395089890.00,3.43,0.30,0.11,3.57
2026-05-20,36.81,35.89,36.81,35.35,147482,527503632.00,3.97,-2.50,-0.92,4.90
2026-05-21,36.00,34.61,36.36,34.58,153924,547418321.00,4.96,-3.57,-1.28,5.12
2026-05-22,34.95,35.43,35.88,34.67,131327,464809777.00,3.50,2.37,0.82,4.37
2026-05-25,35.51,33.89,35.65,33.60,188467,644420819.00,5.79,-4.35,-1.54,6.27
2026-05-26,33.82,33.28,33.82,32.80,111855,371161586.00,3.01,-1.80,-0.61,3.72
2026-05-27,33.28,32.51,34.11,32.02,105013,345815149.00,6.28,-2.31,-0.77,3.49
2026-05-28,32.64,32.16,32.79,31.60,104499,335695828.00,3.66,-1.08,-0.35,3.47
2026-05-29,32.32,32.22,32.86,31.45,149703,481282302.00,4.38,0.19,0.06,4.98
2026-06-01,32.58,33.90,34.30,32.42,213364,716341453.00,5.83,5.21,1.68,7.09
2026-06-02,33.75,33.05,33.80,32.51,131543,434384608.00,3.81,-2.51,-0.85,4.37
2026-06-03,33.05,32.06,33.05,31.82,113008,364782109.00,3.72,-3.00,-0.99,3.76
2026-06-04,31.79,31.08,31.92,30.95,118408,369947415.00,3.03,-3.06,-0.98,3.94
2026-06-05,31.33,30.38,31.52,30.02,118762,361836748.00,4.83,-2.25,-0.70,3.95
2026-06-08,29.49,28.32,29.85,27.95,166274,478053700.00,6.25,-6.78,-2.06,5.53
2026-06-09,28.86,28.88,29.08,28.05,108214,309674791.00,3.64,1.98,0.56,3.60
2026-06-10,28.58,29.35,29.70,27.96,179166,517871565.00,6.02,1.63,0.47,5.96
2026-06-11,29.29,28.97,29.50,28.52,108275,314207517.00,3.34,-1.29,-0.38,3.60
2026-06-12,29.13,29.79,30.27,28.90,133988,395159829.00,4.73,2.83,0.82,4.45
2026-06-15,29.79,29.49,30.03,29.21,121053,357200466.00,2.75,-1.01,-0.30,4.02
2026-06-16,29.52,29.45,30.05,28.88,123776,364633857.00,3.97,-0.14,-0.04,4.12
2026-06-17,29.40,28.87,29.40,28.74,76656,221922276.00,2.24,-1.97,-0.58,2.55
2026-06-18,28.88,28.20,29.27,28.17,112899,322564035.00,3.81,-2.32,-0.67,3.75
2026-06-22,28.03,28.53,28.74,27.31,122271,341239755.00,5.07,1.17,0.33,4.07
2026-06-23,28.53,28.50,29.78,28.16,131065,380375350.00,5.68,-0.11,-0.03,4.36
2026-06-24,28.65,27.50,28.66,26.97,124401,343532598.00,5.93,-3.51,-1.00,4.14
2026-06-25,27.45,26.60,27.46,26.47,135414,362348819.00,3.60,-3.27,-0.90,4.50
2026-06-26,26.89,26.09,27.81,26.07,158438,425104260.00,6.54,-1.92,-0.51,5.27
2026-06-29,25.97,26.58,27.11,25.65,148674,391882067.00,5.60,1.88,0.49,4.94
2026-06-30,26.56,26.80,27.24,26.45,98883,265845105.00,2.97,0.83,0.22,3.29
2026-07-01,26.74,27.18,28.05,26.16,146884,395728810.00,7.05,1.42,0.38,4.88
2026-07-02,27.00,27.00,27.74,26.84,115556,316019548.00,3.31,-0.66,-0.18,3.84
2026-07-03,27.24,27.72,28.28,26.93,151888,420809780.00,5.00,2.67,0.72,5.05
2026-07-06,27.94,26.59,27.94,26.40,133067,359013688.00,5.56,-4.08,-1.13,4.42
2026-07-07,26.75,25.39,26.75,25.38,101110,261713269.00,5.15,-4.51,-1.20,3.36
2026-07-08,25.39,24.43,25.60,24.38,107688,266213050.00,4.81,-3.78,-0.96,3.58
2026-07-09,24.35,24.24,24.52,23.46,99750,239503987.00,4.34,-0.78,-0.19,3.32
2026-07-10,24.30,24.74,25.44,23.88,118078,292649937.00,6.44,2.06,0.50,3.93
2026-07-13,24.88,23.34,24.99,23.24,104010,246919442.00,7.07,-5.66,-1.40,3.46
2026-07-14,23.22,23.08,23.49,22.61,126721,290198529.00,3.77,-1.11,-0.26,4.21
2026-07-15,23.07,23.10,23.63,22.81,89970,209158258.00,3.55,0.09,0.02,2.99
2026-07-16,22.91,23.00,23.53,22.71,69626,160828305.00,3.55,-0.43,-0.10,2.31
2026-07-17,22.99,22.20,23.38,22.20,116194,264103456.00,5.13,-3.48,-0.80,3.86
2026-07-20,22.41,22.54,23.26,22.06,132303,299700854.00,5.41,1.53,0.34,4.40
2026-07-21,22.54,22.85,22.99,22.33,131496,298938197.00,2.93,1.38,0.31,4.37
2026-07-22,22.76,22.82,22.98,22.43,98095,222652218.00,2.41,-0.13,-0.03,3.26
2026-07-23,22.72,24.84,24.88,22.66,213438,511166101.00,9.73,8.85,2.02,7.10
2026-07-24,24.58,25.85,27.03,24.45,336930,880041809.00,10.39,4.07,1.01,11.20
2026-07-27,26.00,28.57,29.06,25.60,316407,873265170.71,13.38,10.52,2.72,10.52