2026-01-05,233.71,236.74,251.75,233.71,38010,924427781.00,8.28,8.62,18.79,36.44
2026-01-06,232.80,241.77,248.70,230.05,27223,652320740.00,7.88,2.12,5.03,26.10
2026-01-07,249.75,254.75,259.74,242.22,34662,870007264.00,7.25,5.37,12.98,33.23
2026-01-08,255.52,292.64,304.75,255.52,42606,1236969550.00,19.32,14.87,37.89,40.84
2026-01-09,280.89,283.27,295.00,266.75,34487,957913330.00,9.65,-3.20,-9.37,33.06
2026-01-12,278.17,276.75,279.75,271.75,23940,660170735.00,2.82,-2.30,-6.52,22.95
2026-01-13,269.75,257.75,279.43,254.81,23915,636655030.00,8.90,-6.87,-19.00,22.92
2026-01-14,255.17,276.05,282.11,255.17,27180,734012536.00,10.45,7.10,18.30,26.05
2026-01-15,272.73,331.31,331.31,267.86,41203,1244825447.00,22.98,20.02,55.26,39.50
2026-01-16,349.76,342.55,358.55,335.84,39548,1369739331.00,6.85,3.39,11.24,37.91
2026-01-19,345.98,338.90,373.68,333.98,35387,1236685598.00,11.59,-1.07,-3.65,33.92
2026-01-20,335.55,348.75,357.75,328.83,34378,1187273726.00,8.53,2.91,9.85,32.96
2026-01-21,332.75,336.05,344.24,324.75,30475,1016918050.00,5.59,-3.64,-12.70,29.21
2026-01-22,337.75,327.42,344.57,312.75,23087,753914814.00,9.47,-2.57,-8.63,22.13
2026-01-23,324.87,333.05,334.74,319.77,22997,749897428.00,4.57,1.72,5.63,22.05
2026-01-26,321.75,309.36,326.96,308.75,18752,592169133.00,5.47,-7.11,-23.69,17.98
2026-01-27,305.77,319.78,320.75,303.08,17960,566568718.00,5.71,3.37,10.42,17.22
2026-01-28,319.64,316.85,329.75,313.61,15441,496047886.00,5.05,-0.92,-2.93,14.80
2026-01-29,313.90,304.45,319.75,303.75,13078,407380087.00,5.05,-3.91,-12.40,12.54
2026-01-30,304.92,314.21,326.75,304.92,19620,622625867.00,7.17,3.21,9.76,18.81
2026-02-02,304.75,283.95,305.35,280.03,20125,585453475.00,8.06,-9.63,-30.26,19.29
2026-02-03,291.55,299.19,300.95,284.75,15542,455276308.00,5.71,5.37,15.24,14.90
2026-02-04,294.79,289.65,296.53,285.75,9626,280187993.00,3.60,-3.19,-9.54,9.23
2026-02-05,285.44,294.47,297.04,281.21,13014,377801363.00,5.47,1.66,4.82,12.47
2026-02-06,287.75,304.67,313.83,285.75,17860,537122741.00,9.54,3.46,10.20,17.12
2026-02-09,310.44,321.55,324.75,310.44,20935,669498625.00,4.70,5.54,16.88,20.07
2026-02-10,317.55,307.81,319.75,306.65,12273,382018987.00,4.07,-4.27,-13.74,11.77
2026-02-11,305.41,298.74,307.71,297.86,7576,228155456.00,3.20,-2.95,-9.07,7.26
2026-02-12,301.73,294.78,304.75,292.75,10843,322518453.00,4.02,-1.33,-3.96,10.39
2026-02-13,294.74,297.41,304.77,291.79,11029,331658229.00,4.40,0.89,2.63,10.57
2026-02-24,299.75,295.97,303.75,285.75,8476,249573241.00,6.05,-0.48,-1.44,8.13
2026-02-25,296.25,315.22,317.75,289.91,19815,608424452.00,9.41,6.50,19.25,19.00
2026-02-26,313.53,324.09,332.55,304.25,20118,641145607.00,8.98,2.81,8.87,19.29
2026-02-27,318.12,324.63,330.75,307.82,16675,527788227.00,7.08,0.17,0.54,15.98
2026-03-02,312.04,311.78,328.70,311.55,12941,409916467.00,5.28,-3.96,-12.85,12.41
2026-03-03,311.78,287.29,321.78,285.75,16921,512909266.00,11.56,-7.85,-24.49,16.22
2026-03-04,283.05,277.75,291.70,275.35,12774,361055635.00,5.69,-3.32,-9.54,12.25
2026-03-05,287.75,284.97,297.52,281.94,13960,404818797.00,5.61,2.60,7.22,13.38
2026-03-06,282.96,282.30,290.75,280.06,8361,238375730.00,3.75,-0.94,-2.67,8.01
2026-03-09,270.75,267.39,270.75,257.77,11666,307655935.00,4.60,-5.28,-14.91,11.18
2026-03-10,275.75,277.37,280.33,271.09,9926,274651703.00,3.46,3.73,9.98,9.51
2026-03-11,277.75,270.10,280.98,267.76,8908,244441345.00,4.77,-2.62,-7.27,8.54
2026-03-12,269.10,264.27,271.97,259.76,7155,189631450.00,4.52,-2.16,-5.83,6.86
2026-03-13,262.86,281.53,295.54,260.53,20599,581282605.00,13.25,6.53,17.26,19.75
2026-03-16,280.62,287.88,300.53,268.75,18372,519484605.00,11.29,2.26,6.35,17.61
2026-03-17,286.79,273.28,289.19,272.75,10345,289396177.00,5.71,-5.07,-14.60,9.92
2026-03-18,275.76,297.55,302.53,272.85,20223,584181374.00,10.86,8.88,24.27,19.39
2026-03-19,286.76,289.75,296.75,286.76,12648,367480221.00,3.36,-2.62,-7.80,12.12
2026-03-20,295.75,289.65,299.75,282.02,18693,543929910.00,6.12,-0.03,-0.10,17.92
2026-03-23,274.88,265.97,280.75,262.75,14101,384389671.00,6.21,-8.18,-23.68,13.52
2026-03-24,268.75,254.25,270.75,251.27,16388,421558538.00,7.32,-4.41,-11.72,8.54
2026-03-25,254.75,248.82,266.92,247.99,19548,503209302.00,7.45,-2.14,-5.43,10.18
2026-03-26,236.37,227.79,239.71,225.84,17572,407639129.00,5.57,-8.45,-21.03,9.15
2026-03-27,222.75,239.95,243.05,222.75,14564,339061912.00,8.91,5.34,12.16,7.59
2026-03-30,233.93,244.60,247.73,233.45,9375,227097821.00,5.95,1.94,4.65,4.88
2026-03-31,243.86,238.25,245.40,236.63,8093,195004707.00,3.59,-2.60,-6.35,4.22
2026-04-01,244.75,241.25,246.65,239.76,8895,215957620.00,2.89,1.26,3.00,4.63
2026-04-02,240.05,232.96,243.75,231.55,6750,159945584.00,5.06,-3.44,-8.29,3.52
2026-04-03,234.64,230.86,238.43,229.14,4712,109750694.00,3.99,-0.90,-2.10,2.45
2026-04-07,231.26,237.47,244.24,231.26,8035,192081880.00,5.62,2.86,6.61,4.19
2026-04-08,244.75,253.58,254.25,242.75,10717,266736296.00,4.84,6.78,16.11,5.58
2026-04-09,249.18,257.28,266.36,247.75,12294,318888554.00,7.34,1.46,3.70,6.40
2026-04-10,261.72,260.31,264.25,258.25,9841,256985397.00,2.33,1.18,3.03,5.13
2026-04-13,256.75,256.85,263.75,254.82,11147,288544526.00,3.43,-1.33,-3.46,5.81
2026-04-14,263.76,293.55,308.27,263.76,39306,1146438614.00,17.33,14.29,36.70,20.48
2026-04-15,283.76,281.98,302.25,280.25,24444,708051616.00,7.49,-3.94,-11.57,12.73
2026-04-16,280.63,280.50,283.75,274.76,18141,507483397.00,3.19,-0.52,-1.48,9.45
2026-04-17,278.48,289.03,294.63,275.76,24226,693868904.00,6.73,3.04,8.53,12.62
2026-04-20,286.11,292.64,294.75,284.75,22116,639542849.00,3.46,1.25,3.61,11.52
2026-04-21,289.75,303.20,308.75,287.40,29780,897434771.00,7.30,3.61,10.56,15.51
2026-04-22,274.75,344.75,355.64,273.55,51298,1567077467.00,27.07,13.70,41.55,26.72
2026-04-23,341.30,326.75,341.30,313.75,30031,975467776.00,7.99,-5.22,-18.00,15.64
2026-04-24,324.75,316.25,343.75,315.62,24914,806532326.00,8.61,-3.21,-10.50,12.98
2026-04-27,325.66,342.84,366.25,315.75,46215,1578714723.00,15.97,8.41,26.59,24.08
2026-04-28,334.75,311.26,337.74,310.26,28169,903934294.00,8.02,-9.21,-31.58,14.67
2026-04-29,304.83,308.45,321.93,304.78,16442,510642625.00,5.51,-0.90,-2.81,8.57
2026-04-30,311.75,304.88,315.81,303.75,20318,626415852.00,3.91,-1.16,-3.57,10.58
2026-05-06,311.75,306.20,322.63,303.44,26129,818300950.00,6.29,0.43,1.32,13.61
2026-05-07,309.75,327.18,329.74,304.75,27498,877898885.00,8.16,6.85,20.98,14.32
2026-05-08,319.55,350.75,363.75,317.93,38703,1339518262.00,14.00,7.20,23.57,20.16
2026-05-11,369.75,393.45,409.75,358.26,40308,1589886914.00,14.68,12.17,42.70,21.00
2026-05-12,397.07,411.65,437.52,393.10,35985,1513116406.00,11.29,4.63,18.20,18.75
2026-05-13,406.35,404.13,408.75,392.77,21277,854690900.00,3.88,-1.83,-7.52,11.08
2026-05-14,406.96,403.75,427.69,403.75,22920,959500437.00,5.92,-0.09,-0.38,11.94
2026-05-15,402.48,406.93,419.38,377.76,26426,1057202935.00,10.31,0.79,3.18,13.77
2026-05-18,411.83,406.95,423.40,398.75,19436,798334631.00,6.06,0.00,0.02,10.13
2026-05-19,408.80,418.33,421.75,399.75,19807,820726381.00,5.41,2.80,11.38,10.32
2026-05-20,418.33,427.25,437.75,418.33,21343,915119079.00,4.64,2.13,8.92,11.12
2026-05-21,427.25,381.84,428.62,381.75,24475,997269780.00,10.97,-10.63,-45.41,12.75
2026-05-22,388.63,387.28,390.74,374.83,18083,693709699.00,4.17,1.42,5.44,9.42
2026-05-25,393.75,416.25,427.83,375.98,22405,915389158.00,13.39,7.48,28.97,11.67
2026-05-26,408.76,381.81,414.75,372.85,17980,695413587.00,10.07,-8.27,-34.44,9.37
2026-05-27,381.75,359.75,386.75,350.75,18552,685422218.00,9.43,-5.78,-22.06,9.66
2026-05-28,354.22,356.35,362.55,346.78,16582,587685324.00,4.38,-0.95,-3.40,8.64
2026-05-29,363.18,367.00,392.93,362.00,24259,918499932.00,8.68,2.99,10.65,12.64
2026-06-01,366.00,353.03,375.51,351.00,12116,438981643.00,6.68,-3.81,-13.97,6.31
2026-06-02,354.66,354.00,365.00,343.01,11572,411175345.00,6.23,0.27,0.97,6.03
2026-06-03,355.12,363.35,380.00,352.01,15365,564125503.00,7.91,2.64,9.35,8.00
2026-06-04,357.13,360.34,370.00,353.47,13453,488116427.00,4.55,-0.83,-3.01,7.01
2026-06-05,352.21,352.65,376.61,340.22,18983,682605948.00,10.10,-2.13,-7.69,9.89
2026-06-08,335.00,336.70,359.07,334.48,12440,428546172.00,6.97,-4.52,-15.95,6.48
2026-06-09,343.01,358.30,363.00,340.01,14127,502457886.00,6.83,6.42,21.60,7.36
2026-06-10,356.19,370.92,386.88,353.00,21947,817278020.00,9.46,3.52,12.62,11.43
2026-06-11,367.55,388.80,398.00,367.55,20556,793339545.00,8.21,4.82,17.88,10.71
2026-06-12,395.18,380.00,408.00,376.29,22421,883329582.88,8.16,-2.26,-8.80,11.68