2026-01-05,13.32,13.60,13.75,13.32,25595,35120361.00,3.23,2.10,0.28,3.39
2026-01-06,13.66,13.54,13.74,13.47,19901,27245209.00,1.99,-0.44,-0.06,2.64
2026-01-07,13.49,13.36,13.59,13.28,18361,24746382.00,2.29,-1.33,-0.18,2.43
2026-01-08,13.30,13.59,13.63,13.30,19525,26613962.00,2.47,1.72,0.23,2.59
2026-01-09,13.66,13.85,13.90,13.53,27611,38132826.00,2.72,1.91,0.26,3.66
2026-01-12,13.88,14.03,14.11,13.76,20739,29177980.00,2.53,1.30,0.18,2.75
2026-01-13,14.03,14.05,14.27,13.92,31352,44469674.00,2.49,0.14,0.02,4.15
2026-01-14,14.05,14.00,14.23,13.71,29377,41556648.00,3.70,-0.36,-0.05,3.89
2026-01-15,14.01,14.09,14.19,13.95,24110,34173951.00,1.71,0.64,0.09,3.19
2026-01-16,14.10,13.96,14.16,13.91,22939,32320090.00,1.77,-0.92,-0.13,3.04
2026-01-19,14.01,14.22,14.25,13.86,23060,32801539.00,2.79,1.86,0.26,3.06
2026-01-20,14.28,14.40,14.50,14.14,29822,42924864.00,2.53,1.27,0.18,3.95
2026-01-21,14.34,14.43,14.54,14.11,19649,28394576.00,2.99,0.21,0.03,2.60
2026-01-22,14.59,14.69,14.85,14.50,24524,36173307.00,2.43,1.80,0.26,3.25
2026-01-23,14.69,14.65,14.84,14.49,16967,24978626.00,2.38,-0.27,-0.04,2.25
2026-01-26,14.69,14.54,14.75,14.36,32556,47635075.00,2.66,-0.75,-0.11,4.31
2026-01-27,14.47,14.47,14.59,14.00,32042,46041776.00,4.06,-0.48,-0.07,4.25
2026-01-28,14.44,14.16,14.48,14.13,19293,27697893.00,2.42,-2.14,-0.31,2.56
2026-01-29,14.15,14.13,14.39,13.92,23904,34156002.00,3.32,-0.21,-0.03,3.17
2026-01-30,14.03,14.41,14.42,13.98,26504,38003222.00,3.11,1.98,0.28,3.51
2026-02-02,14.41,14.48,14.89,14.24,42496,62697844.00,4.51,0.49,0.07,5.63
2026-02-03,14.58,14.71,14.85,14.50,26915,39896160.00,2.42,1.59,0.23,3.57
2026-02-04,14.85,14.89,14.94,14.66,24008,35884983.00,1.90,1.22,0.18,3.18
2026-02-05,14.95,14.83,15.05,14.75,22976,34483945.00,2.01,-0.40,-0.06,3.04
2026-02-06,14.79,14.93,15.08,14.70,19978,30065994.00,2.56,0.67,0.10,2.65
2026-02-09,15.06,15.11,15.20,15.01,21661,32980251.00,1.27,1.21,0.18,2.87
2026-02-10,15.13,15.13,15.25,15.01,17461,26654572.00,1.59,0.13,0.02,2.31
2026-02-11,15.15,15.14,15.27,15.06,12687,19358076.00,1.39,0.07,0.01,1.68
2026-02-12,15.14,14.73,15.14,14.70,27174,40686076.00,2.91,-2.71,-0.41,3.60
2026-02-13,14.77,14.69,14.99,14.56,43036,64012447.00,2.92,-0.27,-0.04,5.70
2026-02-24,14.89,15.05,15.15,14.78,26912,40731781.00,2.52,2.45,0.36,3.57
2026-02-25,15.20,15.62,15.85,15.05,65200,102472705.00,5.32,3.79,0.57,8.64
2026-02-26,15.65,15.25,15.65,15.05,49777,76605041.00,3.84,-2.37,-0.37,6.60
2026-02-27,15.22,15.45,15.55,15.12,31424,48594478.00,2.82,1.31,0.20,4.16
2026-03-02,15.20,14.83,15.37,14.70,44949,67510112.00,4.34,-4.01,-0.62,5.96
2026-03-03,14.97,14.48,15.02,14.40,36948,54864859.00,4.18,-2.36,-0.35,4.90
2026-03-04,14.37,14.56,14.81,14.23,33904,49452490.00,4.01,0.55,0.08,4.49
2026-03-05,14.83,14.78,14.92,14.64,22768,33933410.00,1.92,1.51,0.22,3.02
2026-03-06,14.76,15.21,15.26,14.67,22162,33641297.00,3.99,2.91,0.43,2.94
2026-03-09,15.21,15.20,15.31,14.90,25411,38725598.00,2.70,-0.07,-0.01,3.37
2026-03-10,15.28,15.60,15.67,15.24,28794,45068663.00,2.83,2.63,0.40,3.82
2026-03-11,15.70,15.57,15.75,15.40,19768,30948028.00,2.24,-0.19,-0.03,2.62
2026-03-12,15.64,15.31,15.64,15.23,18055,28018780.00,2.63,-1.67,-0.26,2.39
2026-03-13,15.26,15.23,15.60,14.93,31032,47714934.00,4.38,-0.52,-0.08,4.11
2026-03-16,15.29,15.10,15.38,14.92,29257,44547191.00,3.02,-0.85,-0.13,3.88
2026-03-17,15.09,14.87,15.38,14.85,30699,46711415.00,3.51,-1.52,-0.23,4.07
2026-03-18,14.96,15.25,15.25,14.80,23320,35317418.00,3.03,2.56,0.38,3.09
2026-03-19,15.19,14.72,15.19,14.62,22142,33164049.00,3.74,-3.48,-0.53,2.93
2026-03-20,14.81,13.99,14.93,13.94,38617,55637339.00,6.73,-4.96,-0.73,5.12
2026-03-23,13.74,13.00,13.99,12.84,43947,59432945.00,8.22,-7.08,-0.99,5.82
2026-03-24,13.36,13.83,13.85,13.04,39282,53303361.00,6.23,6.38,0.83,5.20
2026-03-25,14.11,14.25,14.32,13.88,36062,51424758.00,3.18,3.04,0.42,4.78
2026-03-26,14.24,13.84,14.31,13.71,25753,36213641.00,4.21,-2.88,-0.41,3.41
2026-03-27,14.08,14.12,14.25,13.73,18578,26304180.00,3.76,2.02,0.28,2.46
2026-03-30,14.01,14.35,14.35,13.90,24107,34321182.00,3.19,1.63,0.23,3.19
2026-03-31,14.29,14.05,14.68,13.93,31665,45644914.00,5.23,-2.09,-0.30,4.20
2026-04-01,14.33,14.17,14.44,13.95,23120,32944924.00,3.49,0.85,0.12,3.06
2026-04-02,14.14,13.90,14.24,13.70,25660,36021659.00,3.81,-1.91,-0.27,3.40
2026-04-03,13.90,13.12,13.93,12.98,34870,46579180.00,6.83,-5.61,-0.78,4.62
2026-04-07,13.12,13.62,13.72,12.94,29931,40664959.00,5.95,3.81,0.50,3.97
2026-04-08,13.88,14.52,14.63,13.83,46054,66888640.00,5.87,6.61,0.90,6.10
2026-04-09,14.56,14.15,14.58,14.10,22534,32480185.00,3.31,-2.55,-0.37,2.99
2026-04-10,14.30,14.20,14.45,14.18,18182,26199453.00,1.91,0.35,0.05,2.41
2026-04-13,14.11,14.02,14.25,13.83,21391,30138471.00,2.96,-1.27,-0.18,2.83
2026-04-14,14.18,13.93,14.18,13.71,17586,24579877.00,3.35,-0.64,-0.09,2.33
2026-04-15,14.00,13.87,14.03,13.78,16993,23765428.00,1.79,-0.43,-0.06,2.25
2026-04-16,13.88,14.28,14.33,13.67,21158,30021926.00,4.76,2.96,0.41,2.80
2026-04-17,14.32,14.24,14.39,14.14,17129,24587832.00,1.75,-0.28,-0.04,2.27
2026-04-20,14.24,14.28,14.30,14.06,15918,22760761.00,1.69,0.28,0.04,2.11
2026-04-21,14.27,14.36,14.44,14.18,18054,26040862.00,1.82,0.56,0.08,2.39
2026-04-22,14.36,14.31,14.47,14.21,18337,26473838.00,1.81,-0.35,-0.05,2.43
2026-04-23,14.31,14.24,14.47,14.04,21618,31009151.00,3.00,-0.49,-0.07,2.86
2026-04-24,14.12,14.44,14.44,14.00,28177,40501923.00,3.09,1.40,0.20,3.73
2026-04-27,14.59,14.76,14.82,14.06,36349,52987550.00,5.26,2.22,0.32,4.82
2026-04-28,14.76,14.79,14.96,14.62,32929,49047277.00,2.30,0.20,0.03,4.36
2026-04-29,14.83,15.13,15.26,14.62,32884,50048845.00,4.33,2.30,0.34,4.36
2026-04-30,15.19,15.41,15.43,15.15,29716,45865152.00,1.85,1.85,0.28,3.94
2026-05-06,15.41,15.61,15.83,15.39,52823,83103885.00,2.86,1.30,0.20,7.00
2026-05-07,15.64,15.72,15.89,15.62,42352,67180281.00,1.73,0.70,0.11,5.61
2026-05-08,15.80,15.66,15.88,15.48,27150,42750050.00,2.54,-0.38,-0.06,3.60
2026-05-11,15.65,15.70,15.87,15.50,28327,44577719.00,2.36,0.26,0.04,3.75
2026-05-12,15.72,15.46,15.90,15.14,37500,58502838.00,4.84,-1.53,-0.24,4.97
2026-05-13,15.54,15.40,15.61,15.26,24801,38537886.00,2.26,-0.39,-0.06,3.29
2026-05-14,15.46,15.43,15.59,15.27,20495,31821832.00,2.08,0.19,0.03,2.72
2026-05-15,15.45,15.15,15.47,14.94,29585,45143205.00,3.43,-1.81,-0.28,3.92
2026-05-18,15.05,15.44,15.63,15.03,29477,45408096.00,3.96,1.91,0.29,3.91
2026-05-19,15.47,15.30,15.56,15.13,20102,31026718.00,2.78,-0.91,-0.14,2.66
2026-05-20,15.32,15.23,15.37,15.00,19068,29201441.00,2.42,-0.46,-0.07,2.53
2026-05-21,15.24,14.49,15.43,14.42,25864,38828959.00,6.63,-4.86,-0.74,3.43
2026-05-22,14.63,14.91,15.05,14.31,25464,37641645.00,5.11,2.90,0.42,3.37
2026-05-25,14.98,14.57,15.25,14.27,27717,40733363.00,6.57,-2.28,-0.34,3.67
2026-05-26,14.43,14.43,14.69,14.21,26364,38290823.00,3.29,-0.96,-0.14,3.49
2026-05-27,14.38,13.95,14.47,13.70,25368,35727799.00,5.34,-3.33,-0.48,3.36
2026-05-28,13.85,13.78,14.11,13.48,21254,29535108.00,4.52,-1.22,-0.17,2.82
2026-05-29,13.87,13.39,14.36,13.25,23283,32029842.00,8.06,-2.83,-0.39,3.08
2026-06-01,13.36,13.70,13.98,12.95,28975,39846867.00,7.69,2.32,0.31,3.84
2026-06-02,13.85,13.32,13.95,13.26,30044,40740368.00,5.04,-2.77,-0.38,3.98
2026-06-03,13.32,12.83,13.40,12.60,41084,53329444.00,6.01,-3.68,-0.49,5.44
2026-06-04,12.79,12.45,13.00,12.36,33275,42134109.00,4.99,-2.96,-0.38,4.41
2026-06-05,12.50,13.20,13.52,12.47,56268,74179584.00,8.43,6.02,0.75,7.46
2026-06-08,12.82,12.57,13.30,12.32,48113,62073559.00,7.42,-4.77,-0.63,6.37
2026-06-09,12.63,12.71,12.88,12.46,32387,41310035.00,3.34,1.11,0.14,4.29
2026-06-10,12.59,12.39,12.73,12.01,37562,46509962.00,5.66,-2.52,-0.32,4.98
2026-06-11,12.32,12.23,12.49,12.06,30248,37205446.00,3.47,-1.29,-0.16,4.01
2026-06-12,12.35,12.24,12.52,11.97,26221,32520843.00,4.50,0.08,0.01,3.47
2026-06-15,12.39,12.13,12.72,12.05,29855,37145808.00,5.47,-0.90,-0.11,3.96
2026-06-16,12.13,12.04,12.26,11.79,31816,38496184.00,3.87,-0.74,-0.09,4.22
2026-06-17,12.14,11.87,12.16,11.69,24965,29702699.00,3.90,-1.41,-0.17,3.31
2026-06-18,11.78,11.74,11.91,11.40,27359,32060623.00,4.30,-1.10,-0.13,3.62
2026-06-22,11.71,11.98,11.98,11.29,32464,37558312.00,5.88,2.04,0.24,4.30
2026-06-23,11.85,12.12,12.38,11.80,25247,30680873.00,4.84,1.17,0.14,3.35
2026-06-24,12.11,11.52,12.19,11.46,28922,33931013.00,6.02,-4.95,-0.60,3.83
2026-06-25,11.47,11.27,11.60,11.13,26269,29674680.00,4.08,-2.17,-0.25,3.48
2026-06-26,11.22,11.02,11.22,10.78,27171,29897050.00,3.90,-2.22,-0.25,3.60