2026-01-05,4.85,4.72,4.85,4.67,232866,160361010.50,3.66,-4.07,-0.20,2.65
2026-01-06,4.70,4.66,4.82,4.65,190847,131256818.09,3.60,-1.27,-0.06,2.17
2026-01-07,4.66,4.89,4.89,4.56,127362,88249539.85,7.08,4.94,0.23,1.45
2026-01-08,5.14,5.14,5.14,5.14,48054,36088253.60,0.00,5.11,0.25,0.55
2026-01-09,5.40,5.34,5.40,5.14,316495,245320663.22,5.06,3.89,0.20,3.60
2026-01-12,5.61,5.61,5.61,5.61,31741,25996116.51,0.00,5.06,0.27,0.36
2026-01-13,5.89,5.60,5.89,5.33,341211,282242571.76,9.98,-0.18,-0.01,3.88
2026-01-14,5.51,5.34,5.63,5.33,288617,229832611.20,5.36,-4.64,-0.26,3.28
2026-01-15,5.31,5.20,5.31,5.13,192500,146640918.60,3.37,-2.62,-0.14,2.19
2026-01-16,5.20,5.17,5.29,5.14,151507,115574723.80,2.88,-0.58,-0.03,1.72
2026-01-19,5.18,5.39,5.43,5.06,185909,143326874.21,7.16,4.26,0.22,2.11
2026-01-20,5.40,5.28,5.44,5.27,105346,82083024.60,3.15,-2.04,-0.11,1.20
2026-01-21,5.24,5.28,5.36,5.20,106828,82499127.11,3.03,0.00,0.00,1.21
2026-01-22,5.30,5.24,5.30,5.20,86146,65971590.02,1.89,-0.76,-0.04,0.98
2026-01-23,5.26,5.25,5.29,5.21,100595,76994738.60,1.53,0.19,0.01,1.14
2026-01-26,5.17,5.26,5.36,5.11,161523,123161532.89,4.76,0.19,0.01,1.84
2026-01-27,5.25,5.25,5.30,5.20,67474,51759062.00,1.90,-0.19,-0.01,0.77
2026-01-28,5.29,5.11,5.29,5.04,156573,117656037.64,4.76,-2.67,-0.14,1.78
2026-01-29,5.04,4.95,5.17,4.88,171974,124960259.19,5.68,-3.13,-0.16,1.95
2026-01-30,4.91,4.78,5.01,4.70,193912,136806218.55,6.26,-3.43,-0.17,2.20
2026-02-02,4.76,4.81,4.96,4.65,137869,97241134.11,6.49,0.63,0.03,1.57
2026-02-03,4.72,4.80,4.93,4.72,124944,88093887.80,4.37,-0.21,-0.01,1.42
2026-02-04,4.93,4.70,4.93,4.70,169144,118336783.10,4.79,-2.08,-0.10,1.92
2026-02-05,4.65,4.80,4.87,4.61,144880,100726180.44,5.53,2.13,0.10,1.65
2026-02-06,4.79,4.70,4.88,4.68,159561,110633335.40,4.17,-2.08,-0.10,1.81
2026-02-09,4.65,4.64,4.75,4.48,288396,193424626.07,5.74,-1.28,-0.06,3.28
2026-02-10,4.65,4.57,4.70,4.55,178638,120939867.80,3.23,-1.51,-0.07,2.03
2026-02-11,4.56,4.50,4.57,4.47,147451,97155464.00,2.19,-1.53,-0.07,1.68
2026-02-12,4.52,4.49,4.57,4.46,118094,77683916.09,2.44,-0.22,-0.01,1.34
2026-02-13,4.49,4.56,4.61,4.46,127718,84953123.90,3.34,1.56,0.07,1.45
2026-02-24,4.54,4.54,4.63,4.54,124902,83282565.42,1.97,-0.44,-0.02,1.42
2026-02-25,4.54,4.46,4.54,4.41,167038,108599219.79,2.86,-1.76,-0.08,1.90
2026-02-26,4.45,4.50,4.58,4.38,187261,122591190.40,4.48,0.90,0.04,2.13
2026-02-27,4.48,4.50,4.57,4.47,151779,100197284.46,2.22,0.00,0.00,1.73
2026-03-02,4.35,4.28,4.40,4.28,245720,154678105.70,2.67,-4.89,-0.22,2.79
2026-03-03,4.21,4.07,4.25,4.07,188061,112657043.24,4.21,-4.91,-0.21,2.14
2026-03-04,4.04,3.96,4.09,3.89,190030,110551161.19,4.91,-2.70,-0.11,2.16
2026-03-05,4.01,4.16,4.16,4.00,242836,146157332.29,4.04,5.05,0.20,2.76
2026-03-06,4.18,4.37,4.37,4.16,132546,83753330.78,5.05,5.05,0.21,1.51
2026-03-09,4.34,4.36,4.54,4.23,365038,234962811.42,7.09,-0.23,-0.01,4.15
2026-03-11,4.58,4.58,4.58,4.58,2199,1007192.38,0.00,5.05,0.22,0.02
2026-03-12,4.81,4.81,4.81,4.81,295,142087.40,0.00,5.02,0.23,0.00
2026-03-13,5.05,5.05,5.05,5.05,985,497425.00,0.00,4.99,0.24,0.01
2026-03-16,5.30,5.30,5.30,5.30,721,382130.00,0.00,4.95,0.25,0.01
2026-03-17,5.57,5.57,5.57,5.57,286,159302.00,0.00,5.09,0.27,0.00
2026-03-18,5.85,5.85,5.85,5.85,690,403650.00,0.00,5.03,0.28,0.01
2026-03-19,6.14,6.14,6.14,6.14,3620,2222489.66,0.00,4.96,0.29,0.04
2026-03-20,6.45,6.45,6.45,6.45,8347,5384060.10,0.00,5.05,0.31,0.09
2026-03-23,6.77,6.77,6.77,6.55,738558,499002240.61,3.41,4.96,0.32,8.39
2026-03-24,6.62,7.05,7.11,6.43,575939,391098684.37,10.04,4.14,0.28,6.55
2026-03-26,7.00,7.40,7.40,6.70,515317,366547767.92,9.93,4.96,0.35,5.86
2026-03-27,7.75,7.77,7.77,7.50,272227,209773799.94,3.65,5.00,0.37,3.09
2026-03-30,7.99,8.16,8.16,7.93,179985,146066791.80,2.96,5.02,0.39,2.05
2026-03-31,8.57,7.75,8.57,7.75,649945,523662372.12,10.05,-5.02,-0.41,7.39
2026-04-01,7.62,7.90,8.13,7.37,514192,400128105.74,9.81,1.94,0.15,5.84
2026-04-02,7.80,7.52,7.90,7.51,418237,318583348.44,4.94,-4.81,-0.38,4.75
2026-04-03,7.59,7.15,7.62,7.15,265493,194691300.90,6.25,-4.92,-0.37,3.02
2026-04-07,7.09,6.99,7.28,6.89,225508,159838297.56,5.45,-2.24,-0.16,2.56
2026-04-08,7.10,7.10,7.26,7.05,211592,150969038.50,3.00,1.57,0.11,2.41
2026-04-09,7.16,7.31,7.45,7.07,276516,202797320.77,5.35,2.96,0.21,3.14
2026-04-10,7.21,7.20,7.43,7.12,232111,167798674.40,4.24,-1.50,-0.11,2.64
2026-04-13,7.20,7.24,7.34,7.15,170059,123052250.00,2.64,0.56,0.04,1.93
2026-04-14,7.23,7.14,7.24,7.06,196557,139823834.46,2.49,-1.38,-0.10,2.23
2026-04-15,7.19,7.11,7.20,7.08,106465,75954071.90,1.68,-0.42,-0.03,1.21
2026-04-16,7.09,7.13,7.28,6.93,184979,131273798.70,4.92,0.28,0.02,2.10
2026-04-17,7.10,7.29,7.39,7.04,213326,153830695.00,4.91,2.24,0.16,2.42
2026-04-20,7.29,7.14,7.33,7.10,176635,126533072.10,3.16,-2.06,-0.15,2.01
2026-04-21,7.11,7.11,7.17,7.06,86903,61638724.00,1.54,-0.42,-0.03,0.99
2026-04-22,7.12,7.06,7.12,7.03,74074,52276189.44,1.27,-0.70,-0.05,0.84
2026-04-23,7.07,7.07,7.19,7.04,100287,71224913.60,2.12,0.14,0.01,1.14
2026-04-24,7.03,7.03,7.12,6.99,84933,59853324.28,1.84,-0.57,-0.04,0.97
2026-04-27,7.03,7.10,7.11,7.00,77090,54235627.30,1.56,1.00,0.07,0.88
2026-04-28,7.13,7.46,7.46,7.11,163646,120875169.30,4.93,5.07,0.36,1.86
2026-04-29,7.75,7.37,7.83,7.35,330470,250861404.99,6.43,-1.21,-0.09,3.76
2026-04-30,7.26,7.12,7.31,7.06,202757,145600877.50,3.39,-3.39,-0.25,2.30
2026-05-06,7.06,7.05,7.14,7.00,137197,96904874.13,1.97,-0.98,-0.07,1.56
2026-05-07,7.05,7.05,7.11,7.04,91668,64708431.95,0.99,0.00,0.00,1.04
2026-05-08,7.02,7.22,7.32,6.95,209630,148697995.31,5.25,2.41,0.17,2.38
2026-05-11,7.15,7.12,7.30,7.12,147213,105666455.92,2.49,-1.39,-0.10,1.67
2026-05-12,7.11,7.48,7.48,7.05,213157,154745696.72,6.04,5.06,0.36,2.42
2026-05-13,7.55,7.52,7.80,7.50,265390,202170740.20,4.01,0.53,0.04,3.02
2026-05-14,7.38,7.62,7.75,7.38,195309,148940256.40,4.92,1.33,0.10,2.22
2026-05-15,7.64,7.83,7.99,7.56,266711,208165561.51,5.64,2.76,0.21,3.03
2026-05-18,7.80,7.45,7.80,7.44,219627,166489184.30,4.60,-4.85,-0.38,2.50
2026-05-19,7.45,7.41,7.63,7.32,131919,98317468.78,4.16,-0.54,-0.04,1.50
2026-05-20,7.33,7.43,7.56,7.25,123782,91721455.90,4.18,0.27,0.02,1.41
2026-05-21,7.36,7.27,7.43,7.22,108280,79578842.30,2.83,-2.15,-0.16,1.23
2026-05-22,7.27,7.38,7.42,7.27,102989,75791724.37,2.06,1.51,0.11,1.17
2026-05-25,7.38,7.32,7.42,7.30,95909,70456023.64,1.63,-0.81,-0.06,1.09
2026-05-26,7.35,7.25,7.35,7.17,91315,65896715.70,2.46,-0.96,-0.07,1.04
2026-05-27,7.20,7.19,7.31,7.11,102392,73783792.75,2.76,-0.83,-0.06,1.16
2026-05-28,7.13,7.19,7.19,7.05,99603,71050665.08,1.95,0.00,0.00,1.13
2026-05-29,7.20,7.11,7.24,7.07,98457,70287992.85,2.36,-1.11,-0.08,1.12
2026-06-01,7.08,7.16,7.35,7.01,111679,80035866.90,4.78,0.70,0.05,1.27
2026-06-02,7.13,7.33,7.42,7.11,125646,91239637.00,4.33,2.37,0.17,1.43
2026-06-03,7.33,7.16,7.34,7.15,92166,66245383.56,2.59,-2.32,-0.17,1.05
2026-06-04,7.18,7.15,7.22,7.11,57147,40830252.00,1.54,-0.14,-0.01,0.65
2026-06-05,7.12,7.10,7.18,7.08,56910,40554385.00,1.40,-0.70,-0.05,0.65
2026-06-08,7.05,6.81,7.05,6.81,124484,86363924.00,3.38,-4.08,-0.29,1.41
2026-06-09,6.88,6.79,6.89,6.75,80622,54929929.50,2.06,-0.29,-0.02,0.92
2026-06-10,6.74,6.59,6.75,6.56,110898,73616821.57,2.80,-2.95,-0.20,1.26
2026-06-12,7.00,6.55,7.19,6.50,327425,226487417.54,10.47,-0.61,-0.04,3.72
2026-06-15,6.38,6.45,6.89,6.22,289882,186648313.60,10.23,-1.53,-0.10,3.29
2026-06-16,6.41,6.11,6.41,6.02,267738,164637417.11,6.05,-5.27,-0.34,3.04
2026-06-17,6.13,5.99,6.16,5.95,184006,110948716.22,3.44,-1.96,-0.12,2.09
2026-06-18,5.97,5.83,6.03,5.79,233865,137698837.10,4.01,-2.67,-0.16,2.66
2026-06-22,5.83,5.62,5.84,5.50,308745,174526460.22,5.83,-3.60,-0.21,3.51
2026-06-23,5.60,5.50,5.85,5.43,327909,183318927.09,7.47,-2.14,-0.12,3.73
2026-06-24,5.52,6.05,6.05,5.52,361836,215369138.16,9.64,10.00,0.55,4.11
2026-06-25,6.05,5.61,6.10,5.55,490497,280073676.40,9.09,-7.27,-0.44,5.58
2026-06-26,5.62,5.20,5.62,5.18,320497,170141720.53,7.84,-7.31,-0.41,3.64
2026-06-29,5.24,5.48,5.68,5.11,357055,193037683.05,10.96,5.38,0.28,4.06