2026-01-05,119.35,120.51,121.00,118.86,166143,2009932401.00,1.78,0.29,0.35,1.10
2026-01-06,120.55,124.52,124.86,120.55,375656,4677525448.00,3.58,3.33,4.01,2.49
2026-01-07,124.53,127.55,130.19,122.00,527688,6696608281.00,6.58,2.43,3.03,3.50
2026-01-08,125.49,124.50,125.93,124.01,272595,3424067468.00,1.51,-2.39,-3.05,1.81
2026-01-09,124.48,123.92,125.14,123.21,210157,2622150052.00,1.55,-0.47,-0.58,1.39
2026-01-12,123.23,123.23,123.65,122.37,235731,2916065745.00,1.03,-0.56,-0.69,1.56
2026-01-13,124.19,121.90,124.62,121.51,223764,2774372001.00,2.52,-1.08,-1.33,1.48
2026-01-14,121.41,120.90,122.48,120.21,232814,2844369424.00,1.86,-0.82,-1.00,1.54
2026-01-15,120.50,120.52,121.68,120.21,140384,1705199679.00,1.22,-0.31,-0.38,0.93
2026-01-16,120.78,120.12,121.12,119.75,155351,1879584862.00,1.14,-0.33,-0.40,1.03
2026-01-19,120.17,120.35,121.51,120.16,152596,1852342374.00,1.12,0.19,0.23,1.01
2026-01-20,120.22,118.38,120.22,118.18,186815,2236900827.00,1.70,-1.64,-1.97,1.24
2026-01-21,118.20,117.47,118.65,117.22,158711,1884025789.00,1.21,-0.77,-0.91,1.05
2026-01-22,117.20,114.32,117.64,114.20,301853,3503666208.00,2.93,-2.68,-3.15,2.00
2026-01-23,114.25,117.20,118.49,113.69,334671,3903281250.00,4.20,2.52,2.88,2.22
2026-01-26,116.70,113.80,116.70,113.77,214438,2472379231.00,2.50,-2.90,-3.40,1.42
2026-01-27,113.87,111.78,114.40,111.70,192839,2180961001.00,2.37,-1.78,-2.02,1.28
2026-01-28,111.20,107.56,111.20,106.78,362068,3957570802.00,3.95,-3.78,-4.22,2.40
2026-01-29,106.78,108.15,109.20,105.55,309144,3326309066.00,3.39,0.55,0.59,2.05
2026-01-30,107.00,103.29,107.50,103.29,285922,3014169574.00,3.89,-4.49,-4.86,1.89
2026-02-02,103.29,103.65,106.85,103.28,235545,2493254981.00,3.46,0.35,0.36,1.56
2026-02-03,104.22,106.60,106.63,103.89,238409,2540142902.00,2.64,2.85,2.95,1.58
2026-02-04,106.73,109.49,111.76,106.73,315649,3491429568.00,4.72,2.71,2.89,2.09
2026-02-05,110.19,108.50,110.23,107.58,160290,1753788861.00,2.42,-0.90,-0.99,1.06
2026-02-06,107.94,108.28,109.50,107.81,132413,1447492704.00,1.56,-0.20,-0.22,0.88
2026-02-09,110.30,110.18,112.65,109.70,194758,2176917334.00,2.72,1.75,1.90,1.29
2026-02-10,111.18,109.56,111.19,109.21,120600,1336202498.00,1.80,-0.56,-0.62,0.80
2026-02-11,110.01,109.65,111.27,108.90,139217,1544176044.00,2.16,0.08,0.09,0.92
2026-02-12,109.68,108.08,109.75,107.44,144957,1582184119.00,2.11,-1.43,-1.57,0.96
2026-02-13,108.07,108.42,109.94,107.59,130528,1431907020.00,2.17,0.31,0.34,0.86
2026-02-24,108.42,107.24,108.60,107.20,133220,1445492828.00,1.29,-1.09,-1.18,0.88
2026-02-25,107.24,108.34,109.39,107.10,124119,1354853507.00,2.14,1.03,1.10,0.82
2026-02-26,108.10,105.28,108.10,105.21,179016,1910206975.00,2.67,-2.82,-3.06,1.19
2026-02-27,105.19,106.52,107.17,104.61,136705,1459421734.00,2.43,1.18,1.24,0.91
2026-03-02,103.83,105.39,106.17,103.20,216387,2277803225.00,2.79,-1.06,-1.13,1.43
2026-03-03,104.93,101.60,106.10,101.37,264868,2746036265.00,4.49,-3.60,-3.79,1.75
2026-03-04,99.70,100.71,101.57,98.43,168424,1702398235.00,3.09,-0.88,-0.89,1.12
2026-03-05,102.20,100.20,102.75,99.74,138973,1417287621.00,2.99,-0.51,-0.51,0.92
2026-03-06,99.29,99.45,99.75,98.21,162958,1627160417.00,1.54,-0.75,-0.75,1.08
2026-03-09,98.20,97.00,98.21,95.32,217552,2117221495.00,2.91,-2.46,-2.45,1.44
2026-03-10,98.20,98.71,99.07,97.62,141776,1407974561.00,1.49,1.76,1.71,0.94
2026-03-11,98.95,100.72,103.00,98.60,264416,2693328883.00,4.46,2.04,2.01,1.75
2026-03-12,100.72,99.08,100.72,98.20,157158,1571900165.00,2.50,-1.63,-1.64,1.04
2026-03-13,98.70,99.43,101.20,98.42,143532,1448234688.00,2.81,0.35,0.35,0.95
2026-03-16,100.50,102.44,102.96,99.86,272567,2794136006.00,3.12,3.03,3.01,1.81
2026-03-17,102.44,102.10,104.50,101.44,233798,2427536449.00,2.99,-0.33,-0.34,1.55
2026-03-18,101.80,100.67,103.19,99.80,153217,1556186644.00,3.32,-1.40,-1.43,1.01
2026-03-19,99.41,100.10,100.90,99.20,111662,1125617433.00,1.69,-0.57,-0.57,0.74
2026-03-20,100.40,98.96,101.50,98.96,136131,1370958235.00,2.54,-1.14,-1.14,0.90
2026-03-23,98.81,98.47,102.10,97.58,290156,2922544859.00,4.57,-0.50,-0.49,1.92
2026-03-24,98.48,96.27,99.06,93.55,293570,2819321035.00,5.60,-2.23,-2.20,1.94
2026-03-25,97.78,95.75,97.92,95.28,182666,1773426098.00,2.74,-0.54,-0.52,1.21
2026-03-26,95.23,93.20,96.40,93.00,169519,1611382125.00,3.55,-2.66,-2.55,1.12
2026-03-27,92.22,94.62,94.78,92.01,158271,1499065737.00,2.97,1.52,1.42,1.02
2026-03-30,93.70,93.44,95.16,92.85,121958,1150483657.00,2.44,-1.25,-1.18,0.78
2026-03-31,90.61,90.03,92.08,89.48,275691,2518682935.00,2.78,-3.65,-3.41,1.77
2026-04-01,90.99,90.96,91.46,89.49,188620,1723883753.00,2.19,1.03,0.93,1.21
2026-04-02,90.60,88.28,90.69,88.10,196018,1763428545.00,2.85,-2.95,-2.68,1.26
2026-04-03,88.27,85.60,88.64,85.33,214853,1876518260.00,3.75,-3.04,-2.68,1.38
2026-04-07,85.20,85.83,86.96,84.75,164587,1427571185.00,2.58,0.27,0.23,1.06
2026-04-08,87.18,89.20,89.20,86.91,224644,2000434364.00,2.67,3.93,3.37,1.44
2026-04-09,88.20,87.78,88.20,87.20,129942,1149431719.00,1.12,-1.59,-1.42,0.83
2026-04-10,88.45,89.27,89.95,88.15,172910,1559037168.00,2.05,1.70,1.49,1.11
2026-04-13,89.01,89.31,90.37,88.75,137618,1243609422.00,1.81,0.04,0.04,0.88
2026-04-14,90.10,89.09,90.20,88.08,148425,1328865612.00,2.37,-0.25,-0.22,0.95
2026-04-15,89.70,87.52,89.75,87.46,139942,1246107334.00,2.57,-1.76,-1.57,0.90
2026-04-16,87.78,89.11,89.30,87.78,172987,1549748652.00,1.74,1.82,1.59,1.11
2026-04-17,88.67,88.67,88.97,87.64,129378,1151957849.00,1.49,-0.49,-0.44,0.83
2026-04-20,88.75,89.27,90.48,88.30,192967,1743486446.00,2.46,0.68,0.60,1.24
2026-04-21,89.35,89.15,89.35,87.81,127654,1139917522.00,1.73,-0.13,-0.12,0.82
2026-04-22,88.84,89.67,89.78,88.34,122975,1107632468.00,1.62,0.58,0.52,0.79
2026-04-23,91.20,91.68,95.14,91.20,406225,3805938485.00,4.39,2.24,2.01,2.61
2026-04-24,91.68,90.05,91.88,88.88,218178,1974685024.00,3.27,-1.78,-1.63,1.40
2026-04-27,89.20,89.88,91.66,88.58,229387,2080278015.00,3.42,-0.19,-0.17,1.47
2026-04-28,89.26,88.15,89.40,88.10,179261,1602199568.00,1.45,-1.92,-1.73,1.15
2026-04-29,87.70,89.65,90.13,87.48,178150,1601939373.00,3.01,1.70,1.50,1.14
2026-04-30,88.71,87.95,89.53,87.40,223512,1986384240.00,2.38,-1.90,-1.70,1.44
2026-05-06,86.20,87.27,87.68,86.20,222716,1954814887.00,1.68,-0.77,-0.68,1.43
2026-05-07,87.20,88.39,88.68,87.08,203292,1805205363.00,1.83,1.28,1.12,1.31
2026-05-08,88.27,89.50,92.10,87.38,328216,2964303910.00,5.34,1.26,1.11,2.11
2026-05-11,89.05,88.39,89.07,88.10,197678,1763398268.00,1.08,-1.24,-1.11,1.27
2026-05-12,88.22,85.95,88.30,85.81,259858,2270840516.00,2.82,-2.76,-2.44,1.67
2026-05-13,85.75,86.66,87.93,84.22,272126,2353459426.00,4.32,0.83,0.71,1.75
2026-05-14,86.80,84.25,88.65,84.21,249837,2167723296.00,5.12,-2.78,-2.41,1.60
2026-05-15,84.26,82.46,84.50,82.08,217746,1823629101.00,2.87,-2.12,-1.79,1.40
2026-05-18,81.76,81.00,82.66,80.68,207339,1703275755.00,2.40,-1.77,-1.46,1.33
2026-05-19,81.00,79.28,81.67,78.70,239994,1931350784.00,3.67,-2.12,-1.72,1.54
2026-05-20,79.19,77.76,79.25,76.97,241959,1903157550.00,2.88,-1.92,-1.52,1.55
2026-05-21,77.76,82.58,85.62,77.70,706364,5951598671.00,10.19,6.20,4.82,4.54
2026-05-22,82.20,81.23,82.26,79.21,319607,2613711452.00,3.69,-1.63,-1.35,2.05
2026-05-25,81.21,81.28,82.09,80.38,211934,1740496509.00,2.11,0.06,0.05,1.36
2026-05-26,81.48,85.61,86.42,81.48,467458,4007631954.00,6.08,5.33,4.33,3.00
2026-05-27,85.19,83.82,87.92,83.57,416705,3605945150.00,5.08,-2.09,-1.79,2.68
2026-05-28,84.92,82.18,85.10,81.20,258022,2141469182.00,4.65,-1.96,-1.64,1.66
2026-05-29,81.93,80.66,82.84,79.72,285987,2331355573.00,3.80,-1.85,-1.52,1.84
2026-06-01,81.20,79.29,81.38,79.23,176469,1423126037.00,2.67,-1.70,-1.37,1.13
2026-06-02,79.50,81.21,82.48,78.72,276059,2254555787.00,4.74,2.42,1.92,1.77
2026-06-03,80.50,79.10,80.72,78.77,224580,1786511004.00,2.40,-2.60,-2.11,1.44
2026-06-04,78.33,76.37,78.77,76.20,249827,1930569172.00,3.25,-3.45,-2.73,1.60
2026-06-05,76.30,75.01,76.81,74.35,286047,2150970714.00,3.22,-1.78,-1.36,1.84
2026-06-08,73.01,72.90,76.13,72.63,217068,1604919769.00,4.67,-2.81,-2.11,1.39
2026-06-09,73.00,71.71,73.55,71.00,239587,1713246609.00,3.50,-1.63,-1.19,1.54
2026-06-10,70.76,68.88,70.79,68.36,306702,2117188239.00,3.39,-3.95,-2.83,1.97
2026-06-11,68.01,67.71,68.50,66.46,302140,2036231009.00,2.96,-1.70,-1.17,1.94
2026-06-12,68.99,68.67,69.83,67.00,271425,1860210480.00,4.18,1.42,0.96,1.74
2026-06-15,68.10,68.20,70.01,67.51,247756,1694786745.00,3.64,-0.68,-0.47,1.59
2026-06-16,68.29,68.78,69.98,67.97,225838,1555852802.00,2.95,0.85,0.58,1.45
2026-06-17,68.35,66.14,68.35,65.93,275297,1833927291.00,3.52,-3.84,-2.64,1.77
2026-06-18,65.70,64.81,66.33,64.48,316656,2066866157.00,2.80,-2.01,-1.33,2.03
2026-06-22,64.29,65.30,65.68,62.33,363757,2319297740.00,5.17,0.76,0.49,2.34
2026-06-23,64.63,63.00,65.87,62.80,249901,1603489384.00,4.70,-3.52,-2.30,1.60
2026-06-24,63.01,61.80,63.47,61.41,218597,1356337289.00,3.27,-1.90,-1.20,1.40
2026-06-25,61.40,62.70,64.14,61.17,320405,1999757894.00,4.81,1.46,0.90,2.06
2026-06-26,63.05,59.80,63.18,59.80,279334,1702369732.00,5.39,-4.63,-2.90,1.79