2026-01-05,27.30,27.86,27.86,27.28,123294,341289956.54,2.12,1.98,0.54,5.43
2026-01-06,27.80,28.39,28.48,27.75,163004,458696142.78,2.62,1.90,0.53,7.18
2026-01-07,28.46,29.53,30.19,27.98,420958,1228461811.55,7.78,4.02,1.14,18.54
2026-01-08,31.03,30.70,32.20,30.20,545319,1693572816.25,6.77,3.96,1.17,24.02
2026-01-09,30.71,32.95,33.48,30.71,544858,1770289811.68,9.02,7.33,2.25,24.00
2026-01-12,33.20,33.25,34.88,33.00,521926,1767812117.87,5.71,0.91,0.30,22.99
2026-01-13,33.20,33.32,34.47,32.14,411630,1373988758.16,7.01,0.21,0.07,18.13
2026-01-14,33.00,32.11,33.29,31.31,425529,1368206240.77,5.94,-3.63,-1.21,18.74
2026-01-15,31.31,30.72,31.75,30.32,295065,909974252.84,4.45,-4.33,-1.39,13.00
2026-01-16,30.74,29.89,31.09,29.84,243044,733923580.90,4.07,-2.70,-0.83,10.71
2026-01-19,29.78,30.74,31.31,29.56,264253,808579751.38,5.85,2.84,0.85,11.64
2026-01-20,30.53,30.39,31.59,29.92,206606,630967580.19,5.43,-1.14,-0.35,9.10
2026-01-21,33.43,33.43,33.43,33.43,118515,396194140.65,0.00,10.00,3.04,5.22
2026-01-22,36.77,36.77,36.77,36.11,258776,951400018.06,1.97,9.99,3.34,11.40
2026-01-23,38.00,38.25,38.60,35.80,1041153,3902872797.74,7.61,4.03,1.48,45.86
2026-01-26,38.99,36.96,40.38,36.50,649144,2485235251.99,10.14,-3.37,-1.29,28.59
2026-01-27,36.41,36.60,38.33,36.22,417695,1553251489.28,5.71,-0.97,-0.36,18.40
2026-01-28,36.54,35.22,37.11,34.60,385400,1367195283.99,6.86,-3.77,-1.38,16.98
2026-01-29,35.22,33.83,35.22,33.44,273168,931954425.68,5.05,-3.95,-1.39,12.03
2026-01-30,33.33,35.30,36.99,33.33,417716,1469582530.61,10.82,4.35,1.47,18.40
2026-02-02,35.61,33.83,35.97,33.66,238928,829396504.70,6.54,-4.16,-1.47,10.52
2026-02-03,33.79,36.62,37.21,33.51,451097,1626986345.92,10.94,8.25,2.79,19.87
2026-02-04,36.75,35.76,37.20,35.35,298401,1070223151.98,5.05,-2.35,-0.86,13.14
2026-02-05,35.30,32.49,35.30,32.25,333862,1105394692.22,8.53,-9.14,-3.27,14.71
2026-02-06,32.22,32.00,32.98,31.76,217563,702805916.52,3.76,-1.51,-0.49,9.58
2026-02-09,32.50,34.64,35.16,32.25,344948,1173082197.78,9.09,8.25,2.64,15.19
2026-02-10,34.51,36.04,36.58,34.02,296969,1059198169.27,7.39,4.04,1.40,13.08
2026-02-11,36.05,36.33,37.44,35.70,237571,866961814.92,4.83,0.80,0.29,10.46
2026-02-12,36.59,37.03,37.80,36.00,260770,966152244.00,4.95,1.93,0.70,11.49
2026-02-13,36.34,35.67,36.88,35.58,175182,630831778.24,3.51,-3.67,-1.36,7.72
2026-02-24,35.91,35.60,36.30,35.05,188122,670192172.44,3.50,-0.20,-0.07,8.29
2026-02-25,35.55,34.56,36.30,34.43,237660,828374762.79,5.25,-2.92,-1.04,10.47
2026-02-26,34.70,37.50,37.66,34.20,361947,1316559227.02,10.01,8.51,2.94,15.94
2026-02-27,36.20,37.78,37.85,36.20,253090,942243939.94,4.40,0.75,0.28,11.15
2026-03-02,36.81,34.14,37.78,34.00,523877,1843916428.77,10.01,-9.63,-3.64,23.08
2026-03-03,34.49,31.30,34.74,31.03,407369,1312496268.57,10.87,-8.32,-2.84,17.94
2026-03-04,30.62,30.92,31.76,30.62,211940,660311949.18,3.64,-1.21,-0.38,9.34
2026-03-05,32.00,31.80,32.48,31.44,234124,748464008.15,3.36,2.85,0.88,10.31
2026-03-06,31.63,32.83,34.33,31.50,365820,1209916431.47,8.90,3.24,1.03,16.11
2026-03-09,31.31,32.64,32.89,30.51,265775,840715087.92,7.25,-0.58,-0.19,11.71
2026-03-10,32.87,32.47,33.20,32.02,201888,655432339.20,3.62,-0.52,-0.17,8.89
2026-03-11,32.30,31.83,32.70,31.74,188361,604415610.57,2.96,-1.97,-0.64,8.30
2026-03-12,31.70,30.59,31.83,30.32,209905,647723436.27,4.74,-3.90,-1.24,9.25
2026-03-13,30.34,29.27,30.34,29.05,196511,581048134.41,4.22,-4.32,-1.32,8.66
2026-03-16,29.28,28.23,29.40,27.72,247124,696768846.50,5.74,-3.55,-1.04,10.89
2026-03-17,28.54,27.96,28.88,27.90,162370,460774651.55,3.47,-0.96,-0.27,7.15
2026-03-18,28.15,28.49,28.57,27.78,133576,376701384.94,2.83,1.90,0.53,5.88
2026-03-19,28.00,27.77,28.26,27.60,115056,321145380.00,2.32,-2.53,-0.72,5.07
2026-03-20,28.09,26.81,28.10,26.77,131431,358718305.72,4.79,-3.46,-0.96,5.79
2026-03-23,26.36,25.65,26.96,25.48,161327,421585547.73,5.52,-4.33,-1.16,7.11
2026-03-24,26.20,26.45,26.48,25.60,142722,371430822.07,3.43,3.12,0.80,6.29
2026-03-25,26.58,27.14,27.48,26.58,134232,364233484.80,3.40,2.61,0.69,5.91
2026-03-26,27.20,26.75,27.80,26.59,144457,391238168.91,4.46,-1.44,-0.39,6.36
2026-03-27,26.50,26.86,27.08,26.31,107348,287691222.22,2.88,0.41,0.11,4.73
2026-03-30,26.38,26.96,26.99,26.30,95887,256562802.40,2.57,0.37,0.10,4.22
2026-03-31,27.00,26.46,27.19,26.45,95250,255173572.97,2.74,-1.85,-0.50,4.20
2026-04-01,26.99,27.19,27.27,26.86,141297,382782210.66,1.55,2.76,0.73,6.22
2026-04-02,27.00,26.57,27.03,26.34,101989,271697779.31,2.54,-2.28,-0.62,4.49
2026-04-03,26.58,25.76,26.75,25.70,97576,253817502.73,3.95,-3.05,-0.81,4.30
2026-04-07,25.81,25.98,26.26,25.76,77419,201323031.15,1.94,0.85,0.22,3.41
2026-04-08,26.73,27.67,27.67,26.73,177802,484595016.53,3.62,6.51,1.69,7.83
2026-04-09,27.38,27.25,27.57,27.11,116542,318678693.66,1.66,-1.52,-0.42,5.13
2026-04-10,27.55,27.59,28.15,27.55,144627,402328680.63,2.20,1.25,0.34,6.37
2026-04-13,27.39,27.59,27.85,27.13,98568,271402389.57,2.61,0.00,0.00,4.34
2026-04-14,28.01,27.92,28.15,27.70,123834,345486050.42,1.63,1.20,0.33,5.45
2026-04-15,28.10,27.72,28.25,27.61,131845,368793004.50,2.29,-0.72,-0.20,5.81
2026-04-16,27.80,28.29,28.45,27.71,155778,437499635.23,2.67,2.06,0.57,6.86
2026-04-17,28.11,28.31,28.47,27.74,148213,415358072.17,2.58,0.07,0.02,6.53
2026-04-20,28.17,31.14,31.14,28.08,430077,1313104071.41,10.81,10.00,2.83,18.94
2026-04-21,31.14,31.58,32.16,30.83,504195,1596164608.03,4.27,1.41,0.44,22.21
2026-04-22,31.43,32.10,32.40,30.49,351559,1108296035.49,6.05,1.65,0.52,15.49
2026-04-23,32.88,31.55,33.00,31.33,311882,1003728955.23,5.20,-1.71,-0.55,13.74
2026-04-24,31.21,30.43,31.23,30.04,204325,622556701.44,3.77,-3.55,-1.12,9.00
2026-04-27,30.64,30.16,30.64,30.08,151112,458042928.38,1.84,-0.89,-0.27,6.66
2026-04-28,29.94,28.92,29.99,28.66,198422,579240242.58,4.41,-4.11,-1.24,8.74
2026-04-29,28.80,28.57,28.88,28.28,170595,487273566.30,2.07,-1.21,-0.35,7.51
2026-04-30,30.49,30.90,31.35,30.05,420012,1296427399.92,4.55,8.16,2.33,18.50
2026-05-06,30.90,31.46,31.99,30.89,278291,874924108.53,3.56,1.81,0.56,12.26
2026-05-07,31.33,30.93,31.37,30.81,193842,600372485.77,1.78,-1.68,-0.53,8.54
2026-05-08,30.63,30.00,30.63,29.88,188859,568815510.64,2.42,-3.01,-0.93,8.32
2026-05-11,30.30,29.71,30.51,29.60,172177,512894122.69,3.03,-0.97,-0.29,7.58
2026-05-12,29.75,29.12,29.88,28.82,168229,489223723.31,3.57,-1.99,-0.59,7.41
2026-05-13,30.00,32.03,32.03,29.50,356720,1117166417.19,8.69,9.99,2.91,15.71
2026-05-14,32.50,32.43,33.17,31.44,639373,2081274189.96,5.40,1.25,0.40,28.16
2026-05-15,32.34,32.48,32.95,31.25,442433,1428093672.66,5.24,0.15,0.05,19.49
2026-05-18,32.16,31.35,32.83,31.10,315701,997782905.74,5.33,-3.48,-1.13,13.91
2026-05-19,31.70,32.20,32.99,31.08,349258,1118003995.38,6.09,2.71,0.85,15.38
2026-05-20,34.50,35.42,35.42,34.50,198703,701889443.78,2.86,10.00,3.22,8.75
2026-05-21,37.00,34.21,37.13,33.89,624181,2197028719.05,9.15,-3.42,-1.21,27.49
2026-05-22,34.06,33.85,34.69,32.82,470008,1577183550.53,5.47,-1.05,-0.36,20.70
2026-05-25,34.20,33.86,35.68,32.85,471555,1612412398.61,8.36,0.03,0.01,20.77
2026-05-26,33.80,33.31,34.69,32.50,346343,1155592932.17,6.47,-1.62,-0.55,15.26
2026-05-27,32.47,32.22,33.93,31.65,338130,1103753408.63,6.84,-3.27,-1.09,14.89
2026-05-28,31.80,31.82,32.95,31.67,275335,884767493.57,3.97,-1.24,-0.40,12.13
2026-05-29,31.81,30.08,31.98,29.70,314146,955554470.81,7.17,-5.47,-1.74,13.84
2026-06-01,30.05,29.38,30.57,29.35,198405,593576656.01,4.06,-2.33,-0.70,8.74
2026-06-02,29.38,28.21,29.41,27.65,222210,626856348.18,5.99,-3.98,-1.17,9.79
2026-06-03,28.10,27.96,28.59,27.60,187348,526973070.23,3.51,-0.89,-0.25,8.25
2026-06-04,27.60,28.18,28.68,27.50,188401,530910566.99,4.22,0.79,0.22,8.30
2026-06-05,28.10,26.90,28.10,26.90,232985,633482555.22,4.26,-4.54,-1.28,10.26
2026-06-08,25.90,25.79,26.85,25.49,201096,524304180.41,5.06,-4.13,-1.11,8.86
2026-06-09,26.18,26.21,26.21,25.55,132142,341402069.35,2.56,1.63,0.42,5.82
2026-06-10,25.90,24.73,26.15,24.59,180259,453369809.74,5.95,-5.65,-1.48,7.94
2026-06-11,24.58,24.00,24.59,23.81,153279,369241144.75,3.15,-2.95,-0.73,6.75
2026-06-12,24.42,24.50,25.13,24.17,153784,379548851.95,4.00,2.08,0.50,6.77
2026-06-15,24.80,25.23,25.23,24.60,149634,374407637.96,2.57,2.98,0.73,6.59
2026-06-16,25.23,25.46,25.55,24.73,138243,348304843.22,3.25,0.91,0.23,6.09
2026-06-17,25.55,25.60,26.10,25.21,140953,361592300.34,3.50,0.55,0.14,6.21
2026-06-18,25.45,25.71,26.00,25.30,129783,333929475.35,2.73,0.43,0.11,5.72
2026-06-22,28.00,26.29,28.28,26.00,392945,1059990660.12,8.87,2.26,0.58,17.31
2026-06-23,25.70,24.51,25.70,24.51,236719,594204034.52,4.53,-6.77,-1.78,10.43
2026-06-24,24.56,24.66,24.69,24.10,126704,309668769.39,2.41,0.61,0.15,5.58
2026-06-25,24.42,24.08,24.62,23.91,131949,318302923.53,2.88,-2.35,-0.58,5.81
2026-06-26,23.83,22.50,24.07,22.48,181339,417198550.49,6.60,-6.56,-1.58,7.99
2026-06-29,22.40,21.98,22.40,21.73,143701,316149574.57,2.98,-2.31,-0.52,6.33