2026-01-05,26.82,26.91,27.27,26.60,315350,850959006.00,2.46,-1.18,-0.32,7.89
2026-01-06,26.91,26.81,27.12,26.56,297599,799378649.00,2.08,-0.37,-0.10,7.45
2026-01-07,26.64,26.41,27.05,26.14,322674,860672316.00,3.39,-1.49,-0.40,8.08
2026-01-08,26.25,26.96,27.20,26.19,342217,922799540.00,3.82,2.08,0.55,8.56
2026-01-09,27.12,26.90,27.57,26.70,352520,958237046.00,3.23,-0.22,-0.06,8.82
2026-01-12,27.06,27.77,28.01,27.00,433509,1197451856.00,3.75,3.23,0.87,10.85
2026-01-13,27.78,26.28,27.78,26.25,348366,935309846.00,5.51,-5.37,-1.49,8.72
2026-01-14,26.28,25.85,26.81,25.51,321571,843290051.00,4.95,-1.64,-0.43,8.05
2026-01-15,25.52,25.35,25.80,25.00,194639,494420559.00,3.09,-1.93,-0.50,4.87
2026-01-16,25.69,26.18,26.48,25.26,281825,733878665.00,4.81,3.27,0.83,7.05
2026-01-19,26.42,26.01,26.43,25.70,185487,484227056.00,2.79,-0.65,-0.17,4.64
2026-01-20,25.93,25.44,26.27,25.27,172437,442987175.00,3.84,-2.19,-0.57,4.32
2026-01-21,25.22,25.71,26.02,24.92,149628,383805518.00,4.32,1.06,0.27,3.74
2026-01-22,25.72,25.66,26.14,25.57,129148,333876326.00,2.22,-0.19,-0.05,3.23
2026-01-23,25.77,25.91,26.05,25.52,145908,378097150.00,2.07,0.97,0.25,3.65
2026-01-26,25.91,24.46,25.97,24.13,267020,663883816.00,7.10,-5.60,-1.45,6.68
2026-01-27,23.98,24.60,24.61,23.72,133163,323040469.00,3.64,0.57,0.14,3.33
2026-01-28,24.60,24.09,24.62,24.04,95641,231785312.00,2.36,-2.07,-0.51,2.39
2026-01-29,24.01,23.52,24.18,23.43,129665,309051128.00,3.11,-2.37,-0.57,3.25
2026-01-30,23.42,23.74,23.91,23.18,103320,244330009.00,3.10,0.94,0.22,2.59
2026-02-02,23.82,23.30,23.99,23.30,91871,218204470.00,2.91,-1.85,-0.44,2.30
2026-02-03,23.63,23.91,23.91,23.28,92680,220333636.00,2.70,2.62,0.61,2.32
2026-02-04,23.77,23.88,24.01,23.64,67196,160571016.00,1.55,-0.13,-0.03,1.68
2026-02-05,23.67,23.60,23.81,23.50,61261,145433284.00,1.30,-1.17,-0.28,1.53
2026-02-06,23.58,23.82,24.10,23.29,88861,212426266.00,3.43,0.93,0.22,2.22
2026-02-09,24.02,24.22,24.25,23.88,98763,238684800.00,1.55,1.68,0.40,2.47
2026-02-10,24.24,24.23,24.47,23.99,103096,250157781.00,1.98,0.04,0.01,2.58
2026-02-11,24.14,23.81,24.15,23.80,75280,180886533.00,1.44,-1.73,-0.42,1.88
2026-02-12,23.64,23.82,24.04,23.64,64296,154200272.00,1.68,0.04,0.01,1.61
2026-02-13,23.67,24.05,24.22,23.67,86540,209029387.00,2.31,0.97,0.23,2.17
2026-02-24,24.48,23.92,24.53,23.88,94266,226883122.00,2.70,-0.54,-0.13,2.36
2026-02-25,23.92,24.11,24.18,23.65,88520,213168914.00,2.22,0.79,0.19,2.22
2026-02-26,24.07,23.85,24.07,23.80,74279,177814777.00,1.12,-1.08,-0.26,1.86
2026-02-27,23.80,23.89,23.91,23.68,73125,174589645.00,0.96,0.17,0.04,1.83
2026-03-02,23.44,23.13,23.80,23.12,120093,281285666.00,2.85,-3.18,-0.76,3.01
2026-03-03,23.10,21.99,23.27,21.98,122276,276102775.00,5.58,-4.93,-1.14,3.06
2026-03-04,21.60,22.07,22.26,21.42,70094,154744930.00,3.82,0.36,0.08,1.75
2026-03-05,22.25,22.27,22.50,22.07,65388,146000434.00,1.95,0.91,0.20,1.64
2026-03-06,22.15,22.46,22.82,22.02,52216,117417821.00,3.59,0.85,0.19,1.31
2026-03-09,22.02,22.11,22.20,21.68,69121,152027764.00,2.32,-1.56,-0.35,1.73
2026-03-10,22.27,22.69,22.77,22.27,69701,157985310.00,2.26,2.62,0.58,1.74
2026-03-11,22.69,22.43,22.86,22.37,56518,127801522.00,2.16,-1.15,-0.26,1.41
2026-03-12,22.40,22.09,22.52,22.00,52866,117651518.00,2.32,-1.52,-0.34,1.32
2026-03-13,21.97,21.79,22.14,21.72,49866,109732573.00,1.90,-1.36,-0.30,1.25
2026-03-16,21.79,22.02,22.02,21.64,45614,99957740.00,1.74,1.06,0.23,1.14
2026-03-17,22.07,21.72,22.17,21.69,41305,90803748.00,2.18,-1.36,-0.30,1.03
2026-03-18,21.79,21.51,21.88,21.12,70301,150706681.00,3.50,-0.97,-0.21,1.76
2026-03-19,21.18,20.80,21.25,20.70,68057,143152385.00,2.56,-3.30,-0.71,1.70
2026-03-20,20.88,20.00,20.92,19.99,83283,170443025.00,4.47,-3.85,-0.80,2.08
2026-03-23,19.53,19.04,20.15,18.95,102683,201272374.00,6.00,-4.80,-0.96,2.57
2026-03-24,19.40,19.47,19.48,18.98,62180,120111104.00,2.63,2.26,0.43,1.56
2026-03-25,19.47,20.06,20.07,19.47,62691,124792288.00,3.08,3.03,0.59,1.57
2026-03-26,20.06,19.47,20.17,19.38,61252,121423643.00,3.94,-2.94,-0.59,1.53
2026-03-27,19.14,19.57,19.65,19.12,37175,72690288.00,2.72,0.51,0.10,0.93
2026-03-30,19.27,19.82,19.89,19.22,45922,90480327.00,3.42,1.28,0.25,1.15
2026-03-31,19.82,19.93,20.41,19.72,85627,173028549.00,3.48,0.55,0.11,2.14
2026-04-01,20.22,19.93,20.31,19.78,65296,130707016.00,2.66,0.00,0.00,1.63
2026-04-02,19.82,19.57,19.98,19.46,45409,89801839.00,2.61,-1.81,-0.36,1.14
2026-04-03,19.57,18.99,19.70,18.98,43975,84796724.00,3.68,-2.96,-0.58,1.10
2026-04-07,18.99,19.06,19.22,18.92,35905,68789599.00,1.58,0.37,0.07,0.90
2026-04-08,19.29,20.03,20.06,19.29,79397,157865319.00,4.04,5.09,0.97,1.99
2026-04-09,19.82,19.69,19.82,19.58,44170,87345666.00,1.20,-1.70,-0.34,1.11
2026-04-10,19.79,19.91,20.21,19.79,55549,111643420.00,2.13,1.12,0.22,1.39
2026-04-13,19.85,20.09,20.17,19.76,49258,99133935.00,2.06,0.90,0.18,1.23
2026-04-14,20.10,20.32,20.33,20.03,63237,128300920.00,1.49,1.14,0.23,1.58
2026-04-15,20.40,20.01,20.44,19.98,54442,110331472.00,2.26,-1.53,-0.31,1.36
2026-04-16,20.01,20.04,20.30,19.90,56123,112832430.00,2.00,0.15,0.03,1.40
2026-04-17,20.09,20.16,20.28,19.86,56929,114697121.00,2.10,0.60,0.12,1.42
2026-04-20,20.22,20.42,20.48,20.02,72363,147784061.00,2.28,1.29,0.26,1.81
2026-04-21,20.42,20.13,20.42,19.97,67913,137014273.00,2.20,-1.42,-0.29,1.70
2026-04-22,20.00,20.05,20.12,19.85,55669,111724669.00,1.34,-0.40,-0.08,1.39
2026-04-23,20.06,19.74,20.14,19.59,67023,133284383.00,2.74,-1.55,-0.31,1.68
2026-04-24,19.65,19.52,19.73,19.44,45654,89615582.00,1.47,-1.11,-0.22,1.14
2026-04-27,19.33,19.08,19.34,18.17,116812,220491925.00,5.99,-2.25,-0.44,2.92
2026-04-28,19.09,18.47,19.09,18.30,72889,136289699.00,4.14,-3.20,-0.61,1.82
2026-04-29,18.47,18.64,18.72,18.37,54257,101178505.00,1.89,0.92,0.17,1.36
2026-04-30,18.64,19.01,19.47,18.54,83541,159704831.00,4.99,1.98,0.37,2.09
2026-05-06,19.00,19.27,19.46,19.00,70169,135793497.00,2.42,1.37,0.26,1.76
2026-05-07,19.28,19.82,20.02,19.21,89430,177289704.00,4.20,2.85,0.55,2.24
2026-05-08,19.92,20.53,20.88,19.55,195712,400513219.00,6.71,3.58,0.71,4.90
2026-05-11,20.58,20.09,20.60,20.04,124565,252059277.00,2.73,-2.14,-0.44,3.12
2026-05-12,19.94,19.78,20.41,19.76,93020,186550202.00,3.24,-1.54,-0.31,2.33
2026-05-13,19.64,19.59,19.82,19.51,78532,154911847.00,1.57,-0.96,-0.19,1.97
2026-05-14,19.67,18.92,19.71,18.92,91407,176070087.00,4.03,-3.42,-0.67,2.29
2026-05-15,18.91,19.86,20.50,18.90,210807,421917259.00,8.46,4.97,0.94,5.28
2026-05-18,19.92,19.71,20.00,19.51,111589,220735930.00,2.47,-0.76,-0.15,2.79
2026-05-19,19.76,20.00,20.12,19.73,97283,194677039.00,1.98,1.47,0.29,2.43
2026-05-20,19.89,19.16,19.92,19.05,111197,215531346.00,4.35,-4.20,-0.84,2.78
2026-05-21,19.27,19.23,20.10,19.16,141286,278737724.00,4.91,0.37,0.07,3.54
2026-05-22,19.23,19.25,19.41,18.92,84977,163454620.00,2.55,0.10,0.02,2.13
2026-05-25,20.02,21.18,21.18,20.02,308876,650257212.00,6.03,10.03,1.93,7.73
2026-05-26,21.15,21.90,21.92,20.88,455082,979671529.00,4.91,3.40,0.72,11.39
2026-05-27,21.47,21.10,21.47,20.73,237813,502139708.00,3.38,-3.65,-0.80,5.95
2026-05-28,20.75,21.15,21.30,20.42,185647,390350337.00,4.17,0.24,0.05,4.65
2026-05-29,20.96,20.09,21.02,20.09,152966,312804683.00,4.40,-5.01,-1.06,3.83
2026-06-01,20.10,19.77,20.12,19.31,100072,197245664.00,4.03,-1.59,-0.32,2.50
2026-06-02,19.78,20.05,20.12,19.45,91781,182839341.00,3.39,1.42,0.28,2.30
2026-06-03,19.82,20.27,20.69,19.61,131239,266539301.00,5.39,1.10,0.22,3.28
2026-06-04,20.09,20.36,20.59,19.94,97279,198457870.00,3.21,0.44,0.09,2.43
2026-06-05,20.41,20.63,20.80,19.62,164449,334560215.00,5.80,1.33,0.27,4.12
2026-06-08,19.82,20.25,20.60,19.80,109926,222517183.00,3.88,-1.84,-0.38,2.75
2026-06-09,20.44,20.18,20.50,19.95,85762,173307729.00,2.72,-0.35,-0.07,2.15
2026-06-10,19.97,18.15,20.00,18.15,190769,360228650.00,9.17,-10.06,-2.03,4.77
2026-06-11,17.66,16.33,17.66,16.33,133651,223729458.00,7.33,-10.03,-1.82,3.35
2026-06-12,16.56,15.48,16.60,15.31,203543,322295793.00,7.90,-5.21,-0.85,5.09
2026-06-15,15.52,15.59,15.67,15.36,117460,183146123.00,2.00,0.71,0.11,2.94
2026-06-16,15.59,15.97,16.05,14.94,156297,245166520.00,7.12,2.44,0.38,3.91
2026-06-17,15.75,15.30,15.75,15.24,107558,166775975.00,3.19,-4.20,-0.67,2.69
2026-06-18,15.29,15.39,15.46,15.04,63650,97400478.00,2.75,0.59,0.09,1.59
2026-06-22,15.15,14.49,15.26,13.85,207096,295178286.00,9.16,-5.85,-0.90,5.18
2026-06-23,14.47,14.75,15.12,14.20,128834,190100286.00,6.35,1.79,0.26,3.22
2026-06-24,14.58,14.50,14.69,13.92,122144,174413703.00,5.22,-1.69,-0.25,3.06
2026-06-25,14.64,14.15,14.64,13.88,118028,167251467.00,5.24,-2.41,-0.35,2.95
2026-06-26,14.14,13.71,14.22,13.71,90582,126054525.00,3.60,-3.11,-0.44,2.27
2026-06-29,13.75,13.70,13.95,13.32,81709,110814050.00,4.60,-0.07,-0.01,2.05
2026-06-30,13.69,14.16,14.33,13.58,101408,141722118.00,5.47,3.36,0.46,2.54
2026-07-01,14.22,14.48,14.74,14.16,94204,136590363.00,4.10,2.26,0.32,2.36
2026-07-02,14.40,14.65,15.30,14.33,152475,227243846.00,6.70,1.17,0.17,3.82
2026-07-03,14.73,16.12,16.12,14.65,225304,352708385.00,10.03,10.03,1.47,5.64
2026-07-06,16.11,15.08,16.20,15.03,203533,316236860.00,7.26,-6.45,-1.04,5.09
2026-07-07,15.08,14.46,15.92,14.43,160408,241124398.00,9.88,-4.11,-0.62,4.01
2026-07-08,14.60,13.79,14.62,13.78,105706,148667093.00,5.81,-4.63,-0.67,2.65
2026-07-09,13.83,13.62,13.93,13.18,97639,131923641.00,5.44,-1.23,-0.17,2.44
2026-07-10,13.94,14.55,14.98,13.73,247087,359918627.00,9.18,6.83,0.93,6.18
2026-07-13,14.76,13.47,14.76,13.45,153083,211299595.00,9.00,-7.42,-1.08,3.83
2026-07-14,13.45,13.24,13.45,12.94,103366,136041577.00,3.79,-1.71,-0.23,2.59
2026-07-15,13.24,13.45,13.74,13.06,81668,110213724.00,5.14,1.59,0.21,2.04
2026-07-16,13.40,13.66,13.85,13.22,81938,111802346.00,4.68,1.56,0.21,2.05
2026-07-17,13.66,13.18,13.83,13.03,87350,116905046.00,5.86,-3.51,-0.48,2.19
2026-07-20,13.22,12.84,13.37,12.58,95053,123515318.00,5.99,-2.58,-0.34,2.38
2026-07-21,12.91,13.05,13.05,12.34,99497,127257589.00,5.53,1.64,0.21,2.49
2026-07-22,13.00,12.79,13.02,12.70,63785,81903085.00,2.45,-1.99,-0.26,1.60
2026-07-23,12.71,13.17,13.20,12.71,67570,88015637.00,3.83,2.97,0.38,1.69
2026-07-24,13.00,12.76,13.15,12.75,51217,66032825.00,3.04,-3.11,-0.41,1.28
2026-07-27,12.75,13.11,13.18,12.69,68250,89201420.00,3.84,2.74,0.35,1.71
2026-07-28,13.05,13.14,13.31,13.01,52544,69334637.00,2.29,0.23,0.03,1.32
2026-07-29,13.25,13.44,13.53,13.12,62305,83050097.00,3.12,2.28,0.30,1.56