2026-01-05,1476.35,1497.54,1498.14,1472.59,450085,878399843.00,1.73,1.51,22.24,1.40
2026-01-06,1496.95,1490.36,1506.96,1485.06,410569,813460468.00,1.46,-0.48,-7.18,1.28
2026-01-07,1491.20,1470.88,1491.20,1467.16,446208,813100566.00,1.61,-1.31,-19.48,1.39
2026-01-08,1465.85,1478.80,1480.56,1461.99,330508,621836734.00,1.26,0.54,7.92,1.03
2026-01-09,1479.75,1486.63,1486.77,1472.02,371392,671924256.00,1.00,0.53,7.83,1.16
2026-01-12,1488.21,1497.42,1498.50,1475.18,534306,1063050718.00,1.57,0.73,10.79,1.66
2026-01-13,1499.40,1502.34,1520.62,1488.71,560030,1063042039.00,2.13,0.33,4.92,1.74
2026-01-14,1497.61,1513.30,1513.70,1492.81,578943,1137809934.00,1.39,0.73,10.96,1.80
2026-01-15,1503.32,1491.20,1510.59,1487.24,445560,982519950.00,1.54,-1.46,-22.10,1.39
2026-01-16,1496.54,1485.27,1498.63,1480.68,475797,1107290498.00,1.20,-0.40,-5.93,1.48
2026-01-19,1518.68,1533.52,1534.62,1493.35,1341406,2287213022.00,2.78,3.25,48.25,4.18
2026-01-20,1545.00,1569.96,1587.10,1545.00,1228066,2432658960.00,2.75,2.38,36.44,3.83
2026-01-21,1553.58,1590.64,1593.78,1547.51,1071222,2154857209.00,2.95,1.32,20.68,3.34
2026-01-22,1584.09,1571.78,1585.30,1567.12,871525,1584619163.00,1.14,-1.19,-18.86,2.72
2026-01-23,1561.31,1562.23,1566.58,1553.18,853816,1589514152.00,0.85,-0.61,-9.55,2.66
2026-01-26,1554.88,1557.83,1568.20,1548.37,984410,1883779507.00,1.27,-0.28,-4.40,3.07
2026-01-27,1548.70,1524.51,1548.70,1505.83,872022,1533946957.00,2.75,-2.14,-33.32,2.72
2026-01-28,1520.29,1492.86,1527.10,1491.16,930016,1597784736.00,2.36,-2.08,-31.65,2.90
2026-01-29,1488.62,1508.40,1512.16,1471.28,1036960,1741200105.00,2.74,1.04,15.54,3.23
2026-01-30,1496.46,1488.61,1511.58,1473.66,1202114,1914682529.00,2.51,-1.31,-19.79,3.74
2026-02-02,1486.33,1452.57,1492.27,1451.30,949655,1537745706.00,2.75,-2.42,-36.04,2.96
2026-02-03,1463.57,1466.87,1469.22,1449.90,827716,1276502096.00,1.33,0.98,14.30,2.58
2026-02-04,1465.43,1461.04,1468.46,1450.72,643274,1001143786.00,1.21,-0.40,-5.83,2.00
2026-02-05,1460.35,1478.60,1494.84,1460.35,843668,1401478357.00,2.36,1.20,17.56,2.63
2026-02-06,1470.14,1476.25,1491.89,1466.25,650587,1060121566.00,1.73,-0.16,-2.35,2.03
2026-02-09,1485.13,1488.53,1488.79,1469.37,689042,1052236032.00,1.32,0.83,12.28,2.15
2026-02-10,1488.52,1492.83,1493.23,1475.95,643519,1010472287.00,1.16,0.29,4.30,2.00
2026-02-11,1489.36,1502.96,1522.71,1480.32,990734,1681006897.00,2.84,0.68,10.13,3.09
2026-02-12,1501.57,1471.98,1501.57,1471.16,822954,1383586182.00,2.02,-2.06,-30.98,2.56
2026-02-13,1473.03,1451.81,1476.09,1451.81,537329,890784346.00,1.65,-1.37,-20.17,1.67
2026-02-24,1463.09,1472.33,1482.70,1463.09,679516,1150343078.00,1.35,1.41,20.52,2.12
2026-02-25,1488.83,1524.02,1524.72,1488.83,1255922,2002702749.00,2.44,3.51,51.69,3.91
2026-02-26,1525.53,1528.08,1538.99,1516.28,1103806,2039665105.00,1.49,0.27,4.06,3.44
2026-02-27,1522.17,1530.70,1539.10,1519.25,947467,1564884425.00,1.30,0.17,2.62,2.95
2026-03-02,1516.11,1501.95,1520.49,1478.26,1124851,2114697752.00,2.76,-1.88,-28.75,3.50
2026-03-03,1520.76,1502.61,1543.27,1493.60,1169189,2413710121.00,3.31,0.04,0.66,3.64
2026-03-04,1486.95,1472.25,1495.57,1461.61,805246,1618280136.00,2.26,-2.02,-30.36,2.51
2026-03-05,1498.12,1473.50,1505.67,1467.25,936952,2059169051.00,2.61,0.08,1.25,2.92
2026-03-06,1473.05,1515.75,1517.88,1467.66,864108,1991356220.00,3.41,2.87,42.25,2.69
2026-03-09,1491.09,1475.91,1491.09,1453.19,877847,1803058587.00,2.50,-2.63,-39.84,2.73
2026-03-10,1492.15,1520.47,1524.65,1492.15,846779,1763940480.00,2.20,3.02,44.56,2.64
2026-03-11,1523.22,1509.74,1529.34,1508.74,746777,1569101355.00,1.35,-0.71,-10.73,2.33
2026-03-12,1506.95,1482.48,1507.69,1481.10,654115,1332356848.00,1.76,-1.81,-27.26,2.04
2026-03-13,1479.70,1484.03,1500.82,1474.98,648241,1389982457.00,1.74,0.10,1.55,2.02
2026-03-16,1480.81,1481.66,1482.07,1465.70,609321,1177797083.00,1.10,-0.16,-2.37,1.90
2026-03-17,1491.65,1470.54,1500.16,1469.40,595012,1166860574.00,2.08,-0.75,-11.12,1.85
2026-03-18,1473.34,1483.84,1486.28,1462.13,574815,1194875061.00,1.64,0.90,13.30,1.79
2026-03-19,1469.29,1435.05,1475.87,1431.25,535774,1034122633.00,3.01,-3.29,-48.79,1.67
2026-03-20,1444.36,1400.94,1452.43,1400.78,635459,1254427931.00,3.60,-2.38,-34.11,1.98
2026-03-23,1382.86,1313.79,1382.86,1303.83,800087,1270635314.00,5.64,-6.22,-87.15,2.49
2026-03-24,1339.33,1368.32,1370.24,1319.13,632952,1073849909.00,3.89,4.15,54.53,1.97
2026-03-25,1382.14,1424.96,1426.94,1381.76,532835,1075788336.00,3.30,4.14,56.64,1.66
2026-03-26,1429.22,1389.75,1441.19,1384.84,704733,1440904180.00,3.95,-2.47,-35.21,2.20
2026-03-27,1375.26,1405.35,1410.55,1370.89,577538,1156675488.00,2.85,1.12,15.60,1.80
2026-03-30,1390.07,1408.07,1410.30,1386.69,475483,908748864.00,1.68,0.19,2.72,1.48
2026-03-31,1407.35,1388.78,1422.55,1388.77,459098,836447025.00,2.40,-1.37,-19.29,1.43
2026-04-01,1413.03,1416.63,1419.21,1401.47,584221,1101580364.00,1.28,2.01,27.85,1.82
2026-04-02,1419.26,1408.43,1435.16,1399.97,669995,1432419237.00,2.48,-0.58,-8.20,2.09
2026-04-03,1418.01,1392.07,1418.17,1391.62,671029,1460836095.00,1.89,-1.16,-16.36,2.09
2026-04-07,1395.29,1400.10,1412.68,1384.95,566309,1233530058.00,1.99,0.58,8.03,1.76
2026-04-08,1427.75,1438.54,1438.54,1425.53,661235,1389107263.00,0.93,2.75,38.44,2.06
2026-04-09,1434.23,1389.06,1440.33,1384.99,764800,1637529157.00,3.85,-3.44,-49.48,2.38
2026-04-10,1390.27,1393.46,1404.02,1366.05,770487,1556750607.00,2.73,0.32,4.40,2.40
2026-04-13,1392.72,1373.69,1392.72,1369.08,630994,1197679489.00,1.70,-1.42,-19.77,1.97
2026-04-14,1380.77,1370.23,1381.20,1356.16,686384,1249145117.00,1.82,-0.25,-3.46,2.14
2026-04-15,1374.16,1379.87,1396.83,1374.16,739868,1417776676.00,1.65,0.70,9.64,2.30
2026-04-16,1377.73,1398.39,1401.34,1373.21,831720,1303393082.00,2.04,1.34,18.52,2.59
2026-04-17,1394.86,1373.40,1395.96,1365.16,712902,1228870652.00,2.20,-1.79,-24.99,2.22
2026-04-20,1381.07,1399.28,1401.93,1381.07,642301,1208383002.00,1.52,1.88,25.88,2.00
2026-04-21,1405.80,1412.82,1415.64,1400.80,714276,1320398393.00,1.06,0.97,13.54,2.23
2026-04-22,1400.46,1397.25,1402.11,1389.48,684737,1266835900.00,0.89,-1.10,-15.57,2.13
2026-04-23,1393.44,1371.27,1394.14,1366.43,703439,1277095076.00,1.98,-1.86,-25.98,2.19
2026-04-24,1361.16,1355.47,1362.39,1338.11,569672,999858569.00,1.77,-1.15,-15.80,1.77
2026-04-27,1351.94,1358.44,1361.63,1335.22,615272,1046188995.00,1.95,0.22,2.97,1.92
2026-04-28,1365.11,1344.42,1370.30,1337.54,723244,1146942127.00,2.41,-1.03,-14.02,2.25
2026-04-29,1340.16,1370.44,1375.02,1340.04,623936,1093505226.00,2.60,1.94,26.02,1.94
2026-04-30,1371.49,1363.64,1371.49,1355.69,544535,855238345.00,1.15,-0.50,-6.80,1.70
2026-05-06,1370.45,1371.92,1382.79,1364.41,775920,1407796872.00,1.35,0.61,8.28,2.42
2026-05-07,1372.57,1370.30,1378.57,1368.25,634980,1164625707.00,0.75,-0.12,-1.62,1.98
2026-05-08,1369.87,1375.40,1376.09,1362.89,548629,987108584.00,0.96,0.37,5.10,1.71
2026-05-11,1376.80,1368.95,1376.98,1354.85,678245,1147983224.00,1.61,-0.47,-6.45,2.11
2026-05-12,1366.99,1329.27,1367.08,1325.97,752718,1261956122.00,3.00,-2.90,-39.68,2.34
2026-05-13,1328.96,1320.17,1333.73,1316.81,531340,906426649.00,1.27,-0.68,-9.10,1.66
2026-05-14,1323.78,1303.93,1323.78,1295.56,540324,875795107.00,2.14,-1.23,-16.24,1.68
2026-05-15,1304.16,1276.05,1308.58,1267.64,705692,1099340402.00,3.14,-2.14,-27.88,2.20
2026-05-18,1275.84,1262.54,1275.84,1250.84,634458,893228669.00,1.96,-1.06,-13.51,1.98
2026-05-19,1233.98,1228.66,1242.81,1216.48,438227,567094535.00,2.09,-2.68,-33.88,1.37
2026-05-20,1211.28,1209.20,1213.32,1198.57,907710,1247609102.00,1.20,-1.58,-19.46,2.83
2026-05-21,1212.66,1171.47,1217.68,1170.27,847487,1114547032.00,3.92,-3.12,-37.73,2.64
2026-05-22,1183.06,1183.05,1186.93,1167.79,522124,689187857.00,1.63,0.99,11.58,1.63
2026-05-25,1185.19,1174.45,1189.66,1166.39,488171,649633576.00,1.97,-0.73,-8.60,1.52
2026-05-26,1174.59,1163.76,1174.59,1151.45,562908,729774222.00,1.97,-0.91,-10.69,1.75
2026-05-27,1170.35,1152.48,1172.16,1141.97,576100,767252527.00,2.59,-0.97,-11.28,1.79
2026-05-28,1153.26,1146.73,1159.22,1129.64,502831,688792503.00,2.57,-0.50,-5.75,1.57
2026-05-29,1146.82,1148.02,1158.38,1140.94,513194,741415225.00,1.52,0.11,1.29,1.60
2026-06-01,1142.20,1178.47,1182.02,1139.89,504799,699703820.00,3.67,2.65,30.45,1.57
2026-06-02,1179.19,1150.19,1180.72,1145.89,421101,585888991.00,2.96,-2.40,-28.28,1.31
2026-06-03,1149.33,1124.79,1149.33,1119.09,387001,529698312.00,2.63,-2.21,-25.40,1.21
2026-06-04,1124.07,1103.15,1133.55,1097.12,519766,650769142.00,3.24,-1.92,-21.64,1.62
2026-06-05,1105.58,1115.95,1127.86,1103.36,504596,650692142.00,2.22,1.16,12.80,1.57
2026-06-08,1102.67,1084.21,1115.68,1069.31,580737,694265279.00,4.16,-2.84,-31.74,1.81
2026-06-09,1086.99,1083.11,1096.10,1073.43,435432,553373548.00,2.09,-0.10,-1.10,1.36
2026-06-10,1078.91,1085.58,1086.57,1064.60,415686,541306180.00,2.03,0.23,2.47,1.29
2026-06-11,1083.35,1080.05,1087.81,1069.21,339102,464330027.00,1.71,-0.51,-5.53,1.06
2026-06-12,1087.43,1118.33,1124.42,1080.96,520064,725210598.00,4.02,3.54,38.28,1.62
2026-06-15,1124.06,1131.27,1141.20,1122.33,535433,770033265.00,1.69,1.16,12.94,1.67
2026-06-16,1128.73,1120.18,1128.73,1106.36,469169,664599664.00,1.98,-0.98,-11.09,1.46
2026-06-17,1120.86,1106.16,1120.86,1101.71,481206,653721185.00,1.71,-1.25,-14.02,1.50
2026-06-18,1102.71,1102.46,1120.38,1085.56,551748,725819451.00,3.15,-0.33,-3.70,1.72
2026-06-22,1094.62,1094.15,1094.62,1057.08,587993,767782432.00,3.41,-0.75,-8.31,1.83
2026-06-23,1091.00,1122.07,1141.63,1088.74,542468,766086195.00,4.83,2.55,27.92,1.69
2026-06-24,1122.07,1099.97,1122.07,1094.11,559791,817829770.00,2.49,-1.97,-22.10,1.74
2026-06-25,1098.85,1090.47,1098.85,1067.73,512263,757502255.00,2.83,-0.86,-9.50,1.60
2026-06-26,1088.65,1072.74,1088.65,1065.78,482898,657911827.00,2.10,-1.63,-17.73,1.50
2026-06-29,1073.56,1102.66,1107.81,1052.07,664078,983599516.00,5.20,2.79,29.92,2.07
2026-06-30,1098.82,1077.13,1101.11,1070.90,537183,785260439.00,2.74,-2.32,-25.53,1.67
2026-07-01,1074.80,1098.40,1107.74,1064.03,530660,739108137.00,4.06,1.97,21.27,1.65
2026-07-02,1095.62,1112.71,1120.34,1093.78,513232,728061480.00,2.42,1.30,14.31,1.60
2026-07-03,1114.23,1122.63,1127.64,1104.98,484813,676494825.00,2.04,0.89,9.92,1.51
2026-07-06,1122.52,1120.71,1131.58,1110.27,448661,661238289.00,1.90,-0.17,-1.92,1.40
2026-07-07,1119.13,1118.57,1128.32,1106.73,496229,739049751.00,1.93,-0.19,-2.14,1.55
2026-07-08,1120.01,1125.87,1133.31,1107.33,558129,881538422.00,2.32,0.65,7.30,1.74
2026-07-09,1114.14,1117.33,1129.51,1103.35,564956,898436331.00,2.32,-0.76,-8.54,1.76
2026-07-10,1119.13,1125.76,1141.34,1101.48,597186,896593272.00,3.57,0.75,8.43,1.86
2026-07-13,1122.40,1099.29,1124.67,1099.07,507893,716271061.00,2.27,-2.35,-26.47,1.58
2026-07-14,1100.59,1123.99,1123.99,1090.89,632782,902586792.00,3.01,2.25,24.70,1.97
2026-07-15,1121.69,1149.89,1154.02,1112.89,726659,1060101203.00,3.66,2.30,25.90,2.26
2026-07-16,1140.25,1158.84,1169.84,1132.30,626937,979158611.00,3.26,0.78,8.95,1.95
2026-07-17,1156.96,1130.67,1174.12,1115.36,801124,1166685020.00,5.07,-2.43,-28.17,2.50
2026-07-20,1127.02,1132.07,1150.22,1112.50,834315,1262037565.00,3.34,0.12,1.40,2.60
2026-07-21,1125.51,1107.68,1137.10,1096.21,868201,1288324453.00,3.61,-2.15,-24.39,2.70
2026-07-22,1089.95,1095.82,1105.88,1084.18,486452,617903911.00,1.96,-1.07,-11.86,1.52
2026-07-23,1079.81,1105.12,1105.49,1071.93,560558,809815867.00,3.06,0.85,9.30,1.75
2026-07-24,1091.57,1065.17,1093.21,1065.17,464399,636057160.00,2.54,-3.61,-39.95,1.45
2026-07-27,1059.69,1101.76,1103.99,1054.80,602361,840098387.00,4.62,3.44,36.59,1.88
2026-07-28,1106.84,1107.65,1112.12,1094.65,468190,709377307.00,1.59,0.53,5.89,1.46
2026-07-29,1109.35,1132.08,1135.80,1106.95,552023,840158875.00,2.60,2.21,24.43,1.72