2026-01-05,3439.41,3512.11,3512.11,3428.84,1122212,1683588820.00,2.43,2.61,89.25,4.12
2026-01-06,3504.04,3528.39,3537.51,3504.04,1022532,1598426248.00,0.95,0.46,16.28,3.75
2026-01-07,3517.67,3471.89,3517.67,3452.99,893750,1486490731.00,1.83,-1.60,-56.50,3.28
2026-01-08,3468.15,3482.50,3490.29,3462.68,1058613,1689967347.00,0.80,0.31,10.61,3.88
2026-01-09,3486.65,3556.47,3566.01,3482.87,1436963,2240034020.00,2.39,2.12,73.97,5.27
2026-01-12,3536.25,3588.36,3588.36,3525.90,1739823,2602572251.00,1.76,0.90,31.89,6.38
2026-01-13,3585.62,3494.54,3585.62,3489.45,1412681,2230603196.00,2.68,-2.61,-93.82,5.18
2026-01-14,3497.48,3535.91,3578.56,3491.13,1443300,2249896590.00,2.50,1.18,41.37,5.29
2026-01-15,3521.45,3477.70,3521.92,3462.73,982173,1450040195.00,1.67,-1.65,-58.21,3.60
2026-01-16,3499.17,3480.07,3522.44,3445.80,830056,1233621018.00,2.20,0.07,2.37,3.04
2026-01-19,3480.12,3469.71,3491.84,3437.82,625120,952595888.00,1.55,-0.30,-10.36,2.29
2026-01-20,3470.50,3378.49,3483.46,3367.37,834480,1289678264.00,3.35,-2.63,-91.22,3.06
2026-01-21,3397.27,3388.97,3420.92,3376.75,852673,1233491502.00,1.31,0.31,10.48,3.13
2026-01-22,3394.99,3423.77,3424.69,3381.97,914649,1337710232.00,1.26,1.03,34.80,3.35
2026-01-23,3429.24,3472.99,3480.73,3416.21,1027578,1518101722.00,1.88,1.44,49.22,3.77
2026-01-26,3464.59,3333.40,3464.59,3314.91,1171697,1743954343.00,4.31,-4.02,-139.59,4.30
2026-01-27,3324.10,3291.64,3331.27,3222.53,772734,1136282677.00,3.26,-1.25,-41.76,2.83
2026-01-28,3284.15,3236.38,3293.21,3230.70,572030,859626338.00,1.90,-1.68,-55.26,2.10
2026-01-29,3231.29,3213.30,3267.07,3186.42,590127,850385184.00,2.49,-0.71,-23.08,2.16
2026-01-30,3206.53,3208.83,3225.85,3167.87,521061,759939271.00,1.80,-0.14,-4.47,1.91
2026-02-02,3199.88,3129.12,3217.20,3127.31,628734,898048601.00,2.80,-2.48,-79.71,2.31
2026-02-03,3158.96,3186.97,3189.54,3138.99,578107,897416405.00,1.62,1.85,57.85,2.12
2026-02-04,3174.76,3190.34,3192.15,3156.89,458850,689453446.00,1.11,0.11,3.37,1.68
2026-02-05,3171.66,3190.03,3222.92,3169.34,419250,705546067.00,1.68,-0.01,-0.31,1.54
2026-02-06,3173.71,3186.38,3213.90,3160.80,408550,609745807.00,1.66,-0.11,-3.65,1.50
2026-02-09,3221.87,3250.55,3258.30,3210.22,606709,842502448.00,1.51,2.01,64.17,2.23
2026-02-10,3252.21,3285.56,3295.67,3239.59,695096,989756275.00,1.73,1.08,35.01,2.55
2026-02-11,3299.31,3316.41,3345.28,3286.98,803344,1391000333.00,1.77,0.94,30.85,2.95
2026-02-12,3310.65,3296.96,3310.65,3275.97,531960,787042304.00,1.05,-0.59,-19.45,1.95
2026-02-13,3293.22,3276.49,3315.08,3276.11,437921,651161277.00,1.18,-0.62,-20.47,1.61
2026-02-24,3312.95,3329.21,3347.43,3286.09,945671,1470273017.00,1.87,1.61,52.72,3.47
2026-02-25,3334.94,3334.68,3347.52,3312.97,784809,1213560952.00,1.04,0.16,5.47,2.88
2026-02-26,3335.18,3330.10,3336.50,3310.50,618693,968012971.00,0.78,-0.14,-4.58,2.27
2026-02-27,3328.80,3336.06,3345.56,3309.40,493187,781637404.00,1.09,0.18,5.96,1.81
2026-03-02,3299.24,3230.60,3322.69,3220.90,820606,1194702312.00,3.05,-3.16,-105.46,3.01
2026-03-03,3234.28,3146.63,3275.09,3144.16,785005,1231879192.00,4.05,-2.60,-83.97,2.88
2026-03-04,3117.37,3111.79,3151.13,3090.84,591352,911303665.00,1.92,-1.11,-34.84,2.17
2026-03-05,3164.00,3156.23,3195.30,3133.42,545714,814283369.00,1.99,1.43,44.44,2.00
2026-03-06,3145.07,3192.20,3194.79,3137.45,414350,656772537.00,1.82,1.14,35.97,1.52
2026-03-09,3147.15,3118.36,3147.15,3056.63,620056,964042490.00,2.84,-2.31,-73.84,2.27
2026-03-10,3144.24,3182.24,3186.02,3144.24,454252,657854719.00,1.34,2.05,63.88,1.67
2026-03-11,3185.91,3189.19,3233.64,3181.99,605695,835780333.00,1.62,0.22,6.95,2.22
2026-03-12,3178.16,3131.05,3183.17,3123.79,586483,844387479.00,1.86,-1.82,-58.14,2.15
2026-03-13,3121.87,3116.65,3159.54,3103.88,462592,647894607.00,1.78,-0.46,-14.40,1.70
2026-03-16,3112.89,3149.54,3149.54,3094.77,385104,567420565.00,1.76,1.06,32.89,1.41
2026-03-17,3155.26,3105.81,3161.41,3101.37,450795,615658782.00,1.91,-1.39,-43.73,1.65
2026-03-18,3106.93,3138.50,3140.60,3094.58,395104,545211390.00,1.48,1.05,32.69,1.45
2026-03-19,3109.99,3081.50,3127.38,3063.43,472203,679864117.00,2.04,-1.82,-57.00,1.73
2026-03-20,3092.43,3030.71,3115.97,3030.71,609543,834266626.00,2.77,-1.65,-50.79,2.24
2026-03-23,2988.19,2862.90,2988.19,2828.79,719158,929927370.00,5.26,-5.54,-167.81,2.64
2026-03-24,2911.51,2972.56,2973.15,2869.20,492638,713158420.00,3.63,3.83,109.66,1.81
2026-03-25,2977.15,3020.86,3031.76,2972.21,645406,863970562.00,2.00,1.62,48.30,2.37
2026-03-26,3018.83,2956.94,3032.66,2948.77,462634,596841320.00,2.78,-2.12,-63.92,1.70
2026-03-27,2929.31,2983.80,2991.42,2920.94,529991,734272513.00,2.38,0.91,26.86,1.94
2026-03-30,2934.13,2950.55,2951.42,2877.31,696256,839787028.00,2.48,-1.11,-33.25,2.55
2026-03-31,2949.96,2917.03,2989.91,2915.97,575861,740534413.00,2.51,-1.14,-33.52,2.11
2026-04-01,2969.71,2987.48,2991.42,2961.60,463295,669215009.00,1.02,2.42,70.45,1.70
2026-04-02,2982.42,2902.00,2982.42,2887.99,473691,593981626.00,3.16,-2.86,-85.48,1.74
2026-04-03,2911.62,2864.21,2914.38,2855.50,354579,443782486.00,2.03,-1.30,-37.79,1.30
2026-04-07,2868.26,2902.32,2920.20,2865.58,331058,425761571.00,1.91,1.33,38.11,1.21
2026-04-08,2951.48,3034.52,3035.43,2951.48,636307,797812777.00,2.89,4.55,132.20,2.33
2026-04-09,3016.71,3006.88,3042.42,3004.26,671828,842737423.00,1.26,-0.91,-27.64,2.46
2026-04-10,3021.72,3044.15,3068.15,3021.72,528492,705126293.00,1.54,1.24,37.27,1.94
2026-04-13,3023.35,3005.47,3036.93,2994.29,384915,535712300.00,1.40,-1.27,-38.68,1.41
2026-04-14,3031.61,3028.40,3038.32,3007.08,407492,516989094.00,1.04,0.76,22.93,1.49
2026-04-15,3039.43,3013.94,3046.44,3001.52,462872,586589052.00,1.48,-0.48,-14.46,1.70
2026-04-16,3016.83,3061.63,3070.31,3004.69,494990,698810322.00,2.18,1.58,47.69,1.82
2026-04-17,3054.91,3069.82,3083.74,3049.05,508667,738102866.00,1.13,0.27,8.19,1.87
2026-04-20,3076.29,3082.58,3087.24,3064.24,518689,684857217.00,0.75,0.42,12.76,1.90
2026-04-21,3097.71,3068.50,3100.73,3056.24,820257,1042330915.00,1.44,-0.46,-14.08,3.01
2026-04-22,3056.28,3101.61,3109.61,3053.08,815663,1021533605.00,1.84,1.08,33.11,2.99
2026-04-23,3092.51,3077.17,3117.23,3063.21,778711,940143176.00,1.74,-0.79,-24.44,2.86
2026-04-24,3073.63,3075.58,3087.33,3034.67,678708,803753227.00,1.71,-0.05,-1.59,2.49
2026-04-27,3075.55,3132.09,3141.12,3032.07,1032784,1246050916.00,3.55,1.84,56.51,3.79
2026-04-28,3102.12,3047.57,3109.40,3034.91,852053,1067975576.00,2.38,-2.70,-84.52,3.12
2026-04-29,3031.62,3065.03,3075.17,3031.62,659456,814272789.00,1.43,0.57,17.46,2.42
2026-04-30,3037.84,3105.73,3110.06,3014.06,963097,1088160051.00,3.13,1.33,40.70,3.53
2026-05-06,3116.85,3203.33,3226.46,3116.85,1276332,1558524757.00,3.53,3.14,97.60,4.68
2026-05-07,3242.72,3235.96,3248.54,3214.85,1143954,1397439254.00,1.05,1.02,32.63,4.20
2026-05-08,3231.52,3304.90,3311.29,3213.18,1146690,1475631217.00,3.03,2.13,68.94,4.21
2026-05-11,3307.90,3389.05,3393.76,3296.36,1202064,1729271109.00,2.95,2.55,84.15,4.41
2026-05-12,3370.83,3334.97,3387.56,3322.01,902728,1223889866.00,1.93,-1.60,-54.08,3.31
2026-05-13,3325.77,3332.47,3348.47,3307.01,750350,1010839650.00,1.24,-0.07,-2.50,2.75
2026-05-14,3336.48,3290.88,3359.08,3290.88,843972,1124547114.00,2.05,-1.25,-41.59,3.10
2026-05-15,3295.27,3286.25,3321.58,3260.98,878716,1148426546.00,1.84,-0.14,-4.63,3.22
2026-05-18,3277.56,3281.28,3314.40,3253.20,935960,1292972657.00,1.86,-0.15,-4.97,3.43
2026-05-19,3278.60,3330.34,3332.48,3265.16,916947,1272771729.00,2.05,1.50,49.06,3.36
2026-05-20,3307.22,3303.38,3332.53,3280.24,871540,1196729156.00,1.57,-0.81,-26.96,3.20
2026-05-21,3311.62,3234.69,3356.80,3228.09,1270341,1725900038.00,3.90,-2.08,-68.69,4.66
2026-05-22,3240.89,3283.75,3305.01,3202.89,949856,1262662056.00,3.16,1.52,49.06,3.48
2026-05-25,3302.32,3268.07,3333.21,3216.49,799390,1101042263.00,3.55,-0.48,-15.68,2.93
2026-05-26,3242.12,3170.12,3242.12,3131.57,834160,1076569319.00,3.38,-3.00,-97.95,3.06
2026-05-27,3169.63,3079.37,3183.69,3058.30,766818,1005944717.00,3.96,-2.86,-90.75,2.81
2026-05-28,3065.38,3089.89,3110.03,3016.55,709722,919793670.00,3.04,0.34,10.52,2.60
2026-05-29,3110.18,2974.07,3120.01,2956.53,854280,1079455220.00,5.29,-3.75,-115.82,3.13
2026-06-01,2965.17,3017.82,3070.90,2965.17,717064,910441305.00,3.56,1.47,43.75,2.63
2026-06-02,3024.88,2979.37,3053.87,2950.69,657668,827487820.00,3.42,-1.27,-38.45,2.41
2026-06-03,2996.96,2970.41,3012.54,2947.80,761603,949026943.00,2.17,-0.30,-8.96,2.79
2026-06-04,2948.57,2889.07,2964.71,2870.29,643160,782162659.00,3.18,-2.74,-81.34,2.36
2026-06-05,2905.97,2925.61,2995.08,2846.97,1095300,1347678156.00,5.13,1.26,36.54,4.02
2026-06-08,2852.72,2845.58,2916.68,2803.34,982782,1172024490.00,3.87,-2.74,-80.03,3.60
2026-06-09,2874.11,2844.37,2891.51,2820.24,780682,918745665.00,2.50,-0.04,-1.21,2.86
2026-06-10,2821.83,2798.58,2844.66,2759.79,753896,865054178.00,2.98,-1.61,-45.79,2.76
2026-06-11,2787.58,2734.19,2797.17,2707.56,799345,909792955.00,3.20,-2.30,-64.39,2.93
2026-06-12,2767.78,2762.81,2806.52,2750.18,910426,1085201134.00,2.06,1.05,28.62,3.34
2026-06-15,2767.88,2833.80,2835.96,2767.88,876645,1027974159.00,2.46,2.57,70.99,3.22
2026-06-16,2841.12,2875.61,2886.17,2807.74,1005035,1179050507.00,2.77,1.48,41.81,3.69
2026-06-17,2862.27,2849.60,2875.73,2835.64,951428,1114728676.00,1.39,-0.90,-26.01,3.49
2026-06-18,2844.65,2825.09,2881.87,2792.87,982364,1134184307.00,3.12,-0.86,-24.51,3.60
2026-06-22,2822.22,2807.27,2841.73,2701.92,1086348,1296619434.00,4.95,-0.63,-17.82,3.98
2026-06-23,2785.51,2801.96,2863.39,2784.56,908719,1094749260.00,2.81,-0.19,-5.31,3.33
2026-06-24,2797.26,2735.45,2801.92,2683.42,837278,951575339.00,4.23,-2.37,-66.51,3.07
2026-06-25,2729.18,2712.47,2747.10,2676.41,732532,859162828.00,2.58,-0.84,-22.98,2.69
2026-06-26,2690.50,2651.25,2714.86,2642.06,964331,1077451840.00,2.68,-2.26,-61.22,3.54
2026-06-29,2645.88,2681.66,2682.99,2589.63,1206692,1390010405.00,3.52,1.15,30.41,4.43
2026-06-30,2664.35,2792.34,2799.79,2663.00,1031688,1262442664.00,5.10,4.13,110.68,3.78
2026-07-01,2793.53,2817.70,2863.84,2770.82,1366657,1657769707.00,3.33,0.91,25.36,5.01
2026-07-02,2827.98,2825.28,2894.51,2812.89,1567380,1877696881.00,2.90,0.27,7.58,5.75
2026-07-03,2834.25,2825.14,2855.79,2791.25,1184211,1438852239.00,2.28,0.00,-0.14,4.34
2026-07-06,2832.14,2717.44,2839.02,2698.07,954952,1114023390.00,4.99,-3.81,-107.70,3.50
2026-07-07,2709.16,2619.28,2719.64,2607.29,620434,761028309.00,4.13,-3.61,-98.16,2.28
2026-07-08,2614.45,2607.06,2639.84,2591.61,756442,885398979.00,1.84,-0.47,-12.22,2.77
2026-07-09,2601.26,2630.65,2653.52,2523.06,895526,1044170151.00,5.00,0.90,23.59,3.28
2026-07-10,2626.37,2740.77,2801.34,2626.37,949949,1233617583.00,6.65,4.19,110.12,3.48
2026-07-13,2718.74,2599.57,2718.74,2589.31,994664,1198860394.00,4.72,-5.15,-141.20,3.65
2026-07-14,2565.20,2554.06,2567.00,2482.55,1130901,1246371941.00,3.25,-1.75,-45.51,4.15
2026-07-15,2552.93,2558.04,2582.66,2520.21,711127,793174212.00,2.45,0.16,3.98,2.61
2026-07-16,2565.39,2622.00,2658.99,2562.13,841218,988972911.00,3.79,2.50,63.96,3.09
2026-07-17,2607.64,2453.56,2627.39,2443.31,876384,969912211.00,7.02,-6.42,-168.44,3.21
2026-07-20,2465.53,2404.51,2498.54,2351.20,769389,819096102.00,6.01,-2.00,-49.05,2.82
2026-07-21,2405.19,2444.30,2451.18,2318.08,716387,755052188.00,5.54,1.65,39.79,2.63
2026-07-22,2430.60,2426.71,2453.91,2380.32,651656,691362448.00,3.01,-0.72,-17.59,2.39
2026-07-23,2417.05,2436.22,2439.28,2379.51,448574,501262485.00,2.46,0.39,9.51,1.65
2026-07-24,2407.21,2413.64,2434.19,2379.69,447100,515899365.00,2.24,-0.93,-22.58,1.64
2026-07-27,2396.98,2479.60,2484.69,2387.10,496466,549418836.00,4.04,2.73,65.96,1.82
2026-07-28,2450.24,2483.66,2514.64,2450.24,493609,548219397.00,2.60,0.16,4.06,1.81
2026-07-29,2479.81,2518.19,2529.95,2453.72,615393,701961513.00,3.07,1.39,34.53,2.26