2026-01-05,18.93,19.18,19.19,18.84,152886,295130439.00,1.86,1.80,0.34,1.84
2026-01-06,19.19,19.34,19.35,19.10,131091,255571226.00,1.30,0.83,0.16,1.58
2026-01-07,19.26,19.23,19.38,19.14,100452,195891306.00,1.24,-0.57,-0.11,1.21
2026-01-08,19.25,19.46,19.58,19.24,123435,243137517.00,1.77,1.20,0.23,1.49
2026-01-09,19.46,19.69,19.73,19.42,150547,298904949.00,1.59,1.18,0.23,1.81
2026-01-12,19.87,20.92,20.94,19.86,345079,719073844.00,5.49,6.25,1.23,4.15
2026-01-13,20.92,20.46,21.08,20.37,267567,560477045.00,3.39,-2.20,-0.46,3.22
2026-01-14,20.40,21.23,21.61,20.40,471221,1012478111.00,5.91,3.76,0.77,5.67
2026-01-15,21.55,20.95,21.56,20.83,217474,462833891.00,3.44,-1.32,-0.28,2.62
2026-01-16,21.00,20.55,21.16,20.41,215186,450019868.00,3.58,-1.91,-0.40,2.59
2026-01-19,20.41,20.23,20.65,20.15,189102,388785985.00,2.43,-1.56,-0.32,2.28
2026-01-20,20.47,20.07,20.48,19.88,144451,294140570.00,2.97,-0.79,-0.16,1.74
2026-01-21,19.90,20.02,20.23,19.89,121476,246790405.00,1.69,-0.25,-0.05,1.46
2026-01-22,20.09,20.20,20.39,20.09,115009,235351578.00,1.50,0.90,0.18,1.38
2026-01-23,20.25,20.38,20.46,20.17,125376,258311347.00,1.44,0.89,0.18,1.51
2026-01-26,20.38,19.98,20.50,19.74,160113,324068420.00,3.73,-1.96,-0.40,1.93
2026-01-27,19.93,20.08,20.13,19.59,146737,295170654.00,2.70,0.50,0.10,1.77
2026-01-28,20.00,20.07,20.37,19.97,126152,257201462.00,1.99,-0.05,-0.01,1.52
2026-01-29,19.94,20.09,20.48,19.65,184093,376527133.00,4.14,0.10,0.02,2.22
2026-01-30,20.03,19.32,20.03,19.28,190567,377088182.00,3.73,-3.83,-0.77,2.29
2026-02-02,19.30,19.07,19.61,19.05,140323,275605736.00,2.90,-1.29,-0.25,1.69
2026-02-03,19.26,19.33,19.36,19.03,89763,174915489.00,1.73,1.36,0.26,1.08
2026-02-04,19.21,19.10,19.22,18.92,128912,248965718.00,1.55,-1.19,-0.23,1.55
2026-02-05,18.92,18.89,19.05,18.86,89384,171565694.00,0.99,-1.10,-0.21,1.08
2026-02-06,18.82,18.82,19.03,18.66,83646,160005160.00,1.96,-0.37,-0.07,1.01
2026-02-09,19.02,19.11,19.15,18.95,85468,165010751.00,1.06,1.54,0.29,1.03
2026-02-10,19.11,19.35,19.43,19.07,100836,196923121.00,1.88,1.26,0.24,1.21
2026-02-11,19.27,19.25,19.43,19.22,76109,149068864.00,1.09,-0.52,-0.10,0.92
2026-02-12,19.34,19.39,19.45,19.14,88581,173300704.00,1.61,0.73,0.14,1.07
2026-02-13,19.27,19.10,19.52,19.10,85947,168109039.00,2.17,-1.50,-0.29,1.03
2026-02-24,19.28,18.99,19.28,18.90,97579,188093260.00,1.99,-0.58,-0.11,1.17
2026-02-25,19.03,19.01,19.14,18.98,86145,166302477.00,0.84,0.11,0.02,1.04
2026-02-26,19.04,18.94,19.07,18.88,90010,172831338.00,1.00,-0.37,-0.07,1.08
2026-02-27,18.88,19.12,19.24,18.88,90725,175581937.00,1.90,0.95,0.18,1.09
2026-03-02,18.88,18.44,18.93,18.36,176055,331137905.00,2.98,-3.56,-0.68,2.12
2026-03-03,18.44,17.68,18.56,17.64,174939,319209518.00,4.99,-4.12,-0.76,2.11
2026-03-04,17.52,17.55,17.77,17.43,87109,155427996.00,1.92,-0.74,-0.13,1.05
2026-03-05,17.90,17.67,17.99,17.59,83801,150821014.00,2.28,0.68,0.12,1.01
2026-03-06,17.60,17.85,17.87,17.55,83336,150000277.00,1.81,1.02,0.18,1.00
2026-03-09,17.70,17.87,17.92,17.37,113773,203235572.00,3.08,0.11,0.02,1.37
2026-03-10,17.96,18.06,18.23,17.90,93611,171370194.00,1.85,1.06,0.19,1.13
2026-03-11,18.06,17.96,18.14,17.93,63063,115138320.00,1.16,-0.55,-0.10,0.76
2026-03-12,17.91,17.93,18.06,17.86,66921,121975264.00,1.11,-0.17,-0.03,0.81
2026-03-13,17.85,17.79,17.96,17.65,71827,129701342.00,1.73,-0.78,-0.14,0.86
2026-03-16,17.79,17.77,17.79,17.57,56104,100637946.00,1.24,-0.11,-0.02,0.68
2026-03-17,17.79,17.66,17.99,17.65,69475,125442560.00,1.91,-0.62,-0.11,0.84
2026-03-18,17.72,17.83,17.87,17.61,58935,105959716.00,1.47,0.96,0.17,0.71
2026-03-19,17.65,17.66,17.82,17.59,71488,128244942.00,1.29,-0.95,-0.17,0.86
2026-03-20,17.75,17.15,17.78,17.15,91704,162432918.00,3.57,-2.89,-0.51,1.10
2026-03-23,16.81,16.19,16.97,16.08,123317,206311402.00,5.19,-5.60,-0.96,1.48
2026-03-24,16.43,16.55,16.58,16.18,71856,119544567.00,2.47,2.22,0.36,0.86
2026-03-25,16.59,16.66,16.80,16.55,61413,103992752.00,1.51,0.66,0.11,0.74
2026-03-26,16.66,16.38,16.74,16.33,53303,89294976.00,2.46,-1.68,-0.28,0.64
2026-03-27,16.26,16.47,16.57,16.23,57108,95292046.00,2.08,0.55,0.09,0.69
2026-03-30,16.25,16.40,16.50,16.03,65066,107763848.00,2.85,-0.43,-0.07,0.78
2026-03-31,16.35,16.27,16.59,16.23,63024,105056761.00,2.20,-0.79,-0.13,0.76
2026-04-01,16.50,16.49,16.55,16.38,48859,81628032.00,1.04,1.35,0.22,0.59
2026-04-02,16.42,16.09,16.42,16.00,64016,105163511.00,2.55,-2.43,-0.40,0.77
2026-04-03,16.09,15.85,16.21,15.83,47062,76286734.00,2.36,-1.49,-0.24,0.57
2026-04-07,15.90,15.94,16.02,15.81,39585,64043913.00,1.32,0.57,0.09,0.48
2026-04-08,16.31,16.72,16.72,16.25,102845,172173441.00,2.95,4.89,0.78,1.24
2026-04-09,16.55,16.33,16.55,16.30,63482,105705204.00,1.50,-2.33,-0.39,0.76
2026-04-10,16.40,16.52,16.68,16.40,61868,104148865.00,1.71,1.16,0.19,0.74
2026-04-13,16.43,16.48,16.63,16.38,54414,91141214.00,1.51,-0.24,-0.04,0.65
2026-04-14,16.60,16.65,16.72,16.46,58303,98314820.00,1.58,1.03,0.17,0.70
2026-04-15,16.74,16.64,16.90,16.62,66336,112796475.00,1.68,-0.06,-0.01,0.80
2026-04-16,16.65,16.85,16.88,16.65,69358,118204559.00,1.38,1.26,0.21,0.83
2026-04-17,16.81,16.66,16.83,16.59,56510,95599927.00,1.42,-1.13,-0.19,0.68
2026-04-20,16.65,16.68,16.79,16.57,57744,97913232.00,1.32,0.12,0.02,0.69
2026-04-21,16.66,16.41,16.74,16.35,62566,104322094.00,2.34,-1.62,-0.27,0.75
2026-04-22,16.45,16.65,16.68,16.32,79807,133804951.00,2.19,1.46,0.24,0.96
2026-04-23,16.65,16.48,16.69,16.45,68011,114274119.00,1.44,-1.02,-0.17,0.82
2026-04-24,16.45,16.33,16.53,16.12,78474,129860095.00,2.49,-0.91,-0.15,0.94
2026-04-27,16.35,16.39,16.46,16.12,70865,117435146.00,2.08,0.37,0.06,0.85
2026-04-28,16.38,15.91,16.38,15.85,89032,145158990.00,3.23,-2.93,-0.48,1.07
2026-04-29,15.91,16.15,16.25,15.87,80118,131459965.00,2.39,1.51,0.24,0.96
2026-04-30,16.13,16.19,16.39,16.01,90251,148246797.00,2.35,0.25,0.04,1.09
2026-05-06,16.18,16.55,16.70,16.18,150116,252168182.00,3.21,2.22,0.36,1.81
2026-05-07,16.56,16.64,16.69,16.42,104250,175122536.00,1.63,0.54,0.09,1.25
2026-05-08,16.65,16.91,17.25,16.60,154343,265553402.00,3.91,1.62,0.27,1.86
2026-05-11,16.85,16.86,17.01,16.71,116655,199202558.00,1.77,-0.30,-0.05,1.40
2026-05-12,16.88,16.57,16.90,16.54,88794,150022407.00,2.14,-1.72,-0.29,1.07
2026-05-13,16.55,16.75,16.77,16.46,84783,143091233.00,1.87,1.09,0.18,1.02
2026-05-14,16.79,16.19,16.83,16.19,111095,185006040.00,3.82,-3.34,-0.56,1.34
2026-05-15,16.18,16.02,16.38,15.96,88894,146065250.00,2.59,-1.05,-0.17,1.07
2026-05-18,15.97,16.25,16.35,15.95,81693,133922493.00,2.50,1.44,0.23,0.98
2026-05-19,16.23,16.67,16.70,16.20,114073,191795343.00,3.08,2.58,0.42,1.37
2026-05-20,16.61,16.22,16.71,16.15,86064,143115844.00,3.36,-2.70,-0.45,1.04
2026-05-21,16.28,15.82,16.53,15.81,116447,191426262.00,4.44,-2.47,-0.40,1.40
2026-05-22,15.91,15.76,16.00,15.56,96012,153613580.00,2.78,-0.38,-0.06,1.16
2026-05-25,15.55,15.65,15.76,15.35,117030,184632988.00,2.60,-0.70,-0.11,1.41
2026-05-26,15.65,15.55,15.82,15.25,84806,133318211.00,3.64,-0.64,-0.10,1.02
2026-05-27,15.56,15.10,15.68,15.03,97597,151470323.00,4.18,-2.89,-0.45,1.17
2026-05-28,15.10,14.93,15.13,14.58,102100,154172681.00,3.64,-1.13,-0.17,1.23
2026-05-29,14.95,14.56,15.07,14.52,83103,124456777.00,3.68,-2.48,-0.37,1.00
2026-06-01,14.59,15.26,15.46,14.56,139406,214794353.00,6.18,4.81,0.70,1.68
2026-06-02,15.28,14.93,15.36,14.85,86399,132086060.00,3.34,-2.16,-0.33,1.04
2026-06-03,14.95,14.82,15.07,14.71,64402,97263615.00,2.41,-0.74,-0.11,0.77
2026-06-04,14.76,14.68,14.90,14.58,67876,101413311.00,2.16,-0.94,-0.14,0.82
2026-06-05,14.76,14.80,15.02,14.62,66386,98486305.00,2.72,0.82,0.12,0.80
2026-06-08,14.60,14.65,14.86,14.46,72897,106774981.00,2.70,-1.01,-0.15,0.88
2026-06-09,14.78,14.90,15.03,14.50,68321,101298351.00,3.62,1.71,0.25,0.82
2026-06-10,14.81,15.06,15.20,14.78,82777,123911613.00,2.82,1.07,0.16,1.00
2026-06-11,14.99,14.38,14.99,14.30,99314,144087544.00,4.58,-4.52,-0.68,1.20
2026-06-12,14.53,14.66,14.66,14.32,133116,192750855.00,2.36,1.95,0.28,1.60
2026-06-15,14.59,14.63,14.89,14.51,118518,173789297.00,2.59,-0.20,-0.03,1.43
2026-06-16,14.63,14.30,14.63,14.16,121040,173206934.00,3.21,-2.26,-0.33,1.46
2026-06-17,14.20,14.13,14.24,13.95,105825,148950962.00,2.03,-1.19,-0.17,1.27
2026-06-18,14.13,13.83,14.14,13.80,92605,129121556.00,2.41,-2.12,-0.30,1.11
2026-06-22,13.82,14.18,14.23,13.30,155951,214887469.00,6.72,2.53,0.35,1.88
2026-06-23,14.02,14.08,14.39,13.98,100574,142799343.00,2.89,-0.71,-0.10,1.21
2026-06-24,14.04,13.55,14.07,13.49,102211,139833670.00,4.12,-3.76,-0.53,1.23
2026-06-25,13.55,13.12,13.62,12.94,140129,184565076.00,5.02,-3.17,-0.43,1.69
2026-06-26,13.10,12.52,13.10,12.52,133175,168721748.00,4.42,-4.57,-0.60,1.60
2026-06-29,12.40,12.66,12.70,12.24,123069,154328058.00,3.67,1.12,0.14,1.48