2026-01-05,4444.68,4517.35,4517.35,4433.71,3734562,4059895301.00,1.90,2.55,112.49,2.80
2026-01-06,4529.24,4552.76,4561.03,4529.24,3419936,3859410630.00,0.70,0.78,35.41,2.57
2026-01-07,4566.59,4502.70,4566.59,4487.95,3286922,3727758620.00,1.73,-1.10,-50.06,2.47
2026-01-08,4505.58,4502.44,4525.23,4486.98,3031295,3523087778.00,0.85,-0.01,-0.26,2.27
2026-01-09,4501.39,4606.75,4621.04,4501.39,4301914,4889987634.00,2.66,2.32,104.31,3.23
2026-01-12,4604.04,4753.48,4759.78,4604.04,8558185,9384705230.00,3.38,3.19,146.73,6.42
2026-01-13,4776.56,4659.31,4787.62,4645.58,8654179,9488060232.00,2.99,-1.98,-94.17,6.49
2026-01-14,4689.33,4773.14,4822.91,4689.33,9241295,10190045420.00,2.87,2.44,113.83,6.93
2026-01-15,4765.84,4721.40,4776.77,4708.00,9941577,10748360545.00,1.44,-1.08,-51.74,7.46
2026-01-16,4726.51,4702.57,4760.64,4647.03,6885082,7293209673.00,2.41,-0.40,-18.83,5.16
2026-01-19,4689.62,4730.48,4743.85,4644.28,4476094,4846059411.00,2.12,0.59,27.91,3.36
2026-01-20,4761.69,4666.35,4769.28,4656.24,6664946,7407535659.00,2.39,-1.36,-64.13,5.00
2026-01-21,4672.95,4699.14,4730.75,4651.61,6556950,7530900849.00,1.70,0.70,32.79,4.92
2026-01-22,4710.60,4748.02,4748.02,4677.28,5665029,6359339981.00,1.51,1.04,48.88,4.25
2026-01-23,4755.81,4842.04,4848.86,4744.30,7231981,8286725799.00,2.20,1.98,94.02,5.42
2026-01-26,4848.26,4712.52,4865.35,4691.46,5387904,6367705507.00,3.59,-2.67,-129.52,4.04
2026-01-27,4698.64,4688.34,4735.15,4598.30,5284875,6037092134.00,2.90,-0.51,-24.18,3.96
2026-01-28,4669.88,4641.38,4703.40,4635.90,3710610,4292618747.00,1.44,-1.00,-46.96,2.78
2026-01-29,4639.84,4574.20,4687.52,4571.43,4720749,5337922165.00,2.50,-1.45,-67.18,3.54
2026-01-30,4555.47,4539.46,4572.11,4475.38,4518050,4838672819.00,2.11,-0.76,-34.74,3.39
2026-02-02,4517.75,4401.46,4531.13,4400.85,3035835,3417395938.00,2.87,-3.04,-138.00,2.28
2026-02-03,4443.97,4477.74,4477.99,4410.01,2862756,3313003432.00,1.54,1.73,76.28,2.15
2026-02-04,4465.40,4479.52,4480.42,4420.13,2395897,2744733475.00,1.35,0.04,1.78,1.80
2026-02-05,4453.02,4483.80,4511.27,4453.02,2517842,3226423102.00,1.30,0.10,4.28,1.89
2026-02-06,4464.86,4454.96,4495.44,4422.94,2210769,2595825615.00,1.62,-0.64,-28.84,1.66
2026-02-09,4536.36,4577.13,4586.52,4527.20,2027341,2401083285.00,1.33,2.74,122.17,1.52
2026-02-10,4629.70,4677.38,4687.52,4623.60,2148779,2589290976.00,1.40,2.19,100.25,1.61
2026-02-11,4714.40,4698.89,4769.77,4698.40,6480821,8050082285.00,1.53,0.46,21.51,4.86
2026-02-12,4690.07,4687.04,4702.58,4641.54,4507688,5374305754.00,1.30,-0.25,-11.85,3.38
2026-02-13,4682.79,4636.73,4710.23,4630.89,3529506,4130950998.00,1.69,-1.07,-50.31,2.65
2026-02-24,4688.98,4682.69,4715.23,4635.59,3258308,4040318606.00,1.72,0.99,45.96,2.44
2026-02-25,4693.12,4678.41,4697.98,4660.52,3031772,3706794557.00,0.80,-0.09,-4.28,2.27
2026-02-26,4679.94,4668.80,4689.44,4645.14,3043349,3801989026.00,0.95,-0.21,-9.61,2.28
2026-02-27,4658.53,4691.50,4700.09,4638.09,4700391,5294198683.00,1.33,0.49,22.70,3.53
2026-03-02,4629.85,4567.73,4649.63,4546.04,4050886,4722467901.00,2.21,-2.64,-123.77,3.04
2026-03-03,4569.95,4420.52,4613.31,4415.37,4574045,5189769899.00,4.33,-3.22,-147.21,3.43
2026-03-04,4372.50,4379.62,4434.42,4357.05,2644797,3005462393.00,1.75,-0.93,-40.90,1.98
2026-03-05,4483.63,4473.43,4517.18,4450.46,1835458,2189574274.00,1.52,2.14,93.81,1.38
2026-03-06,4506.68,4538.66,4539.26,4478.41,5230263,5889548813.00,1.36,1.46,65.23,3.92
2026-03-09,4456.81,4433.58,4461.06,4340.68,5150402,5512603034.00,2.65,-2.32,-105.08,3.86
2026-03-10,4465.60,4514.97,4518.59,4465.60,3484905,3857252423.00,1.20,1.84,81.39,2.61
2026-03-11,4527.62,4570.28,4603.30,4527.62,5756565,6380770105.00,1.68,1.23,55.31,4.32
2026-03-12,4557.95,4521.15,4569.98,4496.78,4398402,4964314580.00,1.60,-1.07,-49.13,3.30
2026-03-13,4530.33,4553.00,4609.69,4512.42,5483714,6498508597.00,2.15,0.70,31.85,4.11
2026-03-16,4539.99,4572.13,4572.13,4500.21,4245575,4910688579.00,1.58,0.42,19.13,3.18
2026-03-17,4585.98,4493.12,4588.77,4490.91,3697838,4297551028.00,2.14,-1.73,-79.01,2.77
2026-03-18,4496.35,4541.75,4544.50,4473.92,2515949,2823242258.00,1.57,1.08,48.63,1.89
2026-03-19,4492.78,4425.11,4502.70,4404.88,2937473,3202451673.00,2.15,-2.57,-116.64,2.20
2026-03-20,4445.14,4362.45,4487.39,4361.98,3088067,3410365754.00,2.83,-1.42,-62.66,2.32
2026-03-23,4293.54,4129.41,4293.94,4096.42,3444798,3590314807.00,4.53,-5.34,-233.04,2.58
2026-03-24,4202.24,4274.20,4274.20,4149.81,2408045,2600436085.00,3.01,3.51,144.79,1.81
2026-03-25,4287.70,4364.13,4372.64,4287.70,2595851,2825284922.00,1.99,2.10,89.93,1.95
2026-03-26,4357.97,4291.32,4381.79,4274.01,2323174,2487585662.00,2.47,-1.67,-72.81,1.74
2026-03-27,4245.03,4305.86,4322.94,4235.36,1978831,2242788285.00,2.04,0.34,14.54,1.48
2026-03-30,4236.17,4283.07,4283.68,4179.88,2114157,2290087017.00,2.41,-0.53,-22.79,1.59
2026-03-31,4290.25,4257.17,4348.17,4254.73,2204281,2701336579.00,2.18,-0.60,-25.90,1.65
2026-04-01,4321.34,4351.78,4353.83,4318.20,2137814,2562471480.00,0.84,2.22,94.61,1.60
2026-04-02,4347.49,4249.31,4347.49,4231.97,1989315,2154256169.00,2.65,-2.35,-102.47,1.49
2026-04-03,4268.22,4184.16,4279.60,4175.62,1782195,1885979203.00,2.45,-1.53,-65.15,1.34
2026-04-07,4195.66,4217.94,4238.82,4189.89,1624376,1780861818.00,1.17,0.81,33.78,1.22
2026-04-08,4294.07,4410.20,4410.65,4294.07,3262801,3501152404.00,2.76,4.56,192.26,2.45
2026-04-09,4374.10,4386.86,4419.20,4367.85,2452850,2707081649.00,1.16,-0.53,-23.34,1.84
2026-04-10,4410.57,4433.13,4463.24,4410.57,2146630,2409889650.00,1.20,1.05,46.27,1.61
2026-04-13,4404.41,4393.84,4436.02,4389.28,1816578,2079361942.00,1.05,-0.89,-39.29,1.36
2026-04-14,4434.26,4423.09,4441.01,4392.29,2090378,2389381898.00,1.11,0.67,29.25,1.57
2026-04-15,4439.96,4448.12,4500.56,4427.35,5136734,5368686855.00,1.66,0.57,25.03,3.85
2026-04-16,4449.83,4502.83,4511.33,4424.45,3483982,3659357892.00,1.95,1.23,54.71,2.61
2026-04-17,4499.11,4547.06,4563.39,4499.11,3450039,3809943341.00,1.43,0.98,44.23,2.59
2026-04-20,4552.49,4570.27,4583.49,4541.06,4170503,4501287956.00,0.93,0.51,23.21,3.13
2026-04-21,4564.54,4564.53,4583.37,4531.35,3253724,3737352209.00,1.14,-0.13,-5.74,2.44
2026-04-22,4543.98,4642.72,4649.90,4543.98,4928659,5748155052.00,2.32,1.71,78.19,3.70
2026-04-23,4635.53,4659.05,4697.18,4635.53,5873603,7402918108.00,1.33,0.35,16.33,4.41
2026-04-24,4602.55,4619.51,4635.71,4564.05,2604779,2909528133.00,1.54,-0.85,-39.54,1.95
2026-04-27,4591.13,4669.31,4679.57,4564.23,6332211,7226477681.00,2.50,1.08,49.80,4.75
2026-04-28,4646.57,4562.70,4654.42,4545.63,4126922,4721607970.00,2.33,-2.28,-106.61,3.10
2026-04-29,4539.00,4592.50,4609.73,4538.46,2744540,3230316519.00,1.56,0.65,29.80,2.06
2026-04-30,4575.36,4625.91,4629.02,4527.01,3075694,3529804713.00,2.22,0.73,33.41,2.31
2026-05-06,4646.60,4726.67,4750.60,4646.60,3828998,4509408218.00,2.25,2.18,100.76,2.87
2026-05-07,4767.17,4773.69,4780.02,4744.98,4076369,4820829890.00,0.74,0.99,47.02,3.06
2026-05-08,4758.32,4866.58,4871.06,4743.91,4064508,4987940912.00,2.66,1.95,92.89,3.05
2026-05-11,4881.64,4990.38,4995.69,4871.71,4486698,5826524102.00,2.55,2.54,123.80,3.37
2026-05-12,4990.16,4979.61,5015.35,4945.86,4558422,5472365137.00,1.39,-0.22,-10.77,3.42
2026-05-13,4955.12,4979.60,4990.88,4929.17,3376719,4232443125.00,1.24,0.00,-0.01,2.53
2026-05-14,4987.55,4936.42,5014.74,4936.42,3575086,4566831218.00,1.57,-0.87,-43.18,2.68
2026-05-15,4938.58,4888.19,4977.27,4852.22,3848356,4957863589.00,2.53,-0.98,-48.23,2.89
2026-05-18,4890.89,4856.48,4916.10,4822.37,3063611,3994631264.00,1.92,-0.65,-31.71,2.30
2026-05-19,4839.24,4912.50,4913.31,4805.04,2857994,3601586431.00,2.23,1.15,56.02,2.14
2026-05-20,4883.50,4914.02,4922.78,4859.94,3150194,4075324891.00,1.28,0.03,1.52,2.36
2026-05-21,4936.21,4802.40,4981.31,4796.10,4455357,5729923828.00,3.77,-2.27,-111.62,3.34
2026-05-22,4807.04,4848.32,4876.56,4764.12,3147899,3798892733.00,2.34,0.96,45.92,2.36
2026-05-25,4870.24,4845.20,4885.26,4786.25,3511049,4288248348.00,2.04,-0.06,-3.12,2.63
2026-05-26,4827.05,4794.06,4827.05,4743.36,3562691,4385080002.00,1.73,-1.06,-51.14,2.67
2026-05-27,4785.73,4666.45,4792.39,4643.95,3289414,3822698596.00,3.10,-2.66,-127.61,2.47
2026-05-28,4648.55,4655.02,4677.94,4561.46,2949894,3396670795.00,2.50,-0.24,-11.43,2.21
2026-05-29,4665.47,4500.66,4687.03,4477.02,3296208,3775529369.00,4.51,-3.32,-154.36,2.47
2026-06-01,4483.81,4542.86,4618.33,4483.81,2469048,2822203514.00,2.99,0.94,42.20,1.85
2026-06-02,4581.53,4496.73,4608.80,4422.77,2516275,3061461518.00,4.09,-1.02,-46.13,1.89
2026-06-03,4511.47,4474.57,4552.32,4444.60,3869258,4661937025.00,2.40,-0.49,-22.16,2.90
2026-06-04,4449.99,4420.29,4490.58,4392.31,2993719,3438995205.00,2.20,-1.21,-54.28,2.25
2026-06-05,4426.96,4433.60,4530.70,4369.05,3398528,3931442643.00,3.66,0.30,13.31,2.55
2026-06-08,4281.35,4278.17,4376.47,4233.26,3323762,3757735238.00,3.23,-3.51,-155.43,2.49
2026-06-09,4301.60,4300.25,4325.67,4238.93,3024819,3392323736.00,2.03,0.52,22.08,2.27
2026-06-10,4258.96,4210.23,4276.00,4164.46,3114086,3459619075.00,2.59,-2.09,-90.02,2.34
2026-06-11,4195.40,4148.37,4218.31,4122.42,2747597,3391045558.00,2.28,-1.47,-61.86,2.06
2026-06-12,4195.57,4157.80,4228.41,4144.70,3168007,3902406468.00,2.02,0.23,9.43,2.38
2026-06-15,4163.57,4265.09,4266.71,4163.57,3084286,3755300209.00,2.48,2.58,107.29,2.31
2026-06-16,4275.26,4350.76,4360.62,4235.34,3574548,4113145435.00,2.94,2.01,85.67,2.68
2026-06-17,4325.21,4312.85,4352.79,4293.16,2818449,3267757065.00,1.37,-0.87,-37.91,2.11
2026-06-18,4302.43,4273.05,4320.33,4227.80,2699158,3207197365.00,2.15,-0.92,-39.80,2.02
2026-06-22,4266.93,4253.07,4297.68,4124.90,3366739,3767365718.00,4.04,-0.47,-19.98,2.53
2026-06-23,4224.03,4229.00,4312.74,4203.96,2861085,3365178623.00,2.56,-0.57,-24.07,2.15
2026-06-24,4211.32,4160.32,4223.94,4074.95,2733760,2946400125.00,3.52,-1.62,-68.68,2.05
2026-06-25,4160.35,4162.51,4203.78,4120.21,2828923,3245839770.00,2.01,0.05,2.19,2.12
2026-06-26,4126.17,4041.59,4150.07,4041.20,3174169,3348006741.00,2.62,-2.90,-120.92,2.38
2026-06-29,4039.99,4096.16,4103.76,3978.30,4015736,4261468924.00,3.10,1.35,54.57,3.01
2026-06-30,4073.46,4247.77,4256.66,4073.46,3696728,3985953875.00,4.47,3.70,151.61,2.77
2026-07-01,4248.55,4256.04,4316.94,4217.28,3780965,4076611490.00,2.35,0.19,8.27,2.84
2026-07-02,4245.44,4250.14,4331.79,4231.68,4199112,4513259692.00,2.35,-0.14,-5.90,3.15
2026-07-03,4254.11,4261.61,4302.89,4219.78,3170019,3524922641.00,1.96,0.27,11.47,2.38
2026-07-06,4310.69,4174.44,4322.20,4156.36,3809607,4240906512.00,3.89,-2.05,-87.17,2.86
2026-07-07,4162.08,4091.80,4193.70,4079.81,3339058,3726564226.00,2.73,-1.98,-82.64,2.50
2026-07-08,4098.22,4064.80,4124.22,4056.45,3144816,3320897964.00,1.66,-0.66,-27.00,2.36
2026-07-09,4056.85,4112.23,4130.97,3972.79,3436170,3668569453.00,3.89,1.17,47.43,2.58
2026-07-10,4104.83,4176.34,4258.88,4104.83,4194345,4431369121.00,3.75,1.56,64.11,3.15
2026-07-13,4142.05,4047.44,4142.05,4024.85,5943763,5472873079.00,2.81,-3.09,-128.90,4.46
2026-07-14,3992.41,4006.62,4011.70,3899.87,4756270,4247548585.00,2.76,-1.01,-40.82,3.57
2026-07-15,4002.59,4000.21,4043.02,3961.32,3946365,3549339016.00,2.04,-0.16,-6.41,2.96
2026-07-16,3988.71,4004.25,4076.96,3980.74,3956715,3694686382.00,2.41,0.10,4.04,2.97
2026-07-17,3973.93,3764.19,3994.87,3745.89,3758255,3352383416.00,6.22,-6.00,-240.06,2.82
2026-07-20,3777.21,3705.22,3826.95,3632.63,3244555,2939364016.00,5.16,-1.57,-58.97,2.43
2026-07-21,3711.55,3806.60,3809.43,3615.29,3303253,3097126069.00,5.24,2.74,101.38,2.48
2026-07-22,3786.25,3774.03,3797.91,3732.45,2909577,2588880801.00,1.72,-0.86,-32.57,2.18
2026-07-23,3752.82,3786.83,3790.28,3708.37,2000719,1871928319.00,2.17,0.34,12.80,1.50
2026-07-24,3744.18,3694.37,3744.50,3681.49,2199969,2078112550.00,1.66,-2.44,-92.46,1.65
2026-07-27,3674.24,3791.73,3794.87,3659.53,1809428,1749044889.00,3.66,2.64,97.36,1.36
2026-07-28,3742.36,3756.99,3809.23,3739.02,1696377,1658099661.00,1.85,-0.92,-34.74,1.27
2026-07-29,3754.37,3812.73,3823.06,3719.19,2286545,2286827823.00,2.76,1.48,55.74,1.72