2026-01-05,6.33,6.38,6.38,6.32,95701,62677563.90,0.94,0.47,0.03,1.09
2026-01-06,6.37,6.48,6.50,6.36,160938,106691656.10,2.19,1.57,0.10,1.84
2026-01-07,6.47,6.42,6.48,6.41,90321,59922423.89,1.08,-0.93,-0.06,1.03
2026-01-08,6.40,6.44,6.47,6.40,80589,53464015.40,1.09,0.31,0.02,0.92
2026-01-09,6.43,6.48,6.48,6.43,116839,77907443.45,0.78,0.62,0.04,1.33
2026-01-12,6.48,6.57,6.57,6.48,137559,92711210.65,1.39,1.39,0.09,1.57
2026-01-13,6.60,6.51,6.61,6.49,153003,103123308.73,1.83,-0.91,-0.06,1.75
2026-01-14,6.51,6.46,6.55,6.43,170399,114160967.82,1.84,-0.77,-0.05,1.95
2026-01-15,6.44,6.45,6.48,6.42,81700,54353194.39,0.93,-0.15,-0.01,0.93
2026-01-16,6.47,6.44,6.48,6.43,76658,50997061.16,0.78,-0.16,-0.01,0.88
2026-01-19,6.42,6.51,6.51,6.42,90161,60209339.21,1.40,1.09,0.07,1.03
2026-01-20,6.51,6.56,6.56,6.49,114289,77017308.30,1.08,0.77,0.05,1.31
2026-01-21,6.50,6.52,6.54,6.50,85043,57117783.11,0.61,-0.61,-0.04,0.97
2026-01-22,6.53,6.57,6.58,6.52,174650,117843357.46,0.92,0.77,0.05,1.99
2026-01-23,6.57,6.58,6.59,6.55,120230,81348026.12,0.61,0.15,0.01,1.37
2026-01-26,6.60,6.55,6.61,6.50,126152,85135015.61,1.67,-0.46,-0.03,1.44
2026-01-27,6.54,6.45,6.56,6.40,124991,83197370.90,2.44,-1.53,-0.10,1.43
2026-01-28,6.46,6.44,6.48,6.41,83647,55510271.05,1.09,-0.16,-0.01,0.96
2026-01-29,6.42,6.43,6.45,6.38,170890,113010346.83,1.09,-0.16,-0.01,1.95
2026-01-30,6.41,6.45,6.49,6.38,147531,98053112.05,1.71,0.31,0.02,1.69
2026-02-02,6.45,6.34,6.46,6.33,143887,94852833.36,2.02,-1.71,-0.11,1.64
2026-02-03,6.37,6.33,6.39,6.28,124942,81569288.12,1.74,-0.16,-0.01,1.43
2026-02-04,6.31,6.42,6.43,6.30,124145,81700620.22,2.05,1.42,0.09,1.42
2026-02-05,6.40,6.43,6.48,6.39,110628,73578362.33,1.40,0.16,0.01,1.26
2026-02-06,6.42,6.43,6.47,6.41,75798,50368728.25,0.93,0.00,0.00,0.87
2026-02-09,6.46,6.46,6.49,6.44,81203,54071547.00,0.78,0.47,0.03,0.93
2026-02-10,6.46,6.49,6.51,6.43,102150,68252327.00,1.24,0.46,0.03,1.17
2026-02-11,6.48,6.47,6.51,6.46,74377,49755834.00,0.77,-0.31,-0.02,0.85
2026-02-12,6.48,6.39,6.49,6.39,102942,68166717.00,1.55,-1.24,-0.08,1.18
2026-02-13,6.39,6.34,6.41,6.33,69637,45770914.60,1.25,-0.78,-0.05,0.80
2026-02-24,6.38,6.41,6.42,6.36,63294,41729752.72,0.95,1.10,0.07,0.72
2026-02-25,6.45,6.44,6.52,6.42,154926,103414787.83,1.56,0.47,0.03,1.77
2026-02-26,6.44,6.38,6.46,6.33,141066,92885513.78,2.02,-0.93,-0.06,1.61
2026-02-27,6.36,6.39,6.41,6.35,107922,71021626.20,0.94,0.16,0.01,1.23
2026-03-02,6.32,6.21,6.36,6.19,252491,162710723.69,2.66,-2.82,-0.18,2.88
2026-03-03,6.20,6.07,6.26,6.05,240613,152711664.87,3.38,-2.25,-0.14,2.75
2026-03-04,6.03,5.97,6.05,5.93,172539,106672914.93,1.98,-1.65,-0.10,1.97
2026-03-05,6.01,6.01,6.04,5.98,102137,63442493.61,1.01,0.67,0.04,1.17
2026-03-06,5.99,6.07,6.08,5.98,130338,81462913.94,1.66,1.00,0.06,1.49
2026-03-09,6.02,6.02,6.05,5.98,124549,77434898.49,1.15,-0.82,-0.05,1.42
2026-03-10,6.05,6.07,6.10,6.04,88328,55366914.64,1.00,0.83,0.05,1.01
2026-03-11,6.08,6.16,6.17,6.06,150897,95464480.19,1.81,1.48,0.09,1.72
2026-03-12,6.17,6.15,6.19,6.14,86969,55271494.40,0.81,-0.16,-0.01,0.99
2026-03-13,6.14,6.19,6.23,6.11,124243,79389546.35,1.95,0.65,0.04,1.42
2026-03-16,6.16,6.16,6.19,6.11,85726,54377332.39,1.29,-0.48,-0.03,0.98
2026-03-17,6.16,6.13,6.22,6.12,86230,54980344.60,1.62,-0.49,-0.03,0.98
2026-03-18,6.14,6.12,6.16,6.06,69764,43927618.08,1.63,-0.16,-0.01,0.80
2026-03-19,6.09,6.00,6.09,5.97,100711,62768855.37,1.96,-1.96,-0.12,1.15
2026-03-20,6.00,5.93,6.03,5.92,78805,48635091.88,1.83,-1.17,-0.07,0.90
2026-03-23,5.85,5.61,5.86,5.60,147147,87146222.76,4.38,-5.40,-0.32,1.68
2026-03-24,5.68,5.84,5.85,5.64,122930,73144285.60,3.74,4.10,0.23,1.40
2026-03-25,5.82,5.94,5.95,5.81,72575,44298585.13,2.40,1.71,0.10,0.83
2026-03-26,5.95,5.93,6.01,5.91,76149,46892424.32,1.68,-0.17,-0.01,0.87
2026-03-27,5.88,5.90,5.94,5.85,75403,45994477.28,1.52,-0.51,-0.03,0.86
2026-03-30,5.86,5.94,5.95,5.82,83228,50773663.81,2.20,0.68,0.04,0.95
2026-03-31,5.94,5.97,6.05,5.93,77436,48096673.54,2.02,0.51,0.03,0.88
2026-04-01,6.03,6.10,6.14,5.99,123278,77515703.28,2.51,2.18,0.13,1.41
2026-04-02,6.08,6.09,6.15,6.05,96918,61014440.84,1.64,-0.16,-0.01,1.11
2026-04-03,5.87,5.57,5.89,5.50,318429,186236582.96,6.40,-8.54,-0.52,3.64
2026-04-07,5.52,5.48,5.53,5.35,187788,105836040.77,3.23,-1.62,-0.09,2.14
2026-04-08,5.58,5.61,5.62,5.53,131495,75979614.62,1.64,2.37,0.13,1.50
2026-04-09,5.56,5.48,5.60,5.47,86754,49554391.30,2.32,-2.32,-0.13,0.99
2026-04-10,5.50,5.55,5.57,5.50,87740,50402162.01,1.28,1.28,0.07,1.00
2026-04-13,5.50,5.52,5.54,5.49,59444,33963322.28,0.90,-0.54,-0.03,0.68
2026-04-14,5.54,5.51,5.55,5.47,69832,39777433.31,1.45,-0.18,-0.01,0.80
2026-04-15,5.53,5.48,5.55,5.47,101756,57961461.84,1.45,-0.54,-0.03,1.16
2026-04-16,5.49,5.52,5.52,5.48,58992,33603316.80,0.73,0.73,0.04,0.67
2026-04-17,5.50,5.50,5.51,5.47,48084,27347498.56,0.72,-0.36,-0.02,0.55
2026-04-20,5.52,5.58,5.58,5.50,101991,58644138.50,1.45,1.45,0.08,1.16
2026-04-21,5.57,5.52,5.57,5.51,74892,42880363.67,1.08,-1.08,-0.06,0.86
2026-04-22,5.47,5.42,5.48,5.40,126290,71012735.69,1.45,-1.81,-0.10,1.44
2026-04-23,5.42,5.47,5.51,5.38,116871,66001067.16,2.40,0.92,0.05,1.33
2026-04-24,5.45,5.43,5.46,5.38,78770,44209822.60,1.46,-0.73,-0.04,0.90
2026-04-27,5.41,5.43,5.44,5.38,61344,34381866.76,1.10,0.00,0.00,0.70
2026-04-28,5.40,5.41,5.44,5.39,54218,30398445.59,0.92,-0.37,-0.02,0.62
2026-04-29,5.40,5.48,5.48,5.39,68085,38526934.65,1.66,1.29,0.07,0.78
2026-04-30,5.46,5.46,5.49,5.44,67389,38144819.25,0.91,-0.36,-0.02,0.77
2026-05-06,5.46,5.49,5.52,5.45,88274,50172130.69,1.28,0.55,0.03,1.01
2026-05-07,5.48,5.52,5.53,5.48,98812,56473800.44,0.91,0.55,0.03,1.13
2026-05-08,5.51,5.62,5.65,5.49,134651,78119691.60,2.90,1.81,0.10,1.54
2026-05-11,5.63,5.60,5.65,5.57,85579,49596839.46,1.42,-0.36,-0.02,0.98
2026-05-12,5.60,5.52,5.61,5.51,67529,38794427.76,1.79,-1.43,-0.08,0.77
2026-05-13,5.52,5.50,5.54,5.48,64677,36851303.83,1.09,-0.36,-0.02,0.74
2026-05-14,5.50,5.41,5.50,5.40,69834,39366383.02,1.82,-1.64,-0.09,0.80
2026-05-15,5.41,5.40,5.45,5.38,63584,35685528.05,1.29,-0.18,-0.01,0.73
2026-05-18,5.40,5.29,5.40,5.26,88263,48532122.06,2.59,-2.04,-0.11,1.01
2026-05-19,5.30,5.38,5.39,5.25,61290,33855487.86,2.65,1.70,0.09,0.70
2026-05-20,5.38,5.31,5.38,5.28,50328,27724360.92,1.86,-1.30,-0.07,0.58
2026-05-21,5.30,5.28,5.38,5.26,74045,40965308.51,2.26,-0.56,-0.03,0.85
2026-05-22,5.27,5.27,5.30,5.19,64120,34862061.00,2.08,-0.19,-0.01,0.73
2026-05-25,5.30,5.25,5.30,5.22,46214,25195703.82,1.52,-0.38,-0.02,0.53
2026-05-26,5.24,5.33,5.34,5.18,72382,39487204.08,3.05,1.52,0.08,0.83
2026-05-27,5.30,5.22,5.33,5.20,53580,29162701.18,2.44,-2.06,-0.11,0.61
2026-05-28,5.21,5.39,5.41,5.20,130503,72153667.69,4.02,3.26,0.17,1.49
2026-05-29,5.38,5.37,5.44,5.34,79319,44280369.62,1.86,-0.37,-0.02,0.91
2026-06-01,5.77,5.61,5.91,5.46,260663,151290863.32,8.38,4.47,0.24,2.98
2026-06-02,5.58,5.47,5.61,5.44,171489,97747433.60,3.03,-2.50,-0.14,1.96
2026-06-03,5.45,5.38,5.48,5.33,105813,59140738.43,2.74,-1.65,-0.09,1.21
2026-06-04,5.39,5.50,5.52,5.36,112411,63801131.71,2.97,2.23,0.12,1.28
2026-06-05,5.50,5.54,5.61,5.48,118393,68070447.68,2.36,0.73,0.04,1.35
2026-06-08,5.44,5.30,5.51,5.28,122508,68381244.91,4.15,-4.33,-0.24,1.40
2026-06-09,5.34,5.28,5.35,5.21,91093,49915691.00,2.64,-0.38,-0.02,1.04
2026-06-10,5.24,5.51,5.60,5.22,239411,135712304.54,7.20,4.36,0.23,2.74
2026-06-11,5.50,5.63,5.75,5.48,262046,152982607.42,4.90,2.18,0.12,2.99
2026-06-12,5.66,5.67,5.85,5.60,333837,196821503.90,4.44,0.71,0.04,3.81
2026-06-15,5.70,5.69,5.76,5.52,201937,117694179.04,4.23,0.35,0.02,2.31
2026-06-16,5.66,5.68,5.72,5.58,111544,65161865.12,2.46,-0.18,-0.01,1.27
2026-06-17,5.68,5.56,5.68,5.54,82733,47789537.50,2.46,-2.11,-0.12,0.95
2026-06-18,5.51,5.34,5.53,5.28,111400,62386835.60,4.50,-3.96,-0.22,1.27
2026-06-22,5.30,5.40,5.40,5.16,107642,58618305.98,4.49,1.12,0.06,1.23
2026-06-23,5.42,5.40,5.51,5.38,91750,49795445.00,2.41,0.00,0.00,1.05
2026-06-24,5.38,5.20,5.39,5.20,93412,49032431.76,3.52,-3.70,-0.20,1.07
2026-06-25,5.20,5.06,5.23,5.05,73362,37396374.85,3.46,-2.69,-0.14,0.84
2026-06-26,5.07,4.99,5.08,4.96,57725,28948097.35,2.37,-1.38,-0.07,0.66
2026-06-29,5.49,5.49,5.49,5.22,371068,203350135.69,5.41,10.02,0.50,4.24
2026-06-30,5.36,5.43,5.75,5.36,454180,251170850.44,7.10,-1.09,-0.06,5.19
2026-07-01,5.36,5.97,5.97,5.22,580398,325797754.87,13.81,9.94,0.54,6.63
2026-07-02,5.90,5.87,6.27,5.78,665184,401439172.86,8.21,-1.68,-0.10,7.60
2026-07-03,5.88,5.88,6.07,5.80,401579,237178106.42,4.60,0.17,0.01,4.59
2026-07-06,5.80,6.14,6.36,5.71,541154,323792683.90,11.05,4.42,0.26,6.18
2026-07-07,5.99,5.65,6.02,5.61,399652,231562932.84,6.68,-7.98,-0.49,4.57
2026-07-08,5.61,5.73,5.75,5.45,268425,150458297.90,5.31,1.42,0.08,3.07
2026-07-09,5.58,5.44,5.67,5.38,249843,137518909.00,5.06,-5.06,-0.29,2.85
2026-07-10,5.40,5.48,5.56,5.28,216012,117828498.08,5.15,0.74,0.04,2.47
2026-07-13,5.42,5.37,5.55,5.35,168082,91171217.32,3.65,-2.01,-0.11,1.92
2026-07-14,5.33,5.47,5.55,5.31,152358,83031766.09,4.47,1.86,0.10,1.74
2026-07-15,5.15,5.10,5.27,5.03,262926,134827175.15,4.39,-6.76,-0.37,3.00
2026-07-16,5.08,5.14,5.21,5.06,153283,78704639.55,2.94,0.78,0.04,1.75
2026-07-17,5.12,5.03,5.18,4.97,153370,77898682.82,4.09,-2.14,-0.11,1.75
2026-07-20,5.01,4.95,5.08,4.87,162003,80593839.71,4.17,-1.59,-0.08,1.85
2026-07-21,4.91,4.86,4.95,4.80,128771,62685074.53,3.03,-1.82,-0.09,1.47
2026-07-22,4.84,4.78,4.85,4.75,98894,47341064.62,2.06,-1.65,-0.08,1.13
2026-07-23,4.78,4.86,4.87,4.75,100154,48198672.13,2.51,1.67,0.08,1.14
2026-07-24,4.83,4.76,4.84,4.75,76810,36743622.00,1.85,-2.06,-0.10,0.88
2026-07-27,4.78,4.85,4.87,4.75,76137,36778051.70,2.52,1.89,0.09,0.87
2026-07-28,4.80,4.84,4.87,4.80,74960,36268544.22,1.44,-0.21,-0.01,0.86
2026-07-29,4.82,4.91,4.94,4.82,93457,45787366.80,2.48,1.45,0.07,1.07