2026-01-05,36.60,36.75,37.19,36.43,8907,32994908.00,2.09,0.96,0.35,3.03
2026-01-06,36.92,36.91,37.26,36.68,6974,25871088.00,1.58,0.44,0.16,2.37
2026-01-07,37.35,37.46,37.64,36.87,10517,39349916.00,2.09,1.49,0.55,3.57
2026-01-08,37.46,37.63,37.69,37.15,7879,29659615.00,1.44,0.45,0.17,2.68
2026-01-09,37.62,37.89,37.97,37.40,9265,35049217.00,1.51,0.69,0.26,3.15
2026-01-12,37.98,38.34,38.45,37.79,11242,43070733.00,1.74,1.19,0.45,3.82
2026-01-13,38.36,38.19,38.78,38.18,12204,47132281.00,1.56,-0.39,-0.15,4.15
2026-01-14,38.19,38.24,38.54,37.65,14342,54904020.00,2.33,0.13,0.05,4.87
2026-01-15,38.35,38.57,38.60,37.98,7721,29665656.00,1.62,0.86,0.33,2.62
2026-01-16,38.92,38.90,39.20,38.68,14535,56835426.00,1.35,0.86,0.33,4.94
2026-01-19,38.92,39.29,39.49,38.80,13557,53334946.00,1.77,1.00,0.39,4.61
2026-01-20,39.42,38.99,39.60,38.70,11747,46106421.00,2.29,-0.76,-0.30,3.99
2026-01-21,38.88,39.31,39.49,38.72,10562,41497835.00,1.97,0.82,0.32,3.59
2026-01-22,39.68,39.50,39.68,39.18,9529,37674532.00,1.27,0.48,0.19,3.24
2026-01-23,39.61,39.77,39.80,39.46,7936,31565572.00,0.86,0.68,0.27,2.70
2026-01-26,40.30,39.35,40.43,39.12,11080,44022655.00,3.29,-1.06,-0.42,3.76
2026-01-27,39.63,39.61,39.78,38.29,11899,46795831.00,3.79,0.66,0.26,4.04
2026-01-28,39.60,39.08,39.79,38.90,7796,30680073.00,2.25,-1.34,-0.53,2.65
2026-01-29,38.98,38.46,39.26,38.11,10937,42434480.00,2.94,-1.59,-0.62,3.72
2026-01-30,38.50,38.93,39.25,38.04,10600,41238838.00,3.15,1.22,0.47,3.60
2026-02-02,38.93,38.33,39.36,38.28,11411,44589483.00,2.77,-1.54,-0.60,3.88
2026-02-03,38.91,39.24,39.28,38.65,10663,41751840.00,1.64,2.37,0.91,3.62
2026-02-04,39.17,38.82,39.41,38.65,9815,38360993.00,1.94,-1.07,-0.42,3.33
2026-02-05,38.91,39.00,39.24,38.40,7210,28147895.00,2.16,0.46,0.18,2.45
2026-02-06,39.00,39.41,39.65,38.55,10882,42863331.00,2.82,1.05,0.41,3.70
2026-02-09,39.59,39.80,39.93,39.35,9093,36216972.00,1.47,0.99,0.39,3.09
2026-02-10,39.98,39.67,40.16,39.60,6169,24654566.00,1.41,-0.33,-0.13,2.10
2026-02-11,39.99,39.66,39.99,39.56,6786,27067429.00,1.08,-0.03,-0.01,2.31
2026-02-12,39.65,39.46,39.90,39.41,6779,26974114.00,1.24,-0.50,-0.20,2.30
2026-02-13,39.54,39.97,40.88,39.29,15636,63291035.00,4.03,1.29,0.51,5.31
2026-02-24,40.41,41.21,41.49,40.13,18179,74606867.00,3.40,3.10,1.24,6.18
2026-02-25,41.20,40.60,41.24,40.50,12871,52521463.00,1.80,-1.48,-0.61,4.37
2026-02-26,40.76,40.88,40.98,40.33,7995,32635364.00,1.60,0.69,0.28,2.72
2026-02-27,40.79,40.75,40.85,40.29,9482,38546280.00,1.37,-0.32,-0.13,3.22
2026-03-02,40.26,39.04,40.78,38.91,17066,67676635.00,4.59,-4.20,-1.71,5.80
2026-03-03,39.19,37.93,39.65,37.91,14619,56906027.00,4.46,-2.84,-1.11,4.97
2026-03-04,37.74,37.50,38.24,36.97,10650,40306437.00,3.35,-1.13,-0.43,3.62
2026-03-05,38.00,38.24,38.99,37.88,8473,32744282.00,2.96,1.97,0.74,2.88
2026-03-06,38.24,39.07,39.30,38.12,7921,30860936.00,3.09,2.17,0.83,2.69
2026-03-09,38.59,38.87,39.10,37.96,12767,49320637.00,2.92,-0.51,-0.20,4.34
2026-03-10,38.99,40.19,40.28,38.99,10991,43947100.00,3.32,3.40,1.32,3.73
2026-03-11,40.38,40.05,40.69,39.98,9367,37808469.00,1.77,-0.35,-0.14,3.18
2026-03-12,40.00,39.59,40.39,39.41,10150,40558716.00,2.45,-1.15,-0.46,3.45
2026-03-13,39.59,39.43,40.19,39.16,7309,29039085.00,2.60,-0.40,-0.16,2.48
2026-03-16,39.27,39.52,39.90,39.12,7480,29611161.00,1.98,0.23,0.09,2.54
2026-03-17,39.70,38.33,39.76,38.30,7728,30067054.00,3.69,-3.01,-1.19,2.63
2026-03-18,38.52,39.50,39.54,38.29,7457,29095265.00,3.26,3.05,1.17,2.53
2026-03-19,39.08,38.32,39.35,38.08,8122,31461458.00,3.22,-2.99,-1.18,2.76
2026-03-20,38.46,36.77,38.72,36.70,11811,44484582.00,5.27,-4.04,-1.55,4.01
2026-03-23,36.11,34.74,36.19,34.27,18950,66845236.00,5.22,-5.52,-2.03,6.44
2026-03-24,35.61,35.78,35.85,34.45,12246,43151335.00,4.03,2.99,1.04,4.16
2026-03-25,35.78,36.42,36.95,35.78,9836,35950241.00,3.27,1.79,0.64,3.34
2026-03-26,36.42,35.76,36.73,35.58,8711,31481441.00,3.16,-1.81,-0.66,2.96
2026-03-27,35.40,36.24,36.41,35.40,8207,29568823.00,2.82,1.34,0.48,2.79
2026-03-30,36.08,36.95,36.97,35.58,9294,33992059.00,3.84,1.96,0.71,3.16
2026-03-31,37.02,36.71,37.75,36.36,8146,30144362.00,3.76,-0.65,-0.24,2.77
2026-04-01,37.13,37.24,37.69,36.85,7569,28219010.00,2.29,1.44,0.53,2.57
2026-04-02,37.44,36.72,37.53,36.29,6501,24010207.00,3.33,-1.40,-0.52,2.21
2026-04-03,36.85,36.11,37.00,35.95,7725,28228700.00,2.86,-1.66,-0.61,2.62
2026-04-07,36.11,36.62,37.02,35.41,8021,29343729.00,4.46,1.41,0.51,2.72
2026-04-08,37.40,38.06,38.16,37.05,9260,35076923.00,3.03,3.93,1.44,3.15
2026-04-09,37.85,37.78,38.20,37.70,7809,29680458.00,1.31,-0.74,-0.28,2.65
2026-04-10,38.01,38.47,38.77,37.79,8855,34161962.00,2.59,1.83,0.69,3.01
2026-04-13,38.90,38.95,39.39,37.90,9208,35745919.00,3.87,1.25,0.48,3.13
2026-04-14,39.56,39.05,39.65,38.55,8988,35091816.00,2.82,0.26,0.10,3.05
2026-04-15,39.07,39.08,39.56,38.91,9245,36308481.00,1.66,0.08,0.03,3.14
2026-04-16,39.28,39.34,39.58,39.07,7533,29701181.00,1.31,0.67,0.26,2.56
2026-04-17,39.34,39.70,39.74,39.13,9089,35947007.00,1.55,0.92,0.36,3.09
2026-04-20,39.62,39.94,40.05,39.43,8545,34140547.00,1.56,0.60,0.24,2.90
2026-04-21,39.94,39.54,40.15,39.28,7252,28788063.00,2.18,-1.00,-0.40,2.46
2026-04-22,39.69,40.33,40.68,39.22,19250,77837071.00,3.69,2.00,0.79,6.54
2026-04-23,40.42,39.53,40.47,39.22,10268,40997053.00,3.10,-1.98,-0.80,3.49
2026-04-24,39.37,39.59,39.90,38.91,7633,30171734.00,2.50,0.15,0.06,2.59
2026-04-27,39.80,40.05,40.28,39.10,8358,33380374.00,2.98,1.16,0.46,2.84
2026-04-28,40.78,40.89,41.90,40.41,19697,81165849.00,3.72,2.10,0.84,6.69
2026-04-29,40.80,41.99,42.35,40.17,19281,80311411.00,5.33,2.69,1.10,6.55
2026-04-30,42.01,42.49,42.54,41.40,20507,86549565.00,2.71,1.19,0.50,6.97
2026-05-06,42.83,42.81,44.29,42.71,29018,125388335.00,3.72,0.75,0.32,9.86
2026-05-07,42.82,43.08,43.29,42.39,17094,73671672.00,2.10,0.63,0.27,5.81
2026-05-08,43.04,42.96,43.34,42.63,12931,55680523.00,1.65,-0.28,-0.12,4.39
2026-05-11,42.98,43.70,44.08,42.79,15930,69555026.00,3.00,1.72,0.74,5.41
2026-05-12,43.67,42.72,44.00,42.23,16111,69193209.00,4.05,-2.24,-0.98,5.47
2026-05-13,42.55,43.00,43.36,42.09,12175,52336040.00,2.97,0.66,0.28,4.14
2026-05-14,43.22,43.23,43.76,42.66,13114,56818601.00,2.56,0.53,0.23,4.46
2026-05-15,43.16,42.83,43.67,42.45,11518,49574634.00,2.82,-0.93,-0.40,3.91
2026-05-18,42.94,43.60,44.07,42.52,13375,58336080.00,3.62,1.80,0.77,4.54
2026-05-19,43.61,43.46,44.00,42.75,10470,45366470.00,2.87,-0.32,-0.14,3.56
2026-05-20,43.46,44.00,44.45,43.20,16738,73513357.00,2.88,1.24,0.54,5.69
2026-05-21,44.11,42.18,44.90,42.11,25417,111669833.00,6.34,-4.14,-1.82,8.63
2026-05-22,42.18,43.87,44.28,41.54,25572,110459439.00,6.50,4.01,1.69,8.69
2026-05-25,44.00,43.00,44.29,42.34,25079,108305987.00,4.44,-1.98,-0.87,8.52
2026-05-26,42.70,42.34,43.05,41.78,17552,74295932.00,2.95,-1.53,-0.66,5.96
2026-05-27,42.44,41.05,42.44,40.77,18545,76688122.00,3.94,-3.05,-1.29,6.30
2026-05-28,41.04,41.40,41.80,39.94,13420,55195643.00,4.53,0.85,0.35,4.56
2026-05-29,41.40,38.88,42.14,38.28,20155,79617358.00,9.32,-6.09,-2.52,6.85
2026-06-01,39.00,39.35,40.15,38.56,13218,52287597.00,4.09,1.21,0.47,4.49
2026-06-02,39.35,38.22,40.02,37.84,12241,47068345.00,5.54,-2.87,-1.13,4.16
2026-06-03,38.21,45.78,45.78,37.80,19652,77724590.00,20.88,19.78,7.56,6.68
2026-06-04,41.20,43.77,44.22,39.52,88645,369476878.00,10.27,-4.39,-2.01,30.11
2026-06-05,41.56,47.35,47.40,39.93,109177,480530236.00,17.07,8.18,3.58,37.09
2026-06-08,44.69,45.48,49.25,44.67,103672,489191789.00,9.67,-3.95,-1.87,35.22
2026-06-09,45.07,48.61,49.12,44.56,98925,464631415.00,10.03,6.88,3.13,33.61
2026-06-10,47.02,49.18,50.30,46.49,88708,431983060.00,7.84,1.17,0.57,30.14
2026-06-11,48.16,45.90,48.20,45.29,64927,302003513.00,5.92,-6.67,-3.28,22.06
2026-06-12,46.42,45.09,47.70,44.26,59304,272071102.00,7.49,-1.76,-0.81,20.15
2026-06-15,45.09,48.12,48.29,44.40,63497,298604009.00,8.63,6.72,3.03,21.57
2026-06-16,47.50,49.99,52.25,46.91,84587,415276855.00,11.10,3.89,1.87,28.74
2026-06-17,48.93,50.55,51.14,48.26,57462,285448143.00,5.76,1.12,0.56,19.52
2026-06-18,50.05,48.18,50.38,48.18,51414,252701659.00,4.35,-4.69,-2.37,17.47
2026-06-22,47.82,47.50,48.13,45.89,51859,244048896.00,4.65,-1.41,-0.68,17.62
2026-06-23,47.00,49.18,49.66,45.95,57310,274940468.00,7.81,3.54,1.68,19.47
2026-06-24,48.00,46.83,48.58,46.20,41102,194378638.00,4.84,-4.78,-2.35,13.96
2026-06-25,46.50,54.63,55.99,45.77,105737,546797052.00,21.82,16.66,7.80,35.92
2026-06-26,55.01,54.23,56.88,52.85,71117,386945075.06,7.38,-0.73,-0.40,24.16