2026-01-05,7.75,7.74,7.82,7.64,476565,385501481.26,2.38,2.25,0.17,2.10
2026-01-06,7.74,7.78,7.84,7.71,356369,290816681.09,1.68,0.52,0.04,1.57
2026-01-07,7.75,7.98,8.07,7.70,610905,507799735.57,4.76,2.57,0.20,2.69
2026-01-08,7.98,7.91,8.14,7.90,380531,319186973.53,3.01,-0.88,-0.07,1.68
2026-01-09,7.92,8.00,8.05,7.88,356018,297522483.25,2.15,1.14,0.09,1.57
2026-01-12,8.04,8.25,8.35,8.04,705031,606437167.89,3.88,3.13,0.25,3.11
2026-01-13,8.22,8.20,8.31,8.12,515410,442224395.62,2.30,-0.61,-0.05,2.27
2026-01-14,8.24,8.12,8.28,8.04,446954,382378291.40,2.93,-0.98,-0.08,1.97
2026-01-15,8.08,8.12,8.16,8.05,234866,199406145.01,1.35,0.00,0.00,1.04
2026-01-16,8.17,8.00,8.29,7.98,487222,414558262.14,3.82,-1.48,-0.12,2.15
2026-01-19,7.97,8.26,8.28,7.95,487635,417073363.57,4.13,3.25,0.26,2.15
2026-01-20,8.26,8.34,8.36,8.16,386355,333960955.89,2.42,0.97,0.08,1.70
2026-01-21,8.32,8.18,8.32,8.14,334105,286723060.10,2.16,-1.92,-0.16,1.47
2026-01-22,8.20,8.16,8.23,8.13,256106,218993241.09,1.22,-0.24,-0.02,1.13
2026-01-23,8.18,8.09,8.20,8.07,294783,250999641.52,1.59,-0.86,-0.07,1.30
2026-01-26,8.15,8.09,8.16,7.98,430247,363998518.03,2.22,0.00,0.00,1.90
2026-01-27,8.09,7.81,8.09,7.78,463334,381612190.31,3.83,-3.46,-0.28,2.04
2026-01-28,7.78,7.85,7.87,7.68,371808,303330800.80,2.43,0.51,0.04,1.64
2026-01-29,7.82,7.75,7.82,7.67,351973,285813962.39,1.91,-1.27,-0.10,1.55
2026-01-30,7.72,7.73,7.79,7.62,281771,228159639.35,2.19,-0.26,-0.02,1.24
2026-02-02,7.77,7.55,7.86,7.54,412244,331928018.70,4.14,-2.33,-0.18,1.82
2026-02-03,7.60,7.61,7.64,7.50,325902,259050722.38,1.85,0.79,0.06,1.44
2026-02-04,7.59,7.70,7.71,7.57,270453,217347979.73,1.84,1.18,0.09,1.19
2026-02-05,7.69,7.57,7.69,7.52,282616,225178796.10,2.21,-1.69,-0.13,1.25
2026-02-06,7.54,7.58,7.65,7.51,189360,151102576.90,1.85,0.13,0.01,0.84
2026-02-09,7.62,7.60,7.63,7.57,205381,163875560.40,0.79,0.26,0.02,0.91
2026-02-10,7.60,7.51,7.61,7.48,334256,263680826.82,1.71,-1.18,-0.09,1.47
2026-02-11,7.51,7.55,7.59,7.50,231886,183785489.20,1.20,0.53,0.04,1.02
2026-02-12,7.58,7.66,7.71,7.56,376263,302215078.48,1.99,1.46,0.11,1.66
2026-02-13,7.67,7.42,7.68,7.42,498334,391831757.70,3.39,-3.13,-0.24,2.20
2026-02-24,7.48,7.64,7.66,7.48,397716,316960600.84,2.43,2.96,0.22,1.75
2026-02-25,7.64,7.71,7.81,7.62,392584,318783288.10,2.49,0.92,0.07,1.73
2026-02-26,7.71,7.88,7.95,7.70,438908,360776001.43,3.24,2.20,0.17,1.94
2026-02-27,7.92,8.24,8.43,7.84,887993,759002258.06,7.49,4.57,0.36,3.92
2026-03-02,8.16,8.45,8.52,8.13,1027830,896958599.41,4.73,2.55,0.21,4.53
2026-03-03,8.42,8.26,8.51,8.20,881758,771279932.60,3.67,-2.25,-0.19,3.89
2026-03-04,8.15,8.17,8.30,8.10,632747,541472053.35,2.42,-1.09,-0.09,2.79
2026-03-05,8.24,8.28,8.36,8.16,516299,446381255.80,2.45,1.35,0.11,2.28
2026-03-06,8.22,8.37,8.44,8.20,466616,407530713.02,2.90,1.09,0.09,2.06
2026-03-09,8.31,8.31,8.44,8.27,522656,455907084.94,2.03,-0.72,-0.06,2.31
2026-03-10,8.33,8.30,8.41,8.18,422760,366788116.13,2.77,-0.12,-0.01,1.86
2026-03-11,8.29,8.43,8.44,8.10,596770,517893014.53,4.10,1.57,0.13,2.63
2026-03-12,8.56,8.95,9.05,8.50,1333964,1224393792.12,6.52,6.17,0.52,5.88
2026-03-13,8.92,8.51,8.93,8.47,942294,851084763.12,5.14,-4.92,-0.44,4.16
2026-03-16,8.57,8.23,8.61,8.19,593958,516191472.47,4.94,-3.29,-0.28,2.62
2026-03-17,8.19,8.11,8.31,8.09,458804,393179252.03,2.67,-1.46,-0.12,2.02
2026-03-18,8.15,8.18,8.34,8.10,436937,374857513.58,2.96,0.86,0.07,1.93
2026-03-19,8.12,8.05,8.25,7.98,486000,413712848.62,3.30,-1.59,-0.13,2.14
2026-03-20,8.06,8.06,8.30,7.98,542331,462692903.10,3.98,0.12,0.01,2.39
2026-03-23,7.91,7.65,7.95,7.60,610620,497248572.85,4.34,-5.09,-0.41,2.69
2026-03-24,7.75,7.98,7.99,7.65,477505,392126975.22,4.44,4.31,0.33,2.11
2026-03-25,7.97,8.45,8.53,7.92,904237,788640327.69,7.64,5.89,0.47,3.99
2026-03-26,8.41,8.43,8.53,8.27,807023,708139648.48,3.08,-0.24,-0.02,3.56
2026-03-27,8.36,8.73,8.75,8.20,941081,836203616.39,6.52,3.56,0.30,4.15
2026-03-30,8.52,8.24,8.52,8.00,1012588,867277154.03,5.96,-5.61,-0.49,4.47
2026-03-31,8.23,8.04,8.23,7.96,593184,499966517.09,3.28,-2.43,-0.20,2.62
2026-04-01,8.09,8.01,8.09,7.92,493062,412786949.71,2.11,-0.37,-0.03,2.18
2026-04-02,7.95,7.84,8.01,7.76,458412,377314989.34,3.12,-2.12,-0.17,2.02
2026-04-03,7.80,7.61,7.82,7.56,461849,370157761.34,3.32,-2.93,-0.23,2.04
2026-04-07,7.60,7.57,7.62,7.53,252075,200316426.73,1.18,-0.53,-0.04,1.11
2026-04-08,7.66,7.80,7.80,7.60,443402,358457515.66,2.64,3.04,0.23,1.96
2026-04-09,7.74,7.66,7.74,7.64,314544,253709222.70,1.28,-1.79,-0.14,1.39
2026-04-10,7.68,7.71,7.73,7.67,235890,190844153.53,0.78,0.65,0.05,1.04
2026-04-13,7.66,7.74,7.74,7.64,236958,191613672.60,1.30,0.39,0.03,1.05
2026-04-14,7.75,7.76,7.83,7.68,280561,227672866.05,1.94,0.26,0.02,1.24
2026-04-15,7.73,7.76,7.78,7.70,253539,205991526.00,1.03,0.00,0.00,1.12
2026-04-16,7.76,7.75,7.79,7.69,307522,249552114.22,1.29,-0.13,-0.01,1.36
2026-04-17,7.72,7.69,7.76,7.66,246191,198668097.46,1.29,-0.77,-0.06,1.09
2026-04-20,7.69,7.74,7.75,7.66,276825,223772991.70,1.17,0.65,0.05,1.22
2026-04-21,7.76,7.91,8.01,7.71,522434,430397673.01,3.88,2.20,0.17,2.30
2026-04-22,7.87,7.86,7.93,7.83,349253,288251974.49,1.26,-0.63,-0.05,1.54
2026-04-23,7.85,7.93,7.93,7.70,489861,402737036.91,2.93,0.89,0.07,2.16
2026-04-24,7.80,7.78,7.86,7.63,522363,424172073.59,2.90,-1.89,-0.15,2.30
2026-04-27,7.70,7.65,7.73,7.65,359475,289898206.38,1.03,-1.67,-0.13,1.59
2026-04-28,7.65,7.67,7.68,7.58,282562,226151856.29,1.31,0.26,0.02,1.25
2026-04-29,7.63,7.71,7.74,7.62,309494,249832477.36,1.56,0.52,0.04,1.37
2026-04-30,7.71,7.70,7.72,7.64,307066,247314995.51,1.04,-0.13,-0.01,1.35
2026-05-06,7.71,7.82,7.82,7.68,367428,299229579.06,1.82,1.56,0.12,1.62
2026-05-07,7.82,7.90,7.92,7.80,384553,317322870.80,1.53,1.02,0.08,1.70
2026-05-08,7.88,7.86,8.05,7.82,396270,328711266.66,2.91,-0.51,-0.04,1.75
2026-05-11,7.87,8.00,8.02,7.83,461581,385531397.20,2.42,1.78,0.14,2.04
2026-05-12,7.98,8.06,8.11,7.97,488092,411266329.05,1.75,0.75,0.06,2.15
2026-05-13,8.07,8.20,8.28,8.03,821673,704858374.69,3.10,1.74,0.14,3.62
2026-05-14,8.26,8.05,8.42,8.03,681251,584046850.99,4.76,-1.83,-0.15,3.01
2026-05-15,8.03,8.05,8.20,7.84,618460,518913354.12,4.47,0.00,0.00,2.73
2026-05-18,8.14,8.26,8.35,8.13,802890,692555945.01,2.73,2.61,0.21,3.54
2026-05-19,8.27,8.62,8.70,8.13,1092810,972960834.69,6.90,4.36,0.36,4.82
2026-05-20,8.49,8.03,8.49,8.02,921957,789364140.54,5.45,-6.84,-0.59,4.07
2026-05-21,8.06,8.08,8.32,7.98,763059,653446167.37,4.23,0.62,0.05,3.37
2026-05-22,8.13,8.35,8.47,8.00,710488,615851741.35,5.82,3.34,0.27,3.13
2026-05-25,8.32,8.60,8.66,8.28,684008,608648366.99,4.55,2.99,0.25,3.02
2026-05-26,8.53,8.66,8.77,8.47,786856,710061685.10,3.49,0.70,0.06,3.47
2026-05-27,8.62,8.73,8.87,8.54,717539,652401967.50,3.81,0.81,0.07,3.17
2026-05-28,8.75,8.95,9.26,8.68,1213295,1140612395.03,6.64,2.52,0.22,5.35
2026-05-29,8.96,9.42,9.71,8.94,1494158,1461951149.15,8.60,5.25,0.47,6.59
2026-06-01,9.54,9.44,9.56,8.87,1371944,1324084770.04,7.32,0.21,0.02,6.05
2026-06-02,9.32,9.17,9.36,9.05,866356,827348727.59,3.28,-2.86,-0.27,3.82
2026-06-03,9.02,9.24,9.40,8.83,1059060,1005974951.12,6.22,0.76,0.07,4.67
2026-06-04,9.12,9.22,9.37,9.12,716614,690135224.77,2.71,-0.22,-0.02,3.16
2026-06-05,9.18,8.64,9.34,8.58,880092,813168130.55,8.24,-6.29,-0.58,3.88
2026-06-08,8.42,8.32,8.72,8.28,643571,568743955.76,5.09,-3.70,-0.32,2.84
2026-06-09,8.38,8.33,8.42,8.11,438703,379941851.18,3.73,0.12,0.01,1.94
2026-06-10,8.23,8.14,8.28,8.02,446400,379658143.00,3.12,-2.28,-0.19,1.97
2026-06-11,8.02,8.25,8.30,7.99,436376,371992451.45,3.81,1.35,0.11,1.93
2026-06-12,8.33,8.30,8.52,8.20,521648,455405117.58,3.88,0.61,0.05,2.30
2026-06-15,8.32,8.30,8.36,8.20,454486,393884281.15,1.93,0.00,0.00,2.00
2026-06-16,8.26,8.25,8.47,8.20,446593,388196410.52,3.25,-0.60,-0.05,1.97
2026-06-17,8.26,8.19,8.34,8.10,478366,411556080.72,2.91,-0.73,-0.06,2.11
2026-06-18,8.13,7.64,8.16,7.62,806824,662242730.14,6.59,-6.72,-0.55,3.56
2026-06-22,7.63,7.67,7.71,7.42,505717,401951168.40,3.80,0.39,0.03,2.23
2026-06-23,7.66,7.65,7.83,7.59,399515,322886937.35,3.13,-0.26,-0.02,1.76
2026-06-24,7.65,7.57,7.65,7.47,309006,244913823.00,2.35,-1.05,-0.08,1.36
2026-06-25,7.50,7.42,7.52,7.32,360215,280077675.24,2.64,-1.98,-0.15,1.59
2026-06-26,7.42,7.28,7.55,7.28,371713,290447360.92,3.64,-1.89,-0.14,1.64
2026-06-29,7.24,7.38,7.42,7.13,349914,268574677.22,3.98,1.37,0.10,1.54
2026-06-30,7.37,7.19,7.38,7.16,294636,224325444.26,2.98,-2.57,-0.19,1.30
2026-07-01,7.19,7.37,7.39,7.14,308836,237212147.80,3.48,2.50,0.18,1.36
2026-07-02,7.36,7.37,7.53,7.26,393121,303928226.76,3.66,0.00,0.00,1.73
2026-07-03,7.38,7.44,7.47,7.34,255291,198918039.10,1.76,0.95,0.07,1.13
2026-07-06,7.42,7.46,7.47,7.33,237029,184827604.11,1.88,0.27,0.02,1.05
2026-07-07,7.43,7.23,7.45,7.20,252237,193350767.40,3.35,-3.08,-0.23,1.11
2026-07-08,7.24,7.31,7.34,7.14,270141,206135924.35,2.77,1.11,0.08,1.19
2026-07-09,7.28,7.18,7.37,7.15,298682,227487505.12,3.01,-1.78,-0.13,1.32
2026-07-10,7.19,7.27,7.37,7.06,305210,232626685.77,4.32,1.25,0.09,1.35
2026-07-13,7.25,7.33,7.41,7.24,276446,213385874.97,2.34,0.83,0.06,1.22
2026-07-14,7.29,7.48,7.50,7.27,282915,221102612.79,3.14,2.05,0.15,1.25
2026-07-15,7.45,7.49,7.56,7.42,339405,266994641.32,1.87,0.13,0.01,1.50
2026-07-16,7.55,7.51,7.58,7.45,340025,255181719.25,1.74,0.27,0.02,1.50
2026-07-17,7.48,7.69,7.84,7.47,536230,413297932.51,4.93,2.40,0.18,2.37
2026-07-20,7.63,8.10,8.12,7.54,689971,546736442.35,7.54,5.33,0.41,3.04