2026-01-05,25.10,25.00,25.25,24.82,48963,124469907.00,1.72,0.00,0.00,2.27
2026-01-06,25.08,25.51,25.60,25.03,46807,120702727.00,2.28,2.04,0.51,2.17
2026-01-07,25.57,25.15,25.60,25.08,43547,111957291.00,2.04,-1.41,-0.36,2.02
2026-01-08,25.14,25.25,25.58,25.05,46504,119609001.00,2.11,0.40,0.10,2.16
2026-01-09,25.21,25.20,25.33,24.91,50193,128201766.00,1.66,-0.20,-0.05,2.33
2026-01-12,25.35,25.28,25.40,24.96,56056,143223291.00,1.75,0.32,0.08,2.60
2026-01-13,25.28,25.56,26.27,25.00,106482,277648767.00,5.02,1.11,0.28,4.94
2026-01-14,25.39,25.30,25.81,24.97,77617,200644588.00,3.29,-1.02,-0.26,3.60
2026-01-15,25.30,25.59,25.68,25.10,50706,131349193.00,2.29,1.15,0.29,2.35
2026-01-16,26.00,27.24,27.58,25.40,143706,388327655.00,8.52,6.45,1.65,6.66
2026-01-19,27.19,28.70,29.29,27.05,179784,514388417.00,8.22,5.36,1.46,8.34
2026-01-20,28.70,28.36,28.86,27.97,90084,258558045.00,3.10,-1.18,-0.34,4.18
2026-01-21,28.25,28.57,28.71,27.92,67810,194999439.00,2.79,0.74,0.21,3.14
2026-01-22,28.59,28.93,29.25,28.45,83601,244834291.00,2.80,1.26,0.36,3.88
2026-01-23,28.93,28.35,28.93,28.21,59637,171786499.00,2.49,-2.00,-0.58,2.76
2026-01-26,28.35,28.68,28.87,28.15,61505,178056721.00,2.54,1.16,0.33,2.85
2026-01-27,28.68,28.47,29.14,28.10,52037,150459454.00,3.63,-0.73,-0.21,2.41
2026-01-28,28.35,29.25,29.91,28.35,94401,280986334.00,5.48,2.74,0.78,4.38
2026-01-29,29.17,28.47,29.20,28.25,67602,195766771.00,3.25,-2.67,-0.78,3.13
2026-01-30,28.60,28.41,28.78,27.87,47780,137594480.00,3.20,-0.21,-0.06,2.22
2026-02-02,28.61,28.44,30.48,28.43,102398,305083719.00,7.22,0.11,0.03,4.75
2026-02-03,28.87,29.83,30.08,28.40,112646,336714378.00,5.91,4.89,1.39,5.22
2026-02-04,29.81,29.58,29.81,29.31,48918,146229678.00,1.68,-0.84,-0.25,2.27
2026-02-05,29.50,29.59,29.99,29.10,61480,183591872.00,3.01,0.03,0.01,2.85
2026-02-06,29.30,30.86,32.01,29.30,142684,448528406.00,9.16,4.29,1.27,6.62
2026-02-09,31.03,30.44,31.28,29.50,109869,335828140.00,5.77,-1.36,-0.42,5.09
2026-02-10,30.18,31.98,32.58,30.06,157045,504452935.00,8.28,5.06,1.54,7.28
2026-02-11,31.31,32.21,32.68,31.31,116348,380130361.00,4.28,0.72,0.23,5.39
2026-02-12,32.10,31.78,32.68,31.71,83482,270625552.00,3.01,-1.33,-0.43,3.87
2026-02-13,31.66,30.72,32.75,30.69,81027,257858754.00,6.48,-3.34,-1.06,3.76
2026-02-24,31.17,32.03,32.11,30.51,82911,264081925.00,5.21,4.26,1.31,3.84
2026-02-25,32.07,32.76,33.07,31.88,79623,262094097.00,3.72,2.28,0.73,3.69
2026-02-26,33.10,36.08,36.08,32.70,252967,889282731.00,10.32,10.13,3.32,11.73
2026-02-27,36.43,37.65,38.99,36.43,276203,1052528054.00,7.10,4.35,1.57,12.81
2026-03-02,37.56,38.26,39.20,36.58,203738,790770233.00,6.96,1.62,0.61,9.45
2026-03-03,38.25,35.41,38.55,35.30,190457,704488239.00,8.49,-7.45,-2.85,8.83
2026-03-04,35.45,35.46,36.17,34.80,105690,379611052.00,3.87,0.14,0.05,4.90
2026-03-05,36.00,35.38,37.01,34.90,108746,395028706.00,5.95,-0.23,-0.08,5.04
2026-03-06,35.16,35.27,35.73,34.61,88841,316790114.00,3.17,-0.31,-0.11,4.12
2026-03-09,35.25,33.62,35.27,32.91,126511,428156973.00,6.69,-4.68,-1.65,5.87
2026-03-10,33.92,34.00,34.92,33.65,86294,299301519.00,3.78,1.13,0.38,4.00
2026-03-11,34.08,33.95,34.69,33.79,66935,231445421.00,2.65,-0.15,-0.05,3.10
2026-03-12,34.61,33.30,34.80,32.85,82868,282315268.00,5.74,-1.91,-0.65,3.84
2026-03-13,33.06,33.74,34.56,32.93,93589,321449742.00,4.89,1.32,0.44,4.34
2026-03-16,34.10,31.94,34.48,31.13,112937,366567108.00,9.93,-5.33,-1.80,5.24
2026-03-17,31.94,31.75,32.98,31.60,79997,262768537.00,4.32,-0.59,-0.19,3.71
2026-03-18,31.90,32.21,32.36,31.31,50678,163277155.00,3.31,1.45,0.46,2.35
2026-03-19,32.21,30.50,32.21,30.10,90958,283573631.00,6.55,-5.31,-1.71,4.22
2026-03-20,30.62,29.87,31.53,29.80,75716,235872226.00,5.67,-2.07,-0.63,3.51
2026-03-23,28.72,27.46,29.60,27.20,99307,283571852.00,8.03,-8.07,-2.41,4.60
2026-03-24,28.10,28.80,29.09,27.21,90845,260287796.00,6.85,4.88,1.34,4.21
2026-03-25,29.10,29.81,29.89,28.82,55216,164527956.00,3.72,3.51,1.01,2.56
2026-03-26,30.10,29.45,31.09,29.18,80106,244653945.00,6.41,-1.21,-0.36,3.71
2026-03-27,29.30,30.92,31.56,29.10,90221,280120309.00,8.35,4.99,1.47,4.18
2026-03-30,31.10,30.88,31.47,30.48,65920,207237852.00,3.20,-0.13,-0.04,3.06
2026-03-31,30.61,29.95,31.48,29.84,64905,201000434.00,5.31,-3.01,-0.93,3.01
2026-04-01,30.27,29.89,30.96,29.68,48755,149042161.00,4.27,-0.20,-0.06,2.26
2026-04-02,29.75,28.89,29.80,28.56,48309,142353194.00,4.15,-3.35,-1.00,2.24
2026-04-03,28.97,28.24,29.08,27.87,45161,129048558.00,4.19,-2.25,-0.65,2.09
2026-04-07,28.62,29.37,29.69,28.21,59179,174008661.00,5.24,4.00,1.13,2.74
2026-04-08,30.00,30.21,30.95,29.42,62682,192870482.00,5.21,2.86,0.84,2.91
2026-04-09,30.20,30.57,31.10,29.81,49201,152529402.00,4.27,1.19,0.36,2.28
2026-04-10,30.80,31.74,32.36,30.46,75519,241319721.00,6.22,3.83,1.17,3.50
2026-04-13,31.75,32.29,33.08,31.60,75300,247471437.00,4.66,1.73,0.55,3.49
2026-04-14,32.94,31.92,33.00,31.42,50452,163173582.00,4.89,-1.15,-0.37,2.34
2026-04-15,31.60,31.78,32.79,31.50,38131,123615362.00,4.04,-0.44,-0.14,1.77
2026-04-16,32.33,32.45,32.88,31.60,42091,138218964.00,4.03,2.11,0.67,1.95
2026-04-17,32.80,32.98,33.22,32.03,54486,180049463.00,3.67,1.63,0.53,2.53
2026-04-20,34.10,33.27,34.10,33.01,51993,176525480.00,3.31,0.88,0.29,2.41
2026-04-21,33.59,33.96,34.00,32.48,64314,216891499.00,4.57,2.07,0.69,2.98
2026-04-22,33.93,33.79,34.46,33.60,55289,189787737.00,2.53,-0.50,-0.17,2.56
2026-04-23,33.86,33.02,34.40,32.81,49876,167625701.00,4.71,-2.28,-0.77,2.31
2026-04-24,33.03,33.29,33.93,32.79,42103,142228162.00,3.45,0.82,0.27,1.95
2026-04-27,33.40,33.39,33.60,32.40,69248,232042994.00,3.60,0.30,0.10,3.21
2026-04-28,33.55,32.48,33.55,32.18,59595,197129916.00,4.10,-2.73,-0.91,2.76
2026-04-29,32.59,33.87,34.12,32.59,75836,258377530.00,4.71,4.28,1.39,3.52
2026-04-30,33.70,33.88,34.59,33.60,56816,195391700.00,2.92,0.03,0.01,2.63
2026-05-06,34.40,34.85,35.10,33.86,78272,273005266.00,3.66,2.86,0.97,3.63
2026-05-07,34.95,35.38,35.56,34.31,63326,224517940.00,3.59,1.52,0.53,2.94
2026-05-08,35.44,36.03,37.70,35.24,97829,358755888.00,6.95,1.84,0.65,4.54
2026-05-11,36.10,37.37,37.79,36.10,69420,259391672.00,4.69,3.72,1.34,3.22
2026-05-12,37.38,36.89,37.90,36.33,61327,228205328.00,4.20,-1.28,-0.48,2.84
2026-05-13,36.85,37.62,37.90,36.28,79479,300094819.00,4.39,1.98,0.73,3.68
2026-05-14,37.61,38.03,39.56,37.60,125312,488506501.00,5.21,1.09,0.41,5.81
2026-05-15,38.63,36.08,38.80,36.00,123582,460082852.00,7.36,-5.13,-1.95,5.73
2026-05-18,36.25,39.09,39.73,34.94,221753,850864334.00,13.28,8.34,3.01,10.28
2026-05-19,39.10,39.20,39.51,38.15,113699,445577379.00,3.48,0.28,0.11,5.27
2026-05-20,39.19,38.34,40.75,37.95,145361,573405214.00,7.14,-2.19,-0.86,6.74
2026-05-21,38.52,37.92,40.45,37.80,149941,595190270.00,6.91,-1.10,-0.42,6.95
2026-05-22,38.60,41.75,41.75,38.00,168901,692640746.00,9.89,10.10,3.83,7.83
2026-05-25,42.60,41.67,43.58,41.20,132560,561356511.00,5.70,-0.19,-0.08,6.15
2026-05-26,41.43,40.60,42.08,40.00,106176,436371749.00,4.99,-2.57,-1.07,4.92
2026-05-27,40.67,39.70,42.20,39.42,115798,473182190.00,6.85,-2.22,-0.90,5.37
2026-05-28,39.58,39.83,40.54,38.45,88555,352999216.00,5.26,0.33,0.13,4.11
2026-05-29,39.69,37.56,39.70,36.99,104569,401773701.00,6.80,-5.70,-2.27,4.85
2026-06-01,38.00,36.50,38.50,36.40,78531,295322362.00,5.59,-2.82,-1.06,3.64
2026-06-02,36.62,36.36,36.95,35.15,68502,250301852.00,4.93,-0.38,-0.14,3.18
2026-06-03,36.60,36.74,37.70,35.60,70711,262910998.00,5.78,1.05,0.38,3.28
2026-06-04,36.05,36.73,37.01,35.43,69141,253219263.00,4.30,-0.03,-0.01,3.21
2026-06-05,36.61,36.93,37.65,35.86,79579,297663522.00,4.87,0.54,0.20,3.69
2026-06-08,35.98,37.32,38.28,35.75,97638,366312497.00,6.85,1.06,0.39,4.53
2026-06-09,37.46,37.38,38.08,36.38,92497,345796656.00,4.56,0.16,0.06,4.29
2026-06-10,37.32,38.99,39.52,37.00,133529,518578003.00,6.74,4.31,1.61,6.19
2026-06-11,38.45,39.40,39.85,37.70,136285,535830173.00,5.51,1.05,0.41,6.32
2026-06-12,39.68,38.64,40.55,38.50,108643,431760328.00,5.20,-1.93,-0.76,5.04
2026-06-15,38.48,38.96,39.30,38.31,88509,346476448.00,2.56,0.83,0.32,4.10
2026-06-16,39.40,39.11,39.76,38.43,91347,362129149.00,3.41,0.39,0.15,4.24
2026-06-17,38.84,39.60,41.23,38.63,105627,428896202.00,6.65,1.25,0.49,4.90
2026-06-18,39.33,39.10,40.36,38.88,83734,330068118.00,3.74,-1.26,-0.50,3.88
2026-06-22,39.39,41.08,41.08,37.87,144860,576908700.00,8.21,5.06,1.98,6.72
2026-06-23,41.40,39.76,41.69,39.40,90395,362994027.00,5.57,-3.21,-1.32,4.19
2026-06-24,39.76,40.74,41.59,38.31,119310,475319131.00,8.25,2.46,0.98,5.53
2026-06-25,41.20,37.75,41.20,37.71,135991,526919656.00,8.57,-7.34,-2.99,6.31
2026-06-26,37.75,38.65,40.50,37.57,117955,463398337.00,7.76,2.38,0.90,5.47
2026-06-29,38.58,34.79,38.62,34.79,130001,466412347.00,9.91,-9.99,-3.86,6.03
2026-06-30,34.20,33.49,34.70,33.10,124157,417963720.00,4.60,-3.74,-1.30,5.76
2026-07-01,34.20,36.50,36.84,33.00,158990,563435933.00,11.47,8.99,3.01,7.37
2026-07-02,35.69,37.70,39.26,35.10,147190,559944203.00,11.40,3.29,1.20,6.82
2026-07-03,37.24,37.19,38.27,36.61,79785,298789933.00,4.40,-1.35,-0.51,3.70
2026-07-06,37.01,36.09,37.88,35.88,66603,244277292.00,5.38,-2.96,-1.10,3.09
2026-07-07,35.72,33.89,36.30,33.76,67632,233166248.00,7.04,-6.10,-2.20,3.14
2026-07-08,34.04,31.19,34.49,31.10,83722,269276086.00,10.00,-7.97,-2.70,3.88
2026-07-09,31.25,32.96,32.99,30.20,108219,343931358.00,8.95,5.67,1.77,5.02
2026-07-10,33.77,31.66,34.48,31.61,85492,280584275.00,8.71,-3.94,-1.30,3.96
2026-07-13,31.36,30.04,31.92,30.01,61222,188328350.00,6.03,-5.12,-1.62,2.84
2026-07-14,30.09,30.05,30.69,29.30,62304,186167198.00,4.63,0.03,0.01,2.89
2026-07-15,30.04,29.79,30.69,29.36,45592,136210891.00,4.43,-0.87,-0.26,2.11
2026-07-16,29.50,28.63,30.04,28.37,58090,168792301.00,5.61,-3.89,-1.16,2.69
2026-07-17,28.90,27.03,29.37,26.98,77113,216232438.00,8.35,-5.59,-1.60,3.58
2026-07-20,27.69,25.88,27.94,25.06,99374,260432845.00,10.65,-4.25,-1.15,4.61
2026-07-21,25.90,26.90,27.05,23.99,92271,236793605.00,11.82,3.94,1.02,4.28
2026-07-22,26.92,26.68,27.55,26.20,57135,153343309.00,5.02,-0.82,-0.22,2.65
2026-07-23,26.30,27.20,27.47,26.30,38044,103109885.00,4.39,1.95,0.52,1.76
2026-07-24,27.16,26.24,27.17,26.00,38089,100510774.00,4.30,-3.53,-0.96,1.77
2026-07-27,26.16,27.95,28.18,26.16,66215,182502260.00,7.70,6.52,1.71,3.07
2026-07-28,27.96,26.91,28.46,26.81,63674,173963873.00,5.90,-3.72,-1.04,2.95
2026-07-29,26.92,27.00,27.00,25.76,77971,205475728.00,4.61,0.33,0.09,3.62
2026-07-30,26.80,26.23,27.31,26.02,50395,133952542.00,4.78,-2.85,-0.77,2.34
2026-07-31,27.60,27.18,27.99,26.80,70515,194247803.00,4.54,3.62,0.95,3.27
2026-08-03,27.19,27.51,27.56,26.86,42943,117260822.00,2.58,1.21,0.33,1.99
2026-08-04,27.78,27.79,28.06,27.47,49807,138548935.00,2.14,1.02,0.28,2.31
2026-08-05,27.89,28.26,28.68,27.66,49834,140858852.00,3.67,1.69,0.47,2.31