2026-01-05,12.24,12.98,12.98,11.75,2391842,2992187264.00,9.87,4.17,0.52,21.98
2026-01-06,12.57,13.52,13.52,12.45,2627887,3394947545.00,8.24,4.16,0.54,24.15
2026-01-07,12.82,13.10,13.29,12.76,2054455,2678322125.00,3.92,-3.11,-0.42,18.88
2026-01-08,13.09,13.78,13.88,13.00,2273458,3071615314.00,6.72,5.19,0.68,20.90
2026-01-09,13.52,13.50,13.92,13.09,2209425,3002481050.00,6.02,-2.03,-0.28,20.31
2026-01-12,13.41,14.63,14.63,13.41,2735516,3847742640.00,9.04,8.37,1.13,25.14
2026-01-13,13.82,13.17,13.89,13.17,940403,1252993121.00,4.92,-9.98,-1.46,8.36
2026-01-14,11.85,11.85,12.48,11.85,2148117,2583867679.00,4.78,-10.02,-1.32,19.10
2026-01-15,11.19,10.66,11.35,10.66,750353,807807488.00,5.82,-10.04,-1.19,6.67
2026-01-16,10.04,9.90,10.57,9.60,2097831,2101267786.00,9.10,-7.13,-0.76,18.66
2026-01-19,9.77,9.92,10.18,9.76,1195922,1196831735.00,4.24,0.20,0.02,10.64
2026-01-20,9.94,9.26,10.09,9.00,1499326,1407947802.00,10.99,-6.65,-0.66,13.13
2026-01-21,9.25,9.22,9.38,9.14,806368,748925022.00,2.59,-0.43,-0.04,7.06
2026-01-22,9.43,10.14,10.14,9.35,1562790,1536124465.00,8.57,9.98,0.92,13.68
2026-01-23,10.29,10.69,10.99,10.28,2182744,2328601746.00,7.00,5.42,0.55,19.11
2026-01-26,10.69,10.05,10.70,9.71,1359566,1380416007.00,9.26,-5.99,-0.64,11.90
2026-01-27,10.07,10.69,11.06,10.07,2091115,2267087373.00,9.85,6.37,0.64,18.31
2026-01-28,10.48,11.76,11.76,10.48,2250359,2507344972.00,11.97,10.01,1.07,19.70
2026-01-29,11.76,11.89,12.34,11.00,2576825,3028353959.00,11.39,1.11,0.13,22.56
2026-01-30,11.49,11.31,11.95,11.29,1582222,1829738151.00,5.55,-4.88,-0.58,13.85
2026-02-02,11.67,11.80,12.29,11.55,1956950,2335866978.00,6.54,4.33,0.49,17.13
2026-02-03,12.25,12.81,12.98,11.90,2538223,3204823603.00,9.15,8.56,1.01,22.22
2026-02-04,12.69,12.39,13.11,12.19,2142366,2697512335.00,7.18,-3.28,-0.42,18.75
2026-02-05,11.95,11.79,12.42,11.24,1612331,1915131261.00,9.52,-4.84,-0.60,14.11
2026-02-06,11.59,11.83,12.25,11.59,1356223,1619289092.00,5.60,0.34,0.04,11.87
2026-02-09,12.24,11.76,12.28,11.59,1419522,1681268335.00,5.83,-0.59,-0.07,12.43
2026-02-10,11.67,10.99,11.71,10.87,1423814,1582336374.00,7.14,-6.55,-0.77,12.46
2026-02-11,10.99,12.09,12.09,10.99,1727992,2057225986.00,10.01,10.01,1.10,15.13
2026-02-12,11.71,11.21,11.73,11.13,1852048,2100540585.00,4.96,-7.28,-0.88,16.21
2026-02-13,11.10,10.75,11.30,10.72,1098431,1206428528.00,5.17,-4.10,-0.46,9.62
2026-02-24,10.97,11.83,11.83,10.97,2372006,2773183381.00,8.00,10.05,1.08,20.76
2026-02-25,12.04,13.01,13.01,11.77,1652806,2058024170.00,10.48,9.97,1.18,14.47
2026-02-26,13.09,13.22,13.49,12.79,2888196,3816877251.00,5.38,1.61,0.21,25.28
2026-02-27,12.74,13.09,13.60,12.74,2340178,3081485792.00,6.51,-0.98,-0.13,20.49
2026-03-02,12.99,12.77,13.27,12.50,2007286,2592794807.00,5.88,-2.44,-0.32,17.57
2026-03-03,12.90,11.49,12.94,11.49,1659857,1981132974.00,11.35,-10.02,-1.28,14.53
2026-03-04,11.19,11.49,11.93,11.13,1101466,1282001343.00,6.96,0.00,0.00,9.64
2026-03-05,11.84,11.65,11.86,11.44,980439,1142800270.00,3.66,1.39,0.16,8.58
2026-03-06,11.49,11.75,12.04,11.38,1150948,1352901918.00,5.67,0.86,0.10,10.08
2026-03-09,11.29,11.45,11.47,11.00,940554,1058579647.00,4.00,-2.55,-0.30,8.23
2026-03-10,11.64,12.34,12.60,11.51,2460664,3049499157.00,9.52,7.77,0.89,21.54
2026-03-11,12.38,12.44,12.65,12.21,1943991,2419212818.00,3.57,0.81,0.10,17.02
2026-03-12,12.14,12.47,12.87,12.12,1799252,2258396870.00,6.03,0.24,0.03,15.75
2026-03-13,12.22,11.60,12.35,11.51,1463247,1733624145.00,6.74,-6.98,-0.87,12.81
2026-03-16,11.49,11.52,11.93,11.23,1015984,1168976988.00,6.03,-0.69,-0.08,8.89
2026-03-17,11.69,10.69,11.69,10.67,1215819,1340348900.00,8.85,-7.20,-0.83,10.64
2026-03-18,11.59,11.76,11.76,10.82,2078294,2414004074.00,8.79,10.01,1.07,18.19
2026-03-19,11.76,11.99,12.28,11.37,2510486,2972751852.00,7.74,1.96,0.23,21.98
2026-03-20,11.89,11.21,12.09,11.17,1357551,1568309341.00,7.67,-6.51,-0.78,11.88
2026-03-23,10.77,10.69,11.34,10.52,1042238,1135203839.00,7.31,-4.64,-0.52,9.12
2026-03-24,10.99,11.10,11.48,10.70,1298219,1436851245.00,7.30,3.84,0.41,11.36
2026-03-25,12.18,12.21,12.21,11.94,1082478,1320515173.00,2.43,10.00,1.11,9.48
2026-03-26,13.43,13.43,13.43,12.84,4225054,5615861364.00,4.83,9.99,1.22,36.99
2026-03-27,12.89,13.17,13.32,12.35,3326632,4310774882.00,7.22,-1.94,-0.26,29.12
2026-03-30,13.12,14.49,14.49,12.75,3638551,5063543639.00,13.21,10.02,1.32,31.85
2026-03-31,14.49,15.48,15.94,14.21,4581188,7071430618.00,11.94,6.83,0.99,40.10
2026-04-01,15.48,14.86,15.92,14.50,3168060,4756400204.00,9.17,-4.01,-0.62,27.73
2026-04-02,15.14,14.09,15.31,14.02,2969643,4314743356.00,8.68,-5.18,-0.77,26.00
2026-04-03,14.42,13.99,14.96,13.60,2963242,4234365276.00,9.65,-0.71,-0.10,25.94
2026-04-07,13.79,13.76,14.17,13.16,2666046,3645179379.00,7.22,-1.64,-0.23,23.34
2026-04-08,14.00,14.25,14.63,14.00,2712545,3879086040.00,4.58,3.56,0.49,23.75
2026-04-09,13.76,13.60,14.10,13.52,2032427,2793191924.00,4.07,-4.56,-0.65,17.79
2026-04-10,13.60,13.30,13.98,13.27,1723329,2339198950.00,5.22,-2.21,-0.30,15.09
2026-04-13,13.15,13.71,13.97,13.09,1656547,2262203240.00,6.62,3.08,0.41,14.50
2026-04-14,13.84,14.19,14.28,13.46,2369168,3304180852.00,5.98,3.50,0.48,20.74
2026-04-15,14.31,14.31,14.85,14.05,2692206,3913041402.00,5.64,0.85,0.12,23.57
2026-04-16,14.30,15.02,15.69,14.17,2869165,4287355282.00,10.62,4.96,0.71,25.12
2026-04-17,14.69,14.76,14.93,14.24,2129953,3109874045.00,4.59,-1.73,-0.26,18.65
2026-04-20,14.88,15.56,15.94,14.79,2543360,3922424192.00,7.79,5.42,0.80,22.26
2026-04-21,15.56,16.25,16.33,15.05,2816672,4449613958.00,8.23,4.43,0.69,24.66
2026-04-22,15.45,15.81,16.64,15.31,2336828,3717383553.00,8.18,-2.71,-0.44,20.46
2026-04-23,15.04,15.14,15.94,14.79,2193242,3343182687.00,7.27,-4.24,-0.67,19.20
2026-04-24,15.14,14.17,15.96,13.99,2046428,3049977262.00,13.01,-6.41,-0.97,17.91
2026-04-27,13.87,14.93,15.26,13.87,1894745,2802748397.00,9.81,5.36,0.76,16.59
2026-04-28,14.64,15.25,15.94,14.19,2492496,3748841098.00,11.72,2.14,0.32,21.82
2026-04-29,14.84,15.19,15.75,14.63,1961226,2999082987.00,7.34,-0.39,-0.06,17.17
2026-04-30,15.19,15.84,16.15,14.78,2646985,4127066675.00,9.02,4.28,0.65,23.17
2026-05-06,15.99,16.72,17.43,15.99,2975058,5035012568.00,9.09,5.56,0.88,26.04
2026-05-07,16.98,17.31,17.38,16.49,2561849,4330410092.00,5.32,3.53,0.59,22.43
2026-05-08,16.99,17.89,18.74,16.78,2571445,4621896225.00,11.32,3.35,0.58,22.51
2026-05-11,18.25,17.89,18.49,17.56,2195149,3958709977.00,5.20,0.00,0.00,19.22
2026-05-12,17.94,16.86,17.98,16.65,1986380,3388591168.00,7.43,-5.76,-1.03,17.39
2026-05-13,16.99,18.06,18.55,16.55,2581528,4527320829.00,11.86,7.12,1.20,22.60
2026-05-14,18.02,16.56,18.37,16.49,2019070,3488114976.00,10.41,-8.31,-1.50,17.67
2026-05-15,16.44,16.86,17.39,16.08,1541684,2590794875.00,7.91,1.81,0.30,13.50
2026-05-18,17.20,18.55,18.55,16.84,2148480,3902981353.00,10.14,10.02,1.69,18.81
2026-05-19,19.09,17.98,19.98,17.55,3055659,5675990129.00,13.10,-3.07,-0.57,26.75
2026-05-20,17.90,17.59,17.96,16.91,1714380,2981736798.00,5.84,-2.17,-0.39,15.01
2026-05-21,17.79,18.12,18.15,16.88,2111880,3732813189.00,7.22,3.01,0.53,18.49
2026-05-22,17.74,19.28,19.29,17.41,2378187,4402484583.00,10.38,6.40,1.16,20.82
2026-05-25,19.29,19.26,20.76,18.79,2694352,5287629832.00,10.22,-0.10,-0.02,23.59
2026-05-26,18.79,20.07,20.48,18.39,2579356,5022473836.00,10.85,4.21,0.81,22.58
2026-05-27,19.79,21.38,21.99,19.38,2771988,5657347438.00,13.00,6.53,1.31,24.27
2026-05-28,20.89,23.52,23.52,20.77,2523393,5627996768.00,12.86,10.01,2.14,22.09
2026-05-29,21.17,21.17,21.99,21.17,921257,1962304818.00,3.49,-9.99,-2.35,8.06
2026-06-01,19.05,19.05,19.05,19.05,81028,154439368.00,0.00,-10.01,-2.12,0.71
2026-06-02,17.14,17.14,18.13,17.14,2883838,4986927720.00,5.20,-10.03,-1.91,25.24
2026-06-03,16.44,16.90,17.85,16.39,2894787,4966275126.00,8.52,-1.40,-0.24,25.34
2026-06-04,16.54,15.56,16.79,15.46,2499330,3971437696.00,7.87,-7.93,-1.34,21.88
2026-06-05,15.87,16.48,16.59,14.84,2786850,4397354159.00,11.25,5.91,0.92,24.40
2026-06-08,15.50,15.14,16.15,14.83,2094574,3256066621.00,8.01,-8.13,-1.34,18.34
2026-06-09,15.00,14.48,15.14,14.04,1914876,2766831602.00,7.27,-4.36,-0.66,16.76
2026-06-10,14.42,13.74,14.63,13.60,1588506,2213786704.00,7.11,-5.11,-0.74,13.91
2026-06-11,13.70,13.86,14.35,13.27,1655612,2295560817.00,7.86,0.87,0.12,14.49
2026-06-12,14.01,13.51,14.44,13.42,1651897,2306727955.00,7.36,-2.53,-0.35,14.46
2026-06-15,13.57,13.95,14.02,13.16,1420778,1952086037.00,6.37,3.26,0.44,12.44
2026-06-16,14.30,14.34,14.97,14.18,1884001,2737314144.00,5.66,2.80,0.39,16.49
2026-06-17,14.34,15.77,15.77,14.27,1620335,2490928451.00,10.46,9.97,1.43,14.18
2026-06-18,16.00,14.97,16.00,14.70,2191187,3286870967.00,8.24,-5.07,-0.80,19.18
2026-06-22,14.80,13.94,14.95,13.68,1913801,2706016597.00,8.48,-6.88,-1.03,16.75
2026-06-23,13.87,12.87,13.92,12.86,1570443,2079394170.00,7.60,-7.68,-1.07,13.75
2026-06-24,12.90,12.72,13.01,12.35,1200726,1519186026.00,5.13,-1.17,-0.15,10.51
2026-06-25,12.70,12.26,12.72,12.11,1217590,1499276855.00,4.80,-3.62,-0.46,10.66
2026-06-26,12.30,12.08,12.58,11.97,1253760,1535987673.00,4.98,-1.47,-0.18,10.98
2026-06-29,11.99,11.87,12.29,11.66,960161,1142707134.00,5.22,-1.74,-0.21,8.41
2026-06-30,12.00,12.28,12.45,11.67,1041685,1268127851.00,6.57,3.45,0.41,9.12
2026-07-01,12.30,12.44,12.63,12.18,977371,1212388060.00,3.66,1.30,0.16,8.56
2026-07-02,12.12,11.66,12.39,11.64,1035046,1242270899.00,6.03,-6.27,-0.78,9.06
2026-07-03,12.10,12.30,12.83,12.00,2064453,2569200289.00,7.12,5.49,0.64,18.07
2026-07-06,11.88,11.07,12.30,11.07,1426839,1644403354.00,10.00,-10.00,-1.23,12.49
2026-07-07,10.78,10.45,11.05,10.36,1161345,1233175733.00,6.23,-5.60,-0.62,10.17
2026-07-08,10.45,9.94,10.53,9.93,831601,845495885.00,5.74,-4.88,-0.51,7.28
2026-07-09,10.07,10.28,10.29,9.62,857550,859329770.00,6.74,3.42,0.34,7.51
2026-07-10,10.25,10.61,11.29,10.15,1490343,1605286698.00,11.09,3.21,0.33,13.05
2026-07-13,10.49,9.55,10.49,9.55,900581,878167589.00,8.86,-9.99,-1.06,7.88
2026-07-14,9.28,9.55,9.57,8.90,1031425,952517087.00,7.02,0.00,0.00,9.03
2026-07-15,9.63,9.33,9.74,9.28,672193,638548479.00,4.82,-2.30,-0.22,5.88
2026-07-16,9.17,8.93,9.40,8.87,622619,566993363.00,5.68,-4.29,-0.40,5.45
2026-07-17,8.92,8.26,8.92,8.09,768742,651320534.00,9.29,-7.50,-0.67,6.73
2026-07-20,8.40,7.62,8.40,7.47,869141,687574999.00,11.26,-7.75,-0.64,7.61
2026-07-21,7.75,8.05,8.07,6.86,1073284,808616610.00,15.88,5.64,0.43,9.40
2026-07-22,7.96,7.93,8.25,7.86,727313,585530665.00,4.84,-1.49,-0.12,6.37
2026-07-23,7.91,8.25,8.36,7.90,771092,632120953.00,5.80,4.04,0.32,6.75
2026-07-24,8.08,7.94,8.29,7.91,535241,431163354.00,4.61,-3.76,-0.31,4.69
2026-07-27,7.90,8.31,8.32,7.89,695701,570130835.00,5.42,4.66,0.37,6.09