2026-01-05,68.00,71.24,71.59,67.93,147622,1464243717.00,5.39,4.95,3.36,5.64
2026-01-06,71.55,70.85,71.79,69.96,102055,1016221836.00,2.57,-0.55,-0.39,3.90
2026-01-07,70.44,70.54,71.62,69.87,84063,835541001.00,2.47,-0.44,-0.31,3.21
2026-01-08,70.78,70.98,72.19,69.88,88196,877059967.00,3.27,0.62,0.44,3.37
2026-01-09,70.66,72.39,73.50,70.13,119482,1213074739.00,4.75,1.99,1.41,4.57
2026-01-12,73.81,75.84,76.19,72.44,148041,1549821046.00,5.18,4.77,3.45,5.66
2026-01-13,75.44,72.45,75.47,71.73,129776,1331902467.00,4.93,-4.47,-3.39,4.96
2026-01-14,72.45,72.81,75.26,71.71,140694,1454859851.00,4.90,0.50,0.36,5.38
2026-01-15,71.80,72.57,72.89,71.42,71730,728174441.00,2.02,-0.33,-0.24,2.74
2026-01-16,72.59,72.00,72.99,71.23,90508,914273126.00,2.43,-0.79,-0.57,3.46
2026-01-19,71.51,70.39,71.87,70.22,87279,866941096.00,2.29,-2.24,-1.61,3.34
2026-01-20,70.67,69.99,71.09,68.80,71414,699934312.00,3.25,-0.57,-0.40,2.73
2026-01-21,69.59,71.15,71.30,68.93,82636,817650400.00,3.39,1.66,1.16,3.16
2026-01-22,71.09,68.58,71.51,68.30,121881,1189967130.00,4.51,-3.61,-2.57,4.66
2026-01-23,68.94,70.98,71.31,68.69,113863,1120448310.00,3.82,3.50,2.40,4.35
2026-01-26,70.86,67.94,70.98,67.69,97548,941778878.00,4.64,-4.28,-3.04,3.73
2026-01-27,67.68,68.75,69.01,66.68,64957,620714713.00,3.43,1.19,0.81,2.48
2026-01-28,68.73,68.01,69.30,67.49,57986,555327064.00,2.63,-1.08,-0.74,2.22
2026-01-29,67.36,65.96,68.43,65.87,75580,712656523.00,3.76,-3.01,-2.05,2.89
2026-01-30,65.74,65.64,66.56,64.37,62647,577768822.00,3.32,-0.49,-0.32,2.39
2026-02-02,62.59,62.44,64.26,61.88,99277,880860989.00,3.63,-4.88,-3.20,3.79
2026-02-03,63.31,63.13,63.31,61.14,84242,739678667.00,3.48,1.11,0.69,3.22
2026-02-04,62.66,62.61,63.06,61.75,52522,459788866.00,2.08,-0.82,-0.52,2.01
2026-02-05,62.16,61.98,62.59,61.77,38439,335656585.00,1.31,-1.01,-0.63,1.47
2026-02-06,61.44,61.29,62.15,60.70,44454,385068051.00,2.34,-1.11,-0.69,1.70
2026-02-09,60.02,60.95,61.14,59.01,96681,818382654.00,3.48,-0.55,-0.34,3.69
2026-02-10,60.82,60.73,61.57,60.49,50425,432397634.00,1.77,-0.36,-0.22,1.93
2026-02-11,62.16,61.41,62.86,61.34,87436,764714823.00,2.50,1.12,0.68,3.34
2026-02-12,61.51,61.24,61.66,60.45,65753,565189367.00,1.97,-0.28,-0.17,2.51
2026-02-13,61.24,60.76,61.64,60.71,53945,464162000.00,1.52,-0.78,-0.48,2.06
2026-02-24,61.35,60.20,61.37,59.86,52321,444306204.00,2.49,-0.92,-0.56,2.00
2026-02-25,60.44,60.38,60.65,59.90,54307,460455891.00,1.25,0.30,0.18,2.08
2026-02-26,60.38,61.84,61.84,59.94,81852,703278029.00,3.15,2.42,1.46,3.13
2026-02-27,61.44,61.45,62.17,60.49,61368,528636732.00,2.72,-0.63,-0.39,2.35
2026-03-02,60.43,59.51,60.64,59.16,86810,730255685.00,2.41,-3.16,-1.94,3.32
2026-03-03,59.51,56.61,60.23,56.57,88146,717878826.00,6.15,-4.87,-2.90,3.37
2026-03-04,56.16,55.98,57.76,55.80,56628,451149905.00,3.46,-1.11,-0.63,2.16
2026-03-05,56.87,56.32,57.23,56.09,49521,394195041.00,2.04,0.61,0.34,1.89
2026-03-06,56.17,58.16,58.86,56.06,63611,514585390.00,4.97,3.27,1.84,2.43
2026-03-09,56.99,57.51,57.97,55.30,66965,529930892.00,4.59,-1.12,-0.65,2.56
2026-03-10,58.66,58.14,58.86,57.44,58053,474211576.00,2.47,1.10,0.63,2.22
2026-03-11,58.09,57.51,58.50,57.46,46117,375750299.00,1.79,-1.08,-0.63,1.76
2026-03-12,57.29,56.32,57.59,56.16,49453,394248903.00,2.49,-2.07,-1.19,1.89
2026-03-13,56.00,56.14,56.64,55.70,41606,328625254.00,1.67,-0.32,-0.18,1.59
2026-03-16,56.01,56.44,56.46,54.56,46204,360706200.00,3.38,0.53,0.30,1.77
2026-03-17,56.66,56.07,57.57,55.94,54054,431320778.00,2.89,-0.66,-0.37,2.07
2026-03-18,56.01,55.89,56.57,54.67,55009,428426236.00,3.39,-0.32,-0.18,2.10
2026-03-19,55.07,54.59,55.36,54.43,41958,323839966.00,1.66,-2.33,-1.30,1.60
2026-03-20,54.68,54.38,55.44,54.38,44823,345780049.00,1.94,-0.38,-0.21,1.71
2026-03-23,53.06,51.81,53.59,51.30,64834,478568253.00,4.21,-4.73,-2.57,2.48
2026-03-24,52.58,52.21,52.66,50.94,50237,365378401.00,3.32,0.77,0.40,1.92
2026-03-25,52.44,53.30,53.64,52.44,47152,353040686.00,2.30,2.09,1.09,1.80
2026-03-26,53.12,51.63,53.17,51.56,36931,271787867.00,3.02,-3.13,-1.67,1.41
2026-03-27,50.94,51.76,52.30,50.92,33723,245562746.00,2.67,0.25,0.13,1.29
2026-03-30,50.87,51.59,51.79,50.48,37291,268433393.00,2.53,-0.33,-0.17,1.43
2026-03-31,51.59,52.73,54.01,51.28,70379,523283520.00,5.29,2.21,1.14,2.69
2026-04-01,54.01,53.11,54.01,52.66,53909,403384658.00,2.56,0.72,0.38,2.06
2026-04-02,52.73,51.39,52.94,51.10,47448,345841596.00,3.46,-3.24,-1.72,1.81
2026-04-03,51.39,52.22,53.16,51.16,52021,382978598.00,3.89,1.62,0.83,1.99
2026-04-07,52.23,51.57,52.98,51.09,42346,308763460.00,3.62,-1.24,-0.65,1.62
2026-04-08,52.50,54.34,54.40,52.50,75371,567808856.00,3.68,5.37,2.77,2.88
2026-04-09,53.80,53.92,54.21,53.11,43928,332481679.00,2.02,-0.77,-0.42,1.68
2026-04-10,54.40,54.89,55.76,54.39,62441,485207916.00,2.54,1.80,0.97,2.39
2026-04-13,54.05,54.09,54.89,53.95,45105,344880545.00,1.71,-1.46,-0.80,1.72
2026-04-14,54.66,55.41,55.71,54.64,61288,475726758.00,1.98,2.44,1.32,2.34
2026-04-15,55.64,54.54,56.07,54.19,50452,390460783.00,3.39,-1.57,-0.87,1.93
2026-04-16,54.59,55.24,55.42,54.23,46074,356588029.00,2.18,1.28,0.70,1.76
2026-04-17,55.11,54.73,55.11,54.40,44175,340333714.00,1.29,-0.92,-0.51,1.69
2026-04-20,54.76,56.16,56.49,54.66,79633,625457413.00,3.34,2.61,1.43,3.04
2026-04-21,56.20,55.76,56.41,54.81,50748,395157616.00,2.85,-0.71,-0.40,1.94
2026-04-22,55.44,57.96,58.51,55.30,96886,784766166.00,5.76,3.95,2.20,3.70
2026-04-23,57.61,60.46,61.02,57.59,144534,1216672608.00,5.92,4.31,2.50,5.52
2026-04-24,56.59,54.39,56.59,54.39,183917,1417954343.00,3.64,-10.04,-6.07,7.03
2026-04-27,53.66,52.61,53.94,52.09,109647,816144151.00,3.40,-3.27,-1.78,4.19
2026-04-28,52.44,52.71,53.29,52.16,60196,445907851.00,2.15,0.19,0.10,2.30
2026-04-29,52.79,52.14,52.85,51.81,62199,456570237.00,1.97,-1.08,-0.57,2.38
2026-04-30,51.91,51.37,52.12,51.05,59753,432558364.00,2.05,-1.48,-0.77,2.28
2026-05-06,51.16,52.01,52.79,51.16,70981,523063543.00,3.17,1.25,0.64,2.71
2026-05-07,52.44,52.86,52.90,51.86,53904,397528856.00,2.00,1.63,0.85,2.06
2026-05-08,52.59,53.81,53.99,52.30,64725,485558673.00,3.20,1.80,0.95,2.47
2026-05-11,54.29,53.41,54.41,53.19,66443,500664005.00,2.27,-0.74,-0.40,2.54
2026-05-12,53.29,52.50,53.66,52.16,56247,417622961.00,2.81,-1.70,-0.91,2.15
2026-05-13,51.87,53.85,54.11,51.69,77326,577202017.00,4.61,2.57,1.35,2.96
2026-05-14,53.85,52.23,54.21,52.09,62031,460380746.00,3.94,-3.01,-1.62,2.37
2026-05-15,52.31,51.94,53.29,51.59,62243,457384592.00,3.25,-0.56,-0.29,2.38
2026-05-18,51.80,53.09,53.83,50.84,68683,508181886.00,5.76,2.21,1.15,2.62
2026-05-19,53.73,53.97,54.12,52.39,58895,441669524.00,3.26,1.66,0.88,2.25
2026-05-20,53.41,52.59,53.91,52.31,59550,443341046.00,2.96,-2.56,-1.38,2.28
2026-05-21,52.92,52.95,55.51,52.91,126468,963140655.00,4.94,0.68,0.36,4.83
2026-05-22,53.30,53.27,54.44,52.59,73745,555000391.00,3.49,0.60,0.32,2.82
2026-05-25,52.86,54.59,55.28,52.81,78590,600102003.00,4.64,2.48,1.32,3.00
2026-05-26,54.59,54.94,55.04,52.62,81931,619362456.00,4.43,0.64,0.35,3.13
2026-05-27,54.59,56.01,56.47,54.26,126688,992757631.00,4.02,1.95,1.07,4.84
2026-05-28,55.68,55.28,56.14,54.49,84905,659162936.00,2.95,-1.30,-0.73,3.24
2026-05-29,55.16,53.37,55.31,52.99,72449,548810330.00,4.20,-3.46,-1.91,2.77
2026-06-01,52.47,53.40,54.45,52.31,68839,369154938.00,4.01,0.06,0.03,1.88
2026-06-02,53.18,52.49,53.80,51.30,81161,424456249.00,4.68,-1.70,-0.91,2.22
2026-06-03,52.42,57.74,57.74,52.42,207758,1186304358.00,10.14,10.00,5.25,5.67
2026-06-04,57.75,56.27,58.25,56.01,232326,1327818566.00,3.88,-2.55,-1.47,6.34
2026-06-05,57.28,57.33,59.03,55.58,198078,1143453847.00,6.13,1.88,1.06,5.41
2026-06-08,55.88,58.30,59.50,55.69,191747,1113896797.00,6.65,1.69,0.97,5.23
2026-06-09,58.90,58.15,58.95,56.71,161934,935340612.00,3.84,-0.26,-0.15,4.42
2026-06-10,57.15,55.82,57.52,55.31,125805,705868963.00,3.80,-4.01,-2.33,3.43
2026-06-11,54.71,56.15,56.50,53.42,100445,556828184.00,5.52,0.59,0.33,2.74
2026-06-12,56.36,55.50,56.74,55.05,102551,572935964.00,3.01,-1.16,-0.65,2.80
2026-06-15,55.03,56.63,56.85,54.42,118693,662596039.00,4.38,2.04,1.13,3.24
2026-06-16,56.39,57.35,57.50,55.39,120560,681569803.00,3.73,1.27,0.72,3.29
2026-06-17,56.56,55.08,56.58,55.00,119249,664053102.00,2.76,-3.96,-2.27,3.26
2026-06-18,54.50,52.81,55.00,52.70,145015,772217683.00,4.18,-4.12,-2.27,3.96
2026-06-22,52.70,51.15,52.99,50.66,131641,675157698.00,4.41,-3.14,-1.66,3.59
2026-06-23,50.71,48.89,51.34,48.66,126313,629567797.00,5.24,-4.42,-2.26,3.45
2026-06-24,48.70,49.27,49.98,48.00,70589,346373512.00,4.05,0.78,0.38,1.75
2026-06-25,48.98,49.55,49.85,47.03,120636,584178696.00,5.72,0.57,0.28,2.99
2026-06-26,49.01,46.58,49.15,46.54,99817,477101908.00,5.27,-5.99,-2.97,2.48
2026-06-29,46.02,46.52,47.51,45.37,76826,358875617.00,4.59,-0.13,-0.06,1.91
2026-06-30,46.53,51.17,51.17,46.53,95809,480803560.00,9.97,10.00,4.65,2.38
2026-07-01,52.00,53.08,54.70,51.50,174271,930940186.00,6.25,3.73,1.91,4.32
2026-07-02,53.08,50.92,53.10,50.70,99563,514850669.00,4.52,-4.07,-2.16,2.47
2026-07-03,50.92,51.80,53.00,50.92,73974,384098668.00,4.08,1.73,0.88,1.84
2026-07-06,52.04,49.86,52.10,49.50,74640,375566362.00,5.02,-3.75,-1.94,1.85
2026-07-07,49.73,50.55,52.45,48.97,85740,435183077.00,6.98,1.38,0.69,2.13
2026-07-08,50.55,50.12,51.15,49.14,66416,332640245.00,3.98,-0.85,-0.43,1.65
2026-07-09,49.52,49.51,50.24,48.24,82745,406466897.00,3.99,-1.22,-0.61,2.05
2026-07-10,49.51,54.46,54.46,49.16,210768,1124477235.00,10.70,10.00,4.95,5.23
2026-07-13,54.00,52.30,54.08,52.03,184111,979100716.00,3.76,-3.97,-2.16,4.57
2026-07-14,52.24,50.45,52.74,48.64,146293,731497474.00,7.84,-3.54,-1.85,3.63
2026-07-15,50.45,50.73,51.83,49.30,94695,479498991.00,5.01,0.56,0.28,2.35
2026-07-16,50.74,53.18,55.20,50.72,171166,906794686.00,8.83,4.83,2.45,4.25
2026-07-17,52.00,50.16,53.59,50.00,154846,801462989.00,6.75,-5.68,-3.02,3.84
2026-07-20,50.80,48.35,51.06,47.03,139573,684865051.00,8.03,-3.61,-1.81,3.46
2026-07-21,48.35,49.75,50.16,48.30,119505,590647744.00,3.85,2.90,1.40,2.97
2026-07-22,49.02,51.45,52.43,48.50,165875,837850477.00,7.90,3.42,1.70,4.12
2026-07-23,50.94,49.39,51.85,48.88,121220,602741152.00,5.77,-4.00,-2.06,3.01
2026-07-24,48.60,48.89,50.33,47.60,94247,465529739.00,5.53,-1.01,-0.50,2.34
2026-07-27,48.80,50.18,50.47,47.80,86919,426807688.00,5.46,2.64,1.29,2.16
2026-07-28,49.09,48.92,50.18,48.50,79315,389378741.00,3.35,-2.51,-1.26,1.97
2026-07-29,48.50,50.46,50.97,48.50,123637,621486597.00,5.05,3.15,1.54,3.07
2026-07-30,49.50,45.41,49.99,45.41,197706,929679587.00,9.08,-10.01,-5.05,4.91
2026-07-31,45.50,45.28,47.03,45.28,127473,588955107.00,3.85,-0.29,-0.13,3.16
2026-08-03,45.05,45.89,46.80,45.05,86928,401702599.00,3.86,1.35,0.61,2.16
2026-08-04,46.00,46.39,46.66,45.30,74620,344826791.00,2.96,1.09,0.50,1.85
2026-08-05,46.00,47.28,48.12,45.90,105671,499454802.00,4.79,1.92,0.89,2.62