2026-01-05,4.99,5.07,5.07,4.94,596405,309013761.00,2.64,2.84,0.14,0.89
2026-01-06,5.06,5.11,5.17,5.03,575257,303495907.00,2.76,0.79,0.04,0.86
2026-01-07,5.10,5.21,5.24,5.06,531948,284863774.00,3.52,1.96,0.10,0.79
2026-01-08,5.18,5.23,5.36,5.16,499358,271241228.00,3.84,0.38,0.02,0.75
2026-01-09,5.22,5.28,5.30,5.14,451581,244025769.00,3.06,0.96,0.05,0.67
2026-01-12,5.25,5.20,5.26,5.18,498635,268164960.00,1.52,-1.52,-0.08,0.74
2026-01-13,5.26,5.34,5.40,5.22,632081,346806424.00,3.46,2.69,0.14,0.94
2026-01-14,5.35,5.31,5.39,5.28,525142,288743952.00,2.06,-0.56,-0.03,0.78
2026-01-15,5.31,5.36,5.39,5.28,372613,205463577.00,2.07,0.94,0.05,0.56
2026-01-16,5.39,5.29,5.52,5.27,522385,290253670.00,4.66,-1.31,-0.07,0.78
2026-01-19,5.28,5.48,5.51,5.27,533020,299577374.00,4.54,3.59,0.19,0.80
2026-01-20,5.49,5.46,5.50,5.35,496500,277051879.00,2.74,-0.36,-0.02,0.74
2026-01-21,5.46,5.39,5.48,5.34,352581,196220780.00,2.56,-1.28,-0.07,0.53
2026-01-22,5.40,5.34,5.42,5.29,360503,198747947.00,2.41,-0.93,-0.05,0.54
2026-01-23,5.35,5.32,5.37,5.31,291225,160499233.00,1.12,-0.37,-0.02,0.44
2026-01-26,5.34,5.27,5.34,5.23,490110,267143326.00,2.07,-0.94,-0.05,0.73
2026-01-27,5.25,5.16,5.26,5.10,474492,252239922.00,3.04,-2.09,-0.11,0.71
2026-01-28,5.12,5.23,5.25,5.06,387256,206738752.00,3.68,1.36,0.07,0.58
2026-01-29,5.22,5.11,5.31,5.05,653627,346966642.00,4.97,-2.29,-0.12,0.98
2026-01-30,5.11,5.12,5.20,5.01,428830,226499498.00,3.72,0.20,0.01,0.64
2026-02-02,5.12,4.91,5.14,4.90,646384,334285921.00,4.69,-4.10,-0.21,0.97
2026-02-03,4.95,5.01,5.03,4.93,454793,234559823.00,2.04,2.04,0.10,0.68
2026-02-04,5.02,5.05,5.09,4.99,379116,197248620.00,2.00,0.80,0.04,0.57
2026-02-05,5.07,5.00,5.07,4.96,279540,144685691.00,2.18,-0.99,-0.05,0.42
2026-02-06,4.98,5.01,5.08,4.93,248261,128896671.00,3.00,0.20,0.01,0.37
2026-02-09,5.03,5.06,5.07,4.99,304274,158192195.00,1.60,1.00,0.05,0.45
2026-02-10,5.06,4.97,5.07,4.96,279794,144146612.00,2.17,-1.78,-0.09,0.42
2026-02-11,4.97,5.01,5.06,4.96,233935,121329300.00,2.01,0.80,0.04,0.35
2026-02-12,5.03,5.06,5.13,4.99,299365,156640499.00,2.79,1.00,0.05,0.45
2026-02-13,5.04,4.93,5.05,4.92,392977,201171876.00,2.57,-2.57,-0.13,0.59
2026-02-24,4.95,5.03,5.05,4.94,326225,169301524.00,2.23,2.03,0.10,0.49
2026-02-25,5.03,5.06,5.13,4.99,345079,181219683.00,2.78,0.60,0.03,0.52
2026-02-26,5.07,5.14,5.18,5.04,349962,185815965.00,2.77,1.58,0.08,0.52
2026-02-27,5.14,5.34,5.36,5.13,538781,293808319.00,4.47,3.89,0.20,0.80
2026-03-02,5.33,5.43,5.46,5.29,617542,343274337.00,3.18,1.69,0.09,0.92
2026-03-03,5.43,5.31,5.48,5.26,652444,360637214.00,4.05,-2.21,-0.12,0.97
2026-03-04,5.22,5.23,5.35,5.17,520388,282068172.00,3.39,-1.51,-0.08,0.78
2026-03-05,5.27,5.28,5.35,5.23,434828,237314609.00,2.29,0.96,0.05,0.65
2026-03-06,5.26,5.39,5.42,5.23,405017,224409809.00,3.60,2.08,0.11,0.60
2026-03-09,5.41,5.33,5.47,5.31,528183,292112835.00,2.97,-1.11,-0.06,0.79
2026-03-10,5.34,5.30,5.38,5.24,367035,201104608.00,2.63,-0.56,-0.03,0.55
2026-03-11,5.32,5.41,5.43,5.19,511197,280835151.00,4.53,2.08,0.11,0.76
2026-03-12,5.42,5.72,5.75,5.42,1275773,741634464.00,6.10,5.73,0.31,1.91
2026-03-13,5.78,5.49,5.79,5.48,859775,494890044.00,5.42,-4.02,-0.23,1.28
2026-03-16,5.47,5.21,5.54,5.19,699130,382002966.00,6.38,-5.10,-0.28,1.04
2026-03-17,5.18,5.15,5.28,5.14,427713,229828431.00,2.69,-1.15,-0.06,0.64
2026-03-18,5.15,5.23,5.28,5.14,457075,245998844.00,2.72,1.55,0.08,0.68
2026-03-19,5.18,5.16,5.27,5.14,360072,193427099.00,2.49,-1.34,-0.07,0.54
2026-03-20,5.14,5.25,5.34,5.14,596826,324200750.00,3.88,1.74,0.09,0.89
2026-03-23,5.15,4.93,5.19,4.90,752865,390964829.00,5.52,-6.10,-0.32,1.12
2026-03-24,4.99,5.15,5.16,4.93,520555,271097075.00,4.67,4.46,0.22,0.78
2026-03-25,5.18,5.56,5.61,5.18,1060796,596949241.00,8.35,7.96,0.41,1.58
2026-03-26,5.53,5.45,5.55,5.36,793640,445026275.00,3.42,-1.98,-0.11,1.19
2026-03-27,5.39,5.40,5.51,5.27,560288,312562284.00,4.40,-0.92,-0.05,0.84
2026-03-30,5.33,5.12,5.36,5.03,693967,367342543.00,6.11,-5.19,-0.28,1.04
2026-03-31,5.09,4.91,5.10,4.90,620097,319554665.00,3.91,-4.10,-0.21,0.93
2026-04-01,4.98,5.05,5.14,4.92,575688,299782648.00,4.48,2.85,0.14,0.86
2026-04-02,5.03,4.96,5.07,4.92,335460,172550518.00,2.97,-1.78,-0.09,0.50
2026-04-03,4.96,4.83,4.98,4.83,338853,170756622.00,3.02,-2.62,-0.13,0.51
2026-04-07,4.84,4.84,4.89,4.80,239391,119992009.00,1.86,0.21,0.01,0.36
2026-04-08,4.91,4.98,4.98,4.91,328646,168560645.00,1.45,2.89,0.14,0.49
2026-04-09,4.96,5.00,5.03,4.92,284595,147010995.00,2.21,0.40,0.02,0.43
2026-04-10,5.01,5.01,5.08,4.99,202464,105237775.00,1.80,0.20,0.01,0.30
2026-04-13,4.98,4.97,5.01,4.90,288172,147434517.00,2.20,-0.80,-0.04,0.43
2026-04-14,4.99,5.02,5.07,4.97,230587,119462512.00,2.01,1.01,0.05,0.34
2026-04-15,5.02,5.05,5.08,4.99,267582,139515775.00,1.79,0.60,0.03,0.40
2026-04-16,5.04,5.15,5.17,5.03,286236,151414106.00,2.77,1.98,0.10,0.43
2026-04-17,5.13,5.13,5.18,5.09,168315,89269170.00,1.75,-0.39,-0.02,0.25
2026-04-20,5.13,5.15,5.17,5.09,267510,141731963.00,1.56,0.39,0.02,0.40
2026-04-21,5.15,5.29,5.35,5.12,415468,225621785.00,4.47,2.72,0.14,0.62
2026-04-22,5.26,5.33,5.36,5.25,332758,182503940.00,2.08,0.76,0.04,0.50
2026-04-23,5.32,5.36,5.40,5.24,409190,224807213.00,3.00,0.56,0.03,0.61
2026-04-24,5.33,5.31,5.36,5.25,356419,195194823.00,2.05,-0.93,-0.05,0.53
2026-04-27,4.98,4.84,4.98,4.81,1122681,566320949.00,3.20,-8.85,-0.47,1.68
2026-04-28,4.81,4.69,4.86,4.61,859498,416712795.00,5.17,-3.10,-0.15,1.28
2026-04-29,4.67,4.76,4.79,4.64,512803,252419138.00,3.20,1.49,0.07,0.77
2026-04-30,4.75,4.71,4.76,4.66,403439,196022513.00,2.10,-1.05,-0.05,0.60
2026-05-06,4.70,4.83,4.85,4.69,623040,308942278.00,3.40,2.55,0.12,0.93
2026-05-07,4.83,4.93,4.94,4.83,516200,261541557.00,2.28,2.07,0.10,0.77
2026-05-08,4.93,4.96,5.18,4.90,717383,371531267.00,5.68,0.61,0.03,1.07
2026-05-11,4.97,5.01,5.06,4.94,472437,244465778.00,2.42,1.01,0.05,0.71
2026-05-12,5.01,5.09,5.18,4.98,826554,435089308.00,3.99,1.60,0.08,1.23
2026-05-13,5.28,5.62,5.62,5.24,966718,550955020.00,7.47,10.41,0.53,1.44
2026-05-14,6.20,6.20,6.20,5.93,2176977,1382157249.00,4.80,10.32,0.58,3.25
2026-05-15,6.33,6.84,6.84,5.71,4434591,2911358528.00,18.23,10.32,0.64,6.62
2026-05-18,7.06,7.54,7.54,7.06,2407024,1837976710.00,7.02,10.23,0.70,3.60
2026-05-19,7.54,8.10,8.31,6.81,5202994,4150404228.00,19.89,7.43,0.56,7.77
2026-05-20,7.85,7.27,7.92,7.27,2899538,2222054445.00,8.02,-10.25,-0.83,4.33
2026-05-21,6.86,8.01,8.01,6.68,5474999,4154739817.00,18.29,10.18,0.74,8.18
2026-05-22,7.75,8.05,8.73,7.47,5276192,4408786280.00,15.73,0.50,0.04,7.88
2026-05-25,8.21,8.87,8.87,8.21,2428734,2151900336.00,8.20,10.19,0.82,3.63
2026-05-26,9.32,9.00,9.72,8.98,5033831,4786876284.00,8.34,1.47,0.13,7.52
2026-05-27,8.88,9.53,9.70,8.81,4694663,4440949611.00,9.89,5.89,0.53,7.01
2026-05-28,9.33,9.04,9.88,8.96,4557016,4352477263.00,9.65,-5.14,-0.49,6.81
2026-05-29,8.73,9.21,9.53,8.49,4147278,3873678917.00,11.50,1.88,0.17,6.19
2026-06-01,9.16,8.27,9.21,8.27,3643176,3152132932.00,10.21,-10.21,-0.94,5.44
2026-06-02,8.22,8.32,8.58,7.76,3201300,2687015517.00,9.92,0.60,0.05,4.78
2026-06-03,8.07,9.17,9.17,7.93,3469769,3005373907.00,14.90,10.22,0.85,5.18
2026-06-04,9.33,9.19,9.79,9.16,4446579,4271121659.00,6.87,0.22,0.02,6.64
2026-06-05,9.36,8.29,9.68,8.29,3307408,2998977849.00,15.13,-9.79,-0.90,4.94
2026-06-08,7.99,8.65,8.96,7.86,3178546,2787723073.00,13.27,4.34,0.36,4.75
2026-06-09,8.44,8.96,9.01,7.98,3412168,2984142259.00,11.91,3.58,0.31,5.10
2026-06-10,8.68,8.05,8.92,8.05,2720811,2339008593.00,9.71,-10.16,-0.91,4.06
2026-06-11,7.87,7.61,8.08,7.51,2628129,2077413542.00,7.08,-5.47,-0.44,3.93
2026-06-12,7.63,7.32,7.76,7.29,2471924,1887548378.00,6.18,-3.81,-0.29,3.69
2026-06-15,7.28,8.07,8.07,7.12,2763956,2175327313.00,12.98,10.25,0.75,4.13
2026-06-16,8.16,7.99,8.61,7.97,2920013,2458608507.00,7.93,-0.99,-0.08,4.36
2026-06-17,8.09,7.85,8.16,7.64,2602209,2105993594.00,6.51,-1.75,-0.14,3.89
2026-06-18,7.73,7.42,7.84,7.33,2033813,1565232526.00,6.50,-5.48,-0.43,3.04
2026-06-22,7.41,7.32,7.51,7.23,1790992,1351031574.00,3.77,-1.35,-0.10,2.68
2026-06-23,7.18,6.96,7.24,6.87,1639284,1183835149.00,5.05,-4.92,-0.36,2.45
2026-06-24,6.84,6.90,6.99,6.71,1439899,1008828141.00,4.02,-0.86,-0.06,2.15
2026-06-25,6.86,6.74,6.96,6.69,1126210,781211560.00,3.91,-2.32,-0.16,1.68
2026-06-26,6.78,6.42,7.03,6.41,1794185,1230661871.00,9.20,-4.75,-0.32,2.68
2026-06-29,6.42,6.42,6.53,6.28,1278569,839891749.00,3.89,0.00,0.00,1.91
2026-06-30,6.34,6.28,6.36,6.13,1001697,642724301.00,3.58,-2.18,-0.14,1.50
2026-07-01,6.28,6.42,6.52,6.15,1496300,976673970.00,5.89,2.23,0.14,2.24
2026-07-02,6.35,6.02,6.63,5.99,1751485,1122174975.00,9.97,-6.23,-0.40,2.62
2026-07-03,6.06,6.01,6.11,5.95,1074820,666113916.00,2.66,-0.17,-0.01,1.61
2026-07-06,5.97,5.80,6.05,5.79,961471,583971902.00,4.33,-3.49,-0.21,1.44
2026-07-07,5.79,5.57,5.79,5.55,882850,513025043.00,4.14,-3.97,-0.23,1.32
2026-07-08,5.59,5.43,5.59,5.42,715474,407354003.00,3.05,-2.51,-0.14,1.07
2026-07-09,5.43,5.65,5.68,5.36,1094551,623483998.00,5.89,4.05,0.22,1.63
2026-07-10,5.65,5.72,5.87,5.58,1024916,608760667.00,5.13,1.24,0.07,1.53
2026-07-13,5.64,5.45,5.72,5.43,872189,496877647.00,5.07,-4.72,-0.27,1.30
2026-07-14,5.43,5.53,5.53,5.37,771259,433648688.00,2.94,1.47,0.08,1.15
2026-07-15,5.50,5.59,5.68,5.47,847404,486282837.00,3.80,1.08,0.06,1.27
2026-07-16,5.60,5.33,5.71,5.30,1043896,585489234.00,7.33,-4.65,-0.26,1.56
2026-07-17,5.30,5.20,5.49,5.19,1402890,748622847.00,5.63,-2.44,-0.13,2.10
2026-07-20,5.20,5.65,5.72,5.12,2319550,1287623615.00,11.54,8.65,0.45,3.46