2026-01-05,29.81,30.01,30.20,29.81,18573,55755021.00,1.31,0.70,0.21,1.37
2026-01-06,30.10,29.80,30.10,29.72,26153,78054936.00,1.27,-0.70,-0.21,1.93
2026-01-07,29.80,29.61,29.97,29.52,23441,69533287.00,1.51,-0.64,-0.19,1.73
2026-01-08,29.65,29.72,30.02,29.36,24651,73393595.00,2.23,0.37,0.11,1.82
2026-01-09,29.60,30.30,30.50,29.60,28552,85813684.00,3.03,1.95,0.58,2.11
2026-01-12,30.50,30.83,30.95,30.07,38716,118613505.00,2.90,1.75,0.53,2.86
2026-01-13,30.83,30.22,31.16,30.10,30418,93223936.00,3.44,-1.98,-0.61,2.25
2026-01-14,30.23,30.56,31.17,29.88,37362,113486539.00,4.27,1.13,0.34,2.76
2026-01-15,30.50,30.27,30.66,30.11,19138,58047992.00,1.80,-0.95,-0.29,1.42
2026-01-16,30.26,30.01,30.50,30.00,15145,45586475.00,1.65,-0.86,-0.26,1.12
2026-01-19,30.01,31.97,32.80,30.00,63907,202470441.00,9.33,6.53,1.96,4.73
2026-01-20,31.79,30.49,31.79,30.33,40992,126218116.00,4.57,-4.63,-1.48,3.03
2026-01-21,30.25,31.07,31.56,29.82,33018,101394237.00,5.71,1.90,0.58,2.44
2026-01-22,31.69,30.94,31.80,30.80,23297,72822640.00,3.22,-0.42,-0.13,1.72
2026-01-23,31.00,30.87,31.53,30.50,22926,71056899.00,3.33,-0.23,-0.07,1.70
2026-01-26,31.31,29.91,31.31,29.83,29022,87672417.00,4.79,-3.11,-0.96,2.15
2026-01-27,29.85,29.59,29.85,28.75,22239,65195201.00,3.68,-1.07,-0.32,1.65
2026-01-28,29.68,28.96,29.68,28.90,16505,47997782.00,2.64,-2.13,-0.63,1.22
2026-01-29,28.90,27.87,28.90,27.87,28518,80701418.00,3.56,-3.76,-1.09,2.11
2026-01-30,27.80,28.29,28.30,27.47,17306,48401830.00,2.98,1.51,0.42,1.28
2026-02-02,28.29,28.15,28.54,28.10,13119,37190397.00,1.56,-0.49,-0.14,0.97
2026-02-03,28.38,28.28,28.49,28.06,11325,31963211.00,1.53,0.46,0.13,0.84
2026-02-04,28.15,28.38,28.75,28.10,14059,39853579.00,2.30,0.35,0.10,1.04
2026-02-05,28.18,28.38,28.76,28.15,13131,37391715.00,2.15,0.00,0.00,0.97
2026-02-06,28.38,28.82,29.33,28.30,20366,58813948.00,3.63,1.55,0.44,1.51
2026-02-09,29.05,28.88,29.16,28.74,11834,34166134.00,1.46,0.21,0.06,0.88
2026-02-10,28.90,29.16,29.28,28.77,12228,35613060.00,1.77,0.97,0.28,0.90
2026-02-11,29.28,29.11,29.35,28.87,9180,26749239.00,1.65,-0.17,-0.05,0.68
2026-02-12,29.05,28.88,29.30,28.71,13163,38204604.00,2.03,-0.79,-0.23,0.97
2026-02-13,28.88,28.76,29.19,28.68,12851,37206025.00,1.77,-0.42,-0.12,0.95
2026-02-24,29.22,30.05,30.46,29.05,33330,99828964.00,4.90,4.49,1.29,2.47
2026-02-25,30.05,29.67,30.64,29.60,19285,57845557.00,3.46,-1.26,-0.38,1.43
2026-02-26,29.68,29.28,29.74,29.03,15805,46222616.00,2.39,-1.31,-0.39,1.17
2026-02-27,29.28,28.93,29.29,28.77,14056,40629773.00,1.78,-1.20,-0.35,1.04
2026-03-02,27.90,27.77,28.80,27.75,22570,63344553.00,3.63,-4.01,-1.16,1.67
2026-03-03,27.77,27.37,28.42,27.30,18546,51692888.00,4.03,-1.44,-0.40,1.37
2026-03-04,27.10,26.61,27.45,26.29,22303,59609609.00,4.24,-2.78,-0.76,1.65
2026-03-05,27.16,27.67,28.15,27.00,21619,59763925.00,4.32,3.98,1.06,1.60
2026-03-06,27.66,28.43,28.51,27.58,17677,50003958.00,3.36,2.75,0.76,1.31
2026-03-09,28.34,28.22,28.45,27.70,15783,44191723.00,2.64,-0.74,-0.21,1.17
2026-03-10,28.30,28.98,29.02,28.29,15941,45962709.00,2.59,2.69,0.76,1.18
2026-03-11,28.98,28.51,29.58,28.50,19808,57583256.00,3.73,-1.62,-0.47,1.47
2026-03-12,28.51,27.78,28.67,27.71,13063,36669334.00,3.37,-2.56,-0.73,0.97
2026-03-13,27.79,28.21,28.74,27.51,15439,43610781.00,4.43,1.55,0.43,1.14
2026-03-16,28.37,28.14,28.65,27.99,13542,38325053.00,2.34,-0.25,-0.07,1.00
2026-03-17,28.30,27.46,28.38,27.40,10316,28645047.00,3.48,-2.42,-0.68,0.76
2026-03-18,27.47,27.73,27.77,27.31,8717,23998907.00,1.68,0.98,0.27,0.64
2026-03-19,27.37,26.62,27.79,26.50,14266,38475992.00,4.65,-4.00,-1.11,1.06
2026-03-20,26.63,25.58,26.82,25.50,15867,41283222.00,4.96,-3.91,-1.04,1.17
2026-03-23,24.33,24.07,25.55,23.81,23871,58461726.00,6.80,-5.90,-1.51,1.77
2026-03-24,24.90,25.33,25.33,24.40,18882,46871707.00,3.86,5.23,1.26,1.40
2026-03-25,25.44,25.24,25.58,25.08,10888,27561417.00,1.97,-0.36,-0.09,0.81
2026-03-26,25.35,25.04,25.63,24.85,11062,27862004.00,3.09,-0.79,-0.20,0.82
2026-03-27,25.03,25.38,25.47,24.80,9585,24230038.00,2.68,1.36,0.34,0.71
2026-03-30,25.10,25.40,25.40,24.87,10556,26533156.00,2.09,0.08,0.02,0.78
2026-03-31,25.87,27.94,27.94,25.50,52463,142375599.00,9.61,10.00,2.54,3.88
2026-04-01,27.86,28.93,30.00,27.55,76634,222018122.00,8.77,3.54,0.99,5.67
2026-04-02,29.36,28.59,29.47,28.34,35876,103312386.00,3.91,-1.18,-0.34,2.65
2026-04-03,28.87,27.20,28.98,27.10,32094,88723638.00,6.58,-4.86,-1.39,2.37
2026-04-07,27.20,26.63,27.36,26.60,22290,60023206.00,2.79,-2.10,-0.57,1.65
2026-04-08,27.56,27.47,27.58,27.07,23652,64791200.00,1.92,3.15,0.84,1.75
2026-04-09,27.55,26.95,27.55,26.82,14948,40398505.00,2.66,-1.89,-0.52,1.11
2026-04-10,26.78,26.28,26.82,25.50,30335,79853399.00,4.90,-2.49,-0.67,2.24
2026-04-13,26.26,26.33,26.56,25.70,16255,42603074.00,3.27,0.19,0.05,1.20
2026-04-14,26.50,25.93,26.55,25.80,26043,67896064.00,2.85,-1.52,-0.40,1.93
2026-04-15,25.73,25.66,26.05,25.51,15745,40405299.00,2.08,-1.04,-0.27,1.16
2026-04-16,25.65,26.08,26.16,25.41,17988,46690547.00,2.92,1.64,0.42,1.33
2026-04-17,25.98,25.95,26.06,25.61,13688,35340138.00,1.73,-0.50,-0.13,1.01
2026-04-20,25.90,26.40,26.55,25.84,16234,42624440.00,2.74,1.73,0.45,1.20
2026-04-21,26.25,26.21,26.36,25.78,14328,37222259.00,2.20,-0.72,-0.19,1.06
2026-04-22,25.99,26.32,26.79,25.89,13326,35039371.00,3.43,0.42,0.11,0.99
2026-04-23,26.14,26.02,26.50,25.84,15782,41149521.00,2.51,-1.14,-0.30,1.17
2026-04-24,26.00,25.77,26.03,25.60,11356,29294075.00,1.65,-0.96,-0.25,0.84
2026-04-27,25.85,28.35,28.35,25.85,26836,75096943.00,9.70,10.01,2.58,1.99
2026-04-28,28.41,27.00,28.41,26.53,60352,163740254.00,6.63,-4.76,-1.35,4.46
2026-04-29,27.00,27.20,28.20,26.09,48621,132130829.00,7.81,0.74,0.20,3.60
2026-04-30,27.20,29.33,29.50,26.90,79601,229938035.00,9.56,7.83,2.13,5.89
2026-05-06,28.78,30.22,30.58,28.26,62308,185879129.00,7.91,3.03,0.89,4.61
2026-05-07,29.92,31.17,31.25,29.60,48809,150633784.00,5.46,3.14,0.95,3.61
2026-05-08,31.18,33.00,33.33,31.18,57758,187916694.00,6.90,5.87,1.83,4.27
2026-05-11,33.15,35.41,36.29,33.15,64155,225527325.00,9.52,7.30,2.41,4.75
2026-05-12,35.45,33.25,36.58,32.97,75726,261930545.00,10.19,-6.10,-2.16,5.60
2026-05-13,32.92,30.27,32.92,30.00,84482,261576224.00,8.78,-8.96,-2.98,6.25
2026-05-14,30.48,29.84,31.25,29.84,45341,138257071.00,4.66,-1.42,-0.43,3.35
2026-05-15,29.97,29.94,30.66,29.53,34075,102188028.00,3.79,0.34,0.10,2.52
2026-05-18,29.97,32.93,32.93,29.97,61115,199979773.00,9.89,9.99,2.99,4.52
2026-05-19,34.60,32.59,36.22,31.47,140200,470019338.00,14.42,-1.03,-0.34,10.37
2026-05-20,32.67,32.10,32.87,31.53,59719,191613866.00,4.11,-1.50,-0.49,4.42
2026-05-21,32.08,30.78,33.20,30.78,59029,189863642.00,7.54,-4.11,-1.32,4.37
2026-05-22,30.80,30.85,33.30,30.74,65178,208011610.00,8.32,0.23,0.07,4.82
2026-05-25,30.81,29.54,30.85,29.40,46697,139575920.00,4.70,-4.25,-1.31,3.45
2026-05-26,29.08,30.67,31.81,28.63,65758,198633297.00,10.77,3.83,1.13,4.86
2026-05-27,29.96,29.43,31.03,29.40,48395,145516689.00,5.31,-4.04,-1.24,3.58
2026-05-28,28.81,27.95,29.58,27.85,36345,103455707.00,5.88,-5.03,-1.48,2.69
2026-05-29,28.50,26.68,28.63,26.61,29831,81422806.00,7.23,-4.54,-1.27,2.21
2026-06-01,26.71,27.03,27.70,26.10,28362,76843337.00,6.00,1.31,0.35,2.10
2026-06-02,26.91,26.62,27.43,25.85,21168,56249924.00,5.85,-1.52,-0.41,1.57
2026-06-03,26.88,26.13,26.92,25.90,22002,58068861.00,3.83,-1.84,-0.49,1.63
2026-06-04,25.72,25.83,26.26,25.52,13113,33872927.00,2.83,-1.15,-0.30,0.97
2026-06-05,25.83,25.68,26.39,24.87,21678,55625201.00,5.88,-0.58,-0.15,1.60
2026-06-08,24.52,24.52,25.59,24.02,19709,48825316.00,6.11,-4.52,-1.16,1.46
2026-06-09,24.52,24.25,24.88,23.94,18943,45901940.00,3.83,-1.10,-0.27,1.40
2026-06-10,24.27,23.16,24.27,22.65,24348,56793906.00,6.68,-4.49,-1.09,1.80
2026-06-11,22.95,25.48,25.48,22.80,26044,63926180.00,11.57,10.02,2.32,1.93
2026-06-12,25.73,22.93,25.76,22.93,73898,172122600.00,11.11,-10.01,-2.55,5.47