2026-01-05,5.09,5.13,5.13,5.08,892327,465600786.00,0.98,0.79,0.04,0.68
2026-01-06,5.13,5.22,5.22,5.12,1735427,918253020.00,1.95,1.75,0.09,1.33
2026-01-07,5.21,5.21,5.29,5.20,1624240,868762116.00,1.72,-0.19,-0.01,1.24
2026-01-08,5.21,5.26,5.28,5.19,1496856,803717238.00,1.73,0.96,0.05,1.15
2026-01-09,5.26,5.27,5.28,5.24,1458109,783235348.00,0.76,0.19,0.01,1.12
2026-01-12,5.27,5.30,5.30,5.24,2037433,1096585704.00,1.14,0.57,0.03,1.56
2026-01-13,5.31,5.40,5.45,5.26,4274594,2342660833.00,3.58,1.89,0.10,3.27
2026-01-14,5.44,5.32,5.46,5.29,3127714,1717847161.00,3.15,-1.48,-0.08,2.39
2026-01-15,5.31,5.25,5.32,5.24,1602992,861620484.00,1.50,-1.32,-0.07,1.23
2026-01-16,5.34,5.67,5.79,5.34,10655085,6173593097.00,8.57,8.00,0.42,8.15
2026-01-19,5.64,5.73,5.82,5.51,7864224,4571677837.00,5.47,1.06,0.06,6.02
2026-01-20,5.74,6.14,6.25,5.64,11248092,6862647023.00,10.65,7.16,0.41,8.61
2026-01-21,5.99,5.93,6.08,5.90,7053903,4292174025.00,2.93,-3.42,-0.21,5.40
2026-01-22,5.90,5.81,5.98,5.77,4972193,2961227623.00,3.54,-2.02,-0.12,3.80
2026-01-23,5.83,5.86,5.97,5.76,5050819,3011856282.00,3.61,0.86,0.05,3.86
2026-01-26,5.87,5.87,5.96,5.79,3947595,2359235539.00,2.90,0.17,0.01,3.02
2026-01-27,5.84,5.67,5.84,5.64,3857166,2237284126.00,3.41,-3.41,-0.20,2.95
2026-01-28,5.65,5.61,5.78,5.60,4501426,2609072166.00,3.17,-1.06,-0.06,3.44
2026-01-29,5.60,5.57,5.65,5.50,4384251,2483986444.00,2.67,-0.71,-0.04,3.35
2026-01-30,5.54,5.55,5.62,5.46,3256426,1839253534.00,2.87,-0.36,-0.02,2.49
2026-02-02,5.60,5.45,5.69,5.45,3598344,2046461826.00,4.32,-1.80,-0.10,2.75
2026-02-03,5.48,5.48,5.51,5.43,1973984,1100170435.00,1.47,0.55,0.03,1.51
2026-02-04,5.47,5.57,5.57,5.45,2071945,1167658210.00,2.19,1.64,0.09,1.59
2026-02-05,5.54,5.44,5.55,5.43,2089719,1166472259.00,2.15,-2.33,-0.13,1.60
2026-02-06,5.40,5.41,5.46,5.36,1686084,931328233.00,1.84,-0.55,-0.03,1.29
2026-02-09,5.44,5.43,5.48,5.42,1669660,928122494.00,1.11,0.37,0.02,1.28
2026-02-10,5.43,5.39,5.44,5.36,1699251,933650802.00,1.47,-0.74,-0.04,1.30
2026-02-11,5.38,5.38,5.40,5.37,1035276,568700680.00,0.56,-0.19,-0.01,0.79
2026-02-12,5.38,5.42,5.45,5.37,1740713,962608812.00,1.49,0.74,0.04,1.33
2026-02-13,5.41,5.33,5.41,5.33,1762296,963407715.00,1.48,-1.66,-0.09,1.35
2026-02-24,5.38,5.53,5.54,5.37,3090771,1730221731.00,3.19,3.75,0.20,2.36
2026-02-25,5.52,5.51,5.68,5.49,4091779,2324528714.00,3.44,-0.36,-0.02,3.13
2026-02-26,5.51,5.57,5.61,5.50,2210911,1252310901.00,2.00,1.09,0.06,1.69
2026-02-27,5.55,5.62,5.63,5.54,3068684,1752235300.00,1.62,0.90,0.05,2.35
2026-03-02,5.57,5.61,5.65,5.54,3054538,1745341295.00,1.96,-0.18,-0.01,2.34
2026-03-03,5.60,5.48,5.64,5.47,2910964,1643439144.00,3.03,-2.32,-0.13,2.23
2026-03-04,5.44,5.49,5.56,5.40,2283592,1277777940.00,2.92,0.18,0.01,1.75
2026-03-05,5.55,5.64,5.69,5.54,4439193,2552306242.00,2.73,2.73,0.15,3.40
2026-03-06,5.65,5.85,5.90,5.62,6854199,4051234969.00,4.96,3.72,0.21,5.24
2026-03-09,5.86,5.81,5.96,5.77,5022278,2986126101.00,3.25,-0.68,-0.04,3.84
2026-03-10,5.79,5.92,6.08,5.73,6860737,4143831194.00,6.02,1.89,0.11,5.25
2026-03-11,5.93,6.27,6.43,5.82,12450920,7840193316.00,10.30,5.91,0.35,9.53
2026-03-12,6.37,6.43,6.54,6.14,14752188,9487734506.00,6.38,2.55,0.16,11.29
2026-03-13,6.84,7.08,7.08,6.65,18004770,12775678440.00,6.69,10.11,0.65,13.77
2026-03-16,6.99,6.36,7.02,6.36,19114909,12779304751.00,9.32,-10.17,-0.72,14.62
2026-03-17,6.17,6.01,6.32,5.99,10864214,6762971206.00,5.19,-5.50,-0.35,8.31
2026-03-18,5.97,6.02,6.13,5.91,7544454,4623248941.00,3.66,0.17,0.01,5.77
2026-03-19,5.91,5.90,6.06,5.85,5565830,3356551902.00,3.49,-1.99,-0.12,4.26
2026-03-20,5.87,5.74,5.99,5.73,5366746,3183781767.00,4.41,-2.71,-0.16,4.11
2026-03-23,5.65,5.70,5.84,5.62,5587987,3271965747.00,3.83,-0.70,-0.04,4.27
2026-03-24,5.76,5.84,5.88,5.68,5100834,3007786684.00,3.51,2.46,0.14,3.90
2026-03-25,5.84,6.02,6.07,5.84,6407803,3907196256.00,3.94,3.08,0.18,4.90
2026-03-26,6.01,5.84,6.01,5.82,4407979,2641607545.00,3.16,-2.99,-0.18,3.37
2026-03-27,5.74,5.82,5.88,5.74,2823771,1674921168.00,2.40,-0.34,-0.02,2.16
2026-03-30,5.73,5.75,5.81,5.63,3112663,1810887808.00,3.09,-1.20,-0.07,2.38
2026-03-31,5.73,5.63,5.76,5.63,2604450,1510463172.00,2.26,-2.09,-0.12,1.99
2026-04-01,5.74,5.69,5.77,5.64,2230257,1294251637.00,2.31,1.07,0.06,1.71
2026-04-02,5.69,5.56,5.70,5.54,2586019,1476549057.00,2.81,-2.28,-0.13,1.98
2026-04-03,5.55,5.45,5.57,5.44,1950683,1089511544.00,2.34,-1.98,-0.11,1.49
2026-04-07,5.45,5.51,5.53,5.45,1470493,824223813.00,1.47,1.10,0.06,1.12
2026-04-08,5.62,5.69,5.69,5.59,2547907,1466754084.00,1.81,3.27,0.18,1.95
2026-04-09,5.64,5.58,5.65,5.56,2063366,1176282730.00,1.58,-1.93,-0.11,1.58
2026-04-10,5.59,5.55,5.62,5.55,2075299,1180864114.00,1.25,-0.54,-0.03,1.59
2026-04-13,5.51,5.57,5.59,5.49,1697764,959507600.00,1.80,0.36,0.02,1.30
2026-04-14,5.59,5.58,5.61,5.54,1697200,962338406.00,1.26,0.18,0.01,1.30
2026-04-15,5.58,5.57,5.65,5.56,2602435,1486806376.00,1.61,-0.18,-0.01,1.99
2026-04-16,5.59,5.61,5.64,5.57,2109819,1205546254.00,1.26,0.72,0.04,1.61
2026-04-17,5.60,5.60,5.66,5.58,1855819,1061648155.00,1.43,-0.18,-0.01,1.42
2026-04-20,5.61,5.69,5.71,5.59,3117345,1796272195.00,2.14,1.61,0.09,2.38
2026-04-21,5.69,5.82,5.84,5.63,4183250,2458834816.00,3.69,2.28,0.13,3.20
2026-04-22,5.79,5.76,5.81,5.74,2391867,1404705798.00,1.20,-1.03,-0.06,1.83
2026-04-23,5.78,5.83,5.88,5.73,3010644,1780846802.00,2.60,1.22,0.07,2.30
2026-04-24,5.77,5.67,5.78,5.65,2575982,1495373810.00,2.23,-2.74,-0.16,1.97
2026-04-27,5.65,5.57,5.66,5.57,2004080,1141952082.00,1.59,-1.76,-0.10,1.53
2026-04-28,5.55,5.51,5.57,5.47,1933630,1087563493.00,1.80,-1.08,-0.06,1.48
2026-04-29,5.54,5.57,5.58,5.53,1568035,889780803.00,0.91,1.09,0.06,1.20
2026-04-30,5.52,5.48,5.53,5.47,2042324,1142878675.00,1.08,-1.62,-0.09,1.56
2026-05-06,5.49,5.52,5.52,5.49,1618472,908607611.00,0.55,0.73,0.04,1.24
2026-05-07,5.53,5.85,5.93,5.51,5703624,3362735400.00,7.61,5.98,0.33,4.36
2026-05-08,5.86,5.74,5.87,5.71,3869653,2273150674.00,2.74,-1.88,-0.11,2.96
2026-05-11,5.77,5.78,5.89,5.76,3825488,2268844860.00,2.26,0.70,0.04,2.93
2026-05-12,5.79,5.84,5.91,5.75,3593571,2136482313.00,2.77,1.04,0.06,2.75
2026-05-13,5.84,5.98,6.04,5.81,5008553,3041813421.00,3.94,2.40,0.14,3.83
2026-05-14,5.99,5.72,6.00,5.72,4504407,2676194888.00,4.68,-4.35,-0.26,3.45
2026-05-15,5.71,5.65,5.75,5.62,2850148,1648247753.00,2.27,-1.22,-0.07,2.18
2026-05-18,5.66,5.67,5.72,5.63,1652065,953652444.00,1.59,0.35,0.02,1.26
2026-05-19,5.67,5.70,5.70,5.61,1764786,1017997001.00,1.59,0.53,0.03,1.35
2026-05-20,5.68,5.55,5.68,5.54,1945755,1106757843.00,2.46,-2.63,-0.15,1.49
2026-05-21,5.54,5.37,5.58,5.36,2796087,1561862583.00,3.96,-3.24,-0.18,2.14
2026-05-22,5.37,5.37,5.40,5.30,1833130,1000424308.00,1.86,0.00,0.00,1.40
2026-05-25,5.41,5.43,5.46,5.39,1570139,869113308.00,1.30,1.12,0.06,1.20
2026-05-26,5.42,5.32,5.42,5.27,2231266,1209850737.00,2.76,-2.03,-0.11,1.71
2026-05-27,5.29,5.17,5.31,5.14,2453407,1300987255.00,3.20,-2.82,-0.15,1.88
2026-05-28,5.14,5.14,5.21,5.12,1982552,1044836504.00,1.74,-0.58,-0.03,1.52
2026-05-29,5.14,5.23,5.28,5.13,2141734,1141452766.00,2.92,1.75,0.09,1.64
2026-06-01,5.23,5.28,5.28,5.15,1637394,874942760.00,2.49,0.96,0.05,1.25
2026-06-02,5.27,5.19,5.27,5.18,1446481,768199053.00,1.70,-1.70,-0.09,1.11
2026-06-03,5.19,5.17,5.21,5.14,1257540,663823025.00,1.35,-0.39,-0.02,0.96
2026-06-04,5.15,5.07,5.16,5.06,1575477,820421541.00,1.93,-1.93,-0.10,1.21
2026-06-05,5.09,5.11,5.18,5.09,1401362,736398335.00,1.78,0.79,0.04,1.07
2026-06-08,5.05,4.91,5.05,4.90,2018778,1025753651.00,2.94,-3.91,-0.20,1.54
2026-06-09,4.93,4.87,4.95,4.84,1273011,633979697.00,2.24,-0.81,-0.04,0.97
2026-06-10,4.85,4.75,4.85,4.70,1845013,898269928.00,3.08,-2.46,-0.12,1.41
2026-06-11,4.70,4.64,4.70,4.60,1863639,885738660.00,2.11,-2.32,-0.11,1.43
2026-06-12,4.69,4.71,4.76,4.63,1931573,929573364.00,2.80,1.51,0.07,1.48
2026-06-15,4.75,4.75,4.81,4.72,1674681,815076176.00,1.91,0.85,0.04,1.28
2026-06-16,4.74,4.72,4.78,4.70,1257567,610220686.00,1.68,-0.63,-0.03,0.96
2026-06-17,4.72,5.06,5.19,4.68,3994662,2012308600.00,10.81,7.20,0.34,3.06
2026-06-18,4.97,4.83,4.97,4.82,2387061,1191409814.00,2.96,-4.55,-0.23,1.83
2026-06-22,4.79,4.95,5.01,4.72,2449934,1222972920.00,6.00,2.48,0.12,1.87
2026-06-23,4.90,4.87,4.97,4.84,1592508,798583788.00,2.63,-1.62,-0.08,1.22
2026-06-24,4.85,4.77,4.88,4.75,1307970,641068344.00,2.67,-2.05,-0.10,1.00
2026-06-25,4.75,4.70,4.79,4.69,1320682,638415912.00,2.10,-1.47,-0.07,1.01
2026-06-26,4.76,4.67,4.84,4.66,1480591,717028320.00,3.83,-0.64,-0.03,1.13
2026-06-29,4.63,4.67,4.73,4.52,1530070,722935466.00,4.50,0.00,0.00,1.17
2026-06-30,4.64,4.59,4.65,4.56,1205201,565500550.00,1.93,-1.71,-0.08,0.92
2026-07-01,4.59,4.66,4.69,4.55,1361035,644907997.00,3.05,1.53,0.07,1.04
2026-07-02,4.64,4.63,4.71,4.62,1065782,507350490.00,1.93,-0.64,-0.03,0.82
2026-07-03,4.63,4.67,4.69,4.62,907211,432875156.00,1.51,0.86,0.04,0.69
2026-07-06,4.67,4.72,4.73,4.65,1131377,543928409.00,1.71,1.07,0.05,0.87
2026-07-07,4.73,4.62,4.74,4.61,959536,456683217.00,2.75,-2.12,-0.10,0.73
2026-07-08,4.62,4.62,4.65,4.57,701625,331802773.00,1.73,0.00,0.00,0.54
2026-07-09,4.61,4.60,4.62,4.54,979993,459223893.00,1.73,-0.43,-0.02,0.75
2026-07-10,4.62,4.66,4.69,4.59,998846,464265026.00,2.17,1.30,0.06,0.76
2026-07-13,4.64,4.60,4.66,4.59,878324,404931749.00,1.50,-1.29,-0.06,0.67
2026-07-14,4.59,4.66,4.67,4.58,952598,440356752.00,1.96,1.30,0.06,0.73
2026-07-15,4.64,4.74,4.75,4.64,1257918,591771138.00,2.36,1.72,0.08,0.96
2026-07-16,4.72,4.72,4.75,4.68,1039773,490049054.00,1.48,-0.42,-0.02,0.80
2026-07-17,4.72,4.71,4.78,4.68,1661930,788065258.00,2.12,-0.21,-0.01,1.27
2026-07-20,4.71,4.83,4.84,4.71,1924853,921592130.00,2.76,2.55,0.12,1.47
2026-07-21,4.85,4.80,4.87,4.76,1747032,840213755.00,2.28,-0.62,-0.03,1.34
2026-07-22,4.78,4.82,4.84,4.75,1321671,633901686.00,1.88,0.42,0.02,1.01
2026-07-23,4.84,4.91,4.92,4.79,1667367,812555272.00,2.70,1.87,0.09,1.28
2026-07-24,4.87,4.75,4.90,4.75,1439867,693456636.00,3.05,-3.26,-0.16,1.10
2026-07-27,4.74,4.79,4.80,4.73,870087,415446570.00,1.47,0.84,0.04,0.67
2026-07-28,4.76,4.77,4.81,4.72,1262315,600004508.00,1.88,-0.42,-0.02,0.97
2026-07-29,4.76,4.82,4.83,4.76,1064122,511748000.00,1.47,1.05,0.05,0.81