2026-01-05,46.08,46.36,46.74,45.38,38000,175421066.00,2.99,1.98,0.90,9.15
2026-01-06,46.58,46.06,46.58,45.44,36111,166053990.00,2.46,-0.65,-0.30,8.69
2026-01-07,46.06,48.16,48.95,45.58,60383,287990082.00,7.32,4.56,2.10,14.54
2026-01-08,47.61,46.86,47.80,46.60,44262,208312450.00,2.49,-2.70,-1.30,10.66
2026-01-09,46.79,47.96,48.62,45.89,48967,230928349.00,5.83,2.35,1.10,11.79
2026-01-12,47.97,48.64,49.93,47.97,51179,251781838.00,4.09,1.42,0.68,12.32
2026-01-13,48.68,50.42,51.61,48.68,63991,324511778.00,6.02,3.66,1.78,15.41
2026-01-14,50.44,49.04,50.53,47.89,55894,275524438.00,5.24,-2.74,-1.38,13.46
2026-01-15,48.88,47.33,48.88,46.93,31223,148982941.00,3.98,-3.49,-1.71,7.52
2026-01-16,47.45,49.02,49.68,47.45,34727,169575703.00,4.71,3.57,1.69,8.36
2026-01-19,49.33,49.52,49.88,49.03,25128,124435810.00,1.73,1.02,0.50,6.05
2026-01-20,49.46,48.48,50.18,48.28,24738,121718964.00,3.84,-2.10,-1.04,5.96
2026-01-21,48.13,48.39,49.18,48.08,22636,110367513.00,2.27,-0.19,-0.09,5.45
2026-01-22,48.38,48.13,49.18,47.89,20662,100366678.00,2.67,-0.54,-0.26,4.97
2026-01-23,48.18,49.71,50.23,48.17,40678,201766426.00,4.28,3.28,1.58,9.79
2026-01-26,49.72,49.43,51.08,47.54,51334,251377833.00,7.12,-0.56,-0.28,12.36
2026-01-27,48.91,51.39,52.02,48.08,62905,315601200.00,7.97,3.97,1.96,15.14
2026-01-28,50.88,49.00,51.38,48.89,47423,236889428.00,4.85,-4.65,-2.39,11.42
2026-01-29,48.87,46.78,49.38,46.58,29221,140232096.00,5.71,-4.53,-2.22,7.04
2026-01-30,46.80,48.58,48.77,46.27,25234,120710979.00,5.34,3.85,1.80,6.08
2026-02-02,48.14,47.12,50.37,46.98,22574,109509518.00,6.98,-3.01,-1.46,5.43
2026-02-03,47.38,48.00,48.36,47.00,14175,67871861.00,2.89,1.87,0.88,3.41
2026-02-04,47.83,47.53,48.29,46.89,13282,63194732.00,2.92,-0.98,-0.47,3.20
2026-02-05,47.09,46.71,47.37,46.38,11555,54185458.00,2.08,-1.73,-0.82,2.78
2026-02-06,46.71,47.59,49.21,46.13,31990,154907019.00,6.59,1.88,0.88,7.70
2026-02-09,48.26,48.53,49.32,47.77,15962,77819615.00,3.26,1.98,0.94,3.84
2026-02-10,48.38,48.68,49.34,48.26,15735,77131309.00,2.23,0.31,0.15,3.79
2026-02-11,48.38,48.96,49.08,48.38,11221,54964851.00,1.44,0.58,0.28,2.70
2026-02-12,48.88,49.30,49.78,48.68,14700,72723962.00,2.25,0.69,0.34,3.54
2026-02-13,49.18,49.18,49.69,48.90,11781,58139825.00,1.60,-0.24,-0.12,2.84
2026-02-24,49.88,49.29,50.18,49.12,16714,82910251.00,2.16,0.22,0.11,4.02
2026-02-25,49.58,48.63,49.58,48.59,15974,78449560.00,2.01,-1.34,-0.66,3.85
2026-02-26,48.63,49.17,49.46,48.48,17478,85841432.00,2.02,1.11,0.54,4.21
2026-02-27,49.24,48.18,49.24,48.08,19561,94930053.00,2.36,-2.01,-0.99,4.71
2026-03-02,47.70,44.75,47.70,44.74,38186,175810520.00,6.14,-7.12,-3.43,9.19
2026-03-03,44.82,42.97,45.49,42.79,23925,105392455.00,6.03,-3.98,-1.78,5.76
2026-03-04,43.48,42.58,43.48,42.00,16722,71560942.00,3.44,-0.91,-0.39,4.03
2026-03-05,42.88,43.48,43.87,42.88,10932,47617833.00,2.33,2.11,0.90,2.63
2026-03-06,43.45,44.36,44.66,43.21,11186,49719297.00,3.33,2.02,0.88,2.69
2026-03-09,43.73,43.33,43.73,42.03,21220,90771780.00,3.83,-2.32,-1.03,5.11
2026-03-10,43.64,44.62,44.71,43.60,11667,51764617.00,2.56,2.98,1.29,2.81
2026-03-11,44.80,45.21,45.93,44.62,14686,66773026.00,2.94,1.32,0.59,3.54
2026-03-12,45.98,44.87,46.48,44.57,13423,60777586.00,4.22,-0.75,-0.34,3.23
2026-03-13,44.58,44.69,45.39,44.28,9640,43360975.00,2.47,-0.40,-0.18,2.32
2026-03-16,44.51,45.08,45.57,44.29,10884,49183776.00,2.86,0.87,0.39,2.62
2026-03-17,45.48,45.42,46.44,45.08,18920,86880833.00,3.02,0.75,0.34,4.56
2026-03-18,45.46,45.40,45.92,44.74,9452,42874899.00,2.60,-0.04,-0.02,2.28
2026-03-19,45.07,44.72,45.61,44.40,9140,41031988.00,2.67,-1.50,-0.68,2.20
2026-03-20,44.80,43.26,44.88,43.24,11635,51308302.00,3.67,-3.26,-1.46,2.80
2026-03-23,42.90,41.24,43.63,41.05,15456,65869329.00,5.96,-4.67,-2.02,3.72
2026-03-24,42.18,42.19,42.28,41.28,7996,33567117.00,2.42,2.30,0.95,1.93
2026-03-25,42.38,42.88,43.06,42.38,8158,35032137.00,1.61,1.64,0.69,1.96
2026-03-26,42.97,42.79,44.12,42.58,12368,53887944.00,3.59,-0.21,-0.09,2.98
2026-03-27,42.58,43.47,44.00,42.38,9475,41279503.00,3.79,1.59,0.68,2.28
2026-03-30,43.30,44.00,44.58,42.85,12728,56258232.00,3.98,1.22,0.53,3.06
2026-03-31,44.08,43.88,44.76,43.80,11372,50462551.00,2.18,-0.27,-0.12,2.74
2026-04-01,44.33,44.56,44.68,44.04,6534,29053663.00,1.46,1.55,0.68,1.57
2026-04-02,44.48,44.13,44.88,43.89,7753,34526943.00,2.22,-0.96,-0.43,1.87
2026-04-03,44.38,44.47,44.74,43.53,11239,49899870.00,2.74,0.77,0.34,2.71
2026-04-07,44.47,44.71,45.33,44.07,9090,40821867.00,2.83,0.54,0.24,2.19
2026-04-08,45.38,45.46,45.92,44.72,33538,152377825.00,2.68,1.68,0.75,8.07
2026-04-09,44.98,46.02,46.30,44.84,22070,101357235.00,3.21,1.23,0.56,5.31
2026-04-10,46.36,45.37,46.37,45.30,14467,66352291.00,2.33,-1.41,-0.65,3.48
2026-04-13,45.34,43.60,45.34,42.86,29965,130746367.00,5.47,-3.90,-1.77,7.21
2026-04-14,43.68,45.78,47.20,43.60,32340,149349173.00,8.26,5.00,2.18,7.79
2026-04-15,45.89,46.29,46.98,45.49,18258,84943938.00,3.25,1.11,0.51,4.40
2026-04-16,46.28,47.28,47.88,45.91,34546,163452348.00,4.26,2.14,0.99,8.32
2026-04-17,47.60,47.53,47.84,46.75,16182,76903434.00,2.31,0.53,0.25,3.90
2026-04-20,47.55,47.78,48.68,47.55,16527,79669557.00,2.38,0.53,0.25,3.98
2026-04-21,47.88,47.95,48.55,47.36,18064,86610956.00,2.49,0.36,0.17,4.35
2026-04-22,47.54,47.68,47.92,46.79,16794,79858626.00,2.36,-0.56,-0.27,4.04
2026-04-23,47.16,46.06,47.58,45.64,19882,92145609.00,4.07,-3.40,-1.62,4.79
2026-04-24,46.05,45.64,46.18,45.21,12722,58134123.00,2.11,-0.91,-0.42,3.06
2026-04-27,46.04,45.84,46.66,45.41,21225,97560263.00,2.74,0.44,0.20,5.11
2026-04-28,45.84,44.50,45.87,44.03,18870,84546215.00,4.01,-2.92,-1.34,4.54
2026-04-29,44.88,48.52,48.96,44.88,87353,422420336.00,9.17,9.03,4.02,21.03
2026-04-30,48.80,46.20,48.84,46.20,59482,282637493.00,5.44,-4.78,-2.32,14.32
2026-05-06,47.26,47.36,47.86,46.78,37139,176022937.00,2.34,2.51,1.16,8.94
2026-05-07,47.36,48.33,48.47,46.69,45271,217573343.00,3.76,2.05,0.97,10.90
2026-05-08,47.98,48.35,48.86,47.65,27933,135169232.00,2.50,0.04,0.02,6.72
2026-05-11,48.35,53.20,53.20,48.35,84898,440564155.00,10.03,10.03,4.85,20.44
2026-05-12,53.84,53.48,55.48,52.83,102157,554039666.00,4.98,0.53,0.28,24.59
2026-05-13,53.46,52.74,54.88,52.23,55712,297778678.00,4.96,-1.38,-0.74,13.41
2026-05-14,52.82,51.60,53.23,51.48,39982,208983819.00,3.32,-2.16,-1.14,9.63
2026-05-15,51.48,52.80,54.25,50.43,49559,261388864.00,7.40,2.33,1.20,11.93
2026-05-18,52.56,52.00,52.56,50.98,31434,163109393.00,2.99,-1.52,-0.80,7.57
2026-05-19,52.16,51.73,52.35,50.70,22545,116149172.00,3.17,-0.52,-0.27,5.43
2026-05-20,51.43,50.38,51.71,49.96,32578,164347332.00,3.38,-2.61,-1.35,7.84
2026-05-21,50.13,48.86,50.90,48.60,31419,157503468.00,4.57,-3.02,-1.52,7.56
2026-05-22,49.16,48.65,49.18,47.26,29018,140287820.00,3.93,-0.43,-0.21,6.99
2026-05-25,48.92,47.93,49.58,47.32,32987,158293479.00,4.65,-1.48,-0.72,7.94
2026-05-26,47.99,47.12,48.27,45.83,37162,174645123.00,5.09,-1.69,-0.81,8.95
2026-05-27,46.54,44.94,47.14,44.78,27418,125876171.00,5.01,-4.63,-2.18,6.60
2026-05-28,44.88,44.22,45.35,43.34,25221,111559590.00,4.47,-1.60,-0.72,6.07
2026-05-29,44.35,41.88,44.35,41.72,27472,117539025.00,5.95,-5.29,-2.34,6.61
2026-06-01,41.70,41.83,42.51,41.48,17646,74291126.00,2.46,-0.12,-0.05,4.25
2026-06-02,41.88,41.68,42.02,40.39,19489,80591800.00,3.90,-0.36,-0.15,4.69
2026-06-03,41.67,41.45,42.13,40.96,17432,72711487.00,2.81,-0.55,-0.23,4.20
2026-06-04,41.38,41.18,41.66,40.48,17531,72184767.00,2.85,-0.65,-0.27,4.22
2026-06-05,41.22,41.60,42.73,40.02,24270,100380808.00,6.58,1.02,0.42,5.84
2026-06-08,40.58,40.53,41.68,39.89,16965,69249506.00,4.30,-2.57,-1.07,4.08
2026-06-09,40.93,41.55,41.86,40.38,15270,63273353.00,3.65,2.52,1.02,3.68
2026-06-10,41.38,40.45,41.64,39.89,14869,60404152.00,4.21,-2.65,-1.10,3.58
2026-06-11,40.02,38.96,40.18,38.33,16963,66483566.00,4.57,-3.68,-1.49,4.08
2026-06-12,39.26,39.32,40.13,39.18,11287,44801852.00,2.44,0.92,0.36,2.72
2026-06-15,39.75,40.54,40.58,39.50,11091,44584641.00,2.75,3.10,1.22,2.67
2026-06-16,41.29,42.43,43.03,40.32,20721,87158811.00,6.68,4.66,1.89,4.99
2026-06-17,42.55,41.74,42.87,41.49,18901,79395186.00,3.25,-1.63,-0.69,4.55
2026-06-18,41.78,41.78,42.26,41.51,12562,52696889.00,1.80,0.10,0.04,3.02
2026-06-22,41.75,40.55,41.79,39.49,18588,75078089.00,5.51,-2.94,-1.23,4.48
2026-06-23,40.61,40.87,41.36,40.01,12242,50113812.00,3.33,0.79,0.32,2.95
2026-06-24,40.68,39.87,40.87,39.25,15587,62121447.00,3.96,-2.45,-1.00,3.75
2026-06-25,39.88,38.78,39.88,38.48,13570,53020077.00,3.51,-2.73,-1.09,3.27
2026-06-26,38.65,37.00,38.78,37.00,16517,62077614.00,4.59,-4.59,-1.78,3.98
2026-06-29,36.88,36.68,36.90,35.18,13592,49195563.00,4.65,-0.86,-0.32,3.27
2026-06-30,36.86,37.95,38.17,36.58,12250,46263440.00,4.33,3.46,1.27,2.95
2026-07-01,38.20,39.77,41.08,37.78,18962,75321612.00,8.70,4.80,1.82,4.57
2026-07-02,39.67,40.16,41.36,39.39,15364,62524479.00,4.95,0.98,0.39,3.70
2026-07-03,40.00,41.53,42.14,39.96,19572,81160338.00,5.43,3.41,1.37,4.71
2026-07-06,41.98,40.14,42.08,40.08,13889,56738246.00,4.82,-3.35,-1.39,3.34
2026-07-07,39.89,38.93,40.86,38.83,12492,49673158.00,5.06,-3.01,-1.21,3.01
2026-07-08,38.93,37.74,38.99,37.66,8411,32089234.00,3.42,-3.06,-1.19,2.02
2026-07-09,37.64,37.18,37.64,35.96,16137,59404044.00,4.45,-1.48,-0.56,3.89
2026-07-10,37.06,37.53,38.65,36.99,13413,50987337.00,4.46,0.94,0.35,3.23
2026-07-13,37.51,35.30,37.51,35.28,10980,39535270.00,5.94,-5.94,-2.23,2.64
2026-07-14,35.43,35.58,35.79,34.47,9876,34707659.00,3.74,0.79,0.28,2.38
2026-07-15,35.89,35.95,36.08,35.30,6748,24105942.00,2.19,1.04,0.37,1.62
2026-07-16,36.02,36.11,36.73,35.43,8366,30295517.00,3.62,0.45,0.16,2.01
2026-07-17,36.11,35.02,36.35,34.50,11802,41763047.00,5.12,-3.02,-1.09,2.84
2026-07-20,35.00,33.74,35.48,33.30,11275,38724782.00,6.23,-3.66,-1.28,2.71
2026-07-21,33.78,34.25,34.39,32.39,14221,47725066.00,5.93,1.51,0.51,3.42
2026-07-22,34.25,33.33,34.33,33.15,11059,37121006.00,3.45,-2.69,-0.92,2.66
2026-07-23,33.69,34.01,34.10,33.00,7824,26275017.00,3.30,2.04,0.68,1.88
2026-07-24,33.73,33.14,33.96,33.13,4676,15629916.00,2.44,-2.56,-0.87,1.13
2026-07-27,33.14,34.04,34.07,32.94,5290,17856436.00,3.41,2.72,0.90,1.27
2026-07-28,33.98,34.08,34.65,33.80,6032,20665176.00,2.50,0.12,0.04,1.45
2026-07-29,34.23,34.62,34.87,33.98,6902,23771583.00,2.61,1.58,0.54,1.66