2026-01-05,57.43,57.73,58.39,57.24,16614,96307352.07,1.99,-0.02,-0.01,4.76
2026-01-06,57.73,58.01,58.73,57.53,15318,89101506.54,2.08,0.49,0.28,4.39
2026-01-07,57.83,58.41,58.99,57.72,17385,101567882.08,2.19,0.69,0.40,4.98
2026-01-08,58.41,58.85,58.92,57.53,15132,88935945.99,2.38,0.75,0.44,4.33
2026-01-09,58.70,59.27,59.47,58.54,20194,119827814.88,1.58,0.71,0.42,5.78
2026-01-12,59.29,58.98,59.43,57.86,19016,111802268.56,2.65,-0.49,-0.29,5.44
2026-01-13,58.96,58.39,59.38,58.21,15749,92802876.05,1.98,-1.00,-0.59,4.51
2026-01-14,58.32,59.29,60.33,58.13,32237,191990401.75,3.77,1.54,0.90,9.23
2026-01-15,59.38,59.71,61.12,58.87,20802,124711044.81,3.79,0.71,0.42,5.96
2026-01-16,60.18,62.53,63.10,59.09,40750,251360377.19,6.72,4.72,2.82,11.67
2026-01-19,62.43,62.56,64.38,61.98,27032,171193666.70,3.84,0.05,0.03,7.74
2026-01-20,62.53,65.06,66.49,62.20,41931,273914838.84,6.86,4.00,2.50,12.01
2026-01-21,64.16,66.61,67.73,63.53,36230,237608453.28,6.46,2.38,1.55,10.37
2026-01-22,65.96,68.72,69.43,65.34,40277,275559634.49,6.14,3.17,2.11,11.53
2026-01-23,68.99,67.78,71.01,67.33,32549,222758790.04,5.36,-1.37,-0.94,9.32
2026-01-26,67.60,67.62,70.83,67.03,41999,289669298.73,5.61,-0.24,-0.16,12.03
2026-01-27,67.63,70.17,70.27,66.81,34825,240983371.73,5.12,3.77,2.55,9.97
2026-01-28,69.84,67.16,69.99,67.01,27691,188757318.62,4.25,-4.29,-3.01,7.93
2026-01-29,66.60,67.98,70.81,66.53,36943,255568530.65,6.37,1.22,0.82,10.58
2026-01-30,67.32,67.77,68.75,65.76,31276,210690397.95,4.40,-0.31,-0.21,8.69
2026-02-02,66.69,64.13,68.03,64.04,27071,178040964.26,5.89,-5.37,-3.64,7.52
2026-02-03,64.82,67.56,68.20,64.82,42622,285328294.38,5.27,5.35,3.43,11.84
2026-02-04,67.14,71.93,72.51,67.14,57172,406289513.34,7.95,6.47,4.37,15.88
2026-02-05,72.42,71.00,72.42,70.02,23785,169493430.40,3.34,-1.29,-0.93,6.61
2026-02-06,70.81,72.69,75.65,70.10,59851,442474710.12,7.82,2.38,1.69,16.62
2026-02-09,72.68,75.28,75.94,69.83,40420,298064807.26,8.41,3.56,2.59,11.22
2026-02-10,75.22,76.36,77.91,74.01,37643,287960981.02,5.18,1.43,1.08,10.45
2026-02-11,76.87,73.76,76.87,73.66,21404,159501239.81,4.20,-3.40,-2.60,5.94
2026-02-12,73.82,73.80,77.31,73.03,27961,210678968.89,5.80,0.05,0.04,7.77
2026-02-13,73.63,71.43,73.63,71.18,18806,136300575.70,3.32,-3.21,-2.37,5.22
2026-02-24,72.15,71.58,72.63,70.17,19007,136066319.81,3.44,0.21,0.15,5.28
2026-02-25,71.83,74.27,74.93,70.63,24762,183390496.60,6.01,3.76,2.69,6.88
2026-02-26,74.23,71.57,74.23,69.83,22927,164246485.42,5.92,-3.64,-2.70,6.37
2026-02-27,70.74,69.51,71.00,68.83,23050,160373268.20,3.03,-2.88,-2.06,6.40
2026-03-02,69.38,69.33,70.19,68.06,17744,122845899.84,3.06,-0.26,-0.18,4.93
2026-03-03,69.85,67.34,70.12,67.30,16863,115210035.87,4.07,-2.87,-1.99,4.68
2026-03-04,66.84,66.01,67.67,65.49,16366,108882259.47,3.24,-1.98,-1.33,4.54
2026-03-05,66.68,65.28,67.11,65.09,12588,82890263.49,3.06,-1.11,-0.73,3.50
2026-03-06,65.28,66.28,67.21,64.94,12463,83153301.63,3.48,1.53,1.00,3.46
2026-03-09,65.63,64.24,65.63,62.83,13065,83607935.97,4.22,-3.08,-2.04,3.63
2026-03-10,64.77,66.75,67.08,64.69,12977,86354947.03,3.72,3.91,2.51,3.60
2026-03-11,66.82,65.84,67.64,65.63,8367,55552397.50,3.01,-1.36,-0.91,2.32
2026-03-12,65.83,65.46,65.83,64.34,8735,57019188.24,2.26,-0.58,-0.38,2.43
2026-03-13,64.85,65.06,65.73,64.53,7897,51510926.48,1.83,-0.61,-0.40,2.19
2026-03-16,64.88,64.38,65.05,63.49,7628,49031661.51,2.40,-1.05,-0.68,2.12
2026-03-17,64.38,67.80,68.81,64.29,29042,195690153.74,7.02,5.31,3.42,8.07
2026-03-18,67.52,68.11,70.17,66.68,24732,169387997.45,5.15,0.46,0.31,6.87
2026-03-19,67.21,67.38,68.03,66.11,12019,80695811.62,2.82,-1.07,-0.73,3.34
2026-03-20,67.58,67.33,68.78,66.84,13052,88877295.92,2.88,-0.07,-0.05,3.62
2026-03-23,65.23,62.07,66.68,61.43,18109,115689266.65,7.80,-7.81,-5.26,5.03
2026-03-24,63.31,64.12,64.78,62.49,8877,56507544.48,3.69,3.30,2.05,2.47
2026-03-25,64.60,66.54,67.26,64.45,12510,83089459.72,4.38,3.77,2.42,3.47
2026-03-26,66.78,66.63,68.32,65.83,7062,47264801.59,3.74,0.14,0.09,1.96
2026-03-27,65.97,66.08,67.56,65.33,6901,46013008.21,3.35,-0.83,-0.55,1.92
2026-03-30,65.53,66.83,69.23,65.20,14873,100464071.95,6.10,1.13,0.75,4.13
2026-03-31,67.13,68.33,69.77,66.74,17537,119913962.97,4.53,2.24,1.50,4.87
2026-04-01,69.34,68.83,69.76,67.83,13671,94648053.53,2.82,0.73,0.50,3.80
2026-04-02,68.45,63.58,68.80,63.05,27728,180045939.01,8.35,-7.63,-5.25,7.70
2026-04-03,63.83,61.58,64.43,61.51,13561,85314913.91,4.59,-3.15,-2.00,3.77
2026-04-07,61.60,61.95,62.66,61.44,7050,43883794.84,1.98,0.60,0.37,1.96
2026-04-08,62.85,63.82,64.41,62.15,14740,93438751.18,3.65,3.02,1.87,4.09
2026-04-09,63.23,60.23,63.37,59.21,31263,189898099.92,6.52,-5.63,-3.59,8.68
2026-04-10,60.28,61.97,62.49,59.85,18074,111790611.39,4.38,2.89,1.74,5.02
2026-04-13,61.82,61.43,62.38,60.03,13013,79490248.27,3.79,-0.87,-0.54,3.61
2026-04-14,61.87,63.03,63.49,61.01,14360,90124950.72,4.04,2.60,1.60,3.99
2026-04-15,63.03,62.89,63.33,61.98,12097,75948410.06,2.14,-0.22,-0.14,3.36
2026-04-16,62.73,63.22,63.66,62.01,13879,87501746.06,2.62,0.52,0.33,3.85
2026-04-17,63.05,63.93,64.70,62.14,9175,58484012.04,4.05,1.12,0.71,2.55
2026-04-20,63.98,62.45,64.51,62.08,13526,85158063.00,3.80,-2.32,-1.48,3.76
2026-04-21,62.16,63.22,63.42,62.16,8618,54351568.77,2.02,1.23,0.77,2.39
2026-04-22,62.81,63.34,63.70,62.47,6746,42715172.00,1.95,0.19,0.12,1.87
2026-04-23,63.08,63.63,63.83,61.91,11336,71617555.39,3.03,0.46,0.29,3.15
2026-04-24,63.26,62.47,65.39,62.38,16229,103793503.01,4.73,-1.82,-1.16,4.51
2026-04-27,61.63,56.21,62.02,56.21,37011,210893809.87,9.30,-10.02,-6.26,10.28
2026-04-28,55.79,53.31,55.79,52.15,36958,197058269.86,6.48,-5.16,-2.90,10.26
2026-04-29,52.51,55.33,56.03,52.33,25498,138825888.12,6.94,3.79,2.02,7.08
2026-04-30,55.08,56.85,58.67,54.83,30850,177668461.24,6.94,2.75,1.52,8.57
2026-05-06,56.89,56.40,57.38,55.71,20185,114474938.76,2.94,-0.79,-0.45,5.61
2026-05-07,56.78,56.70,57.21,56.27,13488,76685251.70,1.67,0.53,0.30,3.75
2026-05-08,56.70,57.58,57.71,56.15,13029,74693787.20,2.75,1.55,0.88,3.62
2026-05-11,57.83,63.36,63.36,57.59,36986,229125264.32,10.02,10.04,5.78,10.27
2026-05-12,64.44,60.44,65.32,60.33,47669,296796570.70,7.88,-4.61,-2.92,13.24
2026-05-13,61.18,59.38,61.54,59.11,24714,148615567.49,4.02,-1.75,-1.06,6.86
2026-05-14,59.60,59.83,61.24,59.58,23399,141821542.70,2.80,0.76,0.45,6.50
2026-05-15,60.17,58.51,60.38,57.73,16736,98982045.23,4.43,-2.21,-1.32,4.65
2026-05-18,58.38,57.18,58.94,56.23,18639,106843937.94,4.63,-2.27,-1.33,5.18
2026-05-19,56.86,57.09,57.38,56.44,9419,53770330.00,1.64,-0.16,-0.09,2.62
2026-05-20,56.94,56.67,57.21,55.42,10193,57444929.93,3.14,-0.74,-0.42,2.83
2026-05-21,56.68,55.17,57.81,55.16,11836,67227160.21,4.68,-2.65,-1.50,3.29
2026-05-22,55.23,54.65,55.54,54.28,10304,56586573.38,2.28,-0.94,-0.52,2.86
2026-05-25,54.83,54.27,54.83,53.36,8493,46031584.01,2.69,-0.70,-0.38,2.36
2026-05-26,54.22,53.81,54.22,53.03,6606,35454598.05,2.19,-0.85,-0.46,1.83
2026-05-27,53.60,51.96,54.06,51.72,11941,62777213.18,4.35,-3.44,-1.85,3.32
2026-05-28,51.93,50.63,51.94,50.26,12502,63692906.63,3.23,-2.56,-1.33,3.47
2026-05-29,50.35,51.43,52.61,50.35,15996,82606272.02,4.46,1.58,0.80,4.44
2026-06-01,51.39,49.76,51.39,49.43,16038,80584649.48,3.81,-3.25,-1.67,4.45
2026-06-02,49.77,48.89,49.77,47.35,18292,88974296.00,4.86,-1.75,-0.87,5.08
2026-06-03,49.06,47.26,49.06,46.90,21000,99705773.33,4.42,-3.33,-1.63,5.83
2026-06-04,47.00,45.49,47.01,45.12,16044,73432397.70,4.00,-3.75,-1.77,4.46
2026-06-05,45.80,45.43,46.21,44.58,15648,71082722.85,3.58,-0.13,-0.06,4.35
2026-06-08,44.39,42.99,45.15,42.71,16838,73682438.03,5.37,-5.37,-2.44,4.68
2026-06-09,43.88,42.95,44.26,42.25,14323,61586995.45,4.68,-0.09,-0.04,3.98
2026-06-10,43.32,43.04,43.39,42.03,15746,67409390.05,3.17,0.21,0.09,4.37
2026-06-11,42.82,42.21,43.10,41.90,9263,39261533.88,2.79,-1.93,-0.83,2.57
2026-06-12,42.66,44.88,44.90,42.34,22904,100685043.82,6.06,6.33,2.67,6.36
2026-06-15,44.97,45.50,45.50,44.33,18835,84706116.59,2.61,1.38,0.62,5.23
2026-06-16,45.29,44.35,45.29,43.73,13312,58894106.74,3.43,-2.53,-1.15,3.70
2026-06-17,43.99,44.42,44.60,43.70,8372,36914234.19,2.03,0.16,0.07,2.32
2026-06-18,44.43,44.11,44.68,43.62,8159,36028060.70,2.39,-0.70,-0.31,2.27
2026-06-22,43.75,43.80,43.89,42.00,11502,49389063.86,4.28,-0.70,-0.31,3.19
2026-06-23,43.50,42.56,44.49,42.51,15928,69165279.24,4.52,-2.83,-1.24,4.42
2026-06-24,43.03,41.33,43.14,41.32,15126,63155260.78,4.28,-2.89,-1.23,4.20
2026-06-25,40.99,41.03,42.15,40.13,16201,66542485.00,4.89,-0.73,-0.30,4.50
2026-06-26,40.72,39.37,41.03,39.27,18241,72646386.67,4.29,-4.05,-1.66,5.07
2026-06-29,39.49,40.50,40.87,38.81,17992,72068967.48,5.23,2.87,1.13,5.00
2026-06-30,40.38,40.22,40.66,39.55,11777,47141753.02,2.74,-0.69,-0.28,3.27
2026-07-01,40.00,40.53,40.99,39.60,12343,49846499.15,3.46,0.77,0.31,3.43
2026-07-02,40.50,40.28,41.17,40.12,12259,49758427.84,2.59,-0.62,-0.25,3.40
2026-07-03,39.93,41.91,42.17,39.83,16657,68691115.40,5.81,4.05,1.63,4.63
2026-07-06,41.79,42.07,42.65,41.55,13354,56257499.36,2.62,0.38,0.16,3.71
2026-07-07,41.89,39.88,42.06,39.72,20494,82843394.44,5.56,-5.21,-2.19,5.69
2026-07-08,39.87,39.33,40.43,39.00,12027,47597986.20,3.59,-1.38,-0.55,3.34
2026-07-09,39.01,37.32,39.32,36.88,23685,89233325.20,6.20,-5.11,-2.01,6.58
2026-07-10,37.41,37.25,38.13,36.40,32823,122773426.58,4.64,-0.19,-0.07,9.12
2026-07-13,36.88,36.40,37.50,36.00,21819,79633043.08,4.03,-2.28,-0.85,6.06
2026-07-14,36.49,36.36,36.77,35.91,13386,48630541.82,2.36,-0.11,-0.04,3.72
2026-07-15,36.36,37.18,37.27,36.12,13485,49749864.92,3.16,2.26,0.82,3.74
2026-07-16,36.97,39.53,40.90,36.95,54867,217281871.10,10.62,6.32,2.35,15.24
2026-07-17,39.61,35.81,39.64,35.58,62723,229612470.48,10.27,-9.41,-3.72,17.42
2026-07-20,35.57,35.85,36.86,35.21,31484,113402775.54,4.61,0.11,0.04,8.74