2026-01-05,16.80,17.02,17.14,16.75,57472,97870351.00,2.32,1.37,0.23,1.02
2026-01-06,17.04,17.52,17.74,16.95,85241,148313291.00,4.64,2.94,0.50,1.52
2026-01-07,17.51,17.22,17.51,17.11,52523,91152307.00,2.28,-1.71,-0.30,0.94
2026-01-08,17.20,17.58,17.75,16.87,87153,151759362.00,5.11,2.09,0.36,1.55
2026-01-09,17.60,17.99,18.13,17.31,103627,184302630.00,4.66,2.33,0.41,1.85
2026-01-12,17.88,17.62,17.90,17.53,81395,144027614.00,2.06,-2.06,-0.37,1.45
2026-01-13,17.55,17.39,17.70,17.29,49399,86661823.00,2.33,-1.31,-0.23,0.88
2026-01-14,17.37,17.29,17.70,17.06,62340,108904767.00,3.68,-0.58,-0.10,1.11
2026-01-15,17.25,17.32,17.55,17.18,35174,61216896.00,2.14,0.17,0.03,0.63
2026-01-16,17.50,17.49,17.63,17.28,41589,72849972.00,2.02,0.98,0.17,0.74
2026-01-19,17.55,17.82,18.05,17.53,53368,95045818.00,2.97,1.89,0.33,0.95
2026-01-20,17.83,17.64,17.94,17.56,35005,62089622.00,2.13,-1.01,-0.18,0.62
2026-01-21,17.55,18.10,18.23,17.48,61411,111026858.00,4.25,2.61,0.46,1.09
2026-01-22,18.04,18.53,18.64,18.04,61670,113790568.00,3.31,2.38,0.43,1.10
2026-01-23,18.52,18.76,18.76,18.18,64725,120210677.00,3.13,1.24,0.23,1.15
2026-01-26,18.85,18.55,19.14,18.35,52840,98510043.00,4.21,-1.12,-0.21,0.94
2026-01-27,18.58,18.55,18.80,18.15,42206,78022984.00,3.50,0.00,0.00,0.75
2026-01-28,18.45,18.48,18.63,18.25,40097,73953102.00,2.05,-0.38,-0.07,0.71
2026-01-29,18.91,18.16,19.93,18.06,170995,324203433.00,10.12,-1.73,-0.32,3.05
2026-01-30,18.15,18.63,18.79,18.01,118096,219586980.00,4.30,2.59,0.47,2.10
2026-02-02,18.75,18.01,18.92,17.93,65603,120238745.00,5.31,-3.33,-0.62,1.17
2026-02-03,18.27,18.70,18.81,18.03,79588,148188010.00,4.33,3.83,0.69,1.42
2026-02-04,18.70,19.35,19.43,18.47,101274,192193762.00,5.13,3.48,0.65,1.80
2026-02-05,19.85,18.25,20.06,18.25,244219,471647432.00,9.35,-5.68,-1.10,4.35
2026-02-06,18.08,18.62,19.10,17.75,86883,161246639.00,7.40,2.03,0.37,1.55
2026-02-09,18.85,18.68,19.14,18.53,67652,127661484.00,3.28,0.32,0.06,1.21
2026-02-10,18.84,18.45,18.84,18.41,40608,75575219.00,2.30,-1.23,-0.23,0.72
2026-02-11,18.08,18.73,18.95,18.08,69992,130749711.00,4.72,1.52,0.28,1.25
2026-02-12,18.82,18.82,19.33,18.49,61285,115627655.00,4.48,0.48,0.09,1.09
2026-02-13,18.67,18.21,18.83,18.18,42498,78414004.00,3.45,-3.24,-0.61,0.76
2026-02-24,18.40,18.17,18.50,18.08,29908,54725583.00,2.31,-0.22,-0.04,0.53
2026-02-25,18.20,17.99,18.37,17.91,36911,66691847.00,2.53,-0.99,-0.18,0.66
2026-02-26,17.93,18.21,18.33,17.86,36064,65538339.00,2.61,1.22,0.22,0.64
2026-02-27,18.09,18.01,18.31,17.96,26766,48560997.00,1.92,-1.10,-0.20,0.48
2026-03-02,17.65,17.12,17.65,16.80,74386,128104420.00,4.72,-4.94,-0.89,1.33
2026-03-03,16.99,16.46,17.30,16.40,40026,67485642.00,5.26,-3.86,-0.66,0.71
2026-03-04,16.44,16.58,16.74,16.27,37550,62149173.00,2.86,0.73,0.12,0.67
2026-03-05,16.95,16.68,17.13,16.59,38506,65051619.00,3.26,0.60,0.10,0.69
2026-03-06,16.76,16.85,16.99,16.63,22074,37348207.00,2.16,1.02,0.17,0.39
2026-03-09,16.84,16.73,16.94,16.43,43753,73185776.00,3.03,-0.71,-0.12,0.78
2026-03-10,16.68,17.54,17.62,16.63,71423,123776643.00,5.92,4.84,0.81,1.27
2026-03-11,17.45,17.05,17.68,17.04,49325,85836597.00,3.65,-2.79,-0.49,0.88
2026-03-12,17.08,16.74,17.08,16.59,24310,40923103.00,2.87,-1.82,-0.31,0.43
2026-03-13,16.66,16.81,17.16,16.54,22706,38363981.00,3.70,0.42,0.07,0.40
2026-03-16,17.00,17.57,17.60,16.74,59138,102654025.00,5.12,4.52,0.76,1.05
2026-03-17,17.55,17.71,17.90,17.52,64586,114680410.00,2.16,0.80,0.14,1.15
2026-03-18,17.80,18.45,18.50,17.65,83457,152506821.00,4.80,4.18,0.74,1.49
2026-03-19,17.95,17.89,18.43,17.77,65692,118364639.00,3.58,-3.04,-0.56,1.17
2026-03-20,17.90,17.47,18.15,17.47,39053,69380716.00,3.80,-2.35,-0.42,0.70
2026-03-23,16.95,15.72,17.07,15.72,97783,157764973.00,7.73,-10.02,-1.75,1.74
2026-03-24,15.95,15.67,16.01,15.16,82396,128589531.00,5.41,-0.32,-0.05,1.47
2026-03-25,15.76,15.66,16.00,15.52,59042,93356695.00,3.06,-0.06,-0.01,1.05
2026-03-26,15.72,15.63,15.95,15.55,63482,100421077.00,2.55,-0.19,-0.03,1.13
2026-03-27,15.36,15.47,15.79,15.34,59167,92357964.00,2.88,-1.02,-0.16,1.05
2026-03-30,15.28,15.46,15.71,15.16,40189,62402577.00,3.56,-0.06,-0.01,0.72
2026-03-31,15.49,15.40,15.60,15.20,47356,72975066.00,2.59,-0.39,-0.06,0.84
2026-04-01,15.54,16.10,16.45,15.42,84461,135155024.00,6.69,4.55,0.70,1.50
2026-04-02,16.08,15.85,16.11,15.63,47400,75261244.00,2.98,-1.55,-0.25,0.84
2026-04-03,15.85,15.72,15.99,15.51,37376,58888976.00,3.03,-0.82,-0.13,0.67
2026-04-07,15.74,15.88,16.10,15.72,39217,62485581.00,2.42,1.02,0.16,0.70
2026-04-08,16.04,16.24,16.28,16.03,37733,61087653.00,1.57,2.27,0.36,0.67
2026-04-09,16.14,16.48,16.92,16.13,59000,98150960.00,4.86,1.48,0.24,1.05
2026-04-10,16.49,16.75,17.03,16.49,53846,90763734.00,3.28,1.64,0.27,0.96
2026-04-13,16.64,16.36,16.76,16.30,38466,63376307.00,2.75,-2.33,-0.39,0.69
2026-04-14,16.43,16.59,16.73,16.33,46404,76873213.00,2.44,1.41,0.23,0.83
2026-04-15,16.59,16.25,16.65,16.17,26304,43181511.00,2.89,-2.05,-0.34,0.47
2026-04-16,16.28,16.42,16.50,16.21,29301,48195848.00,1.78,1.05,0.17,0.52
2026-04-17,16.42,16.22,16.45,16.15,29751,48653280.00,1.83,-1.22,-0.20,0.53
2026-04-20,16.27,16.61,16.73,16.19,66236,109833046.00,3.33,2.40,0.39,1.18
2026-04-21,16.58,16.29,16.58,16.25,50796,83442983.00,1.99,-1.93,-0.32,0.90
2026-04-22,16.25,16.39,16.55,16.09,46225,75873753.00,2.82,0.61,0.10,0.82
2026-04-23,16.51,17.29,17.45,16.28,140311,238803491.00,7.14,5.49,0.90,2.50
2026-04-24,17.25,17.08,17.53,17.00,68521,118038642.00,3.07,-1.21,-0.21,1.22
2026-04-27,17.42,17.53,17.60,16.95,58061,100902469.00,3.81,2.63,0.45,1.03
2026-04-28,17.53,17.28,17.88,17.20,61346,107062925.00,3.88,-1.43,-0.25,1.09
2026-04-29,16.95,16.39,16.95,15.85,119328,195293961.00,6.37,-5.15,-0.89,2.13
2026-04-30,16.39,16.58,16.76,16.12,66612,109848484.00,3.90,1.16,0.19,1.19
2026-05-06,16.49,16.90,17.05,16.49,79457,134381307.00,3.38,1.93,0.32,1.42
2026-05-07,16.85,16.78,17.18,16.74,51932,88372857.00,2.60,-0.71,-0.12,0.93
2026-05-08,16.56,16.93,16.94,16.45,46267,77486175.00,2.92,0.89,0.15,0.82
2026-05-11,16.93,17.33,17.36,16.91,69692,120238581.00,2.66,2.36,0.40,1.24
2026-05-12,17.58,16.64,17.58,16.62,52274,88747067.00,5.54,-3.98,-0.69,0.93
2026-05-13,16.59,17.77,18.19,15.90,188250,324260786.00,13.76,6.79,1.13,3.35
2026-05-14,17.80,17.89,18.58,17.65,189665,345249691.00,5.23,0.68,0.12,3.38
2026-05-15,17.87,18.30,18.40,17.66,124766,226423047.00,4.14,2.29,0.41,2.22
2026-05-18,18.40,18.13,18.44,17.61,105348,190709703.00,4.54,-0.93,-0.17,1.88
2026-05-19,18.00,18.57,18.63,18.00,92337,170511249.00,3.47,2.43,0.44,1.64
2026-05-20,18.45,18.40,18.65,18.07,99064,181660812.00,3.12,-0.92,-0.17,1.76
2026-05-21,18.61,18.06,19.05,18.00,123157,230101040.00,5.71,-1.85,-0.34,2.19
2026-05-22,18.10,18.15,18.53,18.03,84510,154717325.00,2.77,0.50,0.09,1.51
2026-05-25,18.15,17.90,18.15,17.43,78518,140322223.00,3.97,-1.38,-0.25,1.40
2026-05-26,17.99,18.15,18.44,17.79,92020,166965339.00,3.63,1.40,0.25,1.64
2026-05-27,18.09,17.47,18.15,17.32,59738,106150165.00,4.57,-3.75,-0.68,1.06
2026-05-28,17.47,16.69,17.60,16.33,77041,130251154.00,7.27,-4.46,-0.78,1.37
2026-05-29,16.69,15.96,16.82,15.81,60489,98185323.00,6.05,-4.37,-0.73,1.08
2026-06-01,15.91,16.00,16.17,15.74,55778,89339959.00,2.69,0.25,0.04,0.99
2026-06-02,16.08,16.44,16.64,15.40,69099,111217304.00,7.75,2.75,0.44,1.23
2026-06-03,16.52,16.75,17.22,16.40,71978,120566581.00,4.99,1.89,0.31,1.28
2026-06-04,16.66,16.30,16.91,16.24,42703,70554253.00,4.00,-2.69,-0.45,0.76
2026-06-05,16.29,15.83,16.43,15.42,60941,96366737.00,6.20,-2.88,-0.47,1.09
2026-06-08,15.25,15.52,16.14,15.19,54079,84553110.00,6.00,-1.96,-0.31,0.96
2026-06-09,15.63,15.40,15.68,15.15,44192,67918278.00,3.41,-0.77,-0.12,0.79
2026-06-10,15.31,14.89,15.36,14.72,50376,75494697.00,4.16,-3.31,-0.51,0.90
2026-06-11,14.89,14.82,15.03,14.34,52604,77218781.00,4.63,-0.47,-0.07,0.94
2026-06-12,14.91,14.82,15.09,14.70,35521,52803730.00,2.63,0.00,0.00,0.63
2026-06-15,15.00,15.23,15.38,14.81,79667,120734838.00,3.85,2.77,0.41,1.42
2026-06-16,15.33,15.57,15.65,15.00,60739,93178205.00,4.27,2.23,0.34,1.08
2026-06-17,15.89,15.27,15.95,15.05,87377,134482476.00,5.78,-1.93,-0.30,1.56
2026-06-18,15.21,15.38,15.60,15.13,65404,100581964.00,3.08,0.72,0.11,1.17
2026-06-22,15.62,14.90,15.62,14.70,59641,89857865.00,5.98,-3.12,-0.48,1.06
2026-06-23,14.76,14.74,15.08,14.64,46889,69493909.00,2.95,-1.07,-0.16,0.84
2026-06-24,14.74,15.08,15.25,14.28,63551,94113175.00,6.58,2.31,0.34,1.13
2026-06-25,15.11,14.56,15.19,14.54,65431,96817301.00,4.31,-3.45,-0.52,1.17
2026-06-26,14.56,14.09,14.56,14.00,53274,75708686.00,3.85,-3.23,-0.47,0.95