2026-01-05,15.54,15.57,15.69,15.30,110033,172081108.00,2.50,0.00,0.00,2.72
2026-01-06,15.55,15.91,15.95,15.41,143847,227717004.00,3.47,2.18,0.34,3.56
2026-01-07,15.86,15.64,15.86,15.59,88509,140172775.00,1.70,-1.70,-0.27,2.19
2026-01-08,15.53,16.13,16.34,15.43,152370,245738058.00,5.82,3.13,0.49,3.77
2026-01-09,16.18,16.40,16.86,16.03,182233,300969002.00,5.15,1.67,0.27,4.51
2026-01-12,16.44,16.60,16.74,16.37,177332,296243995.00,2.26,1.22,0.20,4.39
2026-01-13,16.55,15.83,16.55,15.82,152836,248280821.00,4.40,-4.64,-0.77,3.78
2026-01-14,15.83,15.52,16.09,15.33,158907,251078364.00,4.80,-1.96,-0.31,3.93
2026-01-15,15.46,15.43,15.68,15.36,70495,110214152.00,2.06,-0.58,-0.09,1.74
2026-01-16,15.45,15.22,15.54,15.17,70918,109607307.00,2.40,-1.36,-0.21,1.76
2026-01-19,15.22,15.57,15.81,15.16,98282,153764081.00,4.27,2.30,0.35,2.43
2026-01-20,15.51,15.45,16.04,15.32,97635,153423762.00,4.62,-0.77,-0.12,2.42
2026-01-21,15.46,15.40,15.66,15.31,56830,88677133.00,2.27,-0.32,-0.05,1.41
2026-01-22,15.51,16.01,16.27,15.42,158860,254166053.00,5.52,3.96,0.61,3.93
2026-01-23,15.92,15.93,16.01,15.67,96633,154483586.00,2.12,-0.50,-0.08,2.39
2026-01-26,15.89,15.20,15.93,15.14,120989,188025843.00,4.96,-4.58,-0.73,2.99
2026-01-27,15.20,15.46,15.49,14.82,85148,130304002.00,4.41,1.71,0.26,2.11
2026-01-28,15.43,15.05,15.51,15.04,55979,85704955.00,3.04,-2.65,-0.41,1.39
2026-01-29,15.03,14.78,15.09,14.76,60637,91290099.00,2.19,-1.79,-0.27,1.50
2026-01-30,14.71,14.53,14.81,14.38,58281,85618038.00,2.91,-1.69,-0.25,1.44
2026-02-02,14.51,14.29,14.68,14.26,46717,68270466.00,2.89,-1.65,-0.24,1.16
2026-02-03,14.35,14.67,14.73,14.32,49097,72202200.00,2.87,2.66,0.38,1.22
2026-02-04,14.60,15.29,15.52,14.57,131322,200887084.00,6.48,4.23,0.62,3.25
2026-02-05,15.11,15.19,15.46,15.05,59266,91312024.00,2.68,-0.65,-0.10,1.47
2026-02-06,15.05,14.95,15.18,14.86,58285,88221348.00,2.11,-1.58,-0.24,1.44
2026-02-09,15.02,15.03,15.19,14.91,52302,79167339.00,1.87,0.54,0.08,1.29
2026-02-10,15.00,15.42,15.62,14.88,122904,190091005.00,4.92,2.59,0.39,3.04
2026-02-11,15.41,15.26,15.41,15.21,59125,91175578.00,1.30,-1.04,-0.16,1.46
2026-02-12,15.31,15.18,15.38,15.09,40587,62470292.00,1.90,-0.52,-0.08,1.00
2026-02-13,15.14,15.27,15.46,15.10,50477,78212062.00,2.37,0.59,0.09,1.25
2026-02-24,15.36,15.45,15.50,15.16,64062,99504648.00,2.23,1.18,0.18,1.59
2026-02-25,15.47,15.40,15.54,15.34,55221,86009440.00,1.29,-0.32,-0.05,1.37
2026-02-26,15.44,15.71,15.95,15.34,98998,156582100.00,3.96,2.01,0.31,2.45
2026-02-27,15.61,15.86,16.23,15.58,107197,172853592.00,4.14,0.95,0.15,2.65
2026-03-02,15.86,15.71,16.07,15.62,97079,154527269.00,2.84,-0.95,-0.15,2.40
2026-03-03,15.65,14.78,15.83,14.78,118707,182254366.00,6.68,-5.92,-0.93,2.94
2026-03-04,14.46,14.82,14.94,14.42,71797,106885664.00,3.52,0.27,0.04,1.78
2026-03-05,14.94,14.82,15.09,14.72,59366,89559151.00,2.50,0.00,0.00,1.47
2026-03-06,14.80,15.08,15.30,14.70,51855,79012911.00,4.05,1.75,0.26,1.28
2026-03-09,14.87,14.68,14.98,14.49,68637,101716765.00,3.25,-2.65,-0.40,1.70
2026-03-10,14.76,15.10,15.16,14.76,56243,85470456.00,2.72,2.86,0.42,1.39
2026-03-11,15.19,14.89,15.19,14.84,51437,77489531.00,2.32,-1.39,-0.21,1.27
2026-03-12,14.89,14.63,14.89,14.56,54743,81047991.00,2.22,-1.75,-0.26,1.35
2026-03-13,14.54,14.48,14.72,14.44,46713,68673384.00,1.91,-1.03,-0.15,1.16
2026-03-16,14.59,14.71,14.71,14.46,50950,75158109.00,1.73,1.59,0.23,1.26
2026-03-17,14.75,14.46,14.82,14.42,54754,80867070.00,2.72,-1.70,-0.25,1.36
2026-03-18,14.42,14.86,14.88,14.41,61664,91297905.00,3.25,2.77,0.40,1.53
2026-03-19,14.73,14.26,14.80,14.20,69701,101684911.00,4.04,-4.04,-0.60,1.73
2026-03-20,14.31,13.87,14.38,13.87,61959,87661935.00,3.58,-2.73,-0.39,1.53
2026-03-23,13.65,13.03,13.65,12.90,69125,92719244.00,5.41,-6.06,-0.84,1.71
2026-03-24,13.24,13.37,13.39,13.03,45159,60260263.00,2.76,2.61,0.34,1.12
2026-03-25,13.40,13.69,13.74,13.40,42335,58210950.00,2.54,2.39,0.32,1.05
2026-03-26,13.68,13.53,13.80,13.46,29893,41067022.00,2.48,-1.17,-0.16,0.74
2026-03-27,13.36,13.72,13.80,13.36,27359,37843578.00,3.25,1.40,0.19,0.68
2026-03-30,13.56,13.74,13.81,13.53,30688,42440361.00,2.04,0.15,0.02,0.76
2026-03-31,13.69,13.65,13.93,13.65,31008,43254090.00,2.04,-0.66,-0.09,0.77
2026-04-01,13.81,13.76,13.87,13.66,26743,37145953.00,1.54,0.81,0.11,0.66
2026-04-02,13.71,13.63,13.90,13.56,31153,43173166.00,2.47,-0.94,-0.13,0.77
2026-04-03,13.79,13.47,13.79,13.36,24340,33165305.00,3.15,-1.17,-0.16,0.60
2026-04-07,13.37,13.45,13.50,13.37,23348,31686491.00,0.97,-0.15,-0.02,0.58
2026-04-08,13.61,13.89,13.91,13.61,36173,50484974.00,2.23,3.27,0.44,0.90
2026-04-09,13.96,13.77,13.96,13.71,30983,43252092.00,1.80,-0.86,-0.12,0.77
2026-04-10,13.76,13.87,14.02,13.69,26676,37569017.00,2.40,0.73,0.10,0.66
2026-04-13,13.82,13.94,14.00,13.77,28147,39541903.00,1.66,0.50,0.07,0.70
2026-04-14,14.01,14.03,14.08,13.90,36775,52009385.00,1.29,0.65,0.09,0.91
2026-04-15,14.09,14.06,14.34,14.00,45089,64509271.00,2.42,0.21,0.03,1.12
2026-04-16,14.06,13.97,14.11,13.91,55112,77833968.00,1.42,-0.64,-0.09,1.36
2026-04-17,13.92,14.01,14.05,13.76,47082,66234475.00,2.08,0.29,0.04,1.17
2026-04-20,13.97,14.12,14.14,13.94,27696,39314401.00,1.43,0.79,0.11,0.69
2026-04-21,14.12,14.03,14.15,13.95,31296,44371392.00,1.42,-0.64,-0.09,0.77
2026-04-22,13.92,13.92,14.03,13.90,30456,42914775.00,0.93,-0.78,-0.11,0.75
2026-04-23,13.86,13.75,13.99,13.72,33886,47312147.00,1.94,-1.22,-0.17,0.84
2026-04-24,13.72,13.54,13.80,13.48,36848,50540045.00,2.33,-1.53,-0.21,0.91
2026-04-27,13.63,13.76,13.78,13.45,39529,54543498.00,2.44,1.62,0.22,0.98
2026-04-28,13.66,13.38,13.75,13.31,44315,60382157.00,3.20,-2.76,-0.38,1.10
2026-04-29,13.36,13.52,13.59,13.32,25443,34683655.00,2.02,1.05,0.14,0.63
2026-04-30,13.56,13.56,13.70,13.41,29364,40373493.00,2.14,0.30,0.04,0.73
2026-05-06,13.56,13.57,13.69,13.52,61639,84618361.00,1.25,0.07,0.01,1.53
2026-05-07,13.57,13.44,13.65,13.42,57338,78215909.00,1.69,-0.96,-0.13,1.42
2026-05-08,13.42,13.84,13.86,13.38,70444,97211225.00,3.57,2.98,0.40,1.74
2026-05-11,13.84,13.74,13.88,13.58,64571,89344209.00,2.17,-0.72,-0.10,1.60
2026-05-12,13.74,13.60,13.78,13.40,50940,69736381.00,2.77,-1.02,-0.14,1.26
2026-05-13,13.53,13.71,13.84,13.44,55592,76779753.00,2.94,0.81,0.11,1.38
2026-05-14,13.76,13.25,13.76,13.24,55921,75603810.00,3.79,-3.36,-0.46,1.38
2026-05-15,13.28,13.25,13.47,13.16,33820,45468057.00,2.34,0.00,0.00,0.84
2026-05-18,13.18,13.13,13.30,13.01,37567,49770953.00,2.19,-0.91,-0.12,0.93
2026-05-19,13.06,13.12,13.25,12.91,42040,55453869.00,2.59,-0.08,-0.01,1.04
2026-05-20,13.09,12.81,13.09,12.76,49712,64540775.00,2.52,-2.36,-0.31,1.23
2026-05-21,12.78,12.55,13.01,12.53,45615,59199222.00,3.75,-2.03,-0.26,1.13
2026-05-22,12.65,12.69,12.85,12.47,51431,65926605.00,3.03,1.12,0.14,1.27
2026-05-25,12.70,12.56,12.81,12.46,38780,49280317.00,2.76,-1.02,-0.13,0.96
2026-05-26,12.47,12.33,12.53,12.16,37208,46265216.00,2.95,-1.83,-0.23,0.92
2026-05-27,12.33,12.01,12.39,11.92,34218,41803727.00,3.81,-2.60,-0.32,0.85
2026-05-28,12.04,12.10,12.21,11.89,33327,40687513.00,2.66,0.75,0.09,0.82
2026-05-29,12.14,11.91,12.19,11.84,33772,40481378.00,2.89,-1.57,-0.19,0.84
2026-06-01,11.82,12.15,12.25,11.82,34316,41512892.00,3.61,2.02,0.24,0.85
2026-06-02,12.35,11.95,12.39,11.88,39540,47646599.00,4.20,-1.65,-0.20,0.98
2026-06-03,11.85,11.72,12.03,11.65,41510,48920950.00,3.18,-1.92,-0.23,1.03
2026-06-04,11.69,11.55,11.77,11.48,31050,36001944.00,2.47,-1.45,-0.17,0.77
2026-06-05,11.55,11.65,11.80,11.45,35152,40944124.00,3.03,0.87,0.10,0.87
2026-06-08,11.48,11.29,11.68,11.10,41656,47416164.00,4.98,-3.09,-0.36,1.03
2026-06-09,11.35,11.17,11.37,11.07,45687,51122542.00,2.66,-1.06,-0.12,1.13
2026-06-10,11.12,11.05,11.28,10.94,37179,41088310.00,3.04,-1.07,-0.12,0.92
2026-06-11,11.08,10.92,11.09,10.79,34441,37513698.00,2.71,-1.18,-0.13,0.85
2026-06-12,10.99,11.34,11.43,10.99,53170,60111666.00,4.03,3.85,0.42,1.32
2026-06-15,11.25,11.50,11.76,11.25,49780,57321055.00,4.50,1.41,0.16,1.23
2026-06-16,11.50,11.31,11.56,11.25,42217,48022829.00,2.70,-1.65,-0.19,1.04
2026-06-17,11.35,11.16,11.35,11.04,30287,33708612.00,2.74,-1.33,-0.15,0.75
2026-06-18,11.16,11.19,11.31,10.91,35828,40010506.00,3.58,0.27,0.03,0.89
2026-06-22,11.09,11.16,11.19,10.80,41816,45906954.00,3.49,-0.27,-0.03,1.03
2026-06-23,11.16,11.12,11.37,11.06,35846,40325956.00,2.78,-0.36,-0.04,0.89
2026-06-24,11.09,10.96,11.17,10.79,38162,41723505.00,3.42,-1.44,-0.16,0.94
2026-06-25,10.92,10.75,11.02,10.67,36172,38973756.00,3.19,-1.92,-0.21,0.90
2026-06-26,10.68,10.55,10.75,10.43,39598,41854296.00,2.98,-1.86,-0.20,0.98
2026-06-29,10.53,10.62,10.68,10.20,47525,49804007.00,4.55,0.66,0.07,1.18