2026-01-05,17.45,17.79,17.80,17.33,24400,45120273.00,2.70,2.07,0.36,0.33
2026-01-06,17.73,17.78,17.79,17.37,19083,35367639.00,2.36,-0.06,-0.01,0.26
2026-01-07,17.76,17.62,18.04,17.55,15317,28377623.00,2.76,-0.90,-0.16,0.21
2026-01-08,17.54,17.87,17.87,17.37,13574,25198601.00,2.84,1.42,0.25,0.18
2026-01-09,17.83,17.70,18.01,17.62,22949,42606343.00,2.18,-0.95,-0.17,0.31
2026-01-12,17.65,17.77,17.80,17.46,16776,31097931.00,1.92,0.40,0.07,0.23
2026-01-13,17.96,17.91,18.31,17.79,29768,56249329.00,2.93,0.79,0.14,0.40
2026-01-14,17.93,17.71,18.03,17.55,27696,51662953.00,2.68,-1.12,-0.20,0.38
2026-01-15,17.57,17.72,17.81,17.55,13103,24288779.00,1.47,0.06,0.01,0.18
2026-01-16,17.75,17.88,18.04,17.72,21369,40011405.00,1.81,0.90,0.16,0.29
2026-01-19,17.89,17.89,17.92,17.65,14058,26213251.00,1.51,0.06,0.01,0.19
2026-01-20,17.97,18.63,18.77,17.88,43974,85042477.00,4.97,4.14,0.74,0.60
2026-01-21,18.60,18.47,18.69,18.27,21573,41597067.00,2.25,-0.86,-0.16,0.29
2026-01-22,18.53,18.60,18.75,18.38,17809,34558252.00,2.00,0.70,0.13,0.24
2026-01-23,18.67,18.52,18.71,18.41,17525,33951904.00,1.61,-0.43,-0.08,0.24
2026-01-26,18.50,18.72,18.77,18.21,21745,42261456.00,3.02,1.08,0.20,0.30
2026-01-27,18.57,19.02,19.26,18.25,35512,69826179.00,5.40,1.60,0.30,0.48
2026-01-28,18.99,19.13,19.20,18.73,23446,46451042.00,2.47,0.58,0.11,0.32
2026-01-29,19.05,18.82,19.51,18.75,33424,66592279.00,3.97,-1.62,-0.31,0.45
2026-01-30,18.85,19.40,19.64,18.82,38506,77752581.00,4.36,3.08,0.58,0.52
2026-02-02,19.40,19.54,19.89,19.08,43939,89466287.00,4.18,0.72,0.14,0.60
2026-02-03,19.42,18.48,19.57,18.34,66772,130584964.00,6.29,-5.42,-1.06,0.91
2026-02-04,18.18,18.39,18.61,18.04,32008,61356628.00,3.08,-0.49,-0.09,0.43
2026-02-05,18.41,18.93,19.10,18.32,35677,70291727.00,4.24,2.94,0.54,0.48
2026-02-06,18.80,18.63,18.93,18.58,24276,47452927.00,1.85,-1.58,-0.30,0.33
2026-02-09,18.72,18.68,18.73,18.45,15510,30110118.00,1.50,0.27,0.05,0.21
2026-02-10,18.68,18.70,18.85,18.53,12873,25132901.00,1.71,0.11,0.02,0.17
2026-02-11,18.66,18.69,18.82,18.65,11272,22079618.00,0.91,-0.05,-0.01,0.15
2026-02-12,18.54,18.46,18.74,18.36,12884,24901509.00,2.03,-1.23,-0.23,0.17
2026-02-13,18.45,18.25,18.59,18.20,12548,24126063.00,2.11,-1.14,-0.21,0.17
2026-02-24,18.38,18.22,18.59,18.17,19120,36685574.00,2.30,-0.16,-0.03,0.26
2026-02-25,18.17,18.24,18.37,18.15,11787,22507447.00,1.21,0.11,0.02,0.16
2026-02-26,18.23,17.95,18.31,17.89,15630,29507271.00,2.30,-1.59,-0.29,0.21
2026-02-27,17.97,17.85,18.02,17.79,14602,27327339.00,1.28,-0.56,-0.10,0.20
2026-03-02,17.71,17.56,17.81,17.45,12843,23679129.00,2.02,-1.62,-0.29,0.17
2026-03-03,17.52,17.37,17.75,17.25,17526,32117264.00,2.85,-1.08,-0.19,0.24
2026-03-04,17.36,17.06,17.40,16.95,18910,34049609.00,2.59,-1.78,-0.31,0.26
2026-03-05,17.25,17.93,18.13,17.16,44193,82252197.00,5.69,5.10,0.87,0.60
2026-03-06,17.75,17.78,17.98,17.57,17402,32293444.00,2.29,-0.84,-0.15,0.24
2026-03-09,17.57,17.43,17.75,17.33,14271,26269841.00,2.36,-1.97,-0.35,0.19
2026-03-10,17.50,17.59,17.60,17.43,12551,23053848.00,0.98,0.92,0.16,0.17
2026-03-11,17.56,17.98,18.02,17.45,20580,38383104.00,3.24,2.22,0.39,0.28
2026-03-12,18.04,17.67,18.05,17.65,11488,21449207.00,2.22,-1.72,-0.31,0.16
2026-03-13,17.65,17.87,18.10,17.65,13734,25747247.00,2.55,1.13,0.20,0.19
2026-03-16,17.84,18.16,18.19,17.78,13971,26387254.00,2.29,1.62,0.29,0.19
2026-03-17,18.21,18.11,18.45,18.07,14310,27370799.00,2.09,-0.28,-0.05,0.19
2026-03-18,18.16,18.43,18.47,18.11,15058,28854159.00,1.99,1.77,0.32,0.20
2026-03-19,18.29,18.17,18.47,18.17,11255,21570320.00,1.63,-1.41,-0.26,0.15
2026-03-20,18.29,18.17,18.51,18.06,15823,30344596.00,2.48,0.00,0.00,0.21
2026-03-23,18.05,17.42,18.10,17.31,27496,50881177.00,4.35,-4.13,-0.75,0.37
2026-03-24,17.60,18.31,18.35,17.56,16276,30707327.00,4.54,5.11,0.89,0.22
2026-03-25,18.46,18.26,18.46,17.94,23692,45117735.00,2.84,-0.27,-0.05,0.32
2026-03-26,18.23,18.57,18.83,18.18,24666,47986424.00,3.56,1.70,0.31,0.33
2026-03-27,18.53,18.13,18.57,18.08,18545,35384995.00,2.64,-2.37,-0.44,0.25
2026-03-30,17.95,18.38,18.45,17.86,16531,31663299.00,3.25,1.38,0.25,0.22
2026-03-31,18.38,18.24,18.56,18.07,20543,39322706.00,2.67,-0.76,-0.14,0.28
2026-04-01,18.35,18.67,18.69,18.24,26904,52171207.00,2.47,2.36,0.43,0.37
2026-04-02,18.74,18.58,18.78,18.40,14843,28770542.00,2.04,-0.48,-0.09,0.20
2026-04-03,18.52,18.77,18.91,18.48,22548,44181147.00,2.31,1.02,0.19,0.31
2026-04-07,18.78,18.48,19.09,18.44,33128,64904496.00,3.46,-1.55,-0.29,0.45
2026-04-08,18.35,18.68,18.69,18.17,28020,54320231.00,2.81,1.08,0.20,0.38
2026-04-09,18.65,18.49,18.95,18.36,17526,34027769.00,3.16,-1.02,-0.19,0.24
2026-04-10,18.38,18.43,18.69,18.31,21336,41161915.00,2.06,-0.32,-0.06,0.29
2026-04-13,18.37,18.17,18.37,17.98,19066,36234301.00,2.12,-1.41,-0.26,0.26
2026-04-14,18.36,18.46,18.53,18.04,18210,34911046.00,2.70,1.60,0.29,0.25
2026-04-15,18.53,18.92,18.99,18.46,21386,42068436.00,2.87,2.49,0.46,0.29
2026-04-16,19.05,19.25,19.35,18.93,23123,46325034.00,2.22,1.74,0.33,0.31
2026-04-17,19.16,19.51,19.65,19.05,27480,55636966.00,3.12,1.35,0.26,0.37
2026-04-20,19.50,19.92,20.18,19.50,26191,54434950.00,3.49,2.10,0.41,0.36
2026-04-21,19.93,19.85,20.07,19.75,16496,34182356.00,1.61,-0.35,-0.07,0.22
2026-04-22,19.85,20.13,20.31,19.66,25935,54444056.00,3.27,1.41,0.28,0.35
2026-04-23,19.61,19.03,20.01,18.86,42044,84369707.00,5.71,-5.46,-1.10,0.57
2026-04-24,18.95,18.95,19.12,18.66,31379,62005756.00,2.42,-0.42,-0.08,0.43
2026-04-27,19.20,19.89,19.89,19.00,35170,71910434.00,4.70,4.96,0.94,0.48
2026-04-28,19.71,19.63,19.75,19.21,19109,38792271.00,2.71,-1.31,-0.26,0.26
2026-04-29,19.62,19.63,19.75,19.35,16184,33067171.00,2.04,0.00,0.00,0.22
2026-04-30,19.75,19.41,19.77,19.37,20002,40754431.00,2.04,-1.12,-0.22,0.27
2026-05-06,19.41,20.71,20.97,19.41,48522,104106400.00,8.04,6.70,1.30,0.66
2026-05-07,20.74,20.10,20.74,19.88,35779,75110892.00,4.15,-2.95,-0.61,0.49
2026-05-08,20.02,19.91,20.08,19.68,19550,40420107.00,1.99,-0.95,-0.19,0.27
2026-05-11,19.90,19.58,19.92,19.15,34720,70695770.00,3.87,-1.66,-0.33,0.47
2026-05-12,19.52,19.19,19.52,18.96,25628,51367036.00,2.86,-1.99,-0.39,0.35
2026-05-13,19.16,19.10,19.30,18.81,31445,62480513.00,2.55,-0.47,-0.09,0.43
2026-05-14,19.08,19.14,19.23,18.81,12439,24810201.00,2.20,0.21,0.04,0.17
2026-05-15,19.11,18.71,19.13,18.59,14226,27936405.00,2.82,-2.25,-0.43,0.19
2026-05-18,18.75,18.79,18.80,18.47,13609,26519119.00,1.76,0.43,0.08,0.18
2026-05-19,18.75,18.67,18.86,18.46,14328,27874899.00,2.13,-0.64,-0.12,0.19
2026-05-20,18.51,18.86,18.95,18.37,11958,23475689.00,3.11,1.02,0.19,0.16
2026-05-21,18.84,18.70,19.14,18.70,14313,28315716.00,2.33,-0.85,-0.16,0.19
2026-05-22,18.85,19.20,19.33,18.53,15955,31769384.00,4.28,2.67,0.50,0.22
2026-05-25,19.20,18.95,19.34,18.61,12938,25531897.00,3.80,-1.30,-0.25,0.18
2026-05-26,18.83,18.75,18.90,18.41,12762,24876032.00,2.59,-1.06,-0.20,0.17
2026-05-27,18.58,18.81,18.94,18.56,9502,18608726.00,2.03,0.32,0.06,0.13
2026-05-28,18.81,18.28,18.83,18.11,13752,26459349.00,3.83,-2.82,-0.53,0.19
2026-05-29,18.16,18.43,18.77,18.16,11589,22480753.00,3.34,0.82,0.15,0.16
2026-06-01,18.62,17.85,18.62,17.43,35956,67114907.00,6.46,-3.15,-0.58,0.49
2026-06-02,17.83,18.06,18.23,17.52,28220,53014007.00,3.98,1.18,0.21,0.38
2026-06-03,18.03,17.91,18.11,17.66,10833,20341025.00,2.49,-0.83,-0.15,0.15
2026-06-04,17.89,17.52,18.03,17.42,13674,25295534.00,3.41,-2.18,-0.39,0.19
2026-06-05,17.66,17.96,18.11,17.53,14566,27304350.00,3.31,2.51,0.44,0.20
2026-06-08,17.63,17.66,17.96,17.49,13065,24148773.00,2.62,-1.67,-0.30,0.18
2026-06-09,17.80,17.34,17.85,17.30,8992,16470085.00,3.11,-1.81,-0.32,0.12
2026-06-10,17.34,17.60,17.84,16.90,18210,33243263.00,5.42,1.50,0.26,0.25
2026-06-11,17.59,17.51,17.70,17.35,6646,12207643.00,1.99,-0.51,-0.09,0.09
2026-06-12,17.55,18.01,18.23,17.53,14152,26541455.00,4.00,2.86,0.50,0.19
2026-06-15,18.01,17.87,18.23,17.75,13339,25057496.00,2.67,-0.78,-0.14,0.18
2026-06-16,17.85,17.88,17.95,17.57,9004,16750477.00,2.13,0.06,0.01,0.12
2026-06-17,17.88,17.48,17.88,17.45,8302,15314404.00,2.40,-2.24,-0.40,0.11
2026-06-18,17.48,17.35,17.67,17.17,12016,21882858.00,2.86,-0.74,-0.13,0.16
2026-06-22,17.33,16.95,17.74,16.85,15141,27177450.00,5.13,-2.31,-0.40,0.21
2026-06-23,16.90,17.15,17.42,16.86,10487,18880068.00,3.30,1.18,0.20,0.14
2026-06-24,17.15,17.00,17.28,16.85,15758,28186188.00,2.51,-0.87,-0.15,0.21
2026-06-25,17.00,16.99,17.28,16.70,11747,20923779.00,3.41,-0.06,-0.01,0.16
2026-06-26,16.99,16.68,17.00,16.47,17888,29710358.00,3.12,-1.82,-0.31,0.24
2026-06-29,16.67,16.78,16.98,16.02,14696,24489437.00,5.76,0.60,0.10,0.20
2026-06-30,16.76,16.34,17.06,16.19,18588,30916546.00,5.18,-2.62,-0.44,0.25
2026-07-01,16.33,16.25,16.42,15.92,17865,28892509.00,3.06,-0.55,-0.09,0.24
2026-07-02,16.26,16.59,16.85,16.09,14334,23663883.00,4.68,2.09,0.34,0.19
2026-07-03,16.70,17.10,17.25,16.52,20505,34897205.00,4.40,3.07,0.51,0.28
2026-07-06,17.15,17.18,17.68,16.90,28588,49210166.00,4.56,0.47,0.08,0.39
2026-07-07,17.02,17.40,17.89,17.02,34854,60844565.00,5.06,1.28,0.22,0.47
2026-07-08,17.56,17.05,17.56,16.97,11085,19011166.00,3.39,-2.01,-0.35,0.15
2026-07-09,16.93,17.18,17.32,16.81,10438,17859859.00,2.99,0.76,0.13,0.14
2026-07-10,17.10,17.25,17.41,16.93,8343,14382541.00,2.79,0.41,0.07,0.11
2026-07-13,17.23,17.47,17.62,17.13,11366,19830620.00,2.84,1.28,0.22,0.15
2026-07-14,17.28,17.40,17.60,17.20,11147,19435620.00,2.29,-0.40,-0.07,0.15
2026-07-15,17.88,17.36,17.88,17.16,11424,19775090.00,4.14,-0.23,-0.04,0.16
2026-07-16,17.26,17.44,17.44,17.03,9758,16891450.00,2.36,0.46,0.08,0.13
2026-07-17,17.30,17.08,17.50,16.84,8475,14620712.00,3.78,-2.06,-0.36,0.12