2026-01-05,6.25,6.67,6.67,6.11,2727243,1788803222.00,9.24,10.07,0.61,15.09
2026-01-06,6.69,7.00,7.26,6.64,3503725,2464944954.00,9.30,4.95,0.33,19.38
2026-01-07,6.86,6.87,7.09,6.84,2314721,1605512226.00,3.57,-1.86,-0.13,12.80
2026-01-08,6.84,7.10,7.32,6.75,2430175,1718963614.00,8.30,3.35,0.23,13.44
2026-01-09,7.09,7.81,7.81,7.05,3038121,2273278159.00,10.70,10.00,0.71,16.81
2026-01-12,8.07,8.59,8.59,7.99,2546122,2147533063.00,7.68,9.99,0.78,14.08
2026-01-13,9.29,8.47,9.44,7.73,4867392,4301042653.00,19.91,-1.40,-0.12,26.93
2026-01-14,8.36,9.32,9.32,8.36,4628310,4202613550.00,11.33,10.04,0.85,25.60
2026-01-15,8.99,8.39,8.99,8.39,1865695,1587922304.00,6.44,-9.98,-0.93,10.32
2026-01-16,7.55,7.55,8.04,7.55,2156900,1663492236.00,5.84,-10.01,-0.84,11.93
2026-01-19,7.20,7.40,7.56,7.20,1792238,1330436734.00,4.77,-1.99,-0.15,9.91
2026-01-20,7.56,7.44,7.67,7.35,2020482,1516964880.00,4.32,0.54,0.04,11.18
2026-01-21,7.34,7.27,7.58,7.24,1693679,1251504998.00,4.57,-2.28,-0.17,9.37
2026-01-22,7.25,7.48,7.59,7.17,1700071,1262425868.00,5.78,2.89,0.21,9.40
2026-01-23,7.54,7.81,7.83,7.45,1926392,1487380499.00,5.08,4.41,0.33,10.66
2026-01-26,7.82,7.50,7.96,7.36,1663737,1260107752.00,7.68,-3.97,-0.31,9.20
2026-01-27,7.63,7.61,7.97,7.34,1911581,1460977257.00,8.40,1.47,0.11,10.57
2026-01-28,7.48,7.75,8.14,7.43,2330772,1823616155.00,9.33,1.84,0.14,12.89
2026-01-29,7.50,8.24,8.44,7.24,3396341,2755425935.00,15.48,6.32,0.49,18.79
2026-01-30,8.00,7.60,8.00,7.56,2472323,1920037279.00,5.34,-7.77,-0.64,13.68
2026-02-02,7.49,7.81,8.21,7.39,2241984,1761872278.00,10.79,2.76,0.21,12.40
2026-02-03,7.89,8.03,8.14,7.80,1976724,1577383570.00,4.35,2.82,0.22,10.93
2026-02-04,7.89,7.58,7.99,7.40,1847773,1403568628.00,7.35,-5.60,-0.45,10.22
2026-02-05,7.40,7.82,8.06,7.38,2156854,1689084300.00,8.97,3.17,0.24,11.93
2026-02-06,7.60,7.48,7.74,7.25,1742322,1301195487.00,6.27,-4.35,-0.34,9.64
2026-02-09,7.64,8.02,8.14,7.54,2761104,2183511112.00,8.02,7.22,0.54,15.27
2026-02-10,8.02,8.26,8.40,7.97,2921497,2398749213.00,5.36,2.99,0.24,16.16
2026-02-11,8.11,7.88,8.23,7.85,1768227,1410439736.00,4.60,-4.60,-0.38,9.78
2026-02-12,7.87,7.94,8.03,7.69,1452082,1143483800.00,4.31,0.76,0.06,8.03
2026-02-13,7.83,7.62,7.96,7.58,1182850,916882586.00,4.79,-4.03,-0.32,6.54
2026-02-24,7.69,7.45,7.69,7.34,902333,672189617.00,4.59,-2.23,-0.17,4.99
2026-02-25,7.41,7.46,7.51,7.34,720146,536111641.00,2.28,0.13,0.01,3.98
2026-02-26,7.44,7.20,7.44,7.19,1119578,812586146.00,3.35,-3.49,-0.26,6.19
2026-02-27,7.16,7.23,7.32,7.10,695351,503586686.00,3.06,0.42,0.03,3.85
2026-03-02,7.03,6.75,7.09,6.74,1111750,765202260.00,4.84,-6.64,-0.48,6.15
2026-03-03,6.73,6.40,6.80,6.39,942412,617913614.00,6.07,-5.19,-0.35,5.21
2026-03-04,6.24,6.44,6.55,6.23,607485,392499888.00,5.00,0.63,0.04,3.36
2026-03-05,6.54,6.59,6.67,6.52,610585,402970084.00,2.33,2.33,0.15,3.38
2026-03-06,6.56,6.60,6.65,6.54,419072,277002698.00,1.67,0.15,0.01,2.32
2026-03-09,6.49,6.61,6.65,6.38,564581,366562999.00,4.09,0.15,0.01,3.12
2026-03-10,6.68,6.63,6.78,6.59,564498,376815976.00,2.87,0.30,0.02,3.12
2026-03-11,6.63,6.49,6.64,6.47,504490,329303440.00,2.56,-2.11,-0.14,2.79
2026-03-12,6.47,6.38,6.50,6.36,457011,293693724.00,2.16,-1.69,-0.11,2.53
2026-03-13,6.37,6.30,6.40,6.29,401453,255207987.00,1.72,-1.25,-0.08,2.22
2026-03-16,6.25,6.43,6.43,6.24,444682,282586704.00,3.02,2.06,0.13,2.46
2026-03-17,6.43,6.29,6.47,6.28,342988,219299842.00,2.95,-2.18,-0.14,1.90
2026-03-18,6.30,6.35,6.35,6.24,338756,213648920.00,1.75,0.95,0.06,1.87
2026-03-19,6.27,6.20,6.29,6.17,402997,251503435.00,1.89,-2.36,-0.15,2.23
2026-03-20,6.20,6.00,6.25,6.00,424931,259375665.00,4.03,-3.23,-0.20,2.35
2026-03-23,5.90,5.69,5.98,5.64,615990,358901329.00,5.67,-5.17,-0.31,3.41
2026-03-24,5.81,5.93,5.93,5.70,562827,327993242.00,4.04,4.22,0.24,3.11
2026-03-25,5.97,6.09,6.10,5.96,471000,285331832.00,2.36,2.70,0.16,2.61
2026-03-26,6.09,5.95,6.12,5.92,361065,216738201.00,3.28,-2.30,-0.14,2.00
2026-03-27,5.88,6.04,6.06,5.85,334286,201185198.00,3.53,1.51,0.09,1.85
2026-03-30,5.94,6.09,6.09,5.93,324709,196209086.00,2.65,0.83,0.05,1.80
2026-03-31,6.10,6.05,6.21,6.04,382747,234707266.00,2.79,-0.66,-0.04,2.12
2026-04-01,6.14,6.08,6.17,6.02,364488,221566359.00,2.48,0.50,0.03,2.02
2026-04-02,6.04,5.88,6.04,5.85,436171,258910705.00,3.13,-3.29,-0.20,2.41
2026-04-03,5.88,5.74,5.92,5.73,284215,164596509.00,3.23,-2.38,-0.14,1.57
2026-04-07,5.74,5.86,5.88,5.74,271014,158063539.00,2.44,2.09,0.12,1.50
2026-04-08,5.98,6.26,6.29,5.94,833815,515099241.00,5.97,6.83,0.40,4.61
2026-04-09,6.14,6.06,6.18,6.05,552102,336833556.00,2.08,-3.19,-0.20,3.05
2026-04-10,6.18,6.16,6.48,6.15,958409,601459221.00,5.45,1.65,0.10,5.30
2026-04-13,6.07,6.15,6.17,6.00,445209,272557927.00,2.76,-0.16,-0.01,2.46
2026-04-14,6.22,6.25,6.28,6.16,481554,300441062.00,1.95,1.63,0.10,2.66
2026-04-15,6.25,6.11,6.28,6.09,386557,238799281.00,3.04,-2.24,-0.14,2.14
2026-04-16,6.12,6.23,6.25,6.12,482673,300283078.00,2.13,1.96,0.12,2.67
2026-04-17,6.19,6.19,6.23,6.14,307545,190385971.00,1.44,-0.64,-0.04,1.70
2026-04-20,6.18,6.33,6.38,6.16,569622,360358909.00,3.55,2.26,0.14,3.15
2026-04-21,6.29,6.25,6.33,6.21,402694,252107758.00,1.90,-1.26,-0.08,2.23
2026-04-22,6.21,6.20,6.22,6.14,356652,220530773.00,1.28,-0.80,-0.05,1.97
2026-04-23,6.20,6.15,6.28,6.12,409966,253706681.00,2.58,-0.81,-0.05,2.27
2026-04-24,6.09,6.09,6.14,5.95,434815,262986425.00,3.09,-0.98,-0.06,2.41
2026-04-27,6.08,6.09,6.11,5.97,299118,181412842.00,2.30,0.00,0.00,1.65
2026-04-28,6.05,5.91,6.07,5.87,439075,261281723.00,3.28,-2.96,-0.18,2.43
2026-04-29,5.84,5.97,6.08,5.82,436899,262812384.00,4.40,1.02,0.06,2.42
2026-04-30,5.97,5.94,6.02,5.89,329137,195595740.00,2.18,-0.50,-0.03,1.82
2026-05-06,6.01,6.08,6.15,5.99,533401,325659990.00,2.69,2.36,0.14,2.95
2026-05-07,6.14,6.30,6.32,6.04,787351,488440675.00,4.61,3.62,0.22,4.36
2026-05-08,6.32,6.28,6.41,6.26,759669,481720864.00,2.38,-0.32,-0.02,4.20
2026-05-11,6.29,6.23,6.34,6.20,539512,337765983.00,2.23,-0.80,-0.05,2.98
2026-05-12,6.21,6.09,6.22,6.05,474606,290828159.00,2.73,-2.25,-0.14,2.63
2026-05-13,6.08,6.15,6.18,6.02,428466,261941604.00,2.63,0.99,0.06,2.37
2026-05-14,6.25,5.90,6.39,5.89,904147,547492589.00,8.13,-4.07,-0.25,5.00
2026-05-15,5.89,5.92,6.08,5.87,612893,366626311.00,3.56,0.34,0.02,3.39
2026-05-18,5.88,5.90,5.97,5.81,432506,254546344.00,2.70,-0.34,-0.02,2.39
2026-05-19,5.87,6.03,6.07,5.85,523614,315007346.00,3.73,2.20,0.13,2.90
2026-05-20,5.98,5.76,6.00,5.71,617019,358183886.00,4.81,-4.48,-0.27,3.41
2026-05-21,5.73,5.57,5.87,5.55,507251,290291848.00,5.56,-3.30,-0.19,2.81
2026-05-22,5.62,5.43,5.64,5.39,493239,269667587.00,4.49,-2.51,-0.14,2.73
2026-05-25,5.43,5.33,5.52,5.26,548510,292986865.00,4.79,-1.84,-0.10,3.03
2026-05-26,5.28,5.24,5.32,5.15,379092,198331375.00,3.19,-1.69,-0.09,2.10
2026-05-27,5.28,5.15,5.37,5.11,449598,234805411.00,4.96,-1.72,-0.09,2.49
2026-05-28,5.11,5.15,5.19,5.03,374814,191978164.00,3.11,0.00,0.00,2.07
2026-05-29,5.18,5.19,5.33,5.15,586356,307915292.00,3.50,0.78,0.04,3.24
2026-06-01,5.20,5.42,5.58,5.16,852713,461245952.00,8.09,4.43,0.23,4.72
2026-06-02,5.43,5.21,5.48,5.14,613623,321161894.00,6.27,-3.87,-0.21,3.39
2026-06-03,5.19,5.15,5.23,5.06,440110,226187872.00,3.26,-1.15,-0.06,2.43
2026-06-04,5.10,4.98,5.10,4.95,484109,242642722.00,2.91,-3.30,-0.17,2.68
2026-06-05,5.01,5.07,5.14,4.94,516720,262344003.00,4.02,1.81,0.09,2.86
2026-06-08,4.95,4.97,5.14,4.89,445933,223667417.00,4.93,-1.97,-0.10,2.47
2026-06-09,5.05,5.06,5.13,4.92,432735,218653939.00,4.23,1.81,0.09,2.39
2026-06-10,5.00,5.32,5.57,4.98,1214982,649855747.00,11.66,5.14,0.26,6.72
2026-06-11,5.19,4.90,5.30,4.82,936538,465471255.00,9.02,-7.89,-0.42,5.18
2026-06-12,4.92,4.88,4.94,4.77,569264,277258992.00,3.47,-0.41,-0.02,3.15
2026-06-15,4.88,4.93,4.98,4.87,419665,206993010.00,2.25,1.02,0.05,2.32
2026-06-16,4.99,4.98,5.06,4.91,421814,210423794.00,3.04,1.01,0.05,2.33
2026-06-17,4.92,4.79,4.95,4.75,470204,227065328.00,4.02,-3.82,-0.19,2.60
2026-06-18,4.76,4.75,4.87,4.68,371927,178330915.00,3.97,-0.84,-0.04,2.06
2026-06-22,4.80,4.89,4.89,4.69,531783,254951441.00,4.21,2.95,0.14,2.94
2026-06-23,4.87,4.79,4.95,4.75,444443,216645278.00,4.09,-2.04,-0.10,2.46
2026-06-24,4.80,4.65,4.81,4.58,451578,210525090.00,4.80,-2.92,-0.14,2.50
2026-06-25,4.60,4.55,4.63,4.51,397510,181739859.00,2.58,-2.15,-0.10,2.20
2026-06-26,4.51,4.38,4.55,4.35,449365,199503726.00,4.40,-3.74,-0.17,2.49
2026-06-29,4.38,4.38,4.46,4.30,418965,183767129.00,3.65,0.00,0.00,2.32
2026-06-30,4.37,4.41,4.45,4.31,343553,151129762.00,3.20,0.68,0.03,1.90
2026-07-01,4.40,4.45,4.52,4.35,459945,205008870.00,3.85,0.91,0.04,2.54
2026-07-02,4.48,4.59,4.90,4.48,1066064,499019829.00,9.44,3.15,0.14,5.90
2026-07-03,4.46,4.40,4.57,4.37,652280,289065500.00,4.36,-4.14,-0.19,3.61
2026-07-06,4.36,4.33,4.49,4.33,408019,179121141.00,3.64,-1.59,-0.07,2.26
2026-07-07,4.32,4.18,4.40,4.16,393117,167464165.00,5.54,-3.46,-0.15,2.17
2026-07-08,4.18,4.22,4.25,4.11,329660,138473475.00,3.35,0.96,0.04,1.82
2026-07-09,4.21,4.25,4.30,4.13,398435,168271457.00,4.03,0.71,0.03,2.20
2026-07-10,4.23,4.46,4.52,4.17,840630,371820287.00,8.24,4.94,0.21,4.65
2026-07-13,4.46,4.18,4.50,4.17,647868,276512262.00,7.40,-6.28,-0.28,3.58
2026-07-14,4.17,4.24,4.25,4.08,402373,167548951.00,4.07,1.44,0.06,2.23
2026-07-15,4.11,4.24,4.33,4.10,530032,224863219.00,5.42,0.00,0.00,2.93
2026-07-16,4.23,4.34,4.39,4.16,525839,226806985.00,5.42,2.36,0.10,2.91
2026-07-17,4.34,4.11,4.41,4.08,629962,264581547.00,7.60,-5.30,-0.23,3.48
2026-07-20,4.13,4.18,4.25,4.10,530158,221284888.00,3.65,1.70,0.07,2.93