2026-01-05,3097.12,3132.62,3137.27,3082.48,2012754,3006484241.00,1.77,1.26,39.06,4.19
2026-01-06,3123.08,3150.84,3151.05,3105.09,2412769,3297727762.00,1.47,0.58,18.22,5.02
2026-01-07,3148.13,3206.85,3212.03,3133.17,2314259,3293767682.00,2.50,1.78,56.01,4.82
2026-01-08,3189.54,3229.47,3241.17,3163.24,2118622,3249192031.00,2.43,0.71,22.62,4.41
2026-01-09,3255.40,3227.87,3269.52,3202.13,1844932,2850008293.00,2.09,-0.05,-1.60,3.84
2026-01-12,3239.57,3315.22,3326.86,3230.95,2089665,3444316620.00,2.97,2.71,87.35,4.35
2026-01-13,3313.70,3206.42,3313.70,3203.82,2122995,3352819121.00,3.31,-3.28,-108.80,4.42
2026-01-14,3214.36,3247.54,3300.14,3207.05,2222036,3038283503.00,2.90,1.28,41.12,4.62
2026-01-15,3221.73,3211.16,3233.76,3197.75,1391447,1901115434.00,1.11,-1.12,-36.38,2.90
2026-01-16,3232.39,3245.45,3260.96,3200.84,1430484,2093810123.00,1.87,1.07,34.29,2.98
2026-01-19,3268.06,3280.84,3292.11,3230.38,1508053,2172724019.00,1.90,1.09,35.39,3.14
2026-01-20,3298.58,3298.48,3306.97,3261.95,1926103,2717056818.00,1.37,0.54,17.64,4.01
2026-01-21,3288.18,3339.83,3339.83,3262.70,1567841,2293679658.00,2.34,1.25,41.35,3.26
2026-01-22,3343.92,3350.19,3364.62,3320.95,1332596,1984776519.00,1.31,0.31,10.36,2.77
2026-01-23,3362.50,3435.10,3445.98,3350.43,2317064,3057578216.00,2.85,2.53,84.91,4.82
2026-01-26,3441.62,3349.36,3441.62,3320.39,1793498,2471610035.00,3.53,-2.50,-85.74,3.73
2026-01-27,3343.00,3378.41,3397.11,3302.60,1372998,2058285004.00,2.82,0.87,29.05,2.86
2026-01-28,3367.95,3350.80,3367.95,3310.51,1682296,2228343078.00,1.70,-0.82,-27.61,3.50
2026-01-29,3341.10,3272.11,3362.87,3272.11,1340258,1905152336.00,2.71,-2.35,-78.69,2.79
2026-01-30,3263.95,3274.53,3295.07,3180.95,1538108,1989660636.00,3.49,0.07,2.42,3.20
2026-02-02,3249.28,3139.48,3263.55,3138.34,1605842,1939107521.00,3.82,-4.12,-135.05,3.34
2026-02-03,3174.81,3242.13,3242.13,3153.38,1151301,1546789409.00,2.83,3.27,102.65,2.40
2026-02-04,3229.64,3237.80,3255.29,3208.37,922059,1328634785.00,1.45,-0.13,-4.33,1.92
2026-02-05,3217.66,3170.47,3230.75,3165.13,894693,1181400782.00,2.03,-2.08,-67.33,1.86
2026-02-06,3158.51,3226.43,3262.51,3146.56,1534223,1584227100.00,3.66,1.77,55.96,3.19
2026-02-09,3268.02,3241.49,3268.20,3225.68,1886819,1880419668.00,1.32,0.47,15.06,3.93
2026-02-10,3248.71,3236.40,3258.11,3221.20,1151695,1385589222.00,1.14,-0.16,-5.09,2.40
2026-02-11,3235.83,3315.51,3328.02,3231.50,1726203,2092700011.00,2.98,2.44,79.11,3.59
2026-02-12,3289.12,3293.77,3327.08,3286.18,1324294,1745845179.00,1.23,-0.66,-21.74,2.76
2026-02-13,3286.20,3258.34,3314.32,3254.50,1006825,1259268760.00,1.82,-1.08,-35.43,2.09
2026-02-24,3290.75,3308.24,3339.70,3266.11,1011260,1349436030.00,2.26,1.53,49.90,2.10
2026-02-25,3309.69,3367.40,3378.73,3300.12,1493128,1828743279.00,2.38,1.79,59.16,3.11
2026-02-26,3370.41,3348.86,3370.41,3335.04,1167133,1574337329.00,1.05,-0.55,-18.54,2.43
2026-02-27,3339.41,3334.66,3376.12,3315.51,888096,1265084980.00,1.81,-0.42,-14.20,1.85
2026-03-02,3286.56,3247.74,3300.49,3221.13,1297699,1734275150.00,2.38,-2.61,-86.92,2.70
2026-03-03,3250.98,3064.72,3268.81,3057.97,1469077,1909759330.00,6.49,-5.64,-183.02,3.06
2026-03-04,3044.99,3066.02,3100.74,3033.62,887276,1158715849.00,2.19,0.04,1.30,1.85
2026-03-05,3123.86,3096.77,3140.87,3070.59,830504,1127386031.00,2.29,1.00,30.75,1.73
2026-03-06,3091.34,3145.84,3160.81,3083.15,918268,1148710435.00,2.51,1.58,49.07,1.91
2026-03-09,3141.79,3115.32,3143.77,3069.86,1552762,1810248221.00,2.35,-0.97,-30.52,3.23
2026-03-10,3120.05,3163.52,3165.60,3120.05,1008612,1243382233.00,1.46,1.55,48.20,2.10
2026-03-11,3198.84,3311.85,3325.57,3179.97,2425582,3595911425.00,4.60,4.69,148.33,5.05
2026-03-12,3611.03,3537.84,3677.12,3528.44,4688734,7007112711.00,4.49,6.82,225.99,9.76
2026-03-13,3495.03,3437.15,3548.50,3437.15,4403753,7413605055.00,3.15,-2.85,-100.69,9.16
2026-03-16,3428.65,3462.57,3585.99,3428.65,3047648,5516378151.00,4.58,0.74,25.42,6.34
2026-03-17,3447.08,3578.31,3622.15,3443.55,2768593,5882118357.00,5.16,3.34,115.74,5.76
2026-03-18,3522.98,3547.84,3557.57,3460.12,2805513,5857236188.00,2.72,-0.85,-30.47,5.84
2026-03-19,3485.98,3405.08,3491.47,3387.57,2465585,4597199059.00,2.93,-4.02,-142.76,5.13
2026-03-20,3405.19,3249.00,3432.74,3246.56,1964653,3773609394.00,5.47,-4.58,-156.08,4.09
2026-03-23,3192.40,3166.72,3293.59,3145.97,2160442,3832208119.00,4.54,-2.53,-82.28,4.50
2026-03-24,3212.05,3285.57,3286.41,3145.51,1674591,3706732156.00,4.45,3.75,118.85,3.48
2026-03-25,3272.22,3344.65,3383.00,3272.22,1556321,3596326365.00,3.37,1.80,59.08,3.24
2026-03-26,3343.55,3265.35,3380.09,3248.86,1338081,2954573199.00,3.92,-2.37,-79.30,2.78
2026-03-27,3214.56,3301.07,3324.84,3214.56,1559291,2973571962.00,3.38,1.09,35.72,3.24
2026-03-30,3262.50,3299.46,3325.88,3250.27,1291330,2596396108.00,2.29,-0.05,-1.61,2.69
2026-03-31,3294.28,3195.27,3306.37,3193.15,1163575,2084579692.00,3.43,-3.16,-104.19,2.42
2026-04-01,3259.06,3223.53,3287.09,3206.03,1000741,2158222040.00,2.54,0.88,28.26,2.08
2026-04-02,3215.66,3145.91,3216.48,3133.37,959995,2009721896.00,2.58,-2.41,-77.62,2.00
2026-04-03,3169.48,3061.36,3190.81,3060.29,928328,1864427167.00,4.15,-2.69,-84.55,1.93
2026-04-07,3069.59,3153.25,3167.71,3069.59,1849431,2378830778.00,3.21,3.00,91.89,3.85
2026-04-08,3196.95,3250.66,3255.64,3185.78,1596800,2460529192.00,2.22,3.09,97.41,3.32
2026-04-09,3229.11,3223.49,3260.98,3205.24,1127489,1867994891.00,1.71,-0.84,-27.17,2.35
2026-04-10,3263.66,3280.32,3313.00,3263.66,1348050,2271794032.00,1.53,1.76,56.83,2.80
2026-04-13,3269.73,3350.78,3357.08,3269.73,1558210,3096580820.00,2.66,2.15,70.46,3.24
2026-04-14,3347.03,3348.38,3350.70,3307.05,1645373,2902436801.00,1.30,-0.07,-2.40,3.42
2026-04-15,3359.61,3320.60,3391.87,3307.55,1427588,2703562245.00,2.52,-0.83,-27.78,2.97
2026-04-16,3360.84,3430.24,3430.35,3360.84,1163821,2228211939.00,2.09,3.30,109.64,2.42
2026-04-17,3506.92,3554.19,3557.43,3473.54,1310960,2775319547.00,2.45,3.61,123.95,2.73
2026-04-20,3619.47,3670.73,3700.65,3584.46,1817752,5889089117.00,3.27,3.28,116.54,3.78
2026-04-21,3650.48,3648.64,3675.14,3601.21,1472950,4106553616.00,2.01,-0.60,-22.09,3.06
2026-04-22,3644.49,3675.19,3675.69,3620.05,1278749,3400293699.00,1.52,0.73,26.55,2.66
2026-04-23,3657.87,3629.53,3674.72,3611.59,1602808,4207566347.00,1.72,-1.24,-45.66,3.33
2026-04-24,3599.37,3604.96,3645.60,3575.92,1205526,3544054445.00,1.92,-0.68,-24.57,2.51
2026-04-27,3594.00,3698.73,3702.30,3581.88,1237553,2972672963.00,3.34,2.60,93.77,2.57
2026-04-28,3767.56,3748.26,3776.75,3721.71,1363078,2747141982.00,1.49,1.34,49.53,2.84
2026-04-29,3764.94,3796.23,3814.56,3750.54,1423505,4065763111.00,1.71,1.28,47.97,2.96
2026-04-30,3794.30,3796.99,3818.71,3768.50,1449773,3468090616.00,1.32,0.02,0.76,3.02
2026-05-06,3816.11,3846.54,3867.91,3808.87,1511805,3683677355.00,1.55,1.30,49.55,3.15
2026-05-07,3850.05,3853.97,3863.67,3801.11,1527511,3661154591.00,1.63,0.19,7.43,3.18
2026-05-08,3855.77,3921.83,3933.27,3835.87,1439439,4225053930.00,2.53,1.76,67.86,2.99
2026-05-11,3976.51,4028.85,4038.61,3952.58,1651387,4918911607.00,2.19,2.73,107.02,3.44
2026-05-12,4041.01,4000.42,4061.95,3981.68,1808791,4119394513.00,1.99,-0.71,-28.43,3.76
2026-05-13,4018.72,4002.35,4042.80,3953.74,1730627,4441923703.00,2.23,0.05,1.93,3.60
2026-05-14,4043.32,3911.08,4054.48,3910.05,1726233,4206673257.00,3.61,-2.28,-91.27,3.59
2026-05-15,3932.80,3960.13,4013.16,3923.21,2267901,4742762631.00,2.30,1.25,49.05,4.72
2026-05-18,3919.78,3912.67,3941.39,3882.48,1995291,3867762315.00,1.49,-1.20,-47.46,4.15
2026-05-19,3888.39,3889.63,3921.24,3834.32,1450711,2924023445.00,2.22,-0.59,-23.04,3.02
2026-05-20,3865.43,3872.16,3898.21,3813.27,1610963,3254936128.00,2.18,-0.45,-17.47,3.35
2026-05-21,3871.64,3726.67,3904.75,3715.83,1490916,3073921734.00,4.88,-3.76,-145.49,3.10
2026-05-22,3756.20,3890.68,3892.68,3739.03,1944166,3211475399.00,4.12,4.40,164.01,4.05
2026-05-25,3916.22,3831.62,3920.18,3793.45,1992341,3404925463.00,3.26,-1.52,-59.06,4.15
2026-05-26,3816.10,3750.96,3820.14,3700.97,1459183,2806341839.00,3.11,-2.11,-80.66,3.04
2026-05-27,3737.19,3650.22,3758.48,3638.72,1299000,2794258407.00,3.19,-2.69,-100.74,2.70
2026-05-28,3696.71,3736.54,3751.70,3668.76,1294425,2282368172.00,2.27,2.36,86.32,2.69
2026-05-29,3821.40,3617.80,3839.10,3600.84,3780660,4656719114.00,6.38,-3.18,-118.74,7.87
2026-06-01,3588.69,3595.98,3669.14,3577.85,2429465,3089218272.00,2.52,-0.60,-21.82,5.05
2026-06-02,3588.12,3586.95,3610.05,3512.44,2425053,2974161213.00,2.71,-0.25,-9.03,5.05
2026-06-03,3610.17,3633.72,3707.64,3594.45,2687983,3796710200.00,3.16,1.30,46.77,5.59
2026-06-04,3587.40,3628.77,3633.91,3557.99,2885730,3622414247.00,2.09,-0.14,-4.95,6.00
2026-06-05,3607.26,3780.65,3851.20,3584.40,4647086,5862007450.00,7.35,4.19,151.88,9.67
2026-06-08,3651.78,3674.57,3777.51,3639.86,3378058,4325550337.00,3.64,-2.81,-106.08,7.03
2026-06-09,3744.96,3826.04,3827.28,3663.96,4189466,5832673539.00,4.44,4.12,151.47,8.72
2026-06-10,3789.17,3759.22,3839.19,3714.72,4362938,5906946781.00,3.25,-1.75,-66.82,9.08
2026-06-11,3743.22,3813.44,3826.64,3740.67,3661367,4877210560.00,2.29,1.44,54.22,7.62
2026-06-12,3834.03,3815.25,3867.72,3740.45,3860171,5695223376.00,3.34,0.05,1.81,8.03
2026-06-15,3793.46,3868.46,3887.06,3793.46,3294765,4615772579.00,2.45,1.39,53.21,6.86
2026-06-16,3848.34,3885.43,3943.99,3819.80,3518915,4939450848.00,3.21,0.44,16.97,7.32
2026-06-17,3866.67,3938.15,3982.25,3844.34,3853477,5577207343.00,3.55,1.36,52.72,8.02
2026-06-18,3924.09,3867.99,3924.09,3831.95,3816635,5415967344.00,2.34,-1.78,-70.16,7.94
2026-06-22,3873.68,3855.75,3910.77,3747.74,3621792,5171642024.00,4.21,-0.32,-12.24,7.54
2026-06-23,3827.77,3764.48,3871.12,3743.14,3078358,4656107739.00,3.32,-2.37,-91.27,6.40
2026-06-24,3785.30,3852.44,3872.20,3741.57,2532692,4517946068.00,3.47,2.34,87.96,5.27
2026-06-25,3843.95,3834.69,3897.13,3811.02,3612756,5957940422.00,2.24,-0.46,-17.75,7.52
2026-06-26,3810.60,3737.08,3865.16,3730.12,3941451,6890329648.00,3.52,-2.55,-97.61,8.20
2026-06-29,3785.77,3639.38,3814.91,3621.71,3433062,5774422218.00,5.17,-2.61,-97.70,7.14
2026-06-30,3610.27,3697.56,3704.06,3566.61,2945570,4997277632.00,3.78,1.60,58.18,6.13
2026-07-01,3665.19,3704.92,3772.79,3643.99,4036774,6010779492.00,3.48,0.20,7.36,8.40
2026-07-02,3652.60,3701.40,3812.09,3630.91,3251497,4560847229.00,4.89,-0.10,-3.52,6.77
2026-07-03,3701.57,3697.65,3749.01,3666.09,2625666,3606415799.00,2.24,-0.10,-3.75,5.46
2026-07-06,3706.94,3504.20,3735.68,3504.20,2825972,3659991963.00,6.26,-5.23,-193.45,5.88
2026-07-07,3501.31,3409.08,3529.96,3396.87,1722866,2211176012.00,3.80,-2.71,-95.12,3.58
2026-07-08,3404.02,3248.67,3412.07,3248.67,1908669,2258881324.00,4.79,-4.71,-160.41,3.97
2026-07-09,3260.94,3290.01,3294.07,3172.59,1738390,2132386280.00,3.74,1.27,41.34,3.62
2026-07-10,3284.17,3392.18,3469.08,3278.73,2103636,3008318956.00,5.79,3.11,102.17,4.38
2026-07-13,3359.02,3163.22,3362.86,3150.83,1930372,2339012458.00,6.25,-6.75,-228.96,4.02
2026-07-14,3156.10,3165.47,3178.41,3083.28,1449075,1810869239.00,3.01,0.07,2.25,3.02
2026-07-15,3159.57,3114.86,3194.39,3102.51,1242456,1506249851.00,2.90,-1.60,-50.61,2.59
2026-07-16,3108.50,3053.30,3125.84,3038.23,1166202,1431620121.00,2.81,-1.98,-61.56,2.43
2026-07-17,3049.01,2960.47,3061.70,2908.59,1434344,1730679839.00,5.01,-3.04,-92.83,2.98
2026-07-20,2977.48,2836.31,3011.34,2776.73,1659204,2032166410.00,7.92,-4.19,-124.16,3.45
2026-07-21,2825.12,2926.97,2929.81,2732.84,1861228,2211476408.00,6.94,3.20,90.66,3.87
2026-07-22,2891.76,2858.75,2906.06,2840.63,1322684,1535602898.00,2.24,-2.33,-68.22,2.75
2026-07-23,2851.58,2915.30,2917.04,2847.52,1168830,1321870906.00,2.43,1.98,56.55,2.43
2026-07-24,2837.66,2812.38,2900.00,2812.38,1001292,1185723556.00,3.01,-3.53,-102.92,2.08
2026-07-27,2805.27,2910.49,2911.24,2793.73,1089195,1207580756.00,4.18,3.49,98.11,2.27
2026-07-28,2886.57,2877.02,2924.79,2864.56,935244,1099077668.00,2.07,-1.15,-33.47,1.95
2026-07-29,2887.91,2952.22,2958.53,2863.14,1191927,1318225982.00,3.32,2.61,75.20,2.48