2026-01-05,21.21,21.90,22.05,21.06,24835,55465207.00,4.68,3.60,0.76,6.02
2026-01-06,21.82,22.10,22.28,21.60,19119,43238214.00,3.11,0.91,0.20,4.64
2026-01-07,22.18,22.08,22.25,21.92,13947,31758885.00,1.49,-0.09,-0.02,3.38
2026-01-08,22.12,22.18,22.24,21.87,12612,28795778.00,1.68,0.45,0.10,3.06
2026-01-09,22.20,22.23,22.35,22.00,14844,33959114.00,1.58,0.23,0.05,3.60
2026-01-12,22.28,22.35,22.37,22.00,16719,38289771.00,1.66,0.54,0.12,4.05
2026-01-13,22.35,22.27,22.51,22.18,17494,40281430.00,1.48,-0.36,-0.08,4.24
2026-01-14,22.15,22.29,22.43,21.90,21881,50084863.00,2.38,0.09,0.02,5.31
2026-01-15,22.28,22.69,22.79,22.11,21551,50199593.00,3.05,1.79,0.40,5.23
2026-01-16,22.69,23.05,23.18,22.69,22094,52322269.00,2.16,1.59,0.36,5.36
2026-01-19,23.06,23.72,23.95,22.96,31086,75323678.00,4.30,2.91,0.67,7.54
2026-01-20,23.65,23.70,23.85,23.42,16864,41084768.00,1.81,-0.08,-0.02,4.09
2026-01-21,23.73,23.99,24.05,23.41,15550,38161697.00,2.70,1.22,0.29,3.77
2026-01-22,24.25,23.92,24.48,23.75,18949,46772343.00,3.04,-0.29,-0.07,4.59
2026-01-23,24.06,24.49,24.65,23.80,23152,57761758.00,3.55,2.38,0.57,5.61
2026-01-26,24.48,24.94,27.01,24.35,146963,392899312.00,10.86,1.84,0.45,35.63
2026-01-27,24.45,23.45,24.68,22.38,113351,271430437.00,9.22,-5.97,-1.49,27.48
2026-01-28,23.39,22.86,23.78,22.77,52974,126381652.00,4.31,-2.52,-0.59,12.84
2026-01-29,22.79,22.69,23.27,22.56,33323,78791659.00,3.11,-0.74,-0.17,8.08
2026-01-30,22.49,23.00,23.16,22.49,23139,54659344.00,2.95,1.37,0.31,5.61
2026-02-02,22.87,22.56,23.26,22.55,21932,51574216.00,3.09,-1.91,-0.44,5.32
2026-02-03,22.56,23.09,23.10,22.56,18939,44781284.00,2.39,2.35,0.53,4.59
2026-02-04,23.09,23.31,23.57,22.92,19340,46467189.00,2.82,0.95,0.22,4.69
2026-02-05,23.31,23.17,23.54,23.01,15114,36246821.00,2.27,-0.60,-0.14,3.66
2026-02-06,23.15,23.04,23.34,22.90,17049,40694626.00,1.90,-0.56,-0.13,4.13
2026-02-09,23.19,23.24,23.41,23.01,24309,58118580.00,1.74,0.87,0.20,5.89
2026-02-10,23.35,23.11,23.68,23.09,12125,28980642.00,2.54,-0.56,-0.13,2.94
2026-02-11,23.18,23.25,23.35,23.03,11767,28152330.00,1.38,0.61,0.14,2.85
2026-02-12,23.40,23.31,23.46,23.08,11037,26493396.00,1.63,0.26,0.06,2.68
2026-02-13,23.30,23.36,23.76,23.25,14569,35309301.00,2.19,0.21,0.05,3.53
2026-02-24,23.90,23.95,24.05,23.36,17735,43488190.00,2.95,2.53,0.59,4.30
2026-02-25,23.93,23.65,23.94,23.58,20372,49705687.00,1.50,-1.25,-0.30,4.94
2026-02-26,23.65,23.71,23.82,23.50,12114,29513125.00,1.35,0.25,0.06,2.94
2026-02-27,23.72,23.62,23.75,23.44,11337,27556770.00,1.31,-0.38,-0.09,2.75
2026-03-02,23.32,23.24,23.64,22.95,19306,46292596.00,2.92,-1.61,-0.38,4.68
2026-03-03,23.21,22.28,23.38,22.26,23458,54970381.00,4.82,-4.13,-0.96,5.69
2026-03-04,21.93,21.80,22.48,21.75,18074,41036507.00,3.28,-2.15,-0.48,4.38
2026-03-05,22.12,22.17,22.48,21.99,14275,32756934.00,2.25,1.70,0.37,3.46
2026-03-06,22.17,22.56,22.59,22.11,11584,26821892.00,2.17,1.76,0.39,2.81
2026-03-09,22.53,22.00,22.58,21.69,18344,41509704.00,3.95,-2.48,-0.56,4.45
2026-03-10,22.21,22.63,22.64,22.18,13713,31763672.00,2.09,2.86,0.63,3.32
2026-03-11,22.68,22.36,22.78,22.30,13004,30207599.00,2.12,-1.19,-0.27,3.15
2026-03-12,22.33,22.10,22.44,22.00,11364,25996416.00,1.97,-1.16,-0.26,2.76
2026-03-13,21.96,21.93,22.28,21.90,12090,27516541.00,1.72,-0.77,-0.17,2.93
2026-03-16,22.06,21.94,22.06,21.71,12899,29105071.00,1.60,0.05,0.01,3.13
2026-03-17,21.94,21.56,22.03,21.56,9599,21591656.00,2.14,-1.73,-0.38,2.33
2026-03-18,21.56,22.05,22.05,21.35,13919,31091371.00,3.25,2.27,0.49,3.37
2026-03-19,21.94,22.10,22.28,21.74,16556,37587172.00,2.45,0.23,0.05,4.01
2026-03-20,21.90,20.78,22.38,20.60,38365,84328447.00,8.05,-5.97,-1.32,9.30
2026-03-23,20.38,18.79,20.66,18.64,42080,84940755.00,9.72,-9.58,-1.99,10.20
2026-03-24,18.93,19.45,19.82,18.89,19797,39363504.00,4.95,3.51,0.66,4.80
2026-03-25,19.41,19.68,19.68,19.11,13925,28245761.00,2.93,1.18,0.23,3.38
2026-03-26,19.68,19.70,19.90,19.42,12907,26238118.00,2.44,0.10,0.02,3.13
2026-03-27,19.60,19.86,19.93,19.46,11149,22819299.00,2.39,0.81,0.16,2.70
2026-03-30,19.97,20.43,20.59,19.77,21798,45609922.00,4.13,2.87,0.57,5.29
2026-03-31,20.43,21.00,21.27,20.43,29804,64813527.00,4.11,2.79,0.57,7.23
2026-04-01,21.25,21.28,21.40,20.95,21142,46216969.00,2.14,1.33,0.28,5.13
2026-04-02,21.24,21.36,21.63,21.07,14845,32657733.00,2.63,0.38,0.08,3.60
2026-04-03,21.27,21.15,21.49,20.88,14749,32157856.00,2.86,-0.98,-0.21,3.58
2026-04-07,21.01,21.24,21.41,20.89,12595,27614207.00,2.46,0.43,0.09,3.05
2026-04-08,21.49,21.76,21.78,21.30,17888,39990136.00,2.26,2.45,0.52,4.34
2026-04-09,21.76,21.77,21.93,21.62,12950,29105538.00,1.42,0.05,0.01,3.14
2026-04-10,21.87,21.86,22.18,21.76,17825,40429658.00,1.93,0.41,0.09,4.32
2026-04-13,21.82,21.79,21.94,21.57,12612,28317907.00,1.69,-0.32,-0.07,3.06
2026-04-14,21.94,21.89,21.99,21.69,12144,27375969.00,1.38,0.46,0.10,2.94
2026-04-15,21.99,22.06,22.23,21.91,15262,34727241.00,1.46,0.78,0.17,3.70
2026-04-16,22.05,22.09,22.15,21.78,12793,29027278.00,1.68,0.14,0.03,3.10
2026-04-17,21.99,22.05,22.17,21.96,12524,28518308.00,0.95,-0.18,-0.04,3.04
2026-04-20,22.06,22.29,22.32,21.92,16294,37155952.00,1.81,1.09,0.24,3.95
2026-04-21,22.28,22.46,22.59,22.10,17174,39596750.00,2.20,0.76,0.17,4.16
2026-04-22,22.46,22.80,22.85,22.18,19662,45697227.00,2.98,1.51,0.34,4.77
2026-04-23,22.77,22.91,23.02,22.60,19343,45491384.00,1.84,0.48,0.11,4.69
2026-04-24,22.83,22.94,23.15,22.65,26642,62787214.00,2.18,0.13,0.03,6.46
2026-04-27,22.97,22.85,23.01,22.61,18625,43829947.00,1.74,-0.39,-0.09,4.52
2026-04-28,22.70,22.57,22.87,22.41,18747,43773513.00,2.01,-1.23,-0.28,4.55
2026-04-29,22.75,23.05,23.15,22.52,20116,47528969.00,2.79,2.13,0.48,4.88
2026-04-30,23.12,22.84,23.13,22.68,13255,31230323.00,1.95,-0.91,-0.21,3.21
2026-05-06,22.84,23.50,23.66,22.84,27515,66283299.00,3.59,2.89,0.66,6.67
2026-05-07,23.65,23.80,23.96,23.42,19644,48009147.00,2.30,1.28,0.30,4.76
2026-05-08,23.75,24.46,24.59,23.70,26029,65105855.00,3.74,2.77,0.66,6.31
2026-05-11,24.48,24.25,24.50,24.14,22508,56212377.00,1.47,-0.86,-0.21,5.46
2026-05-12,24.18,24.14,24.45,23.92,17543,43533243.00,2.19,-0.45,-0.11,4.25
2026-05-13,24.05,24.20,24.27,23.91,17263,42803638.00,1.49,0.25,0.06,4.19
2026-05-14,24.18,24.00,24.30,23.90,15736,38988830.00,1.65,-0.83,-0.20,3.82
2026-05-15,24.23,23.96,24.23,23.78,13510,33326747.00,1.88,-0.17,-0.04,3.28
2026-05-18,23.96,23.80,23.99,23.68,19007,46540314.00,1.29,-0.67,-0.16,4.61
2026-05-19,23.85,23.36,23.97,23.24,18463,44741774.00,3.07,-1.85,-0.44,4.48
2026-05-20,23.36,24.17,24.29,23.28,29317,70474090.00,4.32,3.47,0.81,7.11
2026-05-21,24.10,25.40,25.92,23.98,64262,162341698.00,8.03,5.09,1.23,15.58
2026-05-22,25.30,25.51,25.90,24.45,62454,158822868.00,5.71,0.43,0.11,15.14
2026-05-25,25.51,25.62,25.75,24.83,45575,115640074.00,3.61,0.43,0.11,11.05
2026-05-26,25.63,25.71,25.78,24.62,49130,124576338.00,4.53,0.35,0.09,11.91
2026-05-27,25.64,26.52,26.91,25.04,79323,205120569.00,7.27,3.15,0.81,19.23
2026-05-28,26.21,26.45,27.20,25.00,83017,216527723.00,8.30,-0.26,-0.07,20.13
2026-05-29,25.94,28.17,28.30,25.94,105697,291094909.00,8.92,6.50,1.72,25.63
2026-06-01,27.89,28.09,28.94,27.84,116768,331527407.00,3.90,-0.28,-0.08,28.31
2026-06-02,26.93,25.28,27.64,25.28,45063,116971702.00,8.40,-10.00,-2.81,10.93
2026-06-03,23.91,25.42,26.00,22.84,83305,207177815.00,12.50,0.55,0.14,20.20
2026-06-04,24.98,24.19,25.48,23.46,94935,232128142.00,7.95,-4.84,-1.23,23.02
2026-06-05,24.08,24.50,24.75,23.52,44664,107570480.00,5.08,1.28,0.31,10.83
2026-06-08,23.70,23.68,24.30,23.38,25641,61150912.00,3.76,-3.35,-0.82,6.22
2026-06-09,23.70,23.20,24.00,22.62,30809,71092533.00,5.83,-2.03,-0.48,7.47
2026-06-10,22.88,22.50,23.16,22.25,24117,54451670.00,3.92,-3.02,-0.70,5.85
2026-06-11,22.43,22.51,22.96,21.98,28136,63040086.00,4.36,0.04,0.01,6.82
2026-06-12,22.64,22.62,23.13,22.37,28183,63866407.00,3.38,0.49,0.11,6.83
2026-06-15,22.61,22.81,23.09,22.60,23872,54542966.00,2.17,0.84,0.19,5.79
2026-06-16,22.81,23.00,23.05,22.43,21683,49446446.00,2.72,0.83,0.19,5.26
2026-06-17,23.00,22.74,23.15,22.72,20298,46506781.00,1.87,-1.13,-0.26,4.92
2026-06-18,22.67,22.23,22.72,22.00,23629,52580286.00,3.17,-2.24,-0.51,5.73
2026-06-22,22.19,22.25,22.28,21.51,24381,53330146.00,3.46,0.09,0.02,5.91
2026-06-23,21.37,22.30,23.00,21.37,20611,46394304.00,7.33,0.22,0.05,5.00
2026-06-24,22.08,22.27,22.58,21.67,20668,45747678.00,4.08,-0.13,-0.03,5.01
2026-06-25,22.25,22.17,22.48,21.82,15727,34780215.00,2.96,-0.45,-0.10,3.81
2026-06-26,22.20,21.82,22.20,21.66,22046,48291706.00,2.44,-1.58,-0.35,5.35
2026-06-29,21.63,21.94,22.14,21.20,20627,44548336.00,4.31,0.55,0.12,5.00
2026-06-30,22.03,22.36,22.45,21.81,18850,41796455.00,2.92,1.91,0.42,4.57
2026-07-01,22.60,22.38,22.60,22.13,19014,42429836.00,2.10,0.09,0.02,4.61
2026-07-02,22.56,22.40,22.98,22.22,20716,46859714.00,3.40,0.09,0.02,5.02
2026-07-03,22.58,22.71,22.95,22.37,25779,58676812.00,2.59,1.38,0.31,6.25
2026-07-06,22.82,22.70,22.95,22.51,19087,43404552.00,1.94,-0.04,-0.01,4.63
2026-07-07,22.77,22.72,22.85,22.41,18559,41993743.00,1.94,0.09,0.02,4.50
2026-07-08,22.74,22.23,22.77,22.12,23688,53084481.00,2.86,-2.16,-0.49,5.74
2026-07-09,22.08,22.68,22.73,20.94,36685,80351916.00,8.05,2.02,0.45,8.89
2026-07-10,22.69,22.58,22.84,22.13,24531,55181061.00,3.13,-0.44,-0.10,5.95
2026-07-13,22.58,22.08,22.58,21.68,23440,51872884.00,3.99,-2.21,-0.50,5.68
2026-07-14,22.01,22.48,22.48,21.61,21331,47086554.00,3.94,1.81,0.40,5.17
2026-07-15,22.48,22.62,22.68,21.96,24883,55813850.00,3.20,0.62,0.14,6.03
2026-07-16,22.69,22.65,22.81,22.24,22195,50127455.00,2.52,0.13,0.03,5.38
2026-07-17,22.60,22.78,22.92,22.43,31273,70992759.00,2.16,0.57,0.13,7.58
2026-07-20,22.90,22.69,23.00,21.90,40512,90712681.00,4.83,-0.40,-0.09,9.82
2026-07-21,22.40,22.43,22.72,21.78,39602,88750617.00,4.14,-1.15,-0.26,9.60
2026-07-22,22.20,20.68,22.37,20.23,47684,102732246.00,9.54,-7.80,-1.75,11.56
2026-07-23,20.00,19.09,20.37,18.61,61662,118682535.00,8.51,-7.69,-1.59,14.95
2026-07-24,18.71,18.45,18.87,18.38,25684,47552867.00,2.57,-3.35,-0.64,6.23
2026-07-27,18.98,18.88,18.98,18.18,25017,46890103.00,4.34,2.33,0.43,6.07
2026-07-28,18.76,18.43,18.90,18.35,20277,37740340.00,2.91,-2.38,-0.45,4.92
2026-07-29,18.43,18.34,18.58,18.20,21293,39075919.00,2.06,-0.49,-0.09,5.16
2026-07-30,18.57,18.03,18.62,18.01,24729,45299612.00,3.33,-1.69,-0.31,6.00
2026-07-31,18.05,18.28,18.30,18.03,23153,42105016.00,1.50,1.39,0.25,5.61
2026-08-03,18.26,18.54,18.54,18.14,17946,32968607.00,2.19,1.42,0.26,4.23
2026-08-04,18.60,18.90,19.04,18.43,26600,50001244.00,3.29,1.94,0.36,6.27
2026-08-05,18.99,18.94,19.14,18.73,21979,41636193.00,2.17,0.21,0.04,5.18