2026-01-05,21.30,22.61,22.61,21.26,133474,298717923.00,6.57,10.02,2.06,6.35
2026-01-06,24.87,24.87,24.87,24.87,74239,184633015.00,0.00,10.00,2.26,3.53
2026-01-07,26.61,24.24,26.61,24.20,720605,1822277258.00,9.69,-2.53,-0.63,34.28
2026-01-08,23.57,26.66,26.66,23.56,700233,1802320474.00,12.79,9.98,2.42,33.31
2026-01-09,26.49,27.83,28.92,25.39,783060,2135316579.00,13.24,4.39,1.17,37.25
2026-01-12,27.00,29.09,29.75,26.40,689006,1936159367.00,12.04,4.53,1.26,32.78
2026-01-13,29.29,28.81,31.86,27.34,658029,1947333037.00,15.54,-0.96,-0.28,31.31
2026-01-14,27.70,27.92,29.56,27.50,500056,1427870577.00,7.15,-3.09,-0.89,23.79
2026-01-15,27.08,26.75,27.57,25.99,309487,822818163.00,5.66,-4.19,-1.17,14.72
2026-01-16,26.50,25.07,26.97,24.90,266457,680472706.00,7.74,-6.28,-1.68,12.68
2026-01-19,24.99,24.89,25.42,24.82,153997,386345742.00,2.39,-0.72,-0.18,7.33
2026-01-20,24.88,24.47,25.13,24.20,148148,363496414.00,3.74,-1.69,-0.42,7.05
2026-01-21,24.33,24.57,24.72,23.80,121869,297714123.00,3.76,0.41,0.10,5.80
2026-01-22,24.37,24.52,24.75,24.25,97242,238161556.00,2.04,-0.20,-0.05,4.63
2026-01-23,25.07,25.27,25.76,24.86,243347,617148635.00,3.67,3.06,0.75,11.58
2026-01-26,25.00,25.92,26.46,23.90,353987,892520799.00,10.13,2.57,0.65,16.84
2026-01-27,25.46,24.44,25.46,23.94,195455,479492406.00,5.86,-5.71,-1.48,9.30
2026-01-28,24.02,23.29,24.42,23.25,157605,374081962.00,4.79,-4.71,-1.15,7.50
2026-01-29,22.93,23.18,23.86,22.29,121295,282609081.00,6.74,-0.47,-0.11,5.77
2026-01-30,22.42,22.12,22.89,22.07,128225,286143148.00,3.54,-4.57,-1.06,6.10
2026-02-02,22.12,21.91,22.68,21.88,81170,180789635.00,3.62,-0.95,-0.21,3.86
2026-02-03,22.00,22.38,22.42,21.93,77880,173122413.00,2.24,2.15,0.47,3.71
2026-02-04,22.42,22.49,22.65,22.22,74829,167798236.00,1.92,0.49,0.11,3.56
2026-02-05,22.50,22.60,22.90,22.18,96111,216281584.00,3.20,0.49,0.11,4.57
2026-02-06,22.60,22.44,23.17,22.43,104165,237240254.00,3.27,-0.71,-0.16,4.96
2026-02-09,22.33,22.44,22.60,22.26,96222,215623135.00,1.52,0.00,0.00,4.58
2026-02-10,22.32,22.22,22.54,22.09,72142,161007418.00,2.01,-0.98,-0.22,3.43
2026-02-11,22.23,22.20,22.59,22.16,56783,126763702.00,1.94,-0.09,-0.02,2.70
2026-02-12,22.34,21.95,22.34,21.93,59560,131525307.00,1.85,-1.13,-0.25,2.83
2026-02-13,21.98,21.83,22.11,21.82,43390,95323675.00,1.32,-0.55,-0.12,2.06
2026-02-24,21.84,21.97,22.06,21.67,46977,103001500.00,1.79,0.64,0.14,2.23
2026-02-25,22.02,22.39,22.55,21.91,74350,166488842.00,2.91,1.91,0.42,3.54
2026-02-26,22.40,22.12,22.44,22.04,51677,114378504.00,1.79,-1.21,-0.27,2.46
2026-02-27,22.01,22.43,22.45,21.97,65238,145722878.00,2.17,1.40,0.31,3.10
2026-03-02,22.00,21.42,22.15,21.27,104430,225521518.00,3.92,-4.50,-1.01,4.97
2026-03-03,21.70,20.50,21.79,20.50,91256,192044069.00,6.02,-4.30,-0.92,4.34
2026-03-04,20.40,20.30,20.65,20.02,57004,116026127.00,3.07,-0.98,-0.20,2.71
2026-03-05,20.63,21.07,21.67,20.56,119386,252085471.00,5.47,3.79,0.77,5.68
2026-03-06,20.93,23.18,23.18,20.82,210432,480068074.00,11.20,10.01,2.11,10.01
2026-03-09,22.23,23.90,23.98,22.18,369231,867340796.00,7.77,3.11,0.72,17.57
2026-03-10,23.66,23.67,23.85,23.30,203916,480515093.00,2.30,-0.96,-0.23,9.70
2026-03-11,23.78,24.29,25.10,23.53,351425,854146719.00,6.63,2.62,0.62,16.72
2026-03-12,23.95,23.63,24.41,23.10,211011,498994471.00,5.39,-2.72,-0.66,10.04
2026-03-13,23.08,24.30,24.99,22.93,272432,651812244.00,8.72,2.84,0.67,12.88
2026-03-16,23.91,23.65,24.90,23.32,231610,559487057.00,6.50,-2.67,-0.65,10.95
2026-03-17,23.39,22.82,23.98,22.76,178225,414710898.00,5.16,-3.51,-0.83,8.43
2026-03-18,22.70,23.04,23.44,22.58,121111,277707061.00,3.77,0.96,0.22,5.73
2026-03-19,22.80,22.08,22.81,21.96,132883,295776236.00,3.69,-4.17,-0.96,6.28
2026-03-20,22.45,21.10,22.45,21.07,114778,248455977.00,6.25,-4.44,-0.98,5.43
2026-03-23,20.33,19.35,20.62,19.24,151957,303395356.00,6.54,-8.29,-1.75,7.19
2026-03-24,19.99,21.13,21.29,19.90,261213,541104571.00,7.18,9.20,1.78,12.35
2026-03-25,21.10,20.82,21.25,20.45,174190,363525205.00,3.79,-1.47,-0.31,8.24
2026-03-26,20.66,20.22,21.25,20.18,131995,272780140.00,5.14,-2.88,-0.60,6.24
2026-03-27,19.64,20.68,20.85,19.64,143587,294605928.00,5.98,2.27,0.46,6.79
2026-03-30,20.21,22.75,22.75,20.21,321802,706782377.00,12.28,10.01,2.07,15.22
2026-03-31,23.30,23.65,24.06,22.90,414833,977961077.00,5.10,3.96,0.90,19.02
2026-04-01,23.65,24.66,24.84,23.03,447354,1074975709.00,7.65,4.27,1.01,20.51
2026-04-02,24.31,24.68,25.87,23.38,432542,1064924977.00,10.10,0.08,0.02,19.83
2026-04-03,24.10,23.57,25.66,23.41,356474,874794097.00,9.12,-4.50,-1.11,16.35
2026-04-07,23.55,23.34,23.81,22.75,300200,699210707.00,4.50,-0.98,-0.23,13.77
2026-04-08,23.81,23.51,23.88,23.05,250048,586148210.00,3.56,0.73,0.17,11.47
2026-04-09,23.39,22.72,23.61,22.51,216022,494702479.00,4.68,-3.36,-0.79,9.57
2026-04-10,22.99,23.37,24.00,22.66,253173,591260074.00,5.90,2.86,0.65,11.21
2026-04-13,23.03,23.15,23.42,22.70,129794,299479584.00,3.08,-0.94,-0.22,5.75
2026-04-14,23.08,23.60,23.63,23.03,166795,389362128.00,2.59,1.94,0.45,7.39
2026-04-15,23.82,24.10,24.50,22.68,355124,839425656.00,7.71,2.12,0.50,15.73
2026-04-16,23.72,23.29,23.72,23.00,210946,489734589.00,2.99,-3.36,-0.81,9.34
2026-04-17,23.29,23.00,23.57,22.72,149618,344266220.00,3.65,-1.25,-0.29,6.63
2026-04-20,22.88,22.92,23.18,22.10,190617,429455523.00,4.70,-0.35,-0.08,8.44
2026-04-21,22.72,22.21,22.72,22.20,108657,242847879.00,2.27,-3.10,-0.71,4.81
2026-04-22,22.00,22.10,22.19,21.70,102518,224523876.00,2.21,-0.50,-0.11,4.54
2026-04-23,22.00,21.86,22.45,21.80,96758,213826032.00,2.94,-1.09,-0.24,4.29
2026-04-24,21.58,21.17,21.72,21.15,99198,211155658.00,2.61,-3.16,-0.69,4.39
2026-04-27,21.18,21.32,21.37,20.90,70292,149109135.00,2.22,0.71,0.15,3.11
2026-04-28,21.20,20.91,22.05,20.88,107366,229940004.00,5.49,-1.92,-0.41,4.76
2026-04-29,20.52,21.06,21.25,20.35,73568,154379489.00,4.30,0.72,0.15,3.26
2026-04-30,20.93,21.26,21.55,20.80,69984,148392673.00,3.56,0.95,0.20,3.10
2026-05-06,21.27,21.43,21.56,21.14,72240,154641962.00,1.98,0.80,0.17,3.20
2026-05-07,21.43,21.65,21.66,21.32,75497,162304092.00,1.59,1.03,0.22,3.34
2026-05-08,21.90,21.67,22.15,21.64,109327,239322501.00,2.36,0.09,0.02,4.84
2026-05-11,21.00,21.26,21.50,20.89,114963,243348381.00,2.81,-1.89,-0.41,5.09
2026-05-12,21.60,21.03,21.60,21.00,89641,189918774.00,2.82,-1.08,-0.23,3.97
2026-05-13,20.99,21.29,21.53,20.80,96524,204424615.00,3.47,1.24,0.26,4.27
2026-05-14,21.29,21.23,22.20,21.22,135722,294152173.00,4.60,-0.28,-0.06,6.01
2026-05-15,21.03,20.86,21.23,20.50,101855,212510751.00,3.44,-1.74,-0.37,4.51
2026-05-18,20.70,20.56,20.98,20.42,64258,132178059.00,2.68,-1.44,-0.30,2.85
2026-05-19,20.75,20.88,22.00,20.75,126751,269949140.00,6.08,1.56,0.32,5.61
2026-05-20,20.76,19.96,20.90,19.91,109257,219838925.00,4.74,-4.41,-0.92,4.84
2026-05-21,19.85,19.72,20.14,19.72,71271,142026648.00,2.10,-1.20,-0.24,3.16
2026-05-22,20.19,19.60,20.19,19.26,59939,116976182.00,4.72,-0.61,-0.12,2.65
2026-05-25,19.40,18.67,19.57,18.58,112845,214013186.00,5.05,-4.74,-0.93,5.00
2026-05-26,18.58,18.14,18.59,17.95,92609,167908095.00,3.43,-2.84,-0.53,4.10
2026-05-27,18.16,17.59,18.20,17.52,83750,148762374.00,3.75,-3.03,-0.55,3.71
2026-05-28,17.59,17.38,17.69,16.92,87554,150855070.00,4.38,-1.19,-0.21,3.88
2026-05-29,17.60,17.03,18.00,16.90,120302,209410353.00,6.33,-2.01,-0.35,5.33
2026-06-01,16.70,17.28,17.52,16.33,84278,144321735.00,6.99,1.47,0.25,3.73
2026-06-02,17.27,16.98,17.27,16.59,69891,117634278.00,3.94,-1.74,-0.30,3.10
2026-06-03,16.88,16.67,16.98,16.50,66569,111398620.00,2.83,-1.83,-0.31,2.95
2026-06-04,16.60,16.20,16.77,16.15,72818,119021477.00,3.72,-2.82,-0.47,3.23
2026-06-05,16.36,16.24,16.60,15.81,87821,142045241.00,4.88,0.25,0.04,3.89
2026-06-08,15.92,15.95,16.75,15.70,95251,154614903.00,6.47,-1.79,-0.29,4.22
2026-06-09,16.19,15.96,16.20,15.38,61093,97072904.00,5.14,0.06,0.01,2.71
2026-06-10,15.81,15.64,15.96,15.30,61051,94994573.00,4.14,-2.01,-0.32,2.70
2026-06-11,15.37,15.32,15.63,15.10,56921,87009559.00,3.39,-2.05,-0.32,2.52
2026-06-12,15.61,15.86,16.14,15.25,93163,146975997.00,5.81,3.52,0.54,4.13
2026-06-15,15.78,15.89,16.10,15.63,57975,91896995.00,2.96,0.19,0.03,2.57
2026-06-16,16.00,15.80,16.00,15.56,45201,71204963.00,2.77,-0.57,-0.09,2.00
2026-06-17,15.79,15.70,15.85,15.59,45939,72052095.00,1.65,-0.63,-0.10,2.03
2026-06-18,15.66,15.52,15.93,15.46,61922,96939300.00,2.99,-1.15,-0.18,2.74
2026-06-22,15.32,15.55,15.59,14.69,97272,146728435.00,5.80,0.19,0.03,4.31
2026-06-23,15.65,16.58,17.11,15.58,276776,458632793.00,9.84,6.62,1.03,12.26
2026-06-24,16.52,17.12,17.81,16.33,289646,495734283.00,8.93,3.26,0.54,12.83
2026-06-25,16.34,15.41,16.65,15.41,213308,332838080.00,7.24,-9.99,-1.71,9.45
2026-06-26,14.99,14.39,15.32,14.35,145950,214211373.00,6.29,-6.62,-1.02,6.46
2026-06-29,14.25,14.76,15.24,13.87,186779,273265536.00,9.52,2.57,0.37,8.27