2026-01-05,25.83,26.30,26.42,25.75,12690,33334481.00,2.59,1.70,0.44,2.91
2026-01-06,26.30,26.08,26.61,26.06,12802,33671856.00,2.09,-0.84,-0.22,2.93
2026-01-07,26.08,26.05,26.29,25.86,11692,30519393.00,1.65,-0.12,-0.03,2.68
2026-01-08,26.00,26.31,26.55,25.93,11663,30740503.00,2.38,1.00,0.26,2.67
2026-01-09,26.25,26.59,26.59,26.11,12948,34257468.00,1.82,1.06,0.28,2.97
2026-01-12,26.59,27.10,27.26,26.41,17127,46201150.00,3.20,1.92,0.51,3.92
2026-01-13,27.07,27.01,27.55,26.83,18359,50104190.00,2.66,-0.33,-0.09,4.21
2026-01-14,27.07,27.15,27.43,26.55,16589,45045244.00,3.26,0.52,0.14,3.80
2026-01-15,26.97,27.24,27.35,26.97,10301,28030012.00,1.40,0.33,0.09,2.36
2026-01-16,27.29,27.42,27.48,26.87,13676,37251349.00,2.24,0.66,0.18,3.13
2026-01-19,27.28,27.74,27.92,27.14,15807,43794973.00,2.84,1.17,0.32,3.62
2026-01-20,27.77,28.15,28.16,27.66,16520,46240480.00,1.80,1.48,0.41,3.78
2026-01-21,28.02,28.21,28.25,27.64,12718,35770636.00,2.17,0.21,0.06,2.91
2026-01-22,28.27,28.52,28.65,28.04,13520,38504533.00,2.16,1.10,0.31,3.10
2026-01-23,28.52,28.70,28.73,28.31,13548,38721587.00,1.47,0.63,0.18,3.10
2026-01-26,28.88,28.32,28.88,28.14,18365,52295039.00,2.58,-1.32,-0.38,4.21
2026-01-27,28.18,28.40,28.43,27.36,17540,49087311.00,3.78,0.28,0.08,4.02
2026-01-28,28.38,27.82,28.51,27.67,11543,32389904.00,2.96,-2.04,-0.58,2.64
2026-01-29,27.83,27.73,28.24,27.46,11363,31707861.00,2.80,-0.32,-0.09,2.60
2026-01-30,27.72,28.46,28.50,27.55,18808,52976681.00,3.43,2.63,0.73,4.31
2026-02-02,28.48,28.10,28.66,28.04,19457,55376087.00,2.18,-1.26,-0.36,4.46
2026-02-03,28.17,28.78,28.80,28.05,17212,49202482.00,2.67,2.42,0.68,3.94
2026-02-04,28.78,28.83,29.37,28.53,14992,43396233.00,2.92,0.17,0.05,3.43
2026-02-05,28.68,29.15,29.92,28.68,28052,82700075.00,4.30,1.11,0.32,6.43
2026-02-06,29.11,29.04,29.61,28.70,20266,59289324.00,3.12,-0.38,-0.11,4.64
2026-02-09,29.33,29.39,29.48,29.09,14094,41394720.00,1.34,1.21,0.35,3.23
2026-02-10,29.49,29.35,29.75,29.30,12616,37297462.00,1.53,-0.14,-0.04,2.89
2026-02-11,29.35,29.47,29.79,29.09,13953,41220962.00,2.39,0.41,0.12,3.20
2026-02-12,29.47,29.01,29.54,28.88,13754,40180768.00,2.24,-1.56,-0.46,3.15
2026-02-13,29.14,29.25,29.63,28.87,18528,54496719.00,2.62,0.83,0.24,4.25
2026-02-24,29.32,29.79,29.90,29.14,13310,39500319.00,2.60,1.85,0.54,3.05
2026-02-25,29.88,30.04,30.49,29.61,15292,46233312.00,2.95,0.84,0.25,3.50
2026-02-26,30.05,29.78,30.31,29.57,14507,43274283.00,2.46,-0.87,-0.26,3.32
2026-02-27,29.74,29.75,29.81,29.48,9604,28518415.00,1.11,-0.10,-0.03,2.20
2026-03-02,29.46,28.33,29.60,28.01,23925,68399276.00,5.34,-4.77,-1.42,5.48
2026-03-03,28.32,27.47,28.64,27.40,19216,54055754.00,4.38,-3.04,-0.86,4.40
2026-03-04,27.25,27.47,27.89,26.97,15411,42420561.00,3.35,0.00,0.00,3.53
2026-03-05,28.00,28.20,28.51,27.84,14203,40146090.00,2.44,2.66,0.73,3.25
2026-03-06,28.05,29.36,29.53,27.77,16072,46699372.00,6.24,4.11,1.16,3.68
2026-03-09,29.23,29.01,29.35,28.64,16947,49259882.00,2.42,-1.19,-0.35,3.88
2026-03-10,29.21,30.02,30.04,29.21,14379,42980474.00,2.86,3.48,1.01,3.29
2026-03-11,30.00,29.95,30.75,29.55,12007,36156227.00,4.00,-0.23,-0.07,2.75
2026-03-12,29.82,29.50,30.08,29.37,11487,34201981.00,2.37,-1.50,-0.45,2.63
2026-03-13,29.61,29.96,30.60,29.27,18235,54881258.00,4.51,1.56,0.46,4.18
2026-03-16,29.66,29.73,30.25,29.43,18619,55571200.00,2.74,-0.77,-0.23,4.27
2026-03-17,29.78,29.01,30.03,29.01,14876,44059348.00,3.43,-2.42,-0.72,3.41
2026-03-18,29.11,29.78,29.81,29.01,13083,38606742.00,2.76,2.65,0.77,3.00
2026-03-19,29.55,28.98,29.78,28.85,15435,45115573.00,3.12,-2.69,-0.80,3.54
2026-03-20,29.12,27.56,29.16,27.53,24470,69168296.00,5.62,-4.90,-1.42,5.61
2026-03-23,27.01,25.42,27.11,25.02,22025,57669352.00,7.58,-7.76,-2.14,5.05
2026-03-24,25.88,26.99,27.00,25.48,19774,51861148.00,5.98,6.18,1.57,4.53
2026-03-25,27.01,28.10,28.15,27.01,15600,43546897.00,4.22,4.11,1.11,3.57
2026-03-26,27.95,28.14,28.65,27.95,14512,41042769.00,2.49,0.14,0.04,3.32
2026-03-27,27.83,28.49,28.60,27.50,15393,43494372.00,3.91,1.24,0.35,3.53
2026-03-30,28.29,29.05,29.05,28.06,12259,35216597.00,3.47,1.97,0.56,2.81
2026-03-31,29.03,28.66,29.41,28.51,13276,38454287.00,3.10,-1.34,-0.39,3.04
2026-04-01,29.05,28.83,29.35,28.53,10332,29860896.00,2.86,0.59,0.17,2.37
2026-04-02,28.95,27.96,29.01,27.62,12170,34362564.00,4.82,-3.02,-0.87,2.79
2026-04-03,28.20,26.95,28.20,26.72,13708,37118113.00,5.29,-3.61,-1.01,3.14
2026-04-07,27.03,27.96,28.07,26.68,13914,38589960.00,5.16,3.75,1.01,3.19
2026-04-08,28.50,29.32,29.48,28.38,12305,35862627.00,3.93,4.86,1.36,2.82
2026-04-09,29.32,28.64,29.32,28.36,9564,27568159.00,3.27,-2.32,-0.68,2.19
2026-04-10,28.86,28.92,29.23,28.49,12650,36637253.00,2.58,0.98,0.28,2.90
2026-04-13,28.92,28.27,28.92,27.76,13787,38896530.00,4.01,-2.25,-0.65,3.16
2026-04-14,28.44,27.76,28.47,27.40,12791,35624029.00,3.78,-1.80,-0.51,2.93
2026-04-15,27.76,27.38,27.85,27.20,14285,39307032.00,2.34,-1.37,-0.38,3.27
2026-04-16,27.40,28.26,28.27,27.10,15411,42887842.00,4.27,3.21,0.88,3.53
2026-04-17,28.33,28.96,29.23,28.13,17702,50994483.00,3.89,2.48,0.70,4.06
2026-04-20,28.98,29.52,29.83,28.68,19328,56841301.00,3.97,1.93,0.56,4.43
2026-04-21,29.37,29.80,29.94,29.23,13383,39713148.00,2.41,0.95,0.28,3.07
2026-04-22,29.61,29.76,29.80,29.38,10259,30481878.00,1.41,-0.13,-0.04,2.35
2026-04-23,29.82,29.16,29.82,29.12,9493,27921014.00,2.35,-2.02,-0.60,2.17
2026-04-24,28.90,28.50,28.90,27.55,25288,71058139.00,4.63,-2.26,-0.66,5.79
2026-04-27,28.48,28.66,28.90,27.77,32537,92657326.00,3.96,0.56,0.16,7.45
2026-04-28,28.50,28.55,28.80,28.05,23207,66278535.00,2.62,-0.38,-0.11,5.32
2026-04-29,28.55,29.29,29.65,28.40,19386,56964183.00,4.38,2.59,0.74,4.44
2026-04-30,29.32,29.90,30.40,29.32,18483,55126998.00,3.69,2.08,0.61,4.23
2026-05-06,30.00,30.01,30.45,29.76,22977,69344052.00,2.31,0.37,0.11,5.26
2026-05-07,30.20,29.85,30.63,29.77,15735,47490519.00,2.87,-0.53,-0.16,3.61
2026-05-08,29.90,30.19,30.24,29.77,14738,44386100.00,1.57,1.14,0.34,3.38
2026-05-11,30.37,30.22,30.50,29.89,14375,43368599.00,2.02,0.10,0.03,3.29
2026-05-12,30.23,29.57,30.53,29.34,11843,35301295.00,3.94,-2.15,-0.65,2.71
2026-05-13,29.57,29.34,29.93,29.03,13196,38962361.00,3.04,-0.78,-0.23,3.02
2026-05-14,29.48,29.37,30.18,28.87,20466,60313931.00,4.46,0.10,0.03,4.69
2026-05-15,29.46,29.15,29.97,28.87,17720,52273273.00,3.75,-0.75,-0.22,4.06
2026-05-18,29.25,29.40,29.64,28.80,12935,37814214.00,2.88,0.86,0.25,2.96
2026-05-19,29.35,29.16,29.75,28.63,11691,34105332.00,3.81,-0.82,-0.24,2.68
2026-05-20,29.16,28.48,29.16,28.07,15979,45584591.00,3.74,-2.33,-0.68,3.66
2026-05-21,28.58,27.26,28.90,27.05,17063,48009017.00,6.50,-4.28,-1.22,3.91
2026-05-22,27.25,27.59,27.82,26.76,15752,43179779.00,3.89,1.21,0.33,3.61
2026-05-25,27.65,26.32,28.03,25.83,22764,60706702.00,7.97,-4.60,-1.27,5.22
2026-05-26,26.28,25.86,26.34,25.55,17156,44586563.00,3.00,-1.75,-0.46,3.93
2026-05-27,25.86,25.08,25.96,24.49,20878,52207902.00,5.68,-3.02,-0.78,4.78
2026-05-28,25.03,24.99,25.39,24.18,13888,34534181.00,4.82,-0.36,-0.09,3.18
2026-05-29,25.02,24.01,25.21,23.75,17878,43664186.00,5.84,-3.92,-0.98,4.10
2026-06-01,24.06,24.93,25.25,19.20,20556,50940492.00,25.20,3.83,0.92,4.71
2026-06-02,24.93,24.52,25.48,23.90,20741,50814456.00,6.34,-1.64,-0.41,4.75
2026-06-03,24.53,24.20,24.65,23.85,18296,44380469.00,3.26,-1.31,-0.32,3.90
2026-06-04,24.52,23.42,26.50,23.15,27600,66465658.00,13.84,-3.22,-0.78,5.88
2026-06-05,23.85,23.76,24.34,22.98,23362,55742643.00,5.81,1.45,0.34,4.98
2026-06-08,23.64,23.12,24.44,22.68,18064,42615701.00,7.41,-2.69,-0.64,3.82
2026-06-09,23.23,23.22,23.62,22.79,14377,33390880.00,3.59,0.43,0.10,3.04
2026-06-10,22.98,23.09,23.48,22.53,11493,26469334.00,4.09,-0.56,-0.13,2.43
2026-06-11,22.83,22.85,23.23,22.38,10183,23206253.00,3.68,-1.04,-0.24,2.16
2026-06-12,23.31,22.86,23.31,22.60,12516,28868761.00,3.11,0.04,0.01,2.65
2026-06-15,22.85,22.42,23.66,22.26,16219,37176175.00,6.12,-1.92,-0.44,3.43
2026-06-16,22.35,22.18,22.60,21.66,15475,34266769.00,4.19,-1.07,-0.24,3.28
2026-06-17,22.21,21.76,22.23,21.57,13035,28510273.00,2.98,-1.89,-0.42,2.76
2026-06-18,21.75,21.45,21.93,21.22,13725,29621521.00,3.26,-1.42,-0.31,2.90
2026-06-22,21.25,21.66,21.79,20.46,20224,42816206.00,6.20,0.98,0.21,4.28
2026-06-23,21.64,21.76,22.36,21.40,19671,43396499.00,4.43,0.46,0.10,4.16
2026-06-24,21.85,20.86,21.96,20.65,18011,38157540.00,6.02,-4.14,-0.90,3.81
2026-06-25,20.86,20.23,20.86,19.96,17347,35226274.00,4.31,-3.02,-0.63,3.67
2026-06-26,20.23,19.88,20.23,19.50,13008,25856947.00,3.61,-1.73,-0.35,2.75
2026-06-29,20.08,19.78,20.11,18.95,17959,35238509.00,5.84,-0.50,-0.10,3.80
2026-06-30,19.90,19.85,20.10,19.35,13011,25770502.00,3.79,0.35,0.07,2.75
2026-07-01,19.79,20.41,20.80,19.73,15083,30582138.00,5.39,2.82,0.56,3.19
2026-07-02,20.56,20.48,21.12,20.37,16437,34140536.00,3.67,0.34,0.07,3.48
2026-07-03,20.64,21.03,21.15,20.48,18940,39683357.00,3.27,2.69,0.55,4.01
2026-07-06,21.08,20.98,21.44,20.83,15209,32038692.00,2.90,-0.24,-0.05,3.22
2026-07-07,21.11,20.48,21.11,20.00,15948,32443260.00,5.29,-2.38,-0.50,3.38
2026-07-08,20.43,20.74,21.02,20.10,18203,37602034.00,4.49,1.27,0.26,3.85
2026-07-09,20.52,20.76,20.93,20.18,17026,34980493.00,3.62,0.10,0.02,3.60
2026-07-10,20.76,22.26,23.18,20.11,40552,90556711.00,14.79,7.23,1.50,8.58
2026-07-13,22.23,20.79,22.88,20.79,38265,83203214.00,9.39,-6.60,-1.47,8.10
2026-07-14,20.73,20.78,20.98,20.07,23191,47790130.00,4.38,-0.05,-0.01,4.91
2026-07-15,20.86,21.18,21.55,20.58,17132,36094877.00,4.67,1.92,0.40,3.63
2026-07-16,21.00,21.31,21.75,20.82,16140,34497307.00,4.39,0.61,0.13,3.42
2026-07-17,21.37,20.92,21.98,20.62,22624,48196588.00,6.38,-1.83,-0.39,4.79
2026-07-20,20.80,19.96,21.39,19.61,23630,48662857.00,8.51,-4.59,-0.96,5.00
2026-07-21,19.96,19.55,20.03,18.60,23037,44527884.00,7.16,-2.05,-0.41,4.88
2026-07-22,19.40,18.98,19.66,18.88,12562,24072364.00,3.99,-2.92,-0.57,2.66
2026-07-23,18.92,19.90,20.29,18.85,14667,28542485.00,7.59,4.85,0.92,3.10
2026-07-24,19.97,19.66,20.20,19.51,12012,23871819.00,3.47,-1.21,-0.24,2.54
2026-07-27,19.45,21.02,21.15,19.45,20048,41136001.23,8.65,6.92,1.36,4.24