2026-01-05,31.55,32.44,33.00,30.79,35032,112701529.00,6.99,2.59,0.82,0.99
2026-01-06,32.59,31.55,32.69,31.41,32950,104877690.00,3.95,-2.74,-0.89,0.93
2026-01-07,31.79,30.78,31.79,30.65,28277,87395806.00,3.61,-2.44,-0.77,0.80
2026-01-08,30.93,31.14,31.61,30.57,29155,90692833.00,3.38,1.17,0.36,0.82
2026-01-09,31.20,30.96,31.20,30.17,35054,107398134.00,3.31,-0.58,-0.18,0.99
2026-01-12,31.00,29.95,31.18,29.60,45823,137285563.00,5.10,-3.26,-1.01,1.29
2026-01-13,30.18,30.05,31.34,29.91,48635,148629691.00,4.77,0.33,0.10,1.37
2026-01-14,30.20,31.29,31.65,29.86,59279,183931709.00,5.96,4.13,1.24,1.67
2026-01-15,31.49,31.36,32.45,30.84,30549,96134577.00,5.15,0.22,0.07,0.86
2026-01-16,31.67,30.54,31.85,30.47,29302,91115012.00,4.40,-2.61,-0.82,0.82
2026-01-19,31.00,30.90,31.58,30.34,33411,103448178.00,4.06,1.18,0.36,0.94
2026-01-20,30.86,32.38,33.16,30.58,68155,218358315.00,8.35,4.79,1.48,1.92
2026-01-21,32.45,30.78,32.60,30.61,48725,151035276.00,6.15,-4.94,-1.60,1.37
2026-01-22,30.89,31.65,31.88,30.60,30013,93871232.00,4.16,2.83,0.87,0.84
2026-01-23,31.65,31.54,32.44,31.02,32847,104406366.00,4.49,-0.35,-0.11,0.92
2026-01-26,31.59,29.60,31.75,29.20,58263,174431473.00,8.08,-6.15,-1.94,1.64
2026-01-27,29.49,28.98,29.73,27.60,46674,133587854.00,7.20,-2.09,-0.62,1.31
2026-01-28,28.93,29.25,29.58,28.68,23338,67901697.00,3.11,0.93,0.27,0.66
2026-01-29,29.16,28.65,29.48,28.41,22821,65948528.00,3.66,-2.05,-0.60,0.64
2026-01-30,28.65,28.43,29.22,28.09,21197,60548410.00,3.94,-0.77,-0.22,0.60
2026-02-02,28.50,28.08,29.08,28.08,20180,57695293.00,3.52,-1.23,-0.35,0.57
2026-02-03,28.17,28.08,28.44,27.55,29609,82811797.00,3.17,0.00,0.00,0.83
2026-02-04,28.57,29.03,29.98,27.91,43041,124215343.00,7.37,3.38,0.95,1.21
2026-02-05,29.00,28.92,29.92,28.50,34340,100139182.00,4.89,-0.38,-0.11,0.97
2026-02-06,28.79,28.10,29.01,28.05,21241,60244910.00,3.32,-2.84,-0.82,0.60
2026-02-09,28.30,28.83,28.98,27.33,34868,98207952.00,5.87,2.60,0.73,0.98
2026-02-10,28.88,29.19,29.50,28.50,30688,89223261.00,3.47,1.25,0.36,0.86
2026-02-11,29.20,29.10,29.55,28.73,20245,58917641.00,2.81,-0.31,-0.09,0.57
2026-02-12,29.10,28.85,29.90,28.69,34084,99648067.00,4.16,-0.86,-0.25,0.96
2026-02-13,28.85,28.99,30.10,28.61,35263,103693766.00,5.16,0.49,0.14,0.99
2026-02-24,28.77,28.40,28.98,28.33,23941,68364465.00,2.24,-2.04,-0.59,0.67
2026-02-25,28.41,28.61,28.63,27.88,22986,65049884.00,2.64,0.74,0.21,0.65
2026-02-26,28.57,28.93,29.50,28.45,22803,66028924.00,3.67,1.12,0.32,0.64
2026-02-27,29.20,31.82,31.82,29.00,66496,206993710.00,9.75,9.99,2.89,1.87
2026-03-02,32.00,30.68,33.15,30.65,86908,276214537.00,7.86,-3.58,-1.14,2.44
2026-03-03,31.09,29.47,31.10,28.68,72043,214165161.00,7.89,-3.94,-1.21,2.03
2026-03-04,29.32,31.09,31.88,29.02,65682,200758202.00,9.70,5.50,1.62,1.85
2026-03-05,31.71,32.57,33.23,31.14,59683,193163052.00,6.72,4.76,1.48,1.68
2026-03-06,33.01,32.78,33.40,32.11,36063,118365573.00,3.96,0.64,0.21,1.01
2026-03-09,32.79,35.34,35.68,32.43,71572,244248621.00,9.91,7.81,2.56,2.01
2026-03-10,35.41,37.22,37.73,35.41,69847,257131862.00,6.56,5.32,1.88,1.96
2026-03-11,37.00,37.43,37.70,36.11,48050,178086032.00,4.27,0.56,0.21,1.35
2026-03-12,37.86,36.84,37.87,35.91,47137,172268245.00,5.24,-1.58,-0.59,1.33
2026-03-13,36.51,39.00,39.50,36.45,54868,211871489.00,8.28,5.86,2.16,1.54
2026-03-16,38.78,39.82,40.94,38.60,50070,199407660.00,6.00,2.10,0.82,1.41
2026-03-17,39.69,42.20,42.69,39.28,64102,262643342.00,8.56,5.98,2.38,1.80
2026-03-18,42.00,40.87,44.30,39.88,102076,429747970.00,10.47,-3.15,-1.33,2.87
2026-03-19,40.87,39.50,42.85,38.28,98264,397143308.00,11.18,-3.35,-1.37,2.76
2026-03-20,38.99,37.69,40.10,37.58,68466,264333250.00,6.38,-4.58,-1.81,1.93
2026-03-23,36.65,35.82,38.30,35.46,69136,254269223.00,7.54,-4.96,-1.87,1.94
2026-03-24,36.90,37.18,37.28,35.68,43778,159526644.00,4.47,3.80,1.36,1.23
2026-03-25,37.43,38.55,38.64,37.00,34711,132273645.00,4.41,3.68,1.37,0.98
2026-03-26,38.17,38.40,39.57,38.17,34732,134988382.00,3.63,-0.39,-0.15,0.98
2026-03-27,38.35,36.60,38.35,36.51,46639,173224450.00,4.79,-4.69,-1.80,1.31
2026-03-30,37.24,36.00,37.30,35.88,29547,106952243.00,3.88,-1.64,-0.60,0.83
2026-03-31,35.65,35.75,36.55,35.54,29156,105075456.00,2.81,-0.69,-0.25,0.82
2026-04-01,35.89,36.59,37.15,35.89,33125,120644463.00,3.52,2.35,0.84,0.93
2026-04-02,36.48,37.03,37.27,34.81,45492,163614839.00,6.72,1.20,0.44,1.28
2026-04-03,36.51,36.25,37.32,36.07,26714,97465782.00,3.38,-2.11,-0.78,0.75
2026-04-07,34.53,35.73,38.13,34.53,56726,207087911.00,9.93,-1.43,-0.52,1.60
2026-04-08,36.04,36.83,36.86,35.00,48374,174972800.00,5.21,3.08,1.10,1.36
2026-04-09,36.44,39.92,40.15,36.44,79193,308116100.00,10.07,8.39,3.09,2.23
2026-04-10,40.40,39.45,40.67,39.01,48192,190944117.00,4.16,-1.18,-0.47,1.36
2026-04-13,38.93,39.15,39.80,38.70,28579,112378275.00,2.79,-0.76,-0.30,0.80
2026-04-14,39.93,39.77,40.40,38.71,33280,131477417.00,4.32,1.58,0.62,0.94
2026-04-15,39.97,39.12,41.10,38.91,37512,149710477.00,5.51,-1.63,-0.65,1.06
2026-04-16,39.55,40.97,41.26,38.58,46116,186302792.00,6.85,4.73,1.85,1.30
2026-04-17,41.00,40.15,41.58,40.00,32650,133036768.00,3.86,-2.00,-0.82,0.92
2026-04-20,40.15,38.72,40.15,38.32,40662,157749424.00,4.56,-3.56,-1.43,1.14
2026-04-21,38.70,38.52,39.35,38.16,25193,97423903.00,3.07,-0.52,-0.20,0.71
2026-04-22,38.60,39.19,40.00,38.20,37215,146065788.00,4.67,1.74,0.67,1.05
2026-04-23,39.26,38.78,41.31,38.31,44677,175720606.00,7.66,-1.05,-0.41,1.26
2026-04-24,38.80,38.40,39.50,38.30,29457,114087271.00,3.09,-0.98,-0.38,0.83
2026-04-27,38.20,39.09,39.26,37.73,40386,155782695.00,3.98,1.80,0.69,1.14
2026-04-28,39.39,38.52,39.65,38.40,26560,103224061.00,3.20,-1.46,-0.57,0.75
2026-04-29,38.52,38.90,39.19,37.15,39013,149203075.00,5.30,0.99,0.38,1.10
2026-04-30,38.49,39.22,39.43,38.00,31207,120661016.00,3.68,0.82,0.32,0.88
2026-05-06,39.22,40.64,40.80,38.85,41351,164655017.00,4.97,3.62,1.42,1.16
2026-05-07,41.30,44.70,44.70,40.50,60426,261273341.00,10.33,9.99,4.06,1.70
2026-05-08,47.10,46.20,48.67,45.02,74115,340177515.00,8.17,3.36,1.50,2.08
2026-05-11,46.20,46.06,47.18,45.40,43224,199816560.00,3.85,-0.30,-0.14,1.22
2026-05-12,46.09,45.64,46.20,45.00,30171,137371841.00,2.61,-0.91,-0.42,0.85
2026-05-13,45.47,45.29,45.84,44.62,36964,166758885.00,2.67,-0.77,-0.35,1.04
2026-05-14,45.21,45.50,46.88,45.05,33046,151876870.00,4.04,0.46,0.21,0.93
2026-05-15,45.50,47.35,48.27,44.17,46054,215740517.00,9.01,4.07,1.85,1.30
2026-05-18,48.50,46.45,48.51,45.06,48392,223179831.00,7.29,-1.90,-0.90,1.36
2026-05-19,45.91,50.34,50.45,45.60,47754,232477578.00,10.44,8.37,3.89,1.34
2026-05-20,49.98,49.45,51.27,48.82,42379,210801177.00,4.87,-1.77,-0.89,1.19
2026-05-21,49.94,49.80,52.99,49.50,60772,312242687.00,7.06,0.71,0.35,1.71
2026-05-22,49.80,50.13,51.00,48.10,40759,200423352.00,5.82,0.66,0.33,1.15
2026-05-25,52.00,53.69,53.96,50.48,47231,250191990.00,6.94,7.10,3.56,1.33
2026-05-26,53.69,57.44,57.57,53.14,71040,392120566.00,8.25,6.98,3.75,2.00
2026-05-27,56.41,51.70,59.78,51.70,109557,600316761.00,14.07,-9.99,-5.74,3.08
2026-05-28,51.70,52.99,53.18,49.13,97253,500034679.00,7.83,2.50,1.29,2.74
2026-05-29,53.97,48.40,53.97,47.76,92384,452348369.00,11.72,-8.66,-4.59,2.60
2026-06-01,48.25,47.00,49.28,46.72,40851,196182149.00,5.29,-2.89,-1.40,1.15
2026-06-02,47.94,49.04,49.08,45.20,55955,263288569.00,8.26,4.34,2.04,1.57
2026-06-03,49.22,48.71,51.00,46.69,69432,338983364.00,8.79,-0.67,-0.33,1.95
2026-06-04,48.71,51.48,51.80,47.71,57543,288917083.00,8.40,5.69,2.77,1.62
2026-06-05,52.20,51.30,52.36,50.50,35604,182986159.00,3.61,-0.35,-0.18,1.00
2026-06-08,48.55,48.01,50.16,47.85,40774,199160063.00,4.50,-6.41,-3.29,1.15
2026-06-09,48.10,48.99,49.37,47.34,26198,126834087.00,4.23,2.04,0.98,0.74
2026-06-10,50.41,52.50,53.40,49.03,74683,384363291.00,8.92,7.16,3.51,2.10
2026-06-11,52.20,55.70,56.17,51.73,60609,330870448.00,8.46,6.10,3.20,1.70
2026-06-12,55.64,55.87,57.65,55.00,47352,266515554.00,4.76,0.31,0.17,1.33
2026-06-15,55.95,58.15,58.18,55.64,37771,214456079.00,4.55,4.08,2.28,1.06
2026-06-16,58.26,59.13,60.50,56.70,45541,267502402.00,6.53,1.69,0.98,1.28
2026-06-17,57.30,55.80,57.30,54.39,60695,337752543.00,4.92,-5.63,-3.33,1.71
2026-06-18,55.31,57.03,57.33,54.61,38821,217564766.00,4.87,2.20,1.23,1.09
2026-06-22,55.42,54.21,56.99,52.80,47226,256894107.00,7.35,-4.94,-2.82,1.33
2026-06-23,54.21,54.03,55.20,53.26,25774,139465293.00,3.58,-0.33,-0.18,0.73
2026-06-24,54.03,54.21,54.49,52.89,16635,89455119.00,2.96,0.33,0.18,0.47
2026-06-25,54.42,52.64,55.50,52.00,28721,153340803.00,6.46,-2.90,-1.57,0.81
2026-06-26,52.60,52.27,53.85,50.79,32369,169655059.00,5.81,-0.70,-0.37,0.91
2026-06-29,51.01,48.67,52.39,47.47,47447,231506772.00,9.41,-6.89,-3.60,1.33
2026-06-30,50.00,53.54,53.54,50.00,24403,128366981.00,7.27,10.01,4.87,0.69