2026-01-05,5.88,5.88,5.91,5.86,75354,45250232.18,0.85,-0.17,-0.01,1.32
2026-01-06,5.89,5.92,5.94,5.88,60375,36409408.13,1.02,0.68,0.04,1.06
2026-01-07,5.92,5.88,5.94,5.87,68470,41211822.57,1.18,-0.68,-0.04,1.20
2026-01-08,5.87,5.91,5.92,5.85,54307,32656109.50,1.19,0.51,0.03,0.95
2026-01-09,5.90,5.91,5.93,5.85,76922,46347144.23,1.35,0.00,0.00,1.35
2026-01-12,5.91,5.97,5.98,5.90,86013,52111853.55,1.35,1.02,0.06,1.51
2026-01-13,5.98,5.94,6.02,5.92,78382,47679226.36,1.68,-0.50,-0.03,1.38
2026-01-14,5.96,5.95,5.99,5.90,88604,53807778.86,1.52,0.17,0.01,1.55
2026-01-15,5.95,5.91,5.97,5.88,42856,25898440.28,1.51,-0.67,-0.04,0.75
2026-01-16,5.91,5.90,5.94,5.87,46490,27982879.90,1.18,-0.17,-0.01,0.82
2026-01-19,5.89,5.97,5.97,5.88,79736,48356336.22,1.53,1.19,0.07,1.40
2026-01-20,5.98,6.00,6.02,5.94,66909,40899545.47,1.34,0.50,0.03,1.17
2026-01-21,5.99,5.97,5.99,5.94,68525,41696679.20,0.83,-0.50,-0.03,1.20
2026-01-22,5.98,6.02,6.03,5.96,92112,56382630.18,1.17,0.84,0.05,1.62
2026-01-23,6.03,6.04,6.05,6.00,68623,42127096.80,0.83,0.33,0.02,1.20
2026-01-26,6.03,6.08,6.10,5.96,107023,65851424.23,2.32,0.66,0.04,1.88
2026-01-27,6.08,6.03,6.08,5.90,127174,77413634.05,2.96,-0.82,-0.05,2.23
2026-01-28,6.01,6.06,6.12,5.98,104070,64336393.22,2.32,0.50,0.03,1.83
2026-01-29,6.07,6.06,6.14,6.00,135623,83966616.75,2.31,0.00,0.00,2.38
2026-01-30,6.06,6.13,6.16,6.03,154827,96330538.62,2.15,1.16,0.07,2.72
2026-02-02,6.09,5.99,6.13,5.99,105597,65420381.44,2.28,-2.28,-0.14,1.85
2026-02-03,6.02,6.01,6.05,5.96,65457,40121781.27,1.50,0.33,0.02,1.15
2026-02-04,5.99,6.13,6.14,5.99,103543,64412473.26,2.50,2.00,0.12,1.82
2026-02-05,6.13,6.12,6.19,6.11,94686,59308358.40,1.31,-0.16,-0.01,1.66
2026-02-06,6.11,6.10,6.16,6.09,68214,42623007.42,1.14,-0.33,-0.02,1.20
2026-02-09,6.17,6.15,6.17,6.11,67777,42461098.94,0.98,0.82,0.05,1.19
2026-02-10,6.17,6.14,6.19,6.11,73061,45853391.00,1.30,-0.16,-0.01,1.28
2026-02-11,6.15,6.12,6.17,6.11,54178,33898167.28,0.98,-0.33,-0.02,0.95
2026-02-12,6.12,5.97,6.14,5.96,106421,65176811.59,2.94,-2.45,-0.15,1.87
2026-02-13,5.99,5.93,6.02,5.91,63038,38338205.20,1.84,-0.67,-0.04,1.11
2026-02-24,5.96,5.99,6.01,5.94,61635,37581677.94,1.18,1.01,0.06,1.08
2026-02-25,6.00,6.03,6.07,5.98,76521,47152916.00,1.50,0.67,0.04,1.34
2026-02-26,6.04,5.97,6.05,5.93,70011,42679199.84,1.99,-1.00,-0.06,1.23
2026-02-27,5.98,6.02,6.04,5.96,52852,32362756.00,1.34,0.84,0.05,0.93
2026-03-02,6.02,5.91,6.05,5.90,88519,53715776.40,2.49,-1.83,-0.11,1.55
2026-03-03,5.93,5.87,5.99,5.83,84631,51012801.70,2.71,-0.68,-0.04,1.49
2026-03-04,5.83,5.76,5.83,5.73,87509,51635436.62,1.70,-1.87,-0.11,1.54
2026-03-05,5.82,5.79,5.83,5.78,55267,32736323.60,0.87,0.52,0.03,0.97
2026-03-06,5.79,5.94,5.94,5.76,79096,47522368.75,3.11,2.59,0.15,1.39
2026-03-09,5.93,5.92,5.99,5.88,68585,41457597.50,1.85,-0.34,-0.02,1.20
2026-03-10,5.95,5.92,5.96,5.91,56496,34193787.92,0.84,0.00,0.00,0.99
2026-03-11,5.95,5.94,5.95,5.87,55500,33453326.42,1.35,0.34,0.02,0.97
2026-03-12,5.96,5.97,6.01,5.93,74507,45390663.64,1.35,0.51,0.03,1.31
2026-03-13,5.95,5.94,6.02,5.91,75260,45794654.82,1.84,-0.50,-0.03,1.32
2026-03-16,5.93,6.03,6.05,5.93,98852,60630336.75,2.02,1.52,0.09,1.73
2026-03-17,6.04,5.96,6.08,5.95,68935,42364689.57,2.16,-1.16,-0.07,1.21
2026-03-18,5.97,5.94,5.98,5.88,62675,37835407.00,1.68,-0.34,-0.02,1.10
2026-03-19,5.93,5.82,5.95,5.80,62890,37673443.00,2.53,-2.02,-0.12,1.10
2026-03-20,5.84,5.62,5.84,5.61,117559,68408882.22,3.95,-3.44,-0.20,2.06
2026-03-23,5.51,5.31,5.53,5.29,120190,66232700.88,4.27,-5.52,-0.31,2.11
2026-03-24,5.42,5.43,5.44,5.29,52454,28838889.38,2.82,2.26,0.12,0.92
2026-03-25,5.47,5.56,5.57,5.42,58355,32848285.78,2.76,2.39,0.13,1.02
2026-03-26,5.55,5.53,5.62,5.52,37648,21412173.50,1.80,-0.54,-0.03,0.66
2026-03-27,5.50,5.63,5.63,5.49,41033,23405066.98,2.53,1.81,0.10,0.72
2026-03-30,5.59,5.73,5.73,5.56,46090,26690815.92,3.02,1.78,0.10,0.81
2026-03-31,5.71,5.63,5.80,5.59,89842,52253437.20,3.66,-1.75,-0.10,1.58
2026-04-01,5.69,5.67,5.72,5.59,60240,34723796.00,2.31,0.71,0.04,1.06
2026-04-02,5.68,5.67,5.74,5.63,50222,29214294.00,1.94,0.00,0.00,0.88
2026-04-03,5.67,5.48,5.67,5.45,65634,37077584.09,3.88,-3.35,-0.19,1.15
2026-04-07,5.48,5.64,5.65,5.43,58371,33239766.25,4.01,2.92,0.16,1.02
2026-04-08,5.69,5.71,5.78,5.67,53830,31375946.80,1.95,1.24,0.07,0.94
2026-04-09,5.72,5.59,5.73,5.57,45452,26130306.50,2.80,-2.10,-0.12,0.80
2026-04-10,5.62,5.61,5.67,5.58,38511,22140343.28,1.61,0.36,0.02,0.68
2026-04-13,5.61,5.63,5.68,5.57,36416,20917176.44,1.96,0.36,0.02,0.64
2026-04-14,5.65,5.69,5.69,5.56,51187,29487765.90,2.31,1.07,0.06,0.90
2026-04-15,5.69,5.65,5.72,5.58,62322,35818846.00,2.46,-0.70,-0.04,1.09
2026-04-16,5.70,5.70,5.75,5.63,56924,33088556.70,2.12,0.88,0.05,1.00
2026-04-17,5.69,5.55,5.69,5.53,81222,46241807.28,2.81,-2.63,-0.15,1.43
2026-04-20,5.55,5.53,5.56,5.46,60060,33751615.80,1.80,-0.36,-0.02,1.05
2026-04-21,5.53,5.52,5.55,5.48,39718,22361298.20,1.27,-0.18,-0.01,0.70
2026-04-22,5.51,5.47,5.53,5.44,45849,25663007.00,1.63,-0.91,-0.05,0.80
2026-04-23,5.46,5.41,5.47,5.37,64403,35533588.20,1.83,-1.10,-0.06,1.13
2026-04-24,5.39,5.45,5.48,5.36,48792,27055080.00,2.22,0.74,0.04,0.86
2026-04-27,5.43,5.49,5.52,5.37,57341,31865397.20,2.75,0.73,0.04,1.01
2026-04-28,5.47,5.51,5.52,5.43,55590,31111837.00,1.64,0.36,0.02,0.98
2026-04-29,5.51,5.57,5.62,5.47,57160,32562618.47,2.72,1.09,0.06,1.00
2026-04-30,5.54,5.54,5.62,5.50,54733,31083862.71,2.15,-0.54,-0.03,0.96
2026-05-06,5.60,5.56,5.60,5.52,49281,28016887.44,1.44,0.36,0.02,0.86
2026-05-07,5.58,5.51,5.61,5.50,37987,21509431.28,1.98,-0.90,-0.05,0.67
2026-05-08,5.54,5.55,5.57,5.49,37859,21400726.04,1.45,0.73,0.04,0.66
2026-05-11,5.56,5.52,5.56,5.48,47185,26546532.62,1.44,-0.54,-0.03,0.83
2026-05-12,5.51,5.39,5.51,5.38,55009,30554083.00,2.36,-2.36,-0.13,0.97
2026-05-13,5.40,5.38,5.41,5.34,47140,25852355.05,1.30,-0.19,-0.01,0.83
2026-05-14,5.40,5.35,5.41,5.32,47201,25881035.96,1.67,-0.56,-0.03,0.83
2026-05-15,5.37,5.25,5.37,5.23,60506,32649317.20,2.62,-1.87,-0.10,1.06
2026-05-18,5.24,5.21,5.26,5.12,48452,25634772.92,2.67,-0.76,-0.04,0.85
2026-05-19,5.23,5.26,5.29,5.20,29384,15760815.78,1.73,0.96,0.05,0.52
2026-05-20,5.22,5.18,5.25,5.14,24820,13137283.44,2.09,-1.52,-0.08,0.44
2026-05-21,5.20,5.15,5.26,5.11,36923,19636850.82,2.90,-0.58,-0.03,0.65
2026-05-22,5.16,5.15,5.16,5.05,38779,20228396.20,2.14,0.00,0.00,0.68
2026-05-25,5.13,5.12,5.18,5.07,31189,16316949.00,2.14,-0.58,-0.03,0.55
2026-05-26,5.12,5.02,5.12,4.98,36582,18904183.20,2.73,-1.95,-0.10,0.64
2026-05-27,5.05,4.97,5.05,4.88,44471,22455963.00,3.39,-1.00,-0.05,0.78
2026-05-28,4.93,4.95,5.00,4.87,43401,21937954.00,2.62,-0.40,-0.02,0.76
2026-05-29,4.97,4.96,5.03,4.94,49683,25369187.93,1.82,0.20,0.01,0.87
2026-06-01,4.98,5.14,5.15,4.88,57903,30088146.60,5.44,3.63,0.18,1.02
2026-06-02,5.14,5.00,5.21,4.97,58670,30232649.00,4.67,-2.72,-0.14,1.03
2026-06-03,5.01,4.92,5.02,4.88,35540,17913321.04,2.80,-1.60,-0.08,0.62
2026-06-04,4.89,4.82,4.95,4.78,37569,18625648.92,3.46,-2.03,-0.10,0.66
2026-06-05,4.80,4.88,4.91,4.80,38317,19116176.20,2.28,1.24,0.06,0.67
2026-06-08,4.84,4.79,4.91,4.74,43626,21518572.75,3.48,-1.84,-0.09,0.77
2026-06-09,4.79,4.73,4.81,4.71,33086,16104538.72,2.09,-1.25,-0.06,0.58
2026-06-10,4.70,4.74,4.77,4.66,32834,15861588.84,2.33,0.21,0.01,0.58
2026-06-11,4.69,4.68,4.73,4.62,34167,16369260.03,2.32,-1.27,-0.06,0.60
2026-06-12,4.70,4.71,4.75,4.63,32391,15629930.30,2.56,0.64,0.03,0.57
2026-06-15,4.73,4.68,4.81,4.64,43001,20728395.54,3.61,-0.64,-0.03,0.75
2026-06-16,4.68,4.65,4.69,4.58,30768,14613830.93,2.35,-0.64,-0.03,0.54
2026-06-17,4.63,4.51,4.64,4.47,51754,24074050.96,3.66,-3.01,-0.14,0.91
2026-06-18,4.48,4.48,4.54,4.43,29526,13602029.45,2.44,-0.67,-0.03,0.52
2026-06-22,4.48,4.45,4.48,4.30,57608,25824320.56,4.02,-0.67,-0.03,1.01
2026-06-23,4.45,4.55,4.63,4.43,45838,21470418.03,4.49,2.25,0.10,0.80
2026-06-24,4.54,4.39,4.54,4.36,43620,19810360.42,3.96,-3.52,-0.16,0.77
2026-06-25,4.41,4.35,4.41,4.27,38933,17330040.60,3.19,-0.91,-0.04,0.68
2026-06-26,4.36,4.39,4.51,4.31,72498,31968209.94,4.60,0.92,0.04,1.27
2026-06-29,4.37,4.40,4.44,4.26,48943,21345395.43,4.10,0.23,0.01,0.86