2026-01-05,25.57,25.18,26.25,23.57,465174,1159713664.00,10.74,0.92,0.23,29.29
2026-01-06,27.96,24.06,28.74,23.85,560414,1401034450.00,19.42,-4.45,-1.12,35.28
2026-01-07,23.78,22.75,23.94,22.75,378730,879330276.00,4.95,-5.44,-1.31,23.84
2026-01-08,22.86,22.23,22.98,22.12,229855,518489847.00,3.78,-2.29,-0.52,14.47
2026-01-09,22.48,22.05,22.48,21.95,187902,417408604.00,2.38,-0.81,-0.18,11.83
2026-01-12,22.19,22.99,23.32,22.12,280128,641665850.00,5.44,4.26,0.94,17.64
2026-01-13,22.91,22.37,23.24,22.25,195054,443043473.00,4.31,-2.70,-0.62,12.28
2026-01-14,22.14,21.93,22.59,21.54,179967,398105857.00,4.69,-1.97,-0.44,11.33
2026-01-15,21.64,22.26,22.89,21.62,180495,404827797.00,5.79,1.50,0.33,11.36
2026-01-16,22.08,22.52,22.79,21.95,153267,344276490.00,3.77,1.17,0.26,9.65
2026-01-19,23.25,22.66,23.63,22.26,219089,500088054.00,6.08,0.62,0.14,13.79
2026-01-20,22.76,21.78,22.80,21.44,180489,395168498.00,6.00,-3.88,-0.88,11.36
2026-01-21,21.57,22.33,22.60,21.51,140533,313720783.00,5.00,2.53,0.55,8.85
2026-01-22,22.21,22.33,22.58,22.01,95814,214400933.00,2.55,0.00,0.00,6.03
2026-01-23,22.44,22.90,23.05,22.32,145420,331593282.00,3.27,2.55,0.57,9.16
2026-01-26,22.75,22.37,23.02,22.31,108584,245814230.00,3.10,-2.31,-0.53,6.84
2026-01-27,22.35,21.95,22.59,21.35,105828,231200143.00,5.54,-1.88,-0.42,6.66
2026-01-28,22.06,21.63,22.14,21.54,76924,167261683.00,2.73,-1.46,-0.32,4.84
2026-01-29,21.55,21.35,21.79,21.25,66901,144423004.00,2.50,-1.29,-0.28,4.21
2026-01-30,21.29,21.02,21.39,20.57,80111,168135556.00,3.84,-1.55,-0.33,5.04
2026-02-02,20.85,20.79,21.38,20.74,79481,168129547.00,3.04,-1.09,-0.23,5.00
2026-02-03,20.94,21.18,21.24,20.88,47829,101150961.00,1.73,1.88,0.39,3.01
2026-02-04,21.15,21.26,21.30,20.95,47673,101041533.00,1.65,0.38,0.08,3.00
2026-02-05,21.10,20.90,21.26,20.86,37390,78653406.00,1.88,-1.69,-0.36,2.35
2026-02-06,20.83,21.90,22.53,20.75,158201,346338959.00,8.52,4.78,1.00,9.96
2026-02-09,22.14,21.89,22.45,21.79,99223,218914296.00,3.01,-0.05,-0.01,6.25
2026-02-10,21.89,21.38,22.12,21.38,71304,154438461.00,3.38,-2.33,-0.51,4.49
2026-02-11,21.39,21.73,22.00,21.32,77621,169244246.00,3.18,1.64,0.35,4.89
2026-02-12,21.66,21.15,21.68,21.14,69880,148884577.00,2.49,-2.67,-0.58,4.40
2026-02-13,21.17,21.25,21.73,21.11,78595,169451837.00,2.93,0.47,0.10,4.95
2026-02-24,21.37,21.05,21.55,20.92,67588,143274262.00,2.96,-0.94,-0.20,4.26
2026-02-25,21.05,22.41,22.63,21.05,159451,353890749.00,7.51,6.46,1.36,10.04
2026-02-26,22.41,21.92,22.83,21.85,126674,280774435.00,4.37,-2.19,-0.49,7.98
2026-02-27,21.88,21.93,22.11,21.65,77055,168703890.00,2.10,0.05,0.01,4.85
2026-03-02,21.46,21.18,21.83,21.00,88192,188314154.00,3.78,-3.42,-0.75,5.55
2026-03-03,21.10,19.91,21.43,19.88,113805,232769809.00,7.32,-6.00,-1.27,7.17
2026-03-04,19.90,19.78,20.20,19.64,61116,121698828.00,2.81,-0.65,-0.13,3.85
2026-03-05,20.18,19.85,20.50,19.76,50040,100805235.00,3.74,0.35,0.07,3.15
2026-03-06,19.81,20.11,20.28,19.77,46118,92871620.00,2.57,1.31,0.26,2.90
2026-03-09,19.75,20.14,20.19,19.57,66247,131940567.00,3.08,0.15,0.03,4.17
2026-03-10,20.25,20.49,20.91,20.25,59107,122190089.00,3.28,1.74,0.35,3.72
2026-03-11,20.62,21.09,21.37,20.49,105331,221945957.00,4.29,2.93,0.60,6.63
2026-03-12,21.20,21.97,22.61,21.08,212606,469451498.00,7.25,4.17,0.88,13.39
2026-03-13,21.97,21.75,22.63,21.75,150233,334672914.00,4.01,-1.00,-0.22,9.46
2026-03-16,21.75,21.78,22.12,21.56,98609,215290110.00,2.57,0.14,0.03,6.21
2026-03-17,21.62,20.96,22.04,20.96,80760,172919703.00,4.96,-3.76,-0.82,5.06
2026-03-18,20.98,20.77,21.15,20.62,59153,123159129.00,2.53,-0.91,-0.19,3.71
2026-03-19,20.66,20.07,20.71,19.98,57494,117044479.00,3.51,-3.37,-0.70,3.61
2026-03-20,20.24,20.05,21.06,20.05,91610,188711428.00,5.03,-0.10,-0.02,5.39
2026-03-23,19.72,19.51,20.59,19.35,105446,210787784.00,6.18,-2.69,-0.54,6.20
2026-03-24,19.94,20.60,20.95,19.67,130168,265194244.00,6.56,5.59,1.09,7.65
2026-03-25,20.58,20.24,20.74,20.02,105715,215404543.00,3.50,-1.75,-0.36,6.22
2026-03-26,20.26,21.86,23.75,20.25,384637,858184665.00,17.29,8.00,1.62,22.62
2026-03-27,21.16,22.96,23.24,21.16,372851,849171391.00,9.52,5.03,1.10,21.92
2026-03-30,22.98,24.29,24.76,22.98,364307,874877142.00,7.75,5.79,1.33,21.42
2026-03-31,23.75,23.06,23.94,23.03,211445,494898484.00,3.75,-5.06,-1.23,12.43
2026-04-01,23.27,23.33,24.13,22.65,236228,550825983.00,6.42,1.17,0.27,13.89
2026-04-02,22.95,22.95,23.50,22.71,166363,383314575.00,3.39,-1.63,-0.38,9.78
2026-04-03,22.80,21.86,23.08,21.76,136231,301546067.00,5.75,-4.75,-1.09,8.01
2026-04-07,23.07,22.48,23.89,22.47,249141,577708390.00,6.50,2.84,0.62,14.65
2026-04-08,22.47,22.22,22.85,21.86,208722,464076765.00,4.40,-1.16,-0.26,12.27
2026-04-09,21.96,22.30,23.49,21.87,292710,662327401.00,7.29,0.36,0.08,17.21
2026-04-10,22.26,24.95,25.12,21.86,410946,963653888.00,14.62,11.88,2.65,24.16
2026-04-13,23.93,24.30,24.41,23.55,283066,679679318.00,3.45,-2.61,-0.65,16.64
2026-04-14,24.42,24.74,24.85,23.98,263961,644936613.00,3.58,1.81,0.44,15.52
2026-04-15,24.46,24.48,24.91,23.85,271718,662617528.00,4.28,-1.05,-0.26,15.98
2026-04-16,24.30,24.35,24.82,23.97,228527,558213469.00,3.47,-0.53,-0.13,13.44
2026-04-17,24.20,24.25,24.71,23.83,203581,494620248.00,3.61,-0.41,-0.10,11.97
2026-04-20,24.15,24.32,24.58,24.00,144974,352124501.00,2.39,0.29,0.07,8.52
2026-04-21,24.25,24.01,24.45,23.71,147240,353796303.00,3.04,-1.27,-0.31,8.66
2026-04-22,23.82,23.86,24.57,23.69,178237,428897444.00,3.67,-0.62,-0.15,10.48
2026-04-23,23.63,23.60,24.13,23.20,151757,358791098.00,3.90,-1.09,-0.26,8.92
2026-04-24,23.37,24.41,24.64,23.25,194793,470641926.00,5.89,3.43,0.81,11.45
2026-04-27,24.26,25.48,26.00,24.26,259971,658182463.00,7.13,4.38,1.07,15.29
2026-04-28,25.48,25.15,25.75,25.00,172022,437631805.00,2.94,-1.30,-0.33,10.11
2026-04-29,25.22,25.84,25.99,23.54,372248,933944664.00,9.74,2.74,0.69,21.89
2026-04-30,25.84,29.92,30.44,25.45,563137,1593696590.00,19.31,15.79,4.08,33.11
2026-05-06,30.87,32.32,32.75,30.87,455165,1450746964.00,6.28,8.02,2.40,26.76
2026-05-07,31.97,31.19,32.45,30.45,305522,951357348.00,6.19,-3.50,-1.13,17.96
2026-05-08,30.93,30.31,32.08,30.21,234407,723110880.00,6.00,-2.82,-0.88,13.78
2026-05-11,29.95,31.75,32.64,29.40,379616,1183428235.00,10.69,4.75,1.44,22.32
2026-05-12,31.46,32.25,34.30,31.16,280965,918052284.00,9.89,1.57,0.50,16.52
2026-05-13,32.26,32.21,33.17,31.63,193690,624615778.00,4.78,-0.12,-0.04,11.39
2026-05-14,32.34,31.97,34.10,31.97,241996,800180786.00,6.61,-0.75,-0.24,14.23
2026-05-15,32.20,33.49,35.53,32.20,312315,1058095194.00,10.42,4.75,1.52,18.36
2026-05-18,33.28,32.08,33.48,31.85,189005,614218336.00,4.87,-4.21,-1.41,11.11
2026-05-19,31.72,31.65,33.07,31.23,177249,567546768.00,5.74,-1.34,-0.43,10.42
2026-05-20,31.47,34.35,35.03,31.12,229472,764668283.00,12.35,8.53,2.70,13.49
2026-05-21,35.03,32.56,35.41,32.48,230975,789373992.00,8.53,-5.21,-1.79,13.58
2026-05-22,32.95,32.06,33.09,31.65,167413,540390777.00,4.42,-1.54,-0.50,9.84
2026-05-25,32.22,30.56,32.38,30.06,193928,601224470.00,7.24,-4.68,-1.50,11.40
2026-05-26,30.63,30.92,31.66,29.87,178472,550431361.00,5.86,1.18,0.36,10.49
2026-05-27,30.71,31.34,32.95,30.48,195053,626263758.00,7.99,1.36,0.42,11.47
2026-05-28,31.95,32.44,33.45,31.75,186875,607435774.00,5.42,3.51,1.10,10.99
2026-05-29,32.10,32.43,33.73,30.95,205708,664408118.00,8.57,-0.03,-0.01,12.09
2026-06-01,32.44,31.66,33.03,31.60,138291,445431662.00,4.41,-2.37,-0.77,8.13
2026-06-02,31.67,30.35,31.93,30.23,140578,432120540.00,5.37,-4.14,-1.31,8.27
2026-06-03,30.02,30.32,31.06,30.01,104058,319159647.00,3.46,-0.10,-0.03,6.12
2026-06-04,30.12,29.54,30.32,28.82,128960,381498453.00,4.95,-2.57,-0.78,7.58
2026-06-05,29.56,28.75,30.00,28.55,132830,386958533.00,4.91,-2.67,-0.79,7.81
2026-06-08,28.09,26.79,28.34,26.45,181417,495148873.00,6.57,-6.82,-1.96,10.67
2026-06-09,26.95,27.35,27.72,26.41,151029,408370872.00,4.89,2.09,0.56,8.88
2026-06-10,26.97,26.85,27.48,26.65,85826,232205874.00,3.03,-1.83,-0.50,5.05
2026-06-11,26.73,26.79,27.49,26.26,114389,306594967.00,4.58,-0.22,-0.06,6.73
2026-06-12,26.95,27.25,27.73,26.65,118574,322732756.00,4.03,1.72,0.46,6.97
2026-06-15,27.28,26.96,27.75,26.76,130277,353144796.00,3.63,-1.06,-0.29,7.66
2026-06-16,26.97,27.93,28.55,26.88,150114,416931964.00,6.19,3.60,0.97,8.83
2026-06-17,27.66,27.81,28.27,27.45,107409,299217635.00,2.94,-0.43,-0.12,6.32
2026-06-18,27.68,27.60,28.23,27.26,102001,282772171.00,3.49,-0.76,-0.21,6.00
2026-06-22,27.60,29.98,30.00,27.02,220735,630842358.00,10.80,8.62,2.38,12.98
2026-06-23,29.51,29.75,30.68,29.23,177834,534767525.00,4.84,-0.77,-0.23,10.46
2026-06-24,29.93,29.25,30.15,28.44,144978,423295679.00,5.75,-1.68,-0.50,8.52
2026-06-25,28.73,28.28,29.25,28.12,119059,339462686.00,3.86,-3.32,-0.97,7.00
2026-06-26,28.05,26.46,28.75,26.33,147571,402271270.00,8.56,-6.44,-1.82,8.68
2026-06-29,26.45,26.84,27.23,25.55,154436,409631896.00,6.35,1.44,0.38,9.08
2026-06-30,26.50,26.90,27.10,26.10,115927,309346875.00,3.73,0.22,0.06,6.82
2026-07-01,26.86,28.94,29.14,26.52,165208,465264415.00,9.74,7.58,2.04,9.71
2026-07-02,28.79,28.06,29.07,27.97,138678,395780375.00,3.80,-3.04,-0.88,8.15
2026-07-03,27.93,26.90,28.47,26.77,131719,358375951.00,6.06,-4.13,-1.16,7.74
2026-07-06,26.90,25.78,27.54,25.75,134565,357168591.00,6.65,-4.16,-1.12,7.91
2026-07-07,25.57,24.40,26.08,24.32,137770,344892360.00,6.83,-5.35,-1.38,8.10
2026-07-08,24.33,23.25,24.51,23.01,127669,302119405.00,6.15,-4.71,-1.15,7.51
2026-07-09,23.30,22.63,23.76,21.79,132309,298419127.00,8.47,-2.67,-0.62,7.78
2026-07-10,22.59,22.28,23.03,22.28,116654,264451542.00,3.31,-1.55,-0.35,6.86
2026-07-13,21.98,21.29,22.22,21.18,122409,264358497.00,4.67,-4.44,-0.99,7.20
2026-07-14,21.35,21.53,21.63,20.92,90416,192470113.00,3.33,1.13,0.24,5.32
2026-07-15,21.51,21.69,21.94,21.21,125562,271291478.00,3.39,0.74,0.16,7.38
2026-07-16,21.36,21.10,21.55,20.86,123370,260611308.00,3.18,-2.72,-0.59,7.25
2026-07-17,20.89,19.29,21.09,19.25,144367,287838610.00,8.72,-8.58,-1.81,8.49
2026-07-20,19.48,18.05,19.60,17.70,132122,244081526.00,9.85,-6.43,-1.24,7.77
2026-07-21,18.09,18.51,18.52,16.68,138442,245686727.00,10.19,2.55,0.46,8.14
2026-07-22,18.39,18.14,18.73,17.99,92720,169889673.00,4.00,-2.00,-0.37,5.45
2026-07-23,18.16,18.76,18.96,17.94,111438,207375010.00,5.62,3.42,0.62,6.55
2026-07-24,18.61,18.50,19.45,18.49,128165,243033238.00,5.12,-1.39,-0.26,7.54
2026-07-27,18.50,19.43,19.58,18.47,149142,285364478.60,6.00,5.03,0.93,8.77