2026-01-05,32.17,32.79,32.92,32.17,40029,130324047.00,2.35,2.82,0.90,1.81
2026-01-06,32.85,33.48,33.62,32.63,52695,175142105.00,3.02,2.10,0.69,2.39
2026-01-07,33.64,33.50,34.49,33.35,59260,200526683.00,3.41,0.06,0.02,2.68
2026-01-08,33.40,33.87,34.18,33.22,44447,150351600.00,2.87,1.10,0.37,2.01
2026-01-09,33.86,34.16,34.24,33.47,54006,182939068.00,2.27,0.86,0.29,2.45
2026-01-12,34.16,35.06,35.15,33.89,70607,244856380.00,3.69,2.63,0.90,3.20
2026-01-13,35.15,34.10,35.35,34.08,71460,248332121.00,3.62,-2.74,-0.96,3.24
2026-01-14,34.59,35.29,36.17,34.36,116079,407657713.00,5.31,3.49,1.19,5.26
2026-01-15,35.20,34.91,35.55,34.22,67836,235797468.00,3.77,-1.08,-0.38,3.07
2026-01-16,35.08,35.94,36.65,34.84,127071,454227458.00,5.18,2.95,1.03,5.76
2026-01-19,35.80,35.48,36.18,35.20,72567,257571260.00,2.73,-1.28,-0.46,3.29
2026-01-20,35.36,35.27,36.10,34.84,76170,270212380.00,3.55,-0.59,-0.21,3.45
2026-01-21,34.97,38.50,40.94,34.90,255086,961884851.00,17.13,9.16,3.23,11.56
2026-01-22,39.30,44.35,45.88,37.79,463862,1946656529.00,21.01,15.19,5.85,21.01
2026-01-23,42.42,44.00,45.99,42.40,360627,1600698759.00,8.09,-0.79,-0.35,16.34
2026-01-26,46.00,45.89,48.97,44.00,304495,1418360829.00,11.30,4.30,1.89,13.79
2026-01-27,45.91,51.27,52.48,45.83,391210,1945514000.00,14.49,11.72,5.38,17.72
2026-01-28,54.25,56.00,60.88,54.25,381113,2172290872.00,12.93,9.23,4.73,17.26
2026-01-29,55.01,52.18,56.78,51.80,280300,1510431557.00,8.89,-6.82,-3.82,12.70
2026-01-30,53.00,53.36,56.00,51.27,253379,1346982440.00,9.06,2.26,1.18,11.48
2026-02-02,50.01,47.04,51.18,47.01,243140,1186737446.00,7.81,-11.84,-6.32,11.01
2026-02-03,48.50,49.30,49.68,46.81,170037,825493277.00,6.10,4.80,2.26,7.70
2026-02-04,48.75,49.75,49.97,47.14,140281,677590308.00,5.74,0.91,0.45,6.35
2026-02-05,47.80,52.00,53.15,47.30,260991,1333970171.00,11.76,4.52,2.25,11.82
2026-02-06,50.80,49.97,51.94,49.75,162422,823359002.00,4.21,-3.90,-2.03,7.36
2026-02-09,50.20,47.30,50.69,46.80,232465,1118952878.00,7.78,-5.34,-2.67,10.53
2026-02-10,47.00,47.17,50.28,46.92,220516,1069458183.00,7.10,-0.27,-0.13,9.99
2026-02-11,47.20,50.71,52.50,46.61,234680,1160412436.00,12.49,7.50,3.54,10.63
2026-02-12,51.58,51.41,52.20,49.17,171607,870701082.00,5.98,1.38,0.70,7.77
2026-02-13,50.97,49.15,51.18,49.13,113199,564614874.00,3.99,-4.40,-2.26,5.13
2026-02-24,50.55,48.44,50.78,48.19,93808,459114198.00,5.27,-1.44,-0.71,4.25
2026-02-25,48.99,47.70,49.19,46.84,97003,462932689.00,4.85,-1.53,-0.74,4.39
2026-02-26,47.86,46.81,48.10,46.13,108888,511369660.00,4.13,-1.87,-0.89,4.93
2026-02-27,46.65,45.37,46.87,44.35,135243,612892072.00,5.38,-3.08,-1.44,6.13
2026-03-02,44.22,43.52,45.19,43.44,95926,421810521.00,3.86,-4.08,-1.85,4.35
2026-03-03,43.90,40.25,44.30,40.05,113228,469984455.00,9.77,-7.51,-3.27,5.13
2026-03-04,40.08,40.10,40.79,39.39,110110,441626087.00,3.48,-0.37,-0.15,4.99
2026-03-05,41.32,43.87,45.50,41.01,247834,1089223545.00,11.20,9.40,3.77,11.23
2026-03-06,42.62,42.71,44.15,42.62,122509,528275043.00,3.49,-2.64,-1.16,5.55
2026-03-09,41.70,42.24,42.50,40.80,101121,420023146.00,3.98,-1.10,-0.47,4.58
2026-03-10,43.15,43.28,43.96,42.73,102679,444824687.00,2.91,2.46,1.04,4.65
2026-03-11,43.27,41.81,43.55,41.63,100417,425645173.00,4.44,-3.40,-1.47,4.55
2026-03-12,41.60,40.81,42.10,40.30,69256,283717177.00,4.31,-2.39,-1.00,3.14
2026-03-13,40.32,40.15,41.10,39.40,70739,284745523.00,4.17,-1.62,-0.66,3.20
2026-03-16,39.90,41.63,42.20,39.22,112958,463456948.00,7.42,3.69,1.48,5.12
2026-03-17,41.70,39.74,41.72,39.65,74767,303742173.00,4.97,-4.54,-1.89,3.39
2026-03-18,40.46,41.74,42.47,39.78,117832,487703795.00,6.77,5.03,2.00,5.34
2026-03-19,41.28,40.59,41.72,40.38,80613,329212165.00,3.21,-2.76,-1.15,3.65
2026-03-20,40.67,39.11,41.17,39.08,86678,346684735.00,5.15,-3.65,-1.48,3.93
2026-03-23,38.38,36.50,38.54,36.32,85068,318045182.00,5.68,-6.67,-2.61,3.85
2026-03-24,37.58,37.08,37.85,35.85,65925,241009078.00,5.48,1.59,0.58,2.99
2026-03-25,37.53,38.69,40.38,37.48,130636,509163829.00,7.82,4.34,1.61,5.92
2026-03-26,39.16,38.38,40.43,38.20,113558,445149963.00,5.76,-0.80,-0.31,5.14
2026-03-27,37.90,38.25,39.00,37.29,78272,298492882.00,4.46,-0.34,-0.13,3.55
2026-03-30,37.54,38.70,38.75,37.36,58592,222915821.00,3.63,1.18,0.45,2.65
2026-03-31,38.43,37.08,38.70,37.08,59491,224525013.00,4.19,-4.19,-1.62,2.70
2026-04-01,38.51,40.21,40.40,38.45,139227,548289161.00,5.26,8.44,3.13,6.31
2026-04-02,39.95,38.58,40.14,38.20,90547,352638084.00,4.82,-4.05,-1.63,4.10
2026-04-03,38.91,37.95,39.00,37.58,63382,242469067.00,3.68,-1.63,-0.63,2.87
2026-04-07,38.05,38.70,39.91,38.05,80711,315338506.00,4.90,1.98,0.75,3.66
2026-04-08,40.00,40.70,40.74,39.48,93565,376948141.00,3.26,5.17,2.00,4.24
2026-04-09,40.06,40.59,41.07,39.95,87716,356400162.00,2.75,-0.27,-0.11,3.97
2026-04-10,40.93,42.50,43.75,40.90,208499,881573597.00,7.02,4.71,1.91,9.45
2026-04-13,43.31,46.86,48.55,43.18,306884,1436668571.00,12.64,10.26,4.36,13.90
2026-04-14,46.94,47.20,49.80,46.78,206179,987989464.00,6.44,0.73,0.34,9.34
2026-04-15,47.48,44.52,47.83,44.38,138339,629828677.00,7.31,-5.68,-2.68,6.27
2026-04-16,44.51,44.62,45.10,43.81,107921,480420889.00,2.90,0.22,0.10,4.89
2026-04-17,44.10,44.50,45.29,44.06,90288,402324914.00,2.76,-0.27,-0.12,4.09
2026-04-20,44.80,44.55,44.94,43.82,96792,428844380.00,2.52,0.11,0.05,4.38
2026-04-21,44.55,46.15,46.59,43.80,196518,896284510.00,6.26,3.59,1.60,8.90
2026-04-22,45.69,46.54,47.50,45.13,171461,794347159.00,5.14,0.85,0.39,7.77
2026-04-23,46.54,45.81,47.14,44.75,130807,600887456.00,5.14,-1.57,-0.73,5.93
2026-04-24,45.90,47.65,47.88,45.86,206821,972249182.00,4.41,4.02,1.84,9.37
2026-04-27,46.55,46.00,46.87,42.88,189073,865689820.00,8.37,-3.46,-1.65,8.57
2026-04-28,45.28,44.49,46.08,43.85,144017,645885005.00,4.85,-3.28,-1.51,6.52
2026-04-29,44.02,45.85,46.50,44.02,121350,554923875.00,5.57,3.06,1.36,5.50
2026-04-30,45.86,46.53,46.99,45.40,147300,682472042.00,3.47,1.48,0.68,6.67
2026-05-06,47.24,47.10,48.30,47.03,201554,960143852.00,2.73,1.23,0.57,9.13
2026-05-07,47.34,48.14,48.58,46.78,163978,785303606.00,3.82,2.21,1.04,7.43
2026-05-08,48.00,53.80,55.34,47.23,318091,1629833368.00,16.85,11.76,5.66,14.41
2026-05-11,53.82,53.24,54.16,52.18,265639,1412268130.00,3.68,-1.04,-0.56,12.03
2026-05-12,53.24,52.81,54.44,51.80,172552,915210809.00,4.96,-0.81,-0.43,7.82
2026-05-13,51.39,52.46,52.77,50.57,168593,873214294.00,4.17,-0.66,-0.35,7.64
2026-05-14,52.46,53.14,54.82,51.58,226502,1217850514.00,6.18,1.30,0.68,10.26
2026-05-15,52.90,50.66,52.91,49.94,176039,905899754.00,5.59,-4.67,-2.48,7.97
2026-05-18,49.03,51.69,51.99,48.50,131347,667249980.00,6.89,2.03,1.03,5.95
2026-05-19,50.76,51.09,51.35,50.00,104978,531565963.00,2.61,-1.16,-0.60,4.76
2026-05-20,50.58,53.50,54.00,49.80,192724,1006382625.00,8.22,4.72,2.41,8.73
2026-05-21,53.50,49.70,54.40,49.01,209883,1099353182.00,10.07,-7.10,-3.80,9.51
2026-05-22,49.70,50.12,50.47,48.07,145050,716904137.00,4.83,0.85,0.42,6.57
2026-05-25,49.91,52.74,53.00,49.12,193497,1005227325.00,7.74,5.23,2.62,8.77
2026-05-26,52.00,49.58,52.50,47.90,169224,845035709.00,8.72,-5.99,-3.16,7.67
2026-05-27,49.60,49.00,51.63,48.78,123255,619193629.00,5.75,-1.17,-0.58,5.58
2026-05-28,48.01,49.72,50.15,47.05,123139,599844417.00,6.33,1.47,0.72,5.58
2026-05-29,50.05,44.95,50.21,44.48,167596,779886996.00,11.52,-9.59,-4.77,7.59
2026-06-01,44.83,44.90,46.40,44.40,78419,356986086.00,4.45,-0.11,-0.05,3.55
2026-06-02,44.63,43.87,45.20,42.64,86402,379410786.00,5.70,-2.29,-1.03,3.91
2026-06-03,43.87,44.28,45.35,43.55,79784,356374371.00,4.10,0.93,0.41,3.61
2026-06-04,43.77,44.28,45.15,43.01,71692,318019479.00,4.83,0.00,0.00,3.25
2026-06-05,43.49,43.07,44.44,42.14,78826,340796091.00,5.19,-2.73,-1.21,3.57
2026-06-08,41.00,40.83,42.67,39.92,80125,330555459.00,6.38,-5.20,-2.24,3.63
2026-06-09,41.58,46.20,46.50,40.96,149321,662371890.00,13.57,13.15,5.37,6.76
2026-06-10,45.64,49.90,51.99,45.50,250488,1248862974.00,14.05,8.01,3.70,11.35
2026-06-11,49.02,49.13,50.93,48.58,113426,560706333.00,4.71,-1.54,-0.77,5.14
2026-06-12,50.05,49.02,50.69,48.39,120365,594026236.00,4.68,-0.22,-0.11,5.45
2026-06-15,49.55,52.85,53.77,48.55,190357,984229070.00,10.65,7.81,3.83,8.62
2026-06-16,52.79,53.20,53.75,51.90,158671,838081089.00,3.50,0.66,0.35,7.19
2026-06-17,52.28,54.45,54.58,52.28,151653,815449183.00,4.32,2.35,1.25,6.87
2026-06-18,54.00,60.47,62.05,53.91,320181,1867161554.00,14.95,11.06,6.02,14.50
2026-06-22,62.00,66.88,67.76,60.36,310457,2029080883.00,12.24,10.60,6.41,14.06
2026-06-23,64.00,63.43,65.88,62.10,191790,1221798014.00,5.65,-5.16,-3.45,8.69
2026-06-24,65.80,73.25,74.06,65.71,348521,2483773895.00,13.16,15.48,9.82,15.79
2026-06-25,71.50,71.60,75.36,71.13,267195,1948382618.00,5.77,-2.25,-1.65,12.10
2026-06-26,72.00,71.06,74.48,69.99,206958,1488446830.42,6.27,-0.75,-0.54,9.38