2026-01-05,4.60,4.70,4.72,4.57,88538,41386126.00,3.29,3.07,0.14,1.23
2026-01-06,4.72,4.73,4.73,4.63,79587,37466571.00,2.13,0.64,0.03,1.10
2026-01-07,4.71,4.64,4.73,4.62,65217,30458096.00,2.33,-1.90,-0.09,0.90
2026-01-08,4.65,4.74,4.75,4.63,78292,36834291.00,2.59,2.16,0.10,1.09
2026-01-09,4.73,4.81,4.82,4.70,102135,48616217.00,2.53,1.48,0.07,1.42
2026-01-12,4.83,4.85,4.86,4.79,99674,48029783.00,1.46,0.83,0.04,1.38
2026-01-13,4.88,4.98,5.23,4.86,232557,116097670.00,7.63,2.68,0.13,3.22
2026-01-14,4.97,4.87,4.97,4.82,179176,88024061.00,3.01,-2.21,-0.11,2.48
2026-01-15,4.85,4.77,4.87,4.76,87333,41924705.00,2.26,-2.05,-0.10,1.21
2026-01-16,4.77,4.72,4.80,4.68,77407,36527625.00,2.52,-1.05,-0.05,1.07
2026-01-19,4.72,4.71,4.76,4.67,58900,27795638.00,1.91,-0.21,-0.01,0.82
2026-01-20,4.72,4.73,4.78,4.70,73756,34895242.00,1.70,0.42,0.02,1.02
2026-01-21,4.74,4.77,4.78,4.68,67242,31866296.00,2.11,0.85,0.04,0.93
2026-01-22,4.77,4.82,4.83,4.73,61313,29443517.00,2.10,1.05,0.05,0.85
2026-01-23,4.85,4.88,4.91,4.80,81689,39791622.00,2.28,1.24,0.06,1.13
2026-01-26,4.89,4.81,4.89,4.74,125615,60137252.00,3.07,-1.43,-0.07,1.74
2026-01-27,4.84,4.69,4.85,4.63,116984,54908241.00,4.57,-2.49,-0.12,1.62
2026-01-28,4.69,4.62,4.72,4.62,76646,35632231.00,2.13,-1.49,-0.07,1.06
2026-01-29,4.60,4.60,4.68,4.55,71868,33210491.00,2.81,-0.43,-0.02,1.00
2026-01-30,4.60,4.56,4.64,4.53,86458,39546713.00,2.39,-0.87,-0.04,1.20
2026-02-02,4.58,4.52,4.63,4.51,66706,30509742.00,2.63,-0.88,-0.04,0.92
2026-02-03,4.57,4.56,4.57,4.50,52536,23864326.00,1.55,0.88,0.04,0.73
2026-02-04,4.57,4.63,4.64,4.55,68995,31786448.00,1.97,1.54,0.07,0.96
2026-02-05,4.62,4.62,4.68,4.61,67128,31146589.00,1.51,-0.22,-0.01,0.93
2026-02-06,4.61,4.68,4.72,4.61,74812,35001701.00,2.38,1.30,0.06,1.04
2026-02-09,4.68,4.73,4.78,4.67,62932,29754185.00,2.35,1.07,0.05,0.87
2026-02-10,4.74,4.78,4.80,4.70,60644,28924512.00,2.11,1.06,0.05,0.84
2026-02-11,4.77,4.72,4.80,4.71,47173,22338871.00,1.88,-1.26,-0.06,0.65
2026-02-12,4.73,4.61,4.74,4.60,66595,30898561.00,2.97,-2.33,-0.11,0.92
2026-02-13,4.64,4.61,4.66,4.61,73950,34293627.00,1.08,0.00,0.00,1.03
2026-02-24,4.63,4.68,4.71,4.62,69249,32372596.00,1.95,1.52,0.07,0.96
2026-02-25,4.73,4.73,4.82,4.67,105638,50119331.00,3.21,1.07,0.05,1.46
2026-02-26,4.73,4.60,4.76,4.58,158439,73590513.00,3.81,-2.75,-0.13,2.20
2026-02-27,4.58,4.66,4.68,4.51,84357,38998959.00,3.70,1.30,0.06,1.17
2026-03-02,4.61,4.50,4.68,4.48,124064,56306656.00,4.29,-3.43,-0.16,1.72
2026-03-03,4.48,4.37,4.55,4.36,99661,44316291.00,4.22,-2.89,-0.13,1.38
2026-03-04,4.32,4.30,4.39,4.22,81652,35127008.00,3.89,-1.60,-0.07,1.13
2026-03-05,4.34,4.39,4.42,4.32,86538,37894900.00,2.33,2.09,0.09,1.20
2026-03-06,4.39,4.57,4.57,4.37,93958,42344122.00,4.56,4.10,0.18,1.30
2026-03-09,4.52,4.56,4.58,4.47,82433,37345078.00,2.41,-0.22,-0.01,1.14
2026-03-10,4.61,4.66,4.67,4.56,75652,35061981.00,2.41,2.19,0.10,1.05
2026-03-11,4.66,4.61,4.67,4.59,58867,27207871.00,1.72,-1.07,-0.05,0.82
2026-03-12,4.58,4.54,4.61,4.53,61668,28192409.00,1.74,-1.52,-0.07,0.86
2026-03-13,4.55,4.58,4.63,4.52,65312,29950108.00,2.42,0.88,0.04,0.91
2026-03-16,4.55,4.56,4.65,4.51,53519,24449436.00,3.06,-0.44,-0.02,0.74
2026-03-17,4.56,4.54,4.63,4.53,68342,31373416.00,2.19,-0.44,-0.02,0.95
2026-03-18,4.51,4.61,4.62,4.51,72960,33410035.00,2.42,1.54,0.07,1.01
2026-03-19,4.56,4.49,4.62,4.47,62586,28399501.00,3.25,-2.60,-0.12,0.87
2026-03-20,4.48,4.34,4.55,4.33,69470,30638646.00,4.90,-3.34,-0.15,0.96
2026-03-23,4.26,4.05,4.30,4.02,100651,41766030.00,6.45,-6.68,-0.29,1.40
2026-03-24,4.13,4.30,4.46,4.09,289642,124892892.00,9.14,6.17,0.25,4.02
2026-03-25,4.33,4.43,4.47,4.31,210679,92947662.00,3.72,3.02,0.13,2.92
2026-03-26,4.47,4.34,4.48,4.33,124487,54629292.00,3.39,-2.03,-0.09,1.73
2026-03-27,4.34,4.51,4.51,4.32,145191,64579480.00,4.38,3.92,0.17,2.01
2026-03-30,4.48,4.57,4.58,4.47,102944,46810766.00,2.44,1.33,0.06,1.43
2026-03-31,4.57,4.60,4.64,4.50,99646,45623459.00,3.06,0.66,0.03,1.38
2026-04-01,4.57,4.91,4.99,4.52,542734,262475843.00,10.22,6.74,0.31,7.52
2026-04-02,4.76,4.85,4.93,4.74,361281,174718194.00,3.87,-1.22,-0.06,5.01
2026-04-03,4.85,4.93,5.12,4.76,466394,231065073.00,7.42,1.65,0.08,6.47
2026-04-07,4.93,5.00,5.05,4.80,411241,202662772.00,5.07,1.42,0.07,5.70
2026-04-08,5.00,4.83,5.02,4.80,303026,147910272.00,4.40,-3.40,-0.17,4.20
2026-04-09,4.84,4.68,4.93,4.64,263507,125238622.00,6.00,-3.11,-0.15,3.65
2026-04-10,4.69,4.64,5.00,4.56,289357,136589192.00,9.40,-0.85,-0.04,4.01
2026-04-13,4.58,4.51,4.62,4.45,156141,70328489.00,3.66,-2.80,-0.13,2.16
2026-04-14,4.59,4.56,4.62,4.44,132010,59576655.00,3.99,1.11,0.05,1.83
2026-04-15,4.61,4.71,4.80,4.54,275136,128613171.00,5.70,3.29,0.15,3.81
2026-04-16,4.64,4.65,4.72,4.58,174049,80553408.00,2.97,-1.27,-0.06,2.41
2026-04-17,4.65,4.43,4.65,4.38,204237,91294891.00,5.81,-4.73,-0.22,2.83
2026-04-20,4.46,4.47,4.49,4.35,109840,48657587.00,3.16,0.90,0.04,1.52
2026-04-21,4.48,4.38,4.87,4.38,286162,129826915.00,10.96,-2.01,-0.09,3.97
2026-04-22,4.47,4.40,4.54,4.26,212685,93439462.00,6.39,0.46,0.02,2.99
2026-04-23,4.45,4.26,4.45,4.25,143822,62000657.00,4.55,-3.18,-0.14,2.02
2026-04-24,4.25,4.27,4.29,4.19,106722,45246478.00,2.35,0.23,0.01,1.50
2026-04-27,4.21,4.27,4.29,4.04,206339,85735690.00,5.85,0.00,0.00,2.90
2026-04-28,4.29,4.36,4.39,4.25,173695,75384603.00,3.28,2.11,0.09,2.44
2026-04-29,4.39,4.55,4.63,4.34,235236,106681210.00,6.65,4.36,0.19,3.30
2026-04-30,4.51,4.48,4.60,4.46,131768,59566836.00,3.08,-1.54,-0.07,1.85
2026-05-06,4.52,4.52,4.54,4.45,101388,45643971.00,2.01,0.89,0.04,1.42
2026-05-07,4.53,4.45,4.56,4.42,154785,69143161.00,3.10,-1.55,-0.07,2.17
2026-05-08,4.47,4.53,4.56,4.45,113906,51496266.00,2.47,1.80,0.08,1.60
2026-05-11,4.55,4.68,4.69,4.46,199714,91550642.00,5.08,3.31,0.15,2.80
2026-05-12,4.70,4.47,4.70,4.45,149576,67675978.00,5.34,-4.49,-0.21,2.10
2026-05-13,4.49,4.48,4.59,4.44,111695,50271303.00,3.36,0.22,0.01,1.57
2026-05-14,4.52,4.43,4.52,4.40,88338,39194369.00,2.68,-1.12,-0.05,1.24
2026-05-15,4.41,4.37,4.46,4.35,89210,39186539.00,2.48,-1.35,-0.06,1.25
2026-05-18,4.38,4.36,4.39,4.31,71748,31181231.00,1.83,-0.23,-0.01,1.01
2026-05-19,4.34,4.39,4.43,4.34,59106,25864302.00,2.06,0.69,0.03,0.83
2026-05-20,4.36,4.36,4.41,4.29,80334,34823454.00,2.73,-0.68,-0.03,1.13
2026-05-21,4.33,4.26,4.52,4.24,123151,54148238.00,6.42,-2.29,-0.10,1.73
2026-05-22,4.28,4.30,4.33,4.18,97117,41271019.00,3.52,0.94,0.04,1.36
2026-05-25,4.31,4.34,4.40,4.25,102232,44194801.00,3.49,0.93,0.04,1.44
2026-05-26,4.35,4.22,4.35,4.18,105148,44625820.00,3.92,-2.76,-0.12,1.48
2026-05-27,4.24,4.13,4.24,4.04,103217,42503918.00,4.74,-2.13,-0.09,1.45
2026-05-28,4.11,4.17,4.20,4.07,76730,31779975.00,3.15,0.97,0.04,1.08
2026-05-29,4.19,4.12,4.19,4.09,81270,33621996.00,2.40,-1.20,-0.05,1.14
2026-06-01,4.12,4.31,4.35,4.06,146602,62304931.00,7.04,4.61,0.19,2.06
2026-06-02,4.26,4.22,4.34,4.17,87503,36946759.00,3.94,-2.09,-0.09,1.23
2026-06-03,4.20,4.26,4.30,4.15,103927,43863092.00,3.55,0.95,0.04,1.46
2026-06-04,4.25,4.07,4.25,4.01,133910,54775447.00,5.63,-4.46,-0.19,1.88
2026-06-05,4.11,4.07,4.17,4.01,103629,42188530.00,3.93,0.00,0.00,1.45
2026-06-08,4.03,4.48,4.48,4.01,416379,182851779.00,11.55,10.07,0.41,5.85
2026-06-09,4.49,4.69,4.75,4.34,662401,302950377.00,9.15,4.69,0.21,9.30
2026-06-10,4.59,4.61,4.72,4.44,366079,167269300.00,5.97,-1.71,-0.08,5.14
2026-06-11,4.65,4.57,4.79,4.53,219777,101442540.00,5.64,-0.87,-0.04,3.09
2026-06-12,4.64,4.69,4.72,4.49,235635,109170139.00,5.03,2.63,0.12,3.31
2026-06-15,4.64,4.73,4.75,4.60,201542,94487909.00,3.20,0.85,0.04,2.83
2026-06-16,4.72,4.74,4.86,4.64,178526,84958806.00,4.65,0.21,0.01,2.51
2026-06-17,4.69,4.82,4.83,4.62,161227,76043095.00,4.43,1.69,0.08,2.26
2026-06-18,4.77,4.85,4.89,4.70,150339,72125714.00,3.94,0.62,0.03,2.11
2026-06-22,4.85,5.05,5.05,4.72,214838,105206257.00,6.80,4.12,0.20,3.02
2026-06-23,5.05,5.56,5.56,4.98,370013,197415974.00,11.49,10.10,0.51,5.19
2026-06-24,5.68,5.74,5.88,5.36,740225,414539462.00,9.35,3.24,0.18,10.39
2026-06-25,5.43,5.61,6.02,5.43,672797,382706296.00,10.28,-2.26,-0.13,9.45
2026-06-26,5.72,5.54,5.74,5.40,375062,208112631.00,6.06,-1.25,-0.07,5.27
2026-06-29,5.54,5.46,5.64,5.21,447699,243196384.00,7.76,-1.44,-0.08,6.28
2026-06-30,5.31,5.67,5.98,5.26,658654,366116124.00,13.19,3.85,0.21,9.25