2026-01-05,92.19,95.59,96.39,92.19,49694,659558084.00,4.52,2.81,2.61,3.09
2026-01-06,95.05,93.92,96.31,93.34,40916,539888609.00,3.11,-1.75,-1.67,2.54
2026-01-07,94.29,92.69,94.45,88.16,53034,680288074.00,6.70,-1.31,-1.23,3.29
2026-01-08,92.89,88.51,92.89,88.31,65954,828578979.00,4.94,-4.51,-4.18,4.10
2026-01-09,88.50,90.47,90.75,88.39,52063,654119028.00,2.67,2.21,1.96,3.23
2026-01-12,89.32,87.05,91.38,85.21,92151,1121635260.00,6.82,-3.78,-3.42,5.72
2026-01-13,86.93,83.04,87.69,82.44,80287,946573135.00,6.03,-4.61,-4.01,4.99
2026-01-14,83.24,82.18,84.64,80.60,76169,878600810.00,4.87,-1.04,-0.86,4.73
2026-01-15,82.31,77.66,82.31,75.72,117215,1281606345.00,8.02,-5.50,-4.52,7.28
2026-01-16,78.91,79.16,80.90,77.30,92032,1017275705.00,4.64,1.93,1.50,5.71
2026-01-19,77.23,76.48,77.43,63.31,96009,1006668628.00,17.84,-3.39,-2.68,5.96
2026-01-20,76.07,72.44,76.72,71.29,95430,979011949.00,7.10,-5.28,-4.04,5.93
2026-01-21,74.21,73.09,75.25,72.68,58058,598630533.00,3.55,0.90,0.65,3.61
2026-01-22,72.52,76.02,77.15,72.52,73621,779213707.00,6.33,4.01,2.93,4.57
2026-01-23,76.35,76.67,77.96,74.78,52488,561265570.00,4.18,0.86,0.65,3.26
2026-01-26,76.13,73.50,77.76,72.87,57326,595898690.00,6.38,-4.13,-3.17,3.56
2026-01-27,73.52,72.26,73.94,70.94,55789,561083452.00,4.08,-1.69,-1.24,3.46
2026-01-28,72.15,71.22,72.68,70.79,41964,418589704.00,2.62,-1.44,-1.04,2.61
2026-01-29,71.22,70.04,72.25,69.94,44862,444979079.00,3.24,-1.66,-1.18,2.79
2026-01-30,70.06,69.80,71.12,69.42,43232,424234546.00,2.43,-0.34,-0.24,2.68
2026-02-02,69.26,69.06,72.64,68.84,45130,446589550.00,5.44,-1.06,-0.74,2.80
2026-02-03,69.24,71.44,72.14,69.01,51893,514196265.00,4.53,3.45,2.38,3.22
2026-02-04,71.42,73.21,74.66,70.74,56890,582374184.00,5.49,2.48,1.77,3.53
2026-02-05,73.20,72.56,77.68,71.98,75614,788014806.00,7.79,-0.89,-0.65,4.70
2026-02-06,72.56,72.83,73.93,71.37,49497,504521239.00,3.53,0.37,0.27,3.07
2026-02-09,74.00,76.56,79.22,73.91,98940,1070976255.00,7.29,5.12,3.73,6.14
2026-02-10,76.41,70.22,76.59,69.71,100236,1007297307.00,8.99,-8.28,-6.34,6.22
2026-02-11,71.65,71.19,74.99,70.36,59029,594564868.00,6.59,1.38,0.97,3.67
2026-02-12,70.58,69.08,70.69,68.28,44834,433379827.00,3.39,-2.96,-2.11,2.78
2026-02-13,70.42,73.29,74.86,69.99,109953,1131032970.00,7.05,6.09,4.21,6.83
2026-02-24,73.90,71.43,74.30,70.24,56747,567167072.00,5.54,-2.54,-1.86,3.52
2026-02-25,71.55,72.70,74.01,71.52,45946,469240714.00,3.49,1.78,1.27,2.85
2026-02-26,74.29,70.67,74.37,70.01,57882,574618350.00,6.00,-2.79,-2.03,3.59
2026-02-27,70.67,72.27,74.94,70.01,70649,717150748.00,6.98,2.26,1.60,4.39
2026-03-02,70.82,71.65,74.30,69.73,57737,576201058.00,6.32,-0.86,-0.62,3.59
2026-03-03,71.48,69.62,71.85,69.23,47406,464529473.00,3.66,-2.83,-2.03,2.94
2026-03-04,69.36,69.93,72.87,68.35,65212,643852372.00,6.49,0.45,0.31,4.05
2026-03-05,69.29,66.94,70.04,66.44,74145,702535614.00,5.15,-4.28,-2.99,4.60
2026-03-06,66.43,68.65,69.38,65.95,53485,511527307.00,5.12,2.55,1.71,3.32
2026-03-09,70.01,73.30,75.64,69.94,144205,1484815378.00,8.30,6.77,4.65,8.95
2026-03-10,72.90,73.44,73.83,71.87,64077,654857952.00,2.67,0.19,0.14,3.98
2026-03-11,72.90,72.98,75.44,72.67,61782,638302928.00,3.77,-0.63,-0.46,3.84
2026-03-12,73.32,72.88,75.37,72.44,52782,544183364.00,4.01,-0.14,-0.10,3.28
2026-03-13,72.89,73.32,76.30,72.76,101961,1062394441.00,4.86,0.60,0.44,6.33
2026-03-16,73.58,71.45,75.02,70.26,81071,819285215.00,6.49,-2.55,-1.87,5.03
2026-03-17,71.31,67.72,71.44,67.57,79978,768934476.00,5.42,-5.22,-3.73,4.97
2026-03-18,67.28,68.08,68.11,66.08,46031,431002609.00,3.00,0.53,0.36,2.86
2026-03-19,67.50,67.58,71.01,66.08,71183,680818331.00,7.24,-0.73,-0.50,4.42
2026-03-20,66.80,64.45,66.93,63.57,66417,605217179.00,4.97,-4.63,-3.13,4.12
2026-03-23,63.50,61.22,64.10,60.71,62585,547305967.00,5.26,-5.01,-3.23,3.89
2026-03-24,62.38,62.12,62.61,60.18,43542,374219601.00,3.97,1.47,0.90,2.70
2026-03-25,61.81,62.42,63.17,61.65,39308,342858811.00,2.45,0.48,0.30,2.44
2026-03-26,62.27,60.28,62.42,59.85,41098,350294325.00,4.12,-3.43,-2.14,2.55
2026-03-27,59.28,62.52,64.64,58.75,72130,626339648.00,9.77,3.72,2.24,4.48
2026-03-30,62.93,65.65,67.75,62.90,81693,749784864.00,7.76,5.01,3.13,5.07
2026-03-31,66.21,65.23,67.50,64.90,62925,583103271.00,3.96,-0.64,-0.42,3.91
2026-04-01,66.02,69.11,69.80,65.54,94314,902078662.00,6.53,5.95,3.88,5.86
2026-04-02,68.43,65.59,68.47,65.00,63736,589297304.00,5.02,-5.09,-3.52,3.96
2026-04-03,65.59,62.85,65.85,62.29,50041,444480832.00,5.43,-4.18,-2.74,3.11
2026-04-07,62.36,63.29,64.27,61.78,32118,284178382.00,3.96,0.70,0.44,2.00
2026-04-08,64.28,66.57,66.57,63.89,52951,485889937.00,4.23,5.18,3.28,3.29
2026-04-09,65.71,66.19,67.43,65.25,40709,378674195.00,3.27,-0.57,-0.38,2.53
2026-04-10,66.00,66.30,67.63,65.99,39142,366391032.00,2.48,0.17,0.11,2.43
2026-04-13,66.11,65.13,66.99,65.00,38343,352655495.00,3.00,-1.76,-1.17,2.38
2026-04-14,65.71,64.64,66.29,63.93,41534,375431989.00,3.62,-0.75,-0.49,2.58
2026-04-15,64.63,63.68,65.18,63.50,37577,337501103.00,2.60,-1.49,-0.96,2.34
2026-04-16,63.58,64.72,65.25,63.07,48631,437974442.00,3.42,1.63,1.04,3.02
2026-04-17,64.36,64.64,65.36,63.67,42298,382058451.00,2.61,-0.12,-0.08,2.63
2026-04-20,64.36,65.08,66.21,63.93,47781,435047064.00,3.53,0.68,0.44,2.97
2026-04-21,65.01,64.83,65.23,63.50,38960,351306252.00,2.66,-0.38,-0.25,2.42
2026-04-22,64.29,63.12,64.68,63.07,50714,451851075.00,2.48,-2.64,-1.71,3.15
2026-04-23,63.21,61.89,64.87,61.54,53524,470267402.00,5.28,-1.95,-1.23,3.33
2026-04-24,61.42,50.80,62.07,50.00,200933,1526243706.00,19.50,-17.92,-11.09,12.49
2026-04-27,50.62,52.59,52.74,49.62,101628,735002206.00,6.14,3.52,1.79,6.32
2026-04-28,52.26,50.15,52.45,49.64,85638,603434939.00,5.34,-4.64,-2.44,5.32
2026-04-29,49.97,50.27,51.14,49.15,57958,407810980.00,3.97,0.24,0.12,3.60
2026-04-30,49.97,49.85,50.87,49.27,43620,303897959.00,3.18,-0.84,-0.42,2.71
2026-05-06,49.85,49.65,50.60,49.49,49555,346158127.00,2.23,-0.40,-0.20,3.08
2026-05-07,49.62,51.91,52.55,48.44,106759,751640448.00,8.28,4.55,2.26,6.63
2026-05-08,51.41,52.16,52.52,50.93,51181,372280340.00,3.06,0.48,0.25,3.18
2026-05-11,52.30,50.18,52.32,49.62,72593,513024787.00,5.18,-3.80,-1.98,4.51
2026-05-12,50.25,50.68,51.26,48.84,77355,539882999.00,4.82,1.00,0.50,4.77
2026-05-13,50.20,51.20,51.92,49.87,62434,447785339.00,4.04,1.03,0.52,3.85
2026-05-14,50.70,49.93,51.93,49.80,49553,351462841.00,4.16,-2.48,-1.27,3.05
2026-05-15,49.62,48.51,50.02,47.99,58644,400009935.00,4.07,-2.84,-1.42,3.61
2026-05-18,48.11,48.54,49.88,48.04,52953,362526435.00,3.79,0.06,0.03,3.26
2026-05-19,48.50,49.44,49.57,47.96,42016,287101653.00,3.32,1.85,0.90,2.59
2026-05-20,48.86,48.87,49.57,48.21,36095,246365092.00,2.75,-1.15,-0.57,2.22
2026-05-21,48.67,47.19,49.62,47.18,57770,391370052.00,4.99,-3.44,-1.68,3.56
2026-05-22,47.32,49.04,49.90,46.94,74056,503957073.00,6.27,3.92,1.85,4.56
2026-05-25,49.90,58.87,58.87,49.55,161925,1261717556.00,19.00,20.04,9.83,9.98
2026-05-26,61.41,65.82,68.16,60.49,261648,2377366521.00,13.03,11.81,6.95,16.13
2026-05-27,65.66,63.73,66.79,63.32,142773,1297730795.00,5.27,-3.18,-2.09,8.80
2026-05-28,63.78,61.78,64.07,61.26,92670,806620581.00,4.41,-3.06,-1.95,5.71
2026-05-29,62.43,59.73,62.77,59.28,79648,674996684.00,5.65,-3.32,-2.05,4.91
2026-06-01,59.43,58.03,60.76,57.84,78634,651347748.00,4.89,-2.85,-1.70,4.85
2026-06-02,57.73,56.23,57.96,55.96,56967,451203927.00,3.45,-3.10,-1.80,3.51
2026-06-03,55.59,58.45,61.06,54.70,118264,951481312.00,11.31,3.95,2.22,7.29
2026-06-04,58.96,58.90,62.27,58.64,127181,1073587613.00,6.21,0.77,0.45,7.84
2026-06-05,58.69,57.38,59.44,57.01,71765,582683763.00,4.13,-2.58,-1.52,4.42
2026-06-08,55.16,53.19,56.76,52.65,62158,474401439.00,7.16,-7.30,-4.19,3.83
2026-06-09,53.89,55.54,56.57,51.76,78249,595304365.00,9.04,4.42,2.35,4.82
2026-06-10,54.76,56.09,56.63,53.56,59070,454664744.00,5.53,0.99,0.55,3.64
2026-06-11,56.11,54.22,57.34,53.81,62525,482280252.00,6.29,-3.33,-1.87,3.85
2026-06-12,55.58,54.85,56.31,54.04,83607,462102733.00,4.19,1.16,0.63,3.69
2026-06-15,54.84,54.36,55.64,53.91,97942,534751908.00,3.15,-0.89,-0.49,4.32
2026-06-16,54.00,60.80,61.39,53.34,160548,951524300.00,14.81,11.85,6.44,7.08
2026-06-17,59.58,61.38,61.49,59.00,107152,647597156.00,4.10,0.95,0.58,4.73
2026-06-18,60.92,61.24,62.82,59.84,93203,567620698.00,4.86,-0.23,-0.14,4.11
2026-06-22,60.99,58.97,63.39,55.50,124738,726525189.00,12.88,-3.71,-2.27,5.50
2026-06-23,58.98,60.29,62.33,58.50,102455,622848065.00,6.49,2.24,1.32,4.52
2026-06-24,59.88,56.81,59.90,56.55,84830,486789238.00,5.56,-5.77,-3.48,3.74
2026-06-25,56.60,56.78,58.50,55.92,76275,434700132.00,4.54,-0.05,-0.03,3.36
2026-06-26,57.12,54.25,58.00,54.25,86849,484089484.00,6.60,-4.46,-2.53,3.83
2026-06-29,53.51,49.91,53.60,49.30,92888,476039431.00,7.93,-8.00,-4.34,4.10
2026-06-30,49.31,50.20,50.67,48.24,72471,357204399.00,4.87,0.58,0.29,3.19
2026-07-01,49.80,49.87,51.20,47.02,94483,462913799.00,8.33,-0.66,-0.33,4.16
2026-07-02,49.70,49.39,52.36,49.00,85121,431956952.00,6.74,-0.96,-0.48,3.75
2026-07-03,49.39,59.27,59.27,48.90,129577,724193572.00,21.00,20.00,9.88,5.70
2026-07-06,60.52,59.28,64.30,59.28,185619,1143002907.00,8.47,0.02,0.01,8.17
2026-07-07,60.80,60.60,62.50,59.00,128660,783297028.00,5.90,2.23,1.32,5.66
2026-07-08,61.30,57.50,61.59,57.50,95231,560136348.00,6.75,-5.12,-3.10,4.19
2026-07-09,57.50,56.50,57.95,55.11,80237,450310390.00,4.94,-1.74,-1.00,3.53
2026-07-10,57.00,56.50,58.16,55.88,71777,409558969.00,4.04,0.00,0.00,3.16
2026-07-13,56.01,53.36,57.98,53.20,76104,419607571.00,8.46,-5.56,-3.14,3.35
2026-07-14,54.60,53.11,54.65,51.96,70548,372825131.00,5.04,-0.47,-0.25,3.11
2026-07-15,54.00,53.90,58.55,52.48,122011,670458107.00,11.43,1.49,0.79,5.37
2026-07-16,55.80,54.55,55.85,51.00,97731,522072929.00,9.00,1.21,0.65,4.30
2026-07-17,54.00,49.82,54.44,49.82,87220,450929351.00,8.47,-8.67,-4.73,3.84
2026-07-20,56.12,56.84,59.46,53.47,169356,955248991.00,12.02,14.09,7.02,7.45
2026-07-21,55.63,57.60,58.30,54.81,141066,800622991.00,6.14,1.34,0.76,6.21
2026-07-22,58.63,69.12,69.12,58.10,261434,1727202706.27,19.13,20.00,11.52,11.51