2026-01-05,2377.98,2356.69,2377.98,2345.91,2065442,1484045190.00,1.34,-1.46,-34.86,3.76
2026-01-06,2361.02,2357.06,2369.20,2342.95,1535922,1144949858.00,1.11,0.02,0.37,2.80
2026-01-07,2367.56,2392.56,2419.54,2367.56,1611407,2842575470.00,2.21,1.51,35.50,2.93
2026-01-08,2362.78,2360.95,2364.21,2335.74,1371713,2030455625.00,1.19,-1.32,-31.61,2.50
2026-01-09,2346.38,2359.80,2377.81,2340.92,1420357,1937982162.00,1.56,-0.05,-1.15,2.59
2026-01-12,2353.84,2396.33,2535.27,2353.84,2027374,3294060007.00,7.69,1.55,36.53,3.69
2026-01-13,2377.62,2413.18,2437.83,2377.62,2455975,3264514192.00,2.51,0.70,16.85,4.47
2026-01-14,2403.91,2492.27,2503.37,2403.91,3456123,3770669668.00,4.12,3.28,79.09,6.29
2026-01-15,2554.59,2578.68,2612.60,2540.97,2502782,2923163945.00,2.87,3.47,86.41,4.56
2026-01-16,2543.65,2503.99,2581.33,2479.26,3523459,3894035748.00,3.96,-2.90,-74.69,6.42
2026-01-19,2505.12,2538.23,2554.45,2505.12,2539766,2857024005.00,1.97,1.37,34.24,4.62
2026-01-20,2527.51,2527.38,2543.69,2502.45,2195248,2417080248.00,1.62,-0.43,-10.85,4.00
2026-01-21,2503.12,2487.76,2503.18,2467.14,1551817,1671120671.00,1.43,-1.57,-39.62,2.83
2026-01-22,2479.51,2513.72,2526.81,2467.19,1256598,1600205008.00,2.40,1.04,25.96,2.29
2026-01-23,2510.82,2514.99,2531.59,2503.13,1321011,1468302807.00,1.13,0.05,1.27,2.41
2026-01-26,2512.16,2471.39,2512.16,2452.62,1646627,1682717958.00,2.37,-1.73,-43.60,3.00
2026-01-27,2473.14,2439.90,2473.49,2410.41,1235069,1305727005.00,2.55,-1.27,-31.49,2.25
2026-01-28,2432.49,2425.48,2444.05,2420.80,991971,1088083454.00,0.95,-0.59,-14.42,1.81
2026-01-29,2416.10,2446.42,2454.55,2389.56,1303620,1449951270.00,2.68,0.86,20.94,2.37
2026-01-30,2468.98,2474.89,2508.26,2468.98,2924431,2562263779.00,1.61,1.16,28.47,5.32
2026-02-02,2394.45,2397.41,2451.38,2392.13,1853839,1793746780.00,2.39,-3.13,-77.48,3.38
2026-02-03,2365.91,2392.16,2395.74,2365.91,1290042,1213617927.00,1.24,-0.22,-5.25,2.35
2026-02-04,2375.79,2431.70,2431.79,2375.79,1994279,1872372761.00,2.34,1.65,39.54,3.63
2026-02-05,2413.09,2482.59,2495.94,2413.09,2896027,2929556965.00,3.41,2.09,50.89,5.27
2026-02-06,2462.96,2432.05,2462.96,2415.42,2043420,2016849808.00,1.91,-2.04,-50.54,3.72
2026-02-09,2443.60,2460.03,2460.03,2426.08,1439830,1369206485.00,1.40,1.15,27.98,2.62
2026-02-10,2456.18,2452.87,2464.26,2413.07,1334156,1383176850.00,2.08,-0.29,-7.16,2.43
2026-02-11,2448.83,2406.00,2448.83,2402.81,1079858,1141102361.00,1.88,-1.91,-46.87,1.97
2026-02-12,2404.38,2369.58,2404.38,2363.77,1177835,1066730888.00,1.69,-1.51,-36.42,2.14
2026-02-13,2381.96,2391.81,2416.20,2378.63,1154864,1023473436.00,1.59,0.94,22.23,2.10
2026-02-24,2384.04,2303.21,2384.74,2296.33,1472505,1384170352.00,3.70,-3.70,-88.60,2.68
2026-02-25,2307.30,2322.83,2326.04,2307.30,1329926,1162133957.00,0.81,0.85,19.62,2.42
2026-02-26,2321.36,2284.10,2321.51,2279.94,1644040,1299374082.00,1.79,-1.67,-38.73,2.99
2026-02-27,2286.07,2322.31,2322.31,2286.07,1234321,1078387068.00,1.59,1.67,38.21,2.25
2026-03-02,2276.01,2235.81,2287.84,2231.43,2279712,1757906709.00,2.43,-3.72,-86.50,4.15
2026-03-03,2235.04,2198.02,2263.65,2196.42,1730543,1326999696.00,3.01,-1.69,-37.79,3.15
2026-03-04,2171.56,2183.16,2206.90,2160.87,1365210,969907819.00,2.09,-0.68,-14.86,2.49
2026-03-05,2209.35,2191.47,2213.64,2186.13,1158649,874330321.00,1.26,0.38,8.31,2.11
2026-03-06,2193.02,2235.77,2236.00,2191.06,1317894,1047099856.00,2.05,2.02,44.30,2.40
2026-03-09,2206.63,2207.40,2222.02,2181.83,1230613,968777492.00,1.80,-1.27,-28.37,2.24
2026-03-10,2224.44,2261.74,2264.41,2223.20,1261761,1102690039.00,1.87,2.46,54.34,2.30
2026-03-11,2261.71,2242.96,2264.17,2230.36,1027632,846765166.00,1.49,-0.83,-18.78,1.87
2026-03-12,2242.31,2246.36,2256.00,2230.32,962024,840423688.00,1.14,0.15,3.40,1.75
2026-03-13,2235.64,2247.48,2274.40,2235.64,1409324,1187491913.00,1.73,0.05,1.12,2.57
2026-03-16,2252.94,2279.49,2279.56,2249.54,1285724,1085505859.00,1.34,1.42,32.01,2.34
2026-03-17,2274.68,2261.02,2298.59,2255.78,1254044,1045885235.00,1.88,-0.81,-18.47,2.28
2026-03-18,2257.81,2235.50,2258.74,2207.76,1200712,1006877535.00,2.25,-1.13,-25.52,2.19
2026-03-19,2217.60,2177.91,2227.14,2173.35,1130651,906809557.00,2.41,-2.58,-57.59,2.06
2026-03-20,2186.92,2166.29,2208.30,2165.55,1211688,941630753.00,1.96,-0.53,-11.62,2.21
2026-03-23,2129.88,2033.62,2130.88,2021.75,1779106,1384360206.00,5.04,-6.12,-132.67,3.24
2026-03-24,2061.85,2083.74,2085.36,2017.49,1743030,1255146132.00,3.34,2.46,50.12,3.17
2026-03-25,2088.09,2150.19,2155.34,2081.94,1373443,1107272081.00,3.52,3.19,66.45,2.50
2026-03-26,2150.80,2134.68,2183.44,2126.93,1042175,944702432.00,2.63,-0.72,-15.51,1.90
2026-03-27,2107.82,2153.94,2156.24,2103.41,941495,778892748.00,2.47,0.90,19.26,1.71
2026-03-30,2120.93,2118.66,2141.02,2094.00,1036029,859147261.00,2.18,-1.64,-35.28,1.89
2026-03-31,2112.26,2087.20,2153.49,2084.88,1282438,1046993967.00,3.24,-1.48,-31.46,2.34
2026-04-01,2113.85,2130.78,2136.83,2072.21,1441070,1203412269.00,3.10,2.09,43.58,2.62
2026-04-02,2122.28,2082.75,2122.28,2069.50,1132740,942635970.00,2.48,-2.25,-48.03,2.06
2026-04-03,2090.48,2021.83,2090.48,2017.77,1027830,828672303.00,3.49,-2.92,-60.92,1.87
2026-04-07,2024.34,2038.54,2040.96,2010.71,1023524,870246031.00,1.50,0.83,16.71,1.86
2026-04-08,2076.81,2127.36,2130.92,2076.81,1469952,1262381807.00,2.65,4.36,88.82,2.68
2026-04-09,2112.69,2056.41,2117.06,2048.73,1429555,1191835200.00,3.21,-3.34,-70.95,2.60
2026-04-10,2069.26,2069.01,2108.21,2066.30,1553417,1171909451.00,2.04,0.61,12.60,2.83
2026-04-13,2052.20,2078.53,2081.89,2050.05,1172422,890704338.00,1.54,0.46,9.52,2.13
2026-04-14,2094.23,2087.30,2097.61,2062.24,1159522,970279302.00,1.70,0.42,8.77,2.11
2026-04-15,2092.43,2102.07,2132.11,2082.38,1723149,1488473588.00,2.38,0.71,14.77,3.14
2026-04-16,2089.33,2155.33,2165.78,2086.78,2148722,1745762879.00,3.76,2.53,53.26,3.91
2026-04-17,2144.07,2097.82,2144.07,2087.09,1796314,1412552996.00,2.64,-2.67,-57.51,3.27
2026-04-20,2069.79,2087.54,2093.14,2053.03,1752246,1295041057.00,1.91,-0.49,-10.28,3.19
2026-04-21,2076.68,2059.51,2099.75,2048.12,1499982,1177960181.00,2.47,-1.34,-28.03,2.73
2026-04-22,2050.45,2028.64,2050.45,2020.20,1315252,986802024.00,1.47,-1.50,-30.87,2.39
2026-04-23,2018.36,2003.80,2025.84,1995.83,1413166,1021643316.00,1.48,-1.22,-24.84,2.57
2026-04-24,1993.44,1980.86,1994.90,1971.05,962356,617607242.00,1.19,-1.14,-22.94,1.75
2026-04-27,1961.06,1982.65,1994.13,1943.16,1589845,1054314868.00,2.57,0.09,1.79,2.89
2026-04-28,1951.44,1911.45,1952.22,1899.75,1560663,1274678917.00,2.65,-3.59,-71.20,2.84
2026-04-29,1901.53,1943.90,1952.33,1899.98,1402502,1049655408.00,2.74,1.70,32.45,2.55
2026-04-30,1939.36,1923.83,1944.29,1914.82,1782271,1287792416.00,1.52,-1.03,-20.07,3.25
2026-05-06,1916.28,1884.82,1916.28,1874.94,1732625,1113192257.00,2.15,-2.03,-39.01,3.15
2026-05-07,1890.89,1873.79,1897.02,1870.39,1279838,856066416.00,1.41,-0.59,-11.03,2.33
2026-05-08,1873.15,1905.51,1910.88,1866.51,1265742,890514941.00,2.37,1.69,31.72,2.30
2026-05-11,1907.68,1887.63,1909.19,1880.50,1467577,925680571.00,1.51,-0.94,-17.88,2.67
2026-05-12,1893.27,1858.76,1899.35,1855.21,1378427,908423584.00,2.34,-1.53,-28.87,2.51
2026-05-13,1857.56,1850.46,1858.35,1825.18,1290606,897864610.00,1.78,-0.45,-8.30,2.35
2026-05-14,1851.29,1808.87,1851.62,1805.95,1183946,765448155.00,2.47,-2.25,-41.59,2.16
2026-05-15,1808.97,1787.09,1809.94,1778.02,1095585,723889182.00,1.76,-1.20,-21.78,1.99
2026-05-18,1779.68,1779.78,1789.51,1769.51,1010744,645964773.00,1.12,-0.41,-7.31,1.84
2026-05-19,1778.31,1791.66,1799.47,1778.22,841214,538058515.00,1.19,0.67,11.88,1.53
2026-05-20,1786.43,1767.75,1786.43,1759.58,869355,523646264.00,1.50,-1.33,-23.91,1.58
2026-05-21,1774.04,1761.40,1797.28,1757.21,1615935,937998702.00,2.27,-0.36,-6.35,2.94
2026-05-22,1768.07,1753.75,1770.60,1741.42,1005209,599015796.00,1.66,-0.43,-7.65,1.83
2026-05-25,1758.73,1755.31,1769.12,1739.08,917020,564754634.00,1.71,0.09,1.56,1.67
2026-05-26,1753.68,1767.98,1769.53,1740.30,1228674,755862701.00,1.67,0.72,12.67,2.24
2026-05-27,1764.90,1753.88,1777.27,1737.18,1230699,824962621.00,2.27,-0.80,-14.10,2.24
2026-05-28,1759.27,1748.18,1761.58,1714.84,1235589,730857203.00,2.66,-0.32,-5.70,2.25
2026-05-29,1748.95,1758.86,1793.57,1748.70,1634776,1003536464.00,2.57,0.61,10.68,2.98
2026-06-01,1758.03,1785.79,1790.46,1744.54,1218410,755951561.00,2.61,1.53,26.93,2.22
2026-06-02,1783.88,1749.16,1784.26,1732.74,1366345,783321959.00,2.88,-2.05,-36.63,2.49
2026-06-03,1745.29,1743.41,1753.84,1727.21,1043715,585366529.00,1.52,-0.33,-5.75,1.90
2026-06-04,1735.55,1721.93,1745.21,1707.56,972030,563225275.00,2.16,-1.23,-21.48,1.77
2026-06-05,1730.46,1732.99,1759.90,1725.40,1264767,797163321.00,2.00,0.64,11.06,2.30
2026-06-08,1703.80,1693.31,1742.00,1668.02,1276882,760336220.00,4.27,-2.29,-39.68,2.32
2026-06-09,1698.81,1681.48,1701.41,1666.01,1081157,620472045.00,2.09,-0.70,-11.83,1.97
2026-06-10,1674.68,1704.60,1716.12,1670.14,1744609,981402798.00,2.73,1.37,23.12,3.18
2026-06-11,1696.79,1660.87,1696.79,1649.93,2079288,1041690181.00,2.75,-2.57,-43.73,3.79
2026-06-12,1667.54,1699.39,1699.87,1652.71,1925982,1033302343.00,2.84,2.32,38.52,3.51
2026-06-15,1698.28,1702.32,1723.49,1689.22,1311288,731784367.00,2.02,0.17,2.93,2.39
2026-06-16,1700.34,1699.41,1706.98,1683.58,1275096,689233860.00,1.37,-0.17,-2.91,2.32
2026-06-17,1698.57,1643.22,1699.89,1636.14,1579330,797756892.00,3.75,-3.31,-56.19,2.88
2026-06-18,1638.70,1621.45,1648.76,1610.84,1178551,596683017.00,2.31,-1.32,-21.77,2.15
2026-06-22,1610.43,1597.70,1610.43,1561.62,1303964,664651045.00,3.01,-1.46,-23.75,2.37
2026-06-23,1592.53,1613.79,1630.82,1586.88,1108508,600902533.00,2.75,1.01,16.09,2.02
2026-06-24,1605.94,1542.77,1607.41,1537.72,1267350,627844063.00,4.32,-4.40,-71.02,2.31
2026-06-25,1531.33,1521.77,1534.61,1506.98,1015071,502349864.00,1.79,-1.36,-21.00,1.85
2026-06-26,1518.15,1482.41,1518.15,1472.72,1065905,497412430.00,2.99,-2.59,-39.36,1.94
2026-06-29,1471.11,1483.24,1492.21,1435.92,1105423,518064157.00,3.80,0.06,0.83,2.01
2026-06-30,1484.11,1486.54,1497.47,1464.67,871004,413794003.00,2.21,0.22,3.30,1.59
2026-07-01,1485.54,1525.82,1534.72,1478.19,1043354,509941127.00,3.80,2.64,39.28,1.90
2026-07-02,1521.01,1530.44,1557.52,1520.92,1033595,501903592.00,2.40,0.30,4.62,1.88
2026-07-03,1534.37,1548.50,1554.24,1526.78,919835,439024074.00,1.79,1.18,18.06,1.67
2026-07-06,1547.03,1531.93,1568.17,1527.55,809523,399470057.00,2.62,-1.07,-16.57,1.47
2026-07-07,1527.11,1488.91,1527.11,1481.23,880012,433529347.00,2.99,-2.81,-43.02,1.60
2026-07-08,1549.49,1523.65,1559.28,1509.27,1904463,1028191867.00,3.36,2.33,34.74,3.47
2026-07-09,1519.79,1491.73,1523.30,1479.17,1892271,1203177742.00,2.90,-2.09,-31.92,3.45
2026-07-10,1471.29,1517.16,1528.79,1449.05,1948899,1137634664.00,5.35,1.70,25.43,3.55
2026-07-13,1499.13,1455.36,1505.97,1453.80,1436567,775936003.00,3.44,-4.07,-61.80,2.62
2026-07-14,1449.81,1463.44,1464.50,1432.86,1150752,625122139.00,2.17,0.56,8.08,2.10
2026-07-15,1456.25,1490.47,1505.96,1452.08,1329312,717273042.00,3.68,1.85,27.03,2.42
2026-07-16,1483.28,1521.16,1537.82,1475.44,1463677,832606107.00,4.19,2.06,30.69,2.67
2026-07-17,1518.52,1469.62,1538.23,1462.09,1375841,749559526.00,5.01,-3.39,-51.54,2.51
2026-07-20,1471.08,1456.45,1496.94,1442.67,1278614,685177961.00,3.69,-0.90,-13.17,2.33
2026-07-21,1456.30,1446.05,1458.58,1429.29,1259124,668059205.00,2.01,-0.71,-10.40,2.29
2026-07-22,1439.56,1453.05,1455.34,1431.06,854792,541754842.00,1.68,0.48,7.00,1.56
2026-07-23,1446.22,1483.51,1483.67,1439.52,989829,535788437.00,3.04,2.10,30.46,1.80
2026-07-24,1470.28,1437.06,1481.32,1435.88,960077,511949583.00,3.06,-3.13,-46.45,1.75
2026-07-27,1442.87,1503.53,1505.99,1442.87,1643428,935291666.00,4.39,4.63,66.47,2.99
2026-07-28,1497.24,1522.45,1538.01,1497.24,1360149,844393749.00,2.71,1.26,18.92,2.48
2026-07-29,1526.90,1542.84,1557.58,1526.90,1416564,884826724.00,2.02,1.34,20.39,2.58