2026-01-05,67.29,67.61,67.69,66.66,40471,277168888.00,1.53,0.48,0.32,1.02
2026-01-06,67.80,68.34,68.43,67.46,50065,346587963.00,1.43,1.08,0.73,1.26
2026-01-07,68.29,67.59,68.29,67.37,47974,330648149.00,1.35,-1.10,-0.75,1.21
2026-01-08,67.52,67.67,68.10,67.23,28530,196619132.00,1.29,0.12,0.08,0.72
2026-01-09,67.72,68.13,68.49,67.59,39770,275127585.00,1.33,0.68,0.46,1.00
2026-01-12,68.13,69.08,69.09,67.91,60230,420902233.00,1.73,1.39,0.95,1.52
2026-01-13,69.06,69.08,69.31,68.63,52791,370129893.00,0.98,0.00,0.00,1.33
2026-01-14,69.08,69.39,70.56,68.80,73896,524889025.00,2.55,0.45,0.31,1.87
2026-01-15,69.21,68.48,69.87,68.33,47642,333597314.00,2.22,-1.31,-0.91,1.20
2026-01-16,68.56,68.81,68.93,68.13,38062,265621284.00,1.17,0.48,0.33,0.96
2026-01-19,68.49,68.68,69.43,68.13,52114,363516517.00,1.89,-0.19,-0.13,1.32
2026-01-20,68.68,70.40,70.80,68.51,75613,537436517.00,3.33,2.50,1.72,1.91
2026-01-21,70.19,70.71,71.53,69.64,66704,477586652.00,2.68,0.44,0.31,1.68
2026-01-22,70.81,70.49,71.08,70.03,35019,250470659.00,1.48,-0.31,-0.22,0.88
2026-01-23,70.42,71.99,72.81,70.41,74952,547475490.00,3.40,2.13,1.50,1.89
2026-01-26,71.98,72.08,72.92,70.87,66132,482558584.00,2.85,0.13,0.09,1.67
2026-01-27,72.11,71.31,72.11,70.32,43326,313024722.00,2.48,-1.07,-0.77,1.09
2026-01-28,71.21,70.29,72.26,70.09,50842,366326590.00,3.04,-1.43,-1.02,1.28
2026-01-29,69.98,72.30,72.35,69.31,100444,729241921.00,4.32,2.86,2.01,2.54
2026-01-30,72.09,71.81,72.81,71.11,56691,413897780.00,2.35,-0.68,-0.49,1.43
2026-02-02,71.41,69.34,72.47,69.34,58986,423706628.00,4.36,-3.44,-2.47,1.49
2026-02-03,69.83,70.15,71.30,69.51,38430,274732089.00,2.58,1.17,0.81,0.97
2026-02-04,70.23,70.46,70.69,69.67,30619,218807932.00,1.45,0.44,0.31,0.77
2026-02-05,70.66,74.96,75.26,70.51,224773,1693326153.00,6.74,6.39,4.50,5.68
2026-02-06,74.58,74.26,75.14,73.37,88406,667818675.00,2.36,-0.93,-0.70,2.23
2026-02-09,74.31,75.17,75.48,73.91,70707,537912276.00,2.11,1.23,0.91,1.79
2026-02-10,75.16,74.32,75.33,73.73,47409,358514223.00,2.13,-1.13,-0.85,1.20
2026-02-11,74.36,73.75,75.80,73.31,36195,272443033.00,3.35,-0.77,-0.57,0.91
2026-02-12,73.76,72.11,73.81,71.94,48909,360029651.00,2.54,-2.22,-1.64,1.24
2026-02-13,72.11,71.71,72.58,71.69,36368,266400339.00,1.23,-0.55,-0.40,0.92
2026-02-24,71.81,70.47,72.16,70.40,39975,287987899.00,2.45,-1.73,-1.24,1.01
2026-02-25,70.30,70.53,70.86,70.28,29424,211199012.00,0.82,0.09,0.06,0.74
2026-02-26,70.51,69.56,70.70,69.52,37116,263466634.00,1.67,-1.38,-0.97,0.94
2026-02-27,69.76,69.76,70.14,69.31,21883,155152789.00,1.19,0.29,0.20,0.55
2026-03-02,68.82,68.13,69.27,68.09,40528,282209999.00,1.69,-2.34,-1.63,1.02
2026-03-03,68.12,66.74,68.51,66.71,43679,299716235.00,2.64,-2.04,-1.39,1.10
2026-03-04,66.41,65.92,67.21,65.92,30636,207198833.00,1.93,-1.23,-0.82,0.77
2026-03-05,66.66,65.88,66.81,65.82,25185,169747221.00,1.50,-0.06,-0.04,0.64
2026-03-06,65.81,66.98,67.16,65.63,29094,197063665.00,2.32,1.67,1.10,0.73
2026-03-09,66.81,65.71,66.81,65.01,32881,219351301.00,2.69,-1.90,-1.27,0.83
2026-03-10,66.38,67.21,67.30,66.12,23713,161519949.00,1.80,2.28,1.50,0.60
2026-03-11,67.16,67.41,67.46,66.68,20155,137746502.00,1.16,0.30,0.20,0.51
2026-03-12,67.31,66.85,67.31,66.62,15833,107732391.00,1.02,-0.83,-0.56,0.40
2026-03-13,66.67,66.55,67.11,66.41,16433,111550312.00,1.05,-0.45,-0.30,0.41
2026-03-16,66.54,67.01,67.16,66.26,14806,100599961.00,1.35,0.69,0.46,0.37
2026-03-17,67.01,66.88,68.01,66.68,26865,183964949.00,1.98,-0.19,-0.13,0.68
2026-03-18,66.88,66.47,67.20,66.33,17600,119290469.00,1.30,-0.61,-0.41,0.44
2026-03-19,66.11,65.37,66.20,65.31,25635,171309722.00,1.34,-1.65,-1.10,0.65
2026-03-20,65.49,63.83,65.91,63.83,39127,256771163.00,3.18,-2.36,-1.54,0.99
2026-03-23,63.18,60.81,63.18,60.58,47873,300216678.00,4.07,-4.73,-3.02,1.21
2026-03-24,61.69,61.17,61.79,60.31,28743,178528269.00,2.43,0.59,0.36,0.73
2026-03-25,61.19,60.90,61.71,60.71,33458,208444652.00,1.63,-0.44,-0.27,0.84
2026-03-26,60.90,59.70,61.00,59.57,30129,184851992.00,2.35,-1.97,-1.20,0.76
2026-03-27,59.10,60.51,60.83,59.08,25386,156017137.00,2.93,1.36,0.81,0.64
2026-03-30,60.15,60.32,60.56,59.31,17843,109242953.00,2.07,-0.31,-0.19,0.45
2026-03-31,60.41,59.63,61.41,59.53,23463,144562597.00,3.12,-1.14,-0.69,0.59
2026-04-01,60.01,60.41,60.69,59.68,22680,139407896.00,1.69,1.31,0.78,0.57
2026-04-02,60.42,59.86,60.46,59.41,21519,131376046.00,1.74,-0.91,-0.55,0.54
2026-04-03,59.91,58.64,60.11,58.46,23949,144109015.00,2.76,-2.04,-1.22,0.60
2026-04-07,58.68,58.54,59.09,58.41,12067,72273223.00,1.16,-0.17,-0.10,0.30
2026-04-08,58.96,60.12,60.14,58.96,28821,175618002.00,2.02,2.70,1.58,0.73
2026-04-09,59.62,58.61,59.99,58.61,30427,183022463.00,2.30,-2.51,-1.51,0.77
2026-04-10,58.63,59.91,60.65,58.63,35676,218063979.00,3.45,2.22,1.30,0.90
2026-04-13,59.67,59.14,59.80,59.01,23569,142569728.00,1.32,-1.29,-0.77,0.60
2026-04-14,59.32,58.89,59.54,58.43,33413,199998166.00,1.88,-0.42,-0.25,0.84
2026-04-15,58.82,58.58,59.21,58.47,37678,225593821.00,1.26,-0.53,-0.31,0.95
2026-04-16,58.65,58.79,58.91,57.89,32141,191212632.00,1.74,0.36,0.21,0.81
2026-04-17,58.61,58.05,58.61,57.83,25837,153119487.00,1.33,-1.26,-0.74,0.65
2026-04-20,58.01,58.96,59.69,57.72,33319,199617941.00,3.39,1.57,0.91,0.84
2026-04-21,58.82,59.16,59.51,58.37,25528,153097156.00,1.93,0.34,0.20,0.64
2026-04-22,58.81,59.98,60.36,57.89,53778,326502869.00,4.18,1.39,0.82,1.36
2026-04-23,59.81,59.57,60.58,59.38,47067,287796673.00,2.00,-0.68,-0.41,1.19
2026-04-24,59.51,59.65,60.68,59.29,43457,265760306.00,2.33,0.13,0.08,1.10
2026-04-27,59.66,61.01,61.25,59.51,54281,336439373.00,2.92,2.28,1.36,1.37
2026-04-28,60.76,60.26,60.99,60.01,36800,226583117.00,1.61,-1.23,-0.75,0.93
2026-04-29,60.11,61.08,61.36,60.09,36846,229063741.00,2.11,1.36,0.82,0.93
2026-04-30,60.90,60.69,61.29,60.42,27535,170483048.00,1.42,-0.64,-0.39,0.70
2026-05-06,59.82,60.34,60.81,59.81,31712,195387796.00,1.65,-0.58,-0.35,0.80
2026-05-07,60.51,60.41,60.90,60.26,25509,157508364.00,1.06,0.12,0.07,0.64
2026-05-08,60.36,60.23,61.07,59.80,32694,201274220.00,2.10,-0.30,-0.18,0.83
2026-05-11,60.24,59.45,60.24,58.96,47677,288462943.00,2.13,-1.30,-0.78,1.20
2026-05-12,59.37,57.65,59.43,57.65,65085,387111466.00,2.99,-3.03,-1.80,1.64
2026-05-13,57.59,56.52,57.97,55.96,73744,425393993.00,3.49,-1.96,-1.13,1.86
2026-05-14,56.51,55.26,56.61,54.92,55803,317079286.00,2.99,-2.23,-1.26,1.41
2026-05-15,55.13,54.93,55.64,54.58,33262,187032999.00,1.92,-0.60,-0.33,0.84
2026-05-18,55.31,54.98,55.56,54.03,39893,222083567.00,2.79,0.09,0.05,1.01
2026-05-19,54.81,54.76,55.34,54.34,24240,135764183.00,1.82,-0.40,-0.22,0.61
2026-05-20,54.61,54.85,55.14,53.83,31334,174511933.00,2.39,0.16,0.09,0.79
2026-05-21,54.85,54.18,55.93,54.18,38923,219338155.00,3.19,-1.22,-0.67,0.98
2026-05-22,55.81,57.00,58.40,55.80,99926,585162162.00,4.80,5.20,2.82,2.52
2026-05-25,56.72,56.84,57.67,55.89,49309,286095330.00,3.12,-0.28,-0.16,1.25
2026-05-26,56.31,56.59,57.39,56.11,30121,174337674.00,2.25,-0.44,-0.25,0.76
2026-05-27,56.26,57.88,58.64,56.02,69090,406620498.00,4.63,2.28,1.29,1.74
2026-05-28,57.88,56.56,57.91,55.93,43687,253267807.00,3.42,-2.28,-1.32,1.10
2026-05-29,56.11,60.62,61.31,56.11,126093,764094799.00,9.19,7.18,4.06,3.18
2026-06-01,60.11,65.94,66.33,60.06,187376,1227054874.00,10.34,8.78,5.32,4.73
2026-06-02,64.80,63.69,65.46,63.32,81137,530842357.00,3.25,-3.41,-2.25,2.05
2026-06-03,63.41,63.11,63.79,61.37,74845,476819962.00,3.80,-0.91,-0.58,1.89
2026-06-04,62.69,65.29,65.91,62.69,100434,663887846.00,5.10,3.45,2.18,2.54
2026-06-05,66.54,64.59,66.76,63.96,71307,473526652.00,4.29,-1.07,-0.70,1.80
2026-06-08,65.45,65.34,65.70,63.26,84217,555713105.00,3.78,1.16,0.75,2.13
2026-06-09,64.28,63.71,65.81,63.11,63650,416079894.00,4.13,-2.49,-1.63,1.61
2026-06-10,63.41,63.69,64.39,62.08,54747,351407146.00,3.63,-0.03,-0.02,1.38
2026-06-11,63.23,62.21,64.09,62.21,37967,243621234.00,2.95,-2.32,-1.48,0.96
2026-06-12,61.82,66.01,66.73,61.76,96106,639125147.00,7.99,6.11,3.80,2.43
2026-06-15,66.01,65.40,66.31,64.74,46342,308356641.00,2.38,-0.92,-0.61,1.17
2026-06-16,65.02,65.08,65.51,63.42,49318,323324839.00,3.20,-0.49,-0.32,1.25
2026-06-17,65.01,64.80,65.39,64.01,29778,196303429.00,2.12,-0.43,-0.28,0.75
2026-06-18,64.79,63.45,65.91,62.89,50860,330089414.00,4.66,-2.08,-1.35,1.28
2026-06-22,62.91,59.26,63.00,57.81,102897,624530304.00,8.18,-6.60,-4.19,2.60
2026-06-23,58.31,56.93,59.72,56.43,65506,387405714.00,5.55,-3.93,-2.33,1.65
2026-06-24,56.42,55.36,57.15,54.91,53669,305421219.00,3.93,-2.76,-1.57,1.36
2026-06-25,55.17,55.24,56.48,53.33,66872,373958480.00,5.69,-0.22,-0.12,1.69
2026-06-26,55.11,55.51,56.11,53.72,51384,289927896.00,4.33,0.49,0.27,1.30
2026-06-29,55.21,56.47,57.99,53.11,67949,388328885.00,8.79,1.73,0.96,1.72
2026-06-30,55.56,58.73,58.81,55.18,63582,371804775.00,6.43,4.00,2.26,1.61
2026-07-01,58.40,59.05,59.91,57.47,47010,281758333.00,4.15,0.54,0.32,1.19
2026-07-02,59.35,57.72,59.69,57.56,40313,239974723.00,3.61,-2.25,-1.33,1.02
2026-07-03,57.81,58.72,59.31,57.81,34866,208888439.00,2.60,1.73,1.00,0.88
2026-07-06,58.57,57.67,58.71,56.97,45875,269984605.00,2.96,-1.79,-1.05,1.16
2026-07-07,57.81,56.71,58.30,56.71,27683,162211048.00,2.76,-1.66,-0.96,0.70
2026-07-08,56.46,56.73,58.93,56.04,37801,220781238.00,5.10,0.04,0.02,0.95
2026-07-09,56.61,55.82,57.05,55.37,32693,187082752.00,2.96,-1.60,-0.91,0.83
2026-07-10,55.32,56.53,57.35,54.99,37098,213813216.00,4.23,1.27,0.71,0.94
2026-07-13,55.96,54.99,56.56,54.52,43519,245443271.00,3.61,-2.72,-1.54,1.10
2026-07-14,55.01,56.19,56.39,54.69,51588,293920113.00,3.09,2.18,1.20,1.30
2026-07-15,55.93,58.81,59.30,55.41,74444,441173833.00,6.92,4.66,2.62,1.88
2026-07-16,58.48,59.03,59.87,58.27,56179,339093782.00,2.72,0.37,0.22,1.42
2026-07-17,59.03,55.54,59.41,55.37,82987,478086874.00,6.84,-5.91,-3.49,2.10
2026-07-20,55.54,56.31,56.89,55.29,44049,252684796.00,2.88,1.39,0.77,1.11
2026-07-21,56.31,56.62,58.12,56.10,59617,347475562.00,3.59,0.55,0.31,1.51
2026-07-22,56.50,58.49,58.49,56.06,56465,323832427.00,4.29,3.30,1.87,1.43
2026-07-23,57.80,58.28,58.50,57.14,35148,203318276.00,2.33,-0.36,-0.21,0.89
2026-07-24,57.86,56.25,58.26,56.20,32377,184814411.00,3.53,-3.48,-2.03,0.82
2026-07-27,56.40,58.74,58.98,56.16,50106,291091792.00,5.01,4.43,2.49,1.27
2026-07-28,58.13,60.26,60.65,57.75,55863,332623826.00,4.94,2.59,1.52,1.41
2026-07-29,60.30,61.13,62.16,60.00,66804,409259890.00,3.58,1.44,0.87,1.69