2026-01-05,2122.80,2132.11,2136.97,2122.33,3481707,2677632885.00,0.69,0.83,17.52,1.27
2026-01-06,2145.04,2245.69,2245.91,2145.04,10014101,6186068915.00,4.73,5.33,113.58,3.65
2026-01-07,2247.35,2248.91,2271.00,2239.66,10184381,6947070539.00,1.40,0.14,3.22,3.72
2026-01-08,2263.19,2245.50,2263.19,2237.09,6699594,4790257286.00,1.16,-0.15,-3.41,2.44
2026-01-09,2239.97,2244.59,2252.10,2226.83,6586825,4521009079.00,1.13,-0.04,-0.91,2.40
2026-01-12,2246.07,2256.80,2260.93,2237.23,6685427,4890673500.00,1.06,0.54,12.21,2.44
2026-01-13,2261.00,2237.21,2274.78,2233.66,6151675,4770236422.00,1.82,-0.87,-19.59,2.24
2026-01-14,2230.96,2259.07,2275.37,2230.28,11822380,7984563134.00,2.02,0.98,21.86,4.31
2026-01-15,2249.15,2267.11,2289.71,2244.52,8669722,5877493254.00,2.00,0.36,8.04,3.16
2026-01-16,2265.72,2253.22,2277.35,2242.54,6254002,4849440481.00,1.54,-0.61,-13.89,2.28
2026-01-19,2246.25,2341.51,2344.72,2237.59,10706419,7473603908.00,4.75,3.92,88.29,3.91
2026-01-20,2337.22,2380.00,2380.00,2326.40,10837061,7842055148.00,2.29,1.64,38.49,3.95
2026-01-21,2370.12,2392.29,2395.01,2339.28,8542016,6537131895.00,2.34,0.52,12.29,3.12
2026-01-22,2389.19,2418.03,2432.68,2388.89,7442813,6096937798.00,1.83,1.08,25.74,2.72
2026-01-23,2421.26,2450.98,2454.30,2421.26,7013308,5712594474.00,1.37,1.36,32.95,2.56
2026-01-26,2451.19,2468.97,2480.31,2448.38,8009678,6741433994.00,1.30,0.73,17.99,2.92
2026-01-27,2452.97,2440.07,2466.41,2402.71,7957891,6954162694.00,2.58,-1.17,-28.90,2.90
2026-01-28,2432.77,2475.62,2509.09,2432.77,8838859,7822689845.00,3.13,1.46,35.55,3.23
2026-01-29,2475.51,2489.19,2525.15,2475.51,10740242,8797799163.00,2.01,0.55,13.57,3.92
2026-01-30,2459.76,2501.58,2514.61,2406.61,10143815,8228680357.00,4.34,0.50,12.39,3.70
2026-02-02,2472.59,2356.86,2472.59,2356.86,9202571,7170278243.00,4.63,-5.79,-144.72,3.36
2026-02-03,2382.06,2407.80,2410.74,2362.81,6305582,5226619085.00,2.03,2.16,50.94,2.30
2026-02-04,2418.61,2425.64,2432.94,2391.19,5744435,4871329908.00,1.73,0.74,17.84,2.10
2026-02-05,2413.27,2381.43,2429.18,2377.84,4633557,3705390444.00,2.12,-1.82,-44.21,1.69
2026-02-06,2358.00,2417.78,2444.11,2342.80,5469893,4358092636.00,4.25,1.53,36.35,2.00
2026-02-09,2441.26,2459.04,2461.64,2434.15,4886981,3721995478.00,1.14,1.71,41.26,1.78
2026-02-10,2456.52,2476.79,2491.70,2430.25,5737754,5046646722.00,2.50,0.72,17.75,2.09
2026-02-11,2473.55,2528.82,2550.87,2469.89,7790065,6713147190.00,3.27,2.10,52.03,2.84
2026-02-12,2525.14,2511.10,2540.86,2492.41,6235940,6529423108.00,1.92,-0.70,-17.72,2.28
2026-02-13,2503.07,2475.13,2515.70,2473.20,4799481,4748074305.00,1.69,-1.43,-35.97,1.75
2026-02-24,2497.96,2555.47,2563.42,2497.42,6259774,5460381002.00,2.67,3.25,80.34,2.28
2026-02-25,2555.21,2598.88,2624.63,2554.19,7538773,6354671785.00,2.76,1.70,43.41,2.75
2026-02-26,2602.03,2577.53,2612.89,2567.07,5520063,5105628025.00,1.76,-0.82,-21.35,2.01
2026-02-27,2567.88,2614.97,2615.89,2561.62,5425046,5328779984.00,2.11,1.45,37.44,1.98
2026-03-02,2628.91,2642.97,2656.46,2594.17,7297450,6524614470.00,2.38,1.07,28.00,2.66
2026-03-03,2644.84,2521.17,2650.64,2516.94,8403029,8082159903.00,5.06,-4.61,-121.80,3.07
2026-03-04,2480.67,2495.15,2554.98,2480.67,7327651,6100223875.00,2.95,-1.03,-26.02,2.67
2026-03-05,2528.37,2525.44,2533.92,2473.76,5841792,4919267022.00,2.41,1.21,30.29,2.13
2026-03-06,2519.19,2656.97,2658.24,2519.19,10575802,8637576250.00,5.51,5.21,131.53,3.86
2026-03-09,2698.43,2638.27,2730.18,2636.55,14171355,12200335243.00,3.52,-0.70,-18.70,5.17
2026-03-10,2591.24,2558.70,2611.44,2552.87,9810225,8213041874.00,2.22,-3.02,-79.57,3.58
2026-03-11,2563.09,2653.36,2656.72,2546.40,10250261,8244187975.00,4.31,3.70,94.66,3.74
2026-03-12,2676.14,2686.45,2734.24,2650.42,13136915,11028550902.00,3.16,1.25,33.09,4.79
2026-03-13,2682.37,2643.94,2709.04,2638.36,11684311,8980721117.00,2.63,-1.58,-42.51,4.26
2026-03-16,2653.59,2581.87,2697.39,2568.59,9574025,7118757760.00,4.87,-2.35,-62.07,3.49
2026-03-17,2581.77,2525.55,2624.98,2525.00,7676383,5736475459.00,3.87,-2.18,-56.32,2.80
2026-03-18,2530.75,2523.24,2536.09,2481.01,7352977,6067477603.00,2.18,-0.09,-2.31,2.68
2026-03-19,2522.34,2428.99,2527.70,2415.46,7709134,6265164983.00,4.45,-3.74,-94.25,2.81
2026-03-20,2421.40,2350.09,2426.71,2350.09,6683712,5212607430.00,3.15,-3.25,-78.90,2.44
2026-03-23,2307.05,2300.19,2395.41,2277.60,8560650,6271578200.00,5.01,-2.12,-49.90,3.12
2026-03-24,2332.28,2342.07,2342.07,2254.74,5952367,4379613184.00,3.80,1.82,41.88,2.17
2026-03-25,2334.19,2367.01,2382.03,2333.97,5772962,4492340978.00,2.05,1.06,24.94,2.11
2026-03-26,2367.53,2364.97,2416.33,2350.47,7059262,4613432214.00,2.78,-0.09,-2.04,2.58
2026-03-27,2334.05,2439.26,2447.75,2334.05,7534150,5246281311.00,4.81,3.14,74.29,2.75
2026-03-30,2418.87,2429.82,2445.10,2388.72,6436124,4775565092.00,2.31,-0.39,-9.44,2.35
2026-03-31,2422.43,2368.82,2437.21,2366.34,5116737,3620485237.00,2.92,-2.51,-61.00,1.87
2026-04-01,2397.12,2374.86,2403.07,2367.30,4596998,3432089454.00,1.51,0.25,6.04,1.68
2026-04-02,2363.45,2317.30,2374.34,2302.44,5527354,4082084071.00,3.03,-2.42,-57.56,2.02
2026-04-03,2324.62,2241.30,2326.21,2224.57,5121760,3420586189.00,4.39,-3.28,-76.00,1.87
2026-04-07,2231.06,2337.79,2339.19,2226.37,6756906,4236888185.00,5.03,4.31,96.49,2.47
2026-04-08,2308.55,2326.99,2327.27,2288.30,6842171,4723350368.00,1.67,-0.46,-10.80,2.50
2026-04-09,2317.19,2310.70,2326.28,2301.87,5510635,4645964644.00,1.05,-0.70,-16.29,2.01
2026-04-10,2308.48,2304.91,2333.48,2294.18,4949643,4033856493.00,1.70,-0.25,-5.79,1.81
2026-04-13,2298.59,2317.39,2318.48,2273.30,4680452,3483982486.00,1.96,0.54,12.48,1.71
2026-04-14,2318.60,2313.03,2322.61,2285.30,4708886,3514980451.00,1.61,-0.19,-4.36,1.72
2026-04-15,2318.88,2262.89,2318.88,2259.00,4538461,3479393806.00,2.59,-2.17,-50.14,1.66
2026-04-16,2261.80,2289.17,2291.34,2249.52,4403915,3469503979.00,1.85,1.16,26.28,1.61
2026-04-17,2284.55,2277.29,2287.33,2260.42,3924651,2941621299.00,1.18,-0.52,-11.88,1.43
2026-04-20,2272.44,2281.52,2290.09,2264.36,3527977,2722271965.00,1.13,0.19,4.23,1.29
2026-04-21,2284.24,2276.06,2285.12,2250.00,3619888,2856745784.00,1.54,-0.24,-5.46,1.32
2026-04-22,2271.93,2274.20,2275.14,2259.67,3695877,2837709298.00,0.68,-0.08,-1.86,1.35
2026-04-23,2271.32,2263.22,2285.09,2239.85,4832950,3773259153.00,1.99,-0.48,-10.98,1.76
2026-04-24,2255.13,2302.53,2314.86,2255.13,5948920,4272054766.00,2.64,1.74,39.31,2.17
2026-04-27,2283.18,2304.05,2314.04,2246.08,6101594,4421203696.00,2.95,0.07,1.52,2.23
2026-04-28,2296.29,2325.53,2330.86,2294.84,5271013,3825947383.00,1.56,0.93,21.48,1.92
2026-04-29,2320.28,2369.47,2376.15,2304.18,5435183,4523117319.00,3.09,1.89,43.94,1.98
2026-04-30,2371.24,2361.74,2388.39,2356.44,5325998,4270236912.00,1.35,-0.33,-7.73,1.94
2026-05-06,2367.22,2378.96,2379.27,2340.47,5382547,4345671522.00,1.64,0.73,17.22,1.96
2026-05-07,2396.44,2362.87,2398.20,2343.40,6573065,5402008441.00,2.30,-0.68,-16.09,2.40
2026-05-08,2370.84,2377.55,2395.85,2365.22,5480895,5369860601.00,1.30,0.62,14.68,2.00
2026-05-11,2373.59,2356.13,2375.76,2349.87,5453648,4759969737.00,1.09,-0.90,-21.42,1.99
2026-05-12,2360.77,2322.63,2363.74,2311.77,4919993,3914891893.00,2.21,-1.42,-33.50,1.80
2026-05-13,2326.90,2331.56,2341.59,2308.87,4430029,3515155101.00,1.41,0.38,8.93,1.62
2026-05-14,2335.49,2310.12,2347.86,2310.12,5924728,4844348157.00,1.62,-0.92,-21.44,2.16
2026-05-15,2326.31,2320.42,2356.34,2308.63,5832693,4535716009.00,2.07,0.45,10.30,2.13
2026-05-18,2320.57,2306.74,2322.63,2288.20,6948844,4831429002.00,1.48,-0.59,-13.68,2.54
2026-05-19,2302.43,2272.81,2302.43,2249.53,6901656,4725818650.00,2.29,-1.47,-33.93,2.52
2026-05-20,2264.58,2248.70,2270.77,2233.20,6627328,4664642904.00,1.65,-1.06,-24.11,2.42
2026-05-21,2248.49,2171.54,2270.15,2169.25,6614725,4727704403.00,4.49,-3.43,-77.16,2.41
2026-05-22,2178.59,2226.67,2234.67,2170.98,4890377,3610502331.00,2.93,2.54,55.13,1.78
2026-05-25,2243.37,2205.62,2249.88,2192.47,6121636,5169011988.00,2.58,-0.95,-21.05,2.23
2026-05-26,2198.36,2199.06,2202.39,2164.55,4923840,4072744103.00,1.72,-0.30,-6.56,1.80
2026-05-27,2200.39,2156.58,2209.04,2138.56,5557830,4864488087.00,3.21,-1.93,-42.48,2.03
2026-05-28,2151.89,2159.45,2168.54,2126.43,4361034,3513566477.00,1.95,0.13,2.87,1.59
2026-05-29,2169.19,2123.89,2171.12,2116.09,4434444,3344777050.00,2.55,-1.65,-35.56,1.62
2026-06-01,2123.58,2186.59,2190.60,2123.58,4186967,2855999941.00,3.16,2.95,62.70,1.53
2026-06-02,2186.58,2173.48,2188.61,2137.31,4226432,3961107665.00,2.35,-0.60,-13.11,1.54
2026-06-03,2172.01,2162.64,2177.87,2145.89,3688217,3194068882.00,1.47,-0.50,-10.84,1.35
2026-06-04,2152.98,2110.68,2152.98,2102.38,4086785,2982935226.00,2.34,-2.40,-51.96,1.49
2026-06-05,2112.80,2122.65,2146.17,2088.46,3777801,2731905788.00,2.73,0.57,11.97,1.38
2026-06-08,2080.35,2056.84,2105.92,2043.25,4084931,2937471626.00,2.95,-3.10,-65.81,1.49
2026-06-09,2066.89,2066.00,2070.65,2028.59,3793817,2737169098.00,2.04,0.45,9.16,1.38
2026-06-10,2048.21,2077.40,2088.07,2046.30,4562886,3041749765.00,2.02,0.55,11.40,1.67
2026-06-11,2083.93,2108.96,2109.92,2057.19,6661425,4296270686.00,2.54,1.52,31.56,2.43
2026-06-12,2106.65,2141.37,2152.58,2075.73,6705157,4868350836.00,3.64,1.54,32.41,2.45
2026-06-15,2163.88,2167.17,2192.20,2158.72,5349172,3450855030.00,1.56,1.20,25.80,1.95
2026-06-16,2164.38,2170.32,2181.67,2140.96,5540437,5368564693.00,1.88,0.15,3.15,2.02
2026-06-17,2157.54,2118.46,2158.89,2107.84,4905543,4226781790.00,2.35,-2.39,-51.86,1.79
2026-06-18,2110.98,2073.77,2110.98,2065.49,4795082,3618671071.00,2.15,-2.11,-44.69,1.75
2026-06-22,2068.03,2156.27,2156.27,2064.77,6742853,4546536093.00,4.41,3.98,82.50,2.46
2026-06-23,2151.21,2140.05,2191.44,2127.74,5735101,5251242969.00,2.95,-0.75,-16.22,2.09
2026-06-24,2135.78,2137.54,2146.02,2094.72,5287416,4346060248.00,2.40,-0.12,-2.51,1.93
2026-06-25,2130.97,2136.27,2154.50,2112.65,6340495,5011824154.00,1.96,-0.06,-1.27,2.31
2026-06-26,2137.52,2087.87,2138.28,2065.50,6276674,5103860378.00,3.41,-2.27,-48.40,2.29
2026-06-29,2079.16,2101.53,2102.61,2059.51,6521913,5372211645.00,2.06,0.65,13.66,2.38