2026-01-05,25.83,26.50,26.58,25.72,21859,57614763.00,3.31,2.04,0.53,3.50
2026-01-06,26.50,26.53,26.78,26.34,16183,42901412.00,1.66,0.11,0.03,2.59
2026-01-07,26.68,26.01,26.68,25.99,17186,45114685.00,2.60,-1.96,-0.52,2.75
2026-01-08,26.01,26.39,26.45,25.88,16899,44401053.00,2.19,1.46,0.38,2.71
2026-01-09,26.45,26.83,26.91,26.36,20523,54750762.00,2.08,1.67,0.44,3.29
2026-01-12,26.90,27.06,27.20,26.59,20175,54396942.00,2.27,0.86,0.23,3.23
2026-01-13,27.30,27.29,27.66,27.03,20246,55437012.00,2.33,0.85,0.23,3.24
2026-01-14,27.30,27.25,27.65,26.90,18742,51274660.00,2.75,-0.15,-0.04,3.00
2026-01-15,27.30,27.44,27.68,27.13,15142,41501226.00,2.02,0.70,0.19,2.42
2026-01-16,27.48,27.52,27.69,27.24,13637,37422838.00,1.64,0.29,0.08,2.18
2026-01-19,27.52,27.96,27.98,27.18,13003,36164029.00,2.91,1.60,0.44,2.08
2026-01-20,27.98,27.87,28.06,27.67,15495,43143328.00,1.39,-0.32,-0.09,2.48
2026-01-21,27.86,28.20,28.32,27.52,14639,40878259.00,2.87,1.18,0.33,2.34
2026-01-22,28.22,28.59,28.69,28.00,13843,39394249.00,2.45,1.38,0.39,2.22
2026-01-23,28.58,28.67,28.75,28.44,11469,32797164.00,1.08,0.28,0.08,1.84
2026-01-26,28.74,28.55,28.98,28.01,22164,62970618.00,3.38,-0.42,-0.12,3.55
2026-01-27,28.54,28.45,28.85,27.40,18889,53201815.00,5.08,-0.35,-0.10,3.02
2026-01-28,28.37,28.17,28.58,28.01,13539,38298245.00,2.00,-0.98,-0.28,2.17
2026-01-29,28.11,28.03,28.68,27.66,15418,43501270.00,3.62,-0.50,-0.14,2.47
2026-01-30,28.03,28.59,28.65,27.75,19666,55709577.00,3.21,2.00,0.56,3.15
2026-02-02,28.87,28.53,29.22,28.51,22160,64044052.00,2.48,-0.21,-0.06,3.55
2026-02-03,28.82,29.03,29.29,28.46,19666,56933714.00,2.91,1.75,0.50,3.15
2026-02-04,29.03,28.92,29.34,28.80,12738,37004968.00,1.86,-0.38,-0.11,2.04
2026-02-05,29.16,29.10,29.38,28.97,14790,43181597.00,1.42,0.62,0.18,2.37
2026-02-06,29.05,29.13,29.54,28.76,12495,36486358.00,2.68,0.10,0.03,2.00
2026-02-09,29.45,29.48,29.65,29.26,16795,49500726.00,1.34,1.20,0.35,2.69
2026-02-10,29.60,29.66,29.87,29.33,14449,42857163.00,1.83,0.61,0.18,2.31
2026-02-11,29.68,29.53,29.82,29.41,11377,33717746.00,1.38,-0.44,-0.13,1.82
2026-02-12,29.60,29.49,29.80,29.05,13389,39541351.00,2.54,-0.14,-0.04,2.14
2026-02-13,29.46,29.37,29.88,29.20,17693,52168944.00,2.31,-0.41,-0.12,2.83
2026-02-24,29.52,29.60,29.74,29.37,18183,53744997.00,1.26,0.78,0.23,2.91
2026-02-25,29.67,29.34,29.88,29.20,16264,47964026.00,2.30,-0.88,-0.26,2.60
2026-02-26,29.34,29.35,29.51,29.18,10925,32034944.00,1.12,0.03,0.01,1.75
2026-02-27,29.30,29.59,29.63,29.05,17171,50364486.00,1.98,0.82,0.24,2.75
2026-03-02,29.47,28.26,29.51,28.10,18880,54030309.00,4.77,-4.49,-1.33,3.02
2026-03-03,28.40,27.65,28.73,27.65,19072,53812631.00,3.82,-2.16,-0.61,3.05
2026-03-04,27.47,27.05,27.71,26.80,22244,60614467.00,3.29,-2.17,-0.60,3.56
2026-03-05,27.50,27.68,28.27,27.43,17349,48279999.00,3.11,2.33,0.63,2.78
2026-03-06,27.61,28.70,28.77,27.50,17211,48744109.00,4.59,3.68,1.02,2.76
2026-03-09,28.58,28.71,28.82,27.82,20830,59075553.00,3.48,0.03,0.01,3.34
2026-03-10,28.92,29.33,29.50,28.92,19177,56052331.00,2.02,2.16,0.62,3.07
2026-03-11,29.33,29.23,29.97,28.96,17509,51340740.00,3.44,-0.34,-0.10,2.80
2026-03-12,29.22,28.75,29.53,28.50,14181,41134253.00,3.52,-1.64,-0.48,2.27
2026-03-13,28.84,28.69,29.38,28.34,12778,36932094.00,3.62,-0.21,-0.06,2.05
2026-03-16,28.67,28.52,28.98,28.31,13022,37233254.00,2.34,-0.59,-0.17,2.08
2026-03-17,28.67,27.86,28.86,27.81,14293,40434244.00,3.68,-2.31,-0.66,2.29
2026-03-18,27.88,28.65,28.70,27.68,16301,45885562.00,3.66,2.84,0.79,2.61
2026-03-19,28.41,27.65,28.60,27.50,14737,41144727.00,3.84,-3.49,-1.00,2.36
2026-03-20,27.65,26.06,28.01,26.04,24426,65299268.00,7.12,-5.75,-1.59,3.91
2026-03-23,25.87,24.60,25.87,24.43,29780,74565665.00,5.53,-5.60,-1.46,4.77
2026-03-24,25.43,26.13,26.14,24.95,27968,71360506.00,4.84,6.22,1.53,4.48
2026-03-25,26.13,26.80,27.16,26.13,17578,46973162.00,3.94,2.56,0.67,2.81
2026-03-26,26.81,26.26,26.97,26.02,16143,42642191.00,3.54,-2.01,-0.54,2.58
2026-03-27,26.00,26.57,26.69,25.78,12451,32890640.00,3.47,1.18,0.31,1.99
2026-03-30,26.36,26.93,27.08,26.17,15477,41223842.00,3.42,1.35,0.36,2.48
2026-03-31,26.92,26.62,27.34,26.61,18109,48963212.00,2.71,-1.15,-0.31,2.90
2026-04-01,27.35,26.86,27.82,26.53,16305,43912674.00,4.85,0.90,0.24,2.61
2026-04-02,26.81,25.91,26.98,25.62,20948,54789808.00,5.06,-3.54,-0.95,3.35
2026-04-03,26.29,24.68,26.29,24.46,35576,88894685.00,7.06,-4.75,-1.23,5.70
2026-04-07,24.68,25.31,25.48,24.01,32770,81993710.00,5.96,2.55,0.63,5.25
2026-04-08,25.45,26.32,26.42,25.45,25905,67908845.00,3.83,3.99,1.01,4.15
2026-04-09,26.24,25.79,26.58,25.79,22758,59544274.00,3.00,-2.01,-0.53,3.64
2026-04-10,26.09,26.00,26.41,25.81,17412,45618405.00,2.33,0.81,0.21,2.79
2026-04-13,26.08,25.92,26.08,25.40,19820,50978813.00,2.62,-0.31,-0.08,3.17
2026-04-14,26.14,25.75,26.18,25.30,16322,41852733.00,3.40,-0.66,-0.17,2.61
2026-04-15,25.79,25.29,25.85,25.21,16125,41081478.00,2.49,-1.79,-0.46,2.58
2026-04-16,25.45,25.75,25.90,25.10,15160,38729931.00,3.16,1.82,0.46,2.43
2026-04-17,25.74,25.62,25.88,25.26,14599,37244256.00,2.41,-0.50,-0.13,2.34
2026-04-20,25.69,25.76,25.78,25.40,13797,35413672.00,1.48,0.55,0.14,2.21
2026-04-21,25.74,25.83,25.85,25.53,11538,29621676.00,1.24,0.27,0.07,1.85
2026-04-22,25.60,25.61,25.77,25.31,13455,34364820.00,1.78,-0.85,-0.22,2.15
2026-04-23,25.62,25.27,25.69,25.18,11939,30283149.00,1.99,-1.33,-0.34,1.91
2026-04-24,25.20,25.44,25.65,24.86,13270,33580236.00,3.13,0.67,0.17,2.12
2026-04-27,25.40,25.98,26.06,25.12,18058,46359184.00,3.69,2.12,0.54,2.89
2026-04-28,25.99,25.78,26.16,25.63,19132,49523420.00,2.04,-0.77,-0.20,3.06
2026-04-29,26.61,27.58,28.36,26.56,75792,210994578.00,6.98,6.98,1.80,12.13
2026-04-30,27.90,28.09,28.46,27.58,53919,151007727.00,3.19,1.85,0.51,8.63
2026-05-06,28.50,28.71,28.94,28.15,45542,130034029.00,2.81,2.21,0.62,7.29
2026-05-07,28.22,29.04,29.46,28.22,30083,87463479.00,4.32,1.15,0.33,4.82
2026-05-08,29.38,29.18,29.48,29.06,20789,60776132.00,1.45,0.48,0.14,3.33
2026-05-11,29.39,29.23,29.39,28.91,21487,62523109.00,1.64,0.17,0.05,3.44
2026-05-12,29.22,29.04,29.44,28.90,17924,52210661.00,1.85,-0.65,-0.19,2.87
2026-05-13,29.04,28.89,29.27,28.50,22707,65810856.00,2.65,-0.52,-0.15,3.64
2026-05-14,29.04,29.05,29.41,28.81,19263,56101238.00,2.08,0.55,0.16,3.08
2026-05-15,29.05,29.36,30.15,28.90,20629,60905367.00,4.30,1.07,0.31,3.30
2026-05-18,29.36,29.77,29.90,28.80,19631,57620439.00,3.75,1.40,0.41,3.14
2026-05-19,29.71,29.75,30.18,29.42,14045,41833530.00,2.55,-0.07,-0.02,2.25
2026-05-20,29.58,29.45,29.67,29.00,14145,41510852.00,2.25,-1.01,-0.30,2.26
2026-05-21,29.40,28.61,29.93,28.52,17736,51744747.00,4.79,-2.85,-0.84,2.84
2026-05-22,28.62,28.95,29.17,28.31,18958,54520208.00,3.01,1.19,0.34,3.04
2026-05-25,29.26,29.03,29.83,28.60,19008,55353460.00,4.25,0.28,0.08,3.04
2026-05-26,28.90,28.36,29.19,28.01,19563,55739209.00,4.06,-2.31,-0.67,3.13
2026-05-27,28.28,27.48,28.47,26.95,20597,56435216.00,5.36,-3.10,-0.88,3.30
2026-05-28,27.46,27.21,27.75,26.45,17568,47748602.00,4.73,-0.98,-0.27,2.81
2026-05-29,27.33,26.49,27.50,26.20,19255,51607589.00,4.78,-2.65,-0.72,3.08
2026-06-01,26.61,27.42,27.66,25.80,23400,63449153.00,7.02,3.51,0.93,3.75
2026-06-02,27.41,26.65,27.72,26.44,25236,67877924.00,4.67,-2.81,-0.77,4.04
2026-06-03,26.64,25.70,26.65,25.57,20160,52153795.00,4.05,-3.56,-0.95,3.23
2026-06-04,25.70,24.98,25.91,24.71,16459,41411046.00,4.67,-2.80,-0.72,2.64
2026-06-05,24.99,25.30,25.65,24.12,23222,57842758.00,6.12,1.28,0.32,3.72
2026-06-08,24.45,25.09,25.75,24.30,24540,61423660.00,5.73,-0.83,-0.21,3.93
2026-06-09,24.48,24.80,25.28,24.46,20881,51807340.00,3.27,-1.16,-0.29,3.34
2026-06-10,24.64,24.70,25.00,24.28,14413,35527332.00,2.90,-0.40,-0.10,2.31
2026-06-11,24.52,24.26,24.79,23.76,13146,31734601.00,4.17,-1.78,-0.44,2.10
2026-06-12,24.50,24.39,24.87,23.89,18800,45914988.00,4.04,0.54,0.13,3.01
2026-06-15,24.63,23.72,24.77,23.61,21903,53034222.00,4.76,-2.75,-0.67,3.51
2026-06-16,24.02,23.88,24.10,22.99,21451,50542476.00,4.68,0.67,0.16,3.43
2026-06-17,23.82,23.39,24.02,23.25,15569,36625474.00,3.22,-2.05,-0.49,2.49
2026-06-18,23.39,23.39,23.54,22.68,12205,28397015.00,3.68,0.00,0.00,1.95
2026-06-22,23.24,23.60,23.71,22.33,21014,48115131.00,5.90,0.90,0.21,3.36
2026-06-23,23.45,24.03,24.39,23.43,16936,40741309.00,4.07,1.82,0.43,2.71
2026-06-24,24.00,22.65,24.27,22.62,18328,42292613.00,6.87,-5.74,-1.38,2.93
2026-06-25,22.78,22.16,22.78,21.98,16793,37232241.00,3.53,-2.16,-0.49,2.69
2026-06-26,22.06,21.72,22.15,21.33,15226,33032592.00,3.70,-1.99,-0.44,2.44
2026-06-29,21.67,22.05,22.20,21.00,18525,40151890.00,5.52,1.52,0.33,2.97
2026-06-30,22.20,21.96,22.35,21.65,17503,38586296.00,3.17,-0.41,-0.09,2.80
2026-07-01,21.97,22.53,22.98,21.90,19396,43591246.00,4.92,2.60,0.57,3.11
2026-07-02,22.76,22.55,23.22,22.37,20352,46385936.00,3.77,0.09,0.02,3.26
2026-07-03,22.55,22.86,23.12,22.33,17390,39669570.00,3.50,1.37,0.31,2.78
2026-07-06,22.96,22.92,23.36,22.63,17257,39649337.00,3.19,0.26,0.06,2.76
2026-07-07,22.94,22.20,23.01,22.10,14759,33064849.00,3.97,-3.14,-0.72,2.36
2026-07-08,22.19,21.97,22.62,21.60,14298,31438871.00,4.59,-1.04,-0.23,2.29
2026-07-09,22.00,21.84,22.28,21.42,14734,32161845.00,3.91,-0.59,-0.13,2.36
2026-07-10,21.87,22.45,22.74,21.40,18554,41279287.00,6.14,2.79,0.61,2.97
2026-07-13,22.37,21.84,22.55,21.70,18015,39589201.00,3.79,-2.72,-0.61,2.88
2026-07-14,21.84,22.48,22.52,21.56,16406,36085676.00,4.40,2.93,0.64,2.63
2026-07-15,22.50,22.72,23.20,22.27,15249,34545074.00,4.14,1.07,0.24,2.44
2026-07-16,22.50,22.46,22.95,22.26,13305,30093982.00,3.04,-1.14,-0.26,2.13
2026-07-17,22.45,21.41,22.87,21.30,20374,44876873.00,6.99,-4.67,-1.05,3.26
2026-07-20,21.60,20.70,22.12,20.19,21355,45440928.00,9.01,-3.32,-0.71,3.42
2026-07-21,20.70,20.53,20.92,19.67,25999,52833148.00,6.04,-0.82,-0.17,4.16
2026-07-22,20.55,20.10,20.93,19.99,19123,39042375.00,4.58,-2.09,-0.43,3.06
2026-07-23,19.95,20.84,20.95,19.95,14837,30268834.00,4.98,3.68,0.74,2.38
2026-07-24,20.73,20.11,20.80,19.94,12099,24596733.00,4.13,-3.50,-0.73,1.94
2026-07-27,20.20,20.63,20.91,20.00,16622,34268997.00,4.53,2.59,0.52,2.66
2026-07-28,20.52,20.87,21.26,20.43,17075,35841866.00,4.02,1.16,0.24,2.73
2026-07-29,20.96,21.44,21.60,20.89,16529,35295899.00,3.40,2.73,0.57,2.65