2026-01-05,17.61,18.04,18.14,17.60,257925,475506729.00,3.06,2.33,0.41,1.67
2026-01-06,18.21,18.30,18.45,18.02,250797,469661793.00,2.38,1.44,0.26,1.63
2026-01-07,18.21,17.92,18.27,17.91,275870,511024674.00,1.97,-2.08,-0.38,1.79
2026-01-08,17.92,17.79,18.08,17.72,327014,599827604.00,2.01,-0.73,-0.13,2.12
2026-01-09,17.78,17.72,17.94,17.69,420621,768284863.00,1.41,-0.39,-0.07,2.73
2026-01-12,17.77,17.81,17.84,17.68,310026,565634608.00,0.90,0.51,0.09,2.01
2026-01-13,17.81,18.15,18.37,17.80,352092,655002067.00,3.20,1.91,0.34,2.28
2026-01-14,18.15,17.91,18.32,17.82,337798,627343156.00,2.75,-1.32,-0.24,2.19
2026-01-15,17.83,18.04,18.05,17.77,177995,327749723.00,1.56,0.73,0.13,1.15
2026-01-16,18.03,17.95,18.13,17.92,160278,296214980.00,1.16,-0.50,-0.09,1.04
2026-01-19,17.94,17.85,17.95,17.78,181720,333262522.00,0.95,-0.56,-0.10,1.18
2026-01-20,17.81,17.84,17.93,17.79,133078,243774375.00,0.78,-0.06,-0.01,0.86
2026-01-21,17.83,17.76,17.85,17.74,149467,272919728.00,0.62,-0.45,-0.08,0.97
2026-01-22,17.76,17.80,17.85,17.63,137279,250313732.00,1.24,0.23,0.04,0.89
2026-01-23,17.81,17.76,17.99,17.70,237284,434481650.00,1.63,-0.22,-0.04,1.54
2026-01-26,17.77,17.82,17.89,17.67,212004,386601837.00,1.24,0.34,0.06,1.37
2026-01-27,17.77,17.72,17.80,17.48,199909,362621164.00,1.80,-0.56,-0.10,1.30
2026-01-28,17.72,17.67,17.87,17.65,139039,253211325.00,1.24,-0.28,-0.05,0.90
2026-01-29,17.63,17.70,17.77,17.55,145890,265108103.00,1.25,0.17,0.03,0.95
2026-01-30,17.69,17.90,18.40,17.66,272257,502900322.00,4.18,1.13,0.20,1.76
2026-02-02,17.57,17.71,17.89,17.55,199432,363360774.00,1.90,-1.06,-0.19,1.29
2026-02-03,17.77,17.87,17.89,17.72,129819,237434616.00,0.96,0.90,0.16,0.84
2026-02-04,17.82,18.54,18.79,17.81,415484,785978446.00,5.48,3.75,0.67,2.69
2026-02-05,18.49,18.75,18.97,18.40,312476,599195011.00,3.07,1.13,0.21,2.02
2026-02-06,18.68,18.80,18.93,18.58,189148,364201180.00,1.87,0.27,0.05,1.23
2026-02-09,18.79,18.70,18.92,18.68,178313,343643976.00,1.28,-0.53,-0.10,1.16
2026-02-10,18.76,18.43,18.78,18.37,189758,360596011.00,2.19,-1.44,-0.27,1.23
2026-02-11,18.45,18.48,18.60,18.41,95695,181730750.00,1.03,0.27,0.05,0.62
2026-02-12,18.46,18.45,18.63,18.43,109452,207974313.00,1.08,-0.16,-0.03,0.71
2026-02-13,18.47,18.72,18.85,18.45,171533,329108349.00,2.17,1.46,0.27,1.11
2026-02-24,18.91,18.88,18.95,18.69,167316,323051247.00,1.39,0.85,0.16,1.08
2026-02-25,19.12,19.42,19.62,19.12,345615,686373445.00,2.65,2.86,0.54,2.24
2026-02-26,19.32,19.29,19.61,19.26,213553,424370944.00,1.80,-0.67,-0.13,1.38
2026-02-27,19.27,19.34,19.42,19.24,115608,229118813.00,0.93,0.26,0.05,0.75
2026-03-02,19.22,19.52,19.56,19.06,230070,456827715.00,2.59,0.93,0.18,1.49
2026-03-03,19.57,19.01,19.80,18.96,289550,574266844.00,4.30,-2.61,-0.51,1.88
2026-03-04,18.85,18.90,19.31,18.85,180262,351556564.00,2.42,-0.58,-0.11,1.17
2026-03-05,19.05,19.11,19.26,19.05,149365,292978865.00,1.11,1.11,0.21,0.97
2026-03-06,19.10,19.23,19.23,19.00,115291,226347576.00,1.20,0.63,0.12,0.75
2026-03-09,19.03,18.89,19.07,18.87,170015,330323165.00,1.04,-1.77,-0.34,1.10
2026-03-10,19.03,19.01,19.06,18.87,122059,237277012.00,1.01,0.64,0.12,0.79
2026-03-11,19.01,18.92,19.02,18.88,89728,174239024.00,0.74,-0.47,-0.09,0.58
2026-03-12,18.92,18.79,18.93,18.63,147517,283717873.00,1.59,-0.69,-0.13,0.96
2026-03-13,18.78,18.63,18.92,18.60,121433,233451695.00,1.70,-0.85,-0.16,0.79
2026-03-16,18.65,18.88,19.08,18.56,138891,267867587.00,2.79,1.34,0.25,0.90
2026-03-17,18.91,18.76,19.08,18.72,118825,230393295.00,1.91,-0.64,-0.12,0.77
2026-03-18,18.73,18.70,18.80,18.53,110014,209989824.00,1.44,-0.32,-0.06,0.71
2026-03-19,18.53,18.43,18.63,18.38,136069,258337976.00,1.34,-1.44,-0.27,0.88
2026-03-20,18.43,18.20,18.65,18.20,151550,287127908.00,2.44,-1.25,-0.23,0.98
2026-03-23,17.97,17.55,17.97,17.47,237664,432231350.00,2.75,-3.57,-0.65,1.54
2026-03-24,17.74,17.72,17.75,17.47,123141,222724841.00,1.60,0.97,0.17,0.80
2026-03-25,17.79,17.96,18.02,17.70,94484,173630961.00,1.81,1.35,0.24,0.61
2026-03-26,18.00,17.85,18.08,17.82,78166,144001375.00,1.45,-0.61,-0.11,0.51
2026-03-27,17.80,18.15,18.17,17.71,94825,175816500.00,2.58,1.68,0.30,0.61
2026-03-30,17.94,18.33,18.40,17.94,96585,180103623.00,2.53,0.99,0.18,0.63
2026-03-31,18.56,18.35,18.83,18.33,175873,334651625.00,2.73,0.11,0.02,1.14
2026-04-01,18.53,18.59,18.70,18.34,127540,242720424.00,1.96,1.31,0.24,0.83
2026-04-02,18.58,18.47,18.82,18.42,125299,238994200.00,2.15,-0.65,-0.12,0.81
2026-04-03,18.42,18.22,18.49,18.18,102621,192791065.00,1.68,-1.35,-0.25,0.66
2026-04-07,18.25,18.07,18.35,18.03,72171,134237620.00,1.76,-0.82,-0.15,0.47
2026-04-08,18.32,18.34,18.40,18.22,108319,203421004.00,1.00,1.49,0.27,0.70
2026-04-09,18.32,18.06,18.32,18.04,112996,210961416.00,1.53,-1.53,-0.28,0.73
2026-04-10,18.14,18.14,18.27,18.05,88748,165597762.00,1.22,0.44,0.08,0.58
2026-04-13,18.27,18.08,18.30,18.02,93230,173470495.00,1.54,-0.33,-0.06,0.60
2026-04-14,18.08,18.06,18.14,17.98,81985,151875624.00,0.88,-0.11,-0.02,0.53
2026-04-15,18.19,18.31,18.40,18.13,125775,235914303.00,1.50,1.38,0.25,0.82
2026-04-16,18.34,18.50,18.54,18.29,128441,242933016.00,1.37,1.04,0.19,0.83
2026-04-17,18.43,18.32,18.46,18.28,93403,175695566.00,0.97,-0.97,-0.18,0.61
2026-04-20,18.27,18.23,18.30,18.17,91398,171087920.00,0.71,-0.49,-0.09,0.59
2026-04-21,18.21,18.22,18.29,18.18,71412,133529965.00,0.60,-0.05,-0.01,0.46
2026-04-22,18.20,18.19,18.27,18.15,93360,174383354.00,0.66,-0.16,-0.03,0.60
2026-04-23,18.19,18.03,18.20,18.01,89253,165551186.00,1.04,-0.88,-0.16,0.58
2026-04-24,18.01,18.12,18.16,17.95,78240,145044895.00,1.16,0.50,0.09,0.51
2026-04-27,18.12,18.11,18.20,18.05,84000,156152640.00,0.83,-0.06,-0.01,0.54
2026-04-28,18.08,18.12,18.25,18.06,75465,140568160.00,1.05,0.06,0.01,0.49
2026-04-29,18.14,18.73,18.87,18.12,172200,326107739.00,4.14,3.37,0.61,1.12
2026-04-30,18.62,18.40,18.63,18.36,130239,246487118.00,1.44,-1.76,-0.33,0.84
2026-05-06,18.51,18.31,18.51,18.27,123525,232322422.00,1.30,-0.49,-0.09,0.80
2026-05-07,18.34,18.13,18.37,18.07,186239,347346602.00,1.64,-0.98,-0.18,1.21
2026-05-08,18.10,17.98,18.10,17.93,145484,268591412.00,0.94,-0.83,-0.15,0.94
2026-05-11,17.96,18.05,18.20,17.91,176065,325273212.00,1.61,0.39,0.07,1.14
2026-05-12,18.05,17.96,18.05,17.92,136626,251891296.00,0.72,-0.50,-0.09,0.89
2026-05-13,17.97,17.94,18.04,17.93,104234,192283377.00,0.61,-0.11,-0.02,0.68
2026-05-14,17.91,17.73,18.12,17.73,127604,233572135.00,2.17,-1.17,-0.21,0.83
2026-05-15,17.79,17.72,17.86,17.70,106199,193576818.00,0.90,-0.06,-0.01,0.69
2026-05-18,17.68,17.44,17.70,17.33,171549,308548424.00,2.09,-1.58,-0.28,1.11
2026-05-19,17.41,17.49,17.53,17.40,68573,123124326.00,0.75,0.29,0.05,0.44
2026-05-20,17.47,17.16,17.47,17.05,129629,229077076.00,2.40,-1.89,-0.33,0.84
2026-05-21,17.13,17.45,17.76,17.09,160579,287249521.00,3.90,1.69,0.29,1.04
2026-05-22,17.44,17.40,17.55,17.20,78593,140337400.00,2.01,-0.29,-0.05,0.51
2026-05-25,17.37,17.15,17.46,17.10,113927,201710584.00,2.07,-1.44,-0.25,0.74
2026-05-26,17.12,17.08,17.19,16.92,121262,211704139.00,1.57,-0.41,-0.07,0.79
2026-05-27,17.12,17.08,17.21,16.84,124079,216546614.00,2.17,0.00,0.00,0.80
2026-05-28,17.04,16.90,17.17,16.90,112350,196028597.00,1.58,-1.05,-0.18,0.73
2026-05-29,16.85,17.02,17.22,16.82,129557,226136631.00,2.37,0.71,0.12,0.84
2026-06-01,17.01,17.29,17.33,16.94,98344,173733551.00,2.29,1.59,0.27,0.64
2026-06-02,17.27,17.15,17.27,17.12,72477,127862250.00,0.87,-0.81,-0.14,0.47
2026-06-03,17.12,16.93,17.14,16.93,74560,130366309.00,1.22,-1.28,-0.22,0.48
2026-06-04,16.92,16.86,16.98,16.84,68119,118320716.00,0.83,-0.41,-0.07,0.44
2026-06-05,17.13,16.94,17.14,16.90,68126,119227686.00,1.42,0.47,0.08,0.44
2026-06-08,16.84,16.81,17.02,16.71,99952,173061656.00,1.83,-0.77,-0.13,0.65
2026-06-09,16.82,16.91,16.98,16.72,66024,114519916.00,1.55,0.59,0.10,0.43
2026-06-10,16.87,16.77,16.90,16.72,68167,117671253.00,1.06,-0.83,-0.14,0.44
2026-06-11,16.72,16.55,16.74,16.47,91945,156753495.00,1.61,-1.31,-0.22,0.60
2026-06-12,16.56,16.84,16.94,16.48,94570,162633248.00,2.78,1.75,0.29,0.61
2026-06-15,16.84,16.74,17.01,16.70,94753,163888526.00,1.84,-0.59,-0.10,0.61
2026-06-16,16.73,16.51,16.73,16.50,122861,209540786.00,1.37,-1.37,-0.23,0.80
2026-06-17,16.48,16.22,16.51,16.22,129791,218308656.00,1.76,-1.76,-0.29,0.84
2026-06-18,16.22,15.93,16.35,15.87,156760,259395889.00,2.96,-1.79,-0.29,1.02
2026-06-22,15.72,16.06,16.09,15.55,140534,229193539.00,3.39,0.82,0.13,0.91
2026-06-23,16.05,16.68,16.89,15.99,216863,372099144.00,5.60,3.86,0.62,1.41
2026-06-24,16.55,16.55,16.83,16.42,117712,201126885.00,2.46,-0.78,-0.13,0.76
2026-06-25,16.40,16.14,16.52,16.02,130395,217239109.00,3.02,-2.48,-0.41,0.84
2026-06-26,16.14,15.89,16.16,15.87,100065,164629211.00,1.80,-1.55,-0.25,0.65
2026-06-29,15.81,16.32,16.41,15.77,128491,214089728.00,4.03,2.71,0.43,0.83
2026-06-30,16.23,15.96,16.30,15.92,115904,191159995.00,2.33,-2.21,-0.36,0.75
2026-07-01,15.88,16.25,16.28,15.82,130656,216467683.00,2.88,1.82,0.29,0.85
2026-07-02,16.35,16.74,17.03,16.31,201644,345562897.00,4.43,3.02,0.49,1.31
2026-07-03,16.90,17.29,17.29,16.77,167368,292564304.00,3.11,3.29,0.55,1.08
2026-07-06,17.27,17.12,17.70,16.94,215044,383094503.00,4.40,-0.98,-0.17,1.39
2026-07-07,17.01,16.80,17.06,16.72,99151,171944906.00,1.99,-1.87,-0.32,0.64
2026-07-08,16.85,16.65,16.96,16.63,80333,138484894.00,1.96,-0.89,-0.15,0.52
2026-07-09,16.68,16.78,16.91,16.55,77833,134104563.00,2.16,0.78,0.13,0.50
2026-07-10,16.76,16.85,16.97,16.65,96053,166215657.00,1.91,0.42,0.07,0.62
2026-07-13,16.85,16.90,16.99,16.77,106885,185507329.00,1.31,0.30,0.05,0.69
2026-07-14,16.83,17.11,17.21,16.79,126303,221147893.00,2.49,1.24,0.21,0.82
2026-07-15,16.97,17.22,17.59,16.94,191433,341695365.00,3.80,0.64,0.11,1.24
2026-07-16,17.21,17.37,17.55,17.11,157060,280175670.00,2.56,0.87,0.15,1.02
2026-07-17,17.34,16.97,17.54,16.82,179041,315391081.00,4.15,-2.30,-0.40,1.16
2026-07-20,16.92,17.21,17.33,16.92,132352,233286737.00,2.42,1.41,0.24,0.86
2026-07-21,17.14,17.03,17.28,16.85,150067,262913662.00,2.50,-1.05,-0.18,0.97
2026-07-22,17.07,17.15,17.27,16.98,103485,182212349.00,1.70,0.70,0.12,0.67
2026-07-23,17.15,17.00,17.17,16.92,107121,187582962.00,1.46,-0.87,-0.15,0.69
2026-07-24,16.92,16.71,17.00,16.71,104622,180571993.00,1.71,-1.71,-0.29,0.68
2026-07-27,16.74,16.94,17.04,16.74,78477,136747634.00,1.80,1.38,0.23,0.51
2026-07-28,16.95,17.11,17.21,16.95,67334,118310508.00,1.53,1.00,0.17,0.44
2026-07-29,17.25,17.43,17.49,17.15,119138,212076830.00,1.99,1.87,0.32,0.77
2026-07-30,17.44,17.46,17.60,17.33,105972,190221176.00,1.55,0.17,0.03,0.69
2026-07-31,17.39,17.43,17.52,17.33,85649,153440964.00,1.09,-0.17,-0.03,0.56
2026-08-03,17.60,17.69,17.73,17.51,75424,133136327.00,1.26,1.49,0.26,0.49
2026-08-04,17.76,17.55,17.80,17.51,82646,145461836.00,1.64,-0.79,-0.14,0.54
2026-08-05,17.55,17.65,17.71,17.45,86362,152024269.00,1.48,0.57,0.10,0.56