2026-01-05,9.23,9.21,9.23,9.17,186082,171078684.91,0.65,-0.11,-0.01,0.41
2026-01-06,9.21,9.30,9.30,9.19,283164,262156259.46,1.19,0.98,0.09,0.63
2026-01-07,9.29,9.23,9.32,9.22,246008,228230727.02,1.08,-0.75,-0.07,0.55
2026-01-08,9.22,9.27,9.27,9.20,187222,172988844.54,0.76,0.43,0.04,0.42
2026-01-09,9.27,9.26,9.29,9.21,230326,213000914.06,0.86,-0.11,-0.01,0.51
2026-01-12,9.26,9.28,9.28,9.22,315920,292085016.82,0.65,0.22,0.02,0.70
2026-01-13,9.27,9.15,9.27,9.14,403584,371633542.60,1.40,-1.40,-0.13,0.90
2026-01-14,9.15,8.97,9.21,8.93,699971,635045707.48,3.06,-1.97,-0.18,1.56
2026-01-15,8.96,8.98,9.02,8.96,326716,293552490.92,0.67,0.11,0.01,0.73
2026-01-16,9.00,8.84,9.01,8.81,484281,430452305.55,2.23,-1.56,-0.14,1.08
2026-01-19,8.85,8.89,8.90,8.84,270782,240267666.54,0.68,0.57,0.05,0.60
2026-01-20,8.88,8.92,8.94,8.86,258244,230042760.86,0.90,0.34,0.03,0.57
2026-01-21,8.89,8.83,8.92,8.82,307164,271949959.58,1.12,-1.01,-0.09,0.68
2026-01-22,8.84,8.75,8.87,8.73,543514,477080191.41,1.59,-0.91,-0.08,1.21
2026-01-23,8.72,8.68,8.78,8.65,801271,696992317.56,1.49,-0.80,-0.07,1.78
2026-01-26,8.69,8.92,8.93,8.56,1087327,950992048.20,4.26,2.76,0.24,2.42
2026-01-27,8.88,8.75,8.88,8.71,539211,472831420.99,1.91,-1.91,-0.17,1.20
2026-01-28,8.73,8.87,8.92,8.71,593104,523350393.41,2.40,1.37,0.12,1.32
2026-01-29,8.88,8.98,9.00,8.85,550867,491950194.26,1.69,1.24,0.11,1.22
2026-01-30,8.94,9.04,9.20,8.89,747962,679378962.51,3.45,0.67,0.06,1.66
2026-02-02,8.72,8.67,8.81,8.57,658411,573098495.14,2.65,-4.09,-0.37,1.46
2026-02-03,8.66,8.67,8.71,8.58,344495,297135089.68,1.50,0.00,0.00,0.77
2026-02-04,8.69,8.74,8.75,8.64,277056,241116370.77,1.27,0.81,0.07,0.62
2026-02-05,8.74,8.71,8.78,8.68,232654,202856198.79,1.14,-0.34,-0.03,0.52
2026-02-06,8.70,8.69,8.75,8.65,212194,184562105.72,1.15,-0.23,-0.02,0.47
2026-02-09,8.71,8.70,8.73,8.68,209973,182726414.53,0.58,0.12,0.01,0.47
2026-02-10,8.72,8.67,8.72,8.65,181734,157645737.27,0.80,-0.34,-0.03,0.40
2026-02-11,8.68,8.68,8.72,8.64,208218,180630826.59,0.92,0.12,0.01,0.46
2026-02-12,8.66,8.60,8.67,8.60,207265,178590717.20,0.81,-0.92,-0.08,0.46
2026-02-13,8.61,8.58,8.65,8.56,175298,150634269.22,1.05,-0.23,-0.02,0.39
2026-02-24,8.58,8.62,8.62,8.58,151118,129939339.82,0.47,0.47,0.04,0.34
2026-02-25,8.62,8.66,8.70,8.61,272243,235955261.20,1.04,0.46,0.04,0.60
2026-02-26,8.69,8.63,8.72,8.61,199067,172222165.00,1.27,-0.35,-0.03,0.44
2026-02-27,8.63,8.71,8.71,8.62,249366,216481394.80,1.04,0.93,0.08,0.55
2026-03-02,8.66,8.68,8.75,8.61,295903,256445036.17,1.61,-0.34,-0.03,0.66
2026-03-03,8.66,8.71,8.83,8.64,516556,451951295.89,2.19,0.35,0.03,1.15
2026-03-04,8.72,8.80,8.82,8.66,489871,429575672.65,1.84,1.03,0.09,1.09
2026-03-05,8.78,8.72,8.78,8.67,326836,284541734.95,1.25,-0.91,-0.08,0.73
2026-03-06,8.68,8.87,8.89,8.64,480013,422607895.30,2.87,1.72,0.15,1.07
2026-03-09,8.87,8.82,9.00,8.80,558416,496643557.53,2.25,-0.56,-0.05,1.24
2026-03-10,8.79,8.84,8.87,8.71,327626,288590794.76,1.81,0.23,0.02,0.73
2026-03-11,8.83,8.91,8.92,8.77,353572,313205005.24,1.70,0.79,0.07,0.79
2026-03-12,8.91,8.94,8.96,8.83,408539,364120683.22,1.46,0.34,0.03,0.91
2026-03-13,8.93,8.87,8.97,8.86,382462,340892847.28,1.23,-0.78,-0.07,0.85
2026-03-16,8.89,8.87,9.04,8.84,438860,391597227.20,2.25,0.00,0.00,0.98
2026-03-17,8.83,8.79,8.95,8.78,381247,338077397.69,1.92,-0.90,-0.08,0.85
2026-03-18,8.79,8.70,8.82,8.65,327504,284822971.79,1.93,-1.02,-0.09,0.73
2026-03-19,8.67,8.64,8.75,8.61,271861,235419724.73,1.61,-0.69,-0.06,0.60
2026-03-20,8.64,8.47,8.68,8.44,421219,359594333.21,2.78,-1.97,-0.17,0.94
2026-03-23,8.37,8.12,8.38,8.08,435709,357795769.47,3.54,-4.13,-0.35,0.97
2026-03-24,8.18,8.21,8.23,8.07,236108,192512162.94,1.97,1.11,0.09,0.52
2026-03-25,8.21,8.25,8.28,8.17,202717,166914296.86,1.34,0.49,0.04,0.45
2026-03-26,8.25,8.14,8.27,8.12,187307,153265559.42,1.82,-1.33,-0.11,0.42
2026-03-27,8.09,8.24,8.26,8.07,192183,157656834.53,2.33,1.23,0.10,0.43
2026-03-30,8.17,8.27,8.30,8.17,196743,162398557.94,1.58,0.36,0.03,0.44
2026-03-31,8.28,8.20,8.33,8.19,185483,152989011.91,1.69,-0.85,-0.07,0.41
2026-04-01,8.26,8.23,8.29,8.18,159140,130777408.76,1.34,0.37,0.03,0.35
2026-04-02,8.26,8.34,8.43,8.24,350317,292249251.79,2.31,1.34,0.11,0.78
2026-04-03,8.31,8.24,8.36,8.20,215951,178392991.77,1.92,-1.20,-0.10,0.48
2026-04-07,8.24,8.37,8.43,8.17,228948,190279968.99,3.16,1.58,0.13,0.51
2026-04-08,8.38,8.44,8.44,8.29,289671,243063350.58,1.79,0.84,0.07,0.64
2026-04-09,8.38,8.35,8.42,8.32,194018,162320394.60,1.18,-1.07,-0.09,0.43
2026-04-10,8.38,8.38,8.41,8.35,192150,160978561.18,0.72,0.36,0.03,0.43
2026-04-13,8.40,8.55,8.70,8.39,449871,384777869.44,3.70,2.03,0.17,1.00
2026-04-14,8.55,8.93,8.96,8.46,909187,800709172.47,5.85,4.44,0.38,2.02
2026-04-15,8.89,8.91,8.97,8.77,571430,506342583.81,2.24,-0.22,-0.02,1.27
2026-04-16,8.98,8.91,9.00,8.79,474670,422418824.37,2.36,0.00,0.00,1.05
2026-04-17,8.88,8.80,8.90,8.78,321737,283795628.90,1.35,-1.23,-0.11,0.71
2026-04-20,8.81,8.81,8.90,8.72,321102,282374112.51,2.05,0.11,0.01,0.71
2026-04-21,8.79,8.76,8.87,8.74,244575,215090118.70,1.48,-0.57,-0.05,0.54
2026-04-22,8.77,8.68,8.90,8.65,397139,348241776.25,2.85,-0.91,-0.08,0.88
2026-04-23,8.60,8.68,8.75,8.51,319241,275396980.84,2.76,0.00,0.00,0.71
2026-04-24,8.60,8.58,8.64,8.54,221452,189851382.40,1.15,-1.15,-0.10,0.49
2026-04-27,8.59,8.51,8.60,8.47,187776,159643189.62,1.52,-0.82,-0.07,0.42
2026-04-28,8.49,8.67,8.76,8.45,385310,331600982.90,3.64,1.88,0.16,0.86
2026-04-29,8.64,8.72,8.89,8.61,437935,384351551.48,3.23,0.58,0.05,0.97
2026-04-30,8.65,8.73,8.79,8.62,298399,259983933.70,1.95,0.11,0.01,0.66
2026-05-06,8.73,8.73,8.76,8.65,302848,263446802.98,1.26,0.00,0.00,0.67
2026-05-07,8.71,8.80,8.85,8.60,507337,444683630.96,2.86,0.80,0.07,1.13
2026-05-08,8.78,8.72,8.82,8.70,239179,209024221.87,1.36,-0.91,-0.08,0.53
2026-05-11,8.70,8.72,8.79,8.61,339661,296079181.68,2.06,0.00,0.00,0.75
2026-05-12,8.73,8.62,8.73,8.58,276081,238205682.22,1.72,-1.15,-0.10,0.61
2026-05-13,8.60,8.47,8.60,8.45,307749,261562027.49,1.74,-1.74,-0.15,0.68
2026-05-14,8.46,8.55,8.62,8.42,312973,267163598.56,2.36,0.94,0.08,0.70
2026-05-15,8.49,8.37,8.50,8.35,282833,237240412.12,1.75,-2.11,-0.18,0.63
2026-05-18,8.30,8.24,8.35,8.20,218632,180130056.60,1.79,-1.55,-0.13,0.49
2026-05-19,8.26,8.34,8.37,8.22,191579,158752860.95,1.82,1.21,0.10,0.43
2026-05-20,8.30,8.22,8.34,8.21,170714,140659634.55,1.56,-1.44,-0.12,0.38
2026-05-21,8.22,8.15,8.27,8.14,184229,151334266.51,1.58,-0.85,-0.07,0.41
2026-05-22,8.17,8.11,8.20,8.10,181183,147210586.14,1.23,-0.49,-0.04,0.40
2026-05-25,8.11,8.06,8.14,8.05,215749,174437986.86,1.11,-0.62,-0.05,0.48
2026-05-26,8.05,8.01,8.05,7.95,232228,185583690.42,1.24,-0.62,-0.05,0.52
2026-05-27,8.00,7.95,8.01,7.83,245672,194252454.05,2.25,-0.75,-0.06,0.55
2026-05-28,7.95,7.80,7.96,7.80,185574,145628894.88,2.01,-1.89,-0.15,0.41
2026-05-29,7.80,7.89,7.89,7.76,203388,159301737.00,1.67,1.15,0.09,0.45
2026-06-01,7.82,7.94,7.96,7.76,174243,137581454.90,2.53,0.63,0.05,0.39
2026-06-02,7.93,7.80,7.94,7.78,161472,126437928.80,2.02,-1.76,-0.14,0.36
2026-06-03,7.80,7.60,7.82,7.60,269665,205729915.80,2.82,-2.56,-0.20,0.60
2026-06-04,7.60,7.32,7.67,7.31,305223,226569979.04,4.74,-3.68,-0.28,0.68
2026-06-05,7.31,7.32,7.38,7.18,237731,172976242.66,2.73,0.00,0.00,0.53
2026-06-08,7.25,7.12,7.39,7.07,269004,193797475.77,4.37,-2.73,-0.20,0.60
2026-06-09,7.13,6.92,7.17,6.88,387193,270301131.56,4.07,-2.81,-0.20,0.86
2026-06-10,6.88,6.87,6.95,6.73,329236,225572404.61,3.18,-0.72,-0.05,0.73
2026-06-11,6.83,6.61,6.89,6.59,530397,353565105.85,4.37,-3.78,-0.26,1.18
2026-06-12,6.62,6.54,6.64,6.36,926411,602112141.15,4.24,-1.06,-0.07,2.06
2026-06-15,6.53,6.58,6.62,6.38,700579,456175193.38,3.67,0.61,0.04,1.56
2026-06-16,6.55,6.52,6.58,6.43,350351,227965284.72,2.28,-0.91,-0.06,0.78
2026-06-17,6.52,6.32,6.52,6.29,428437,272111517.79,3.53,-3.07,-0.20,0.95
2026-06-18,6.29,6.20,6.32,6.20,414879,259007618.50,1.90,-1.90,-0.12,0.92
2026-06-22,6.19,6.21,6.23,6.06,360458,221355161.75,2.74,0.16,0.01,0.80
2026-06-23,6.22,6.19,6.38,6.16,377287,236667662.00,3.54,-0.32,-0.02,0.84
2026-06-24,6.19,5.95,6.19,5.90,435954,261614412.27,4.68,-3.88,-0.24,0.97
2026-06-25,5.92,5.96,6.00,5.82,351217,207548632.12,3.03,0.17,0.01,0.78
2026-06-26,5.96,6.08,6.30,5.89,731899,445938903.80,6.88,2.01,0.12,1.63
2026-06-29,6.07,6.44,6.58,6.05,878531,554534537.01,8.72,5.92,0.36,1.95
2026-06-30,6.35,6.27,6.50,6.24,556675,352604687.14,4.04,-2.64,-0.17,1.24
2026-07-01,6.34,6.90,6.90,6.25,821183,547718062.93,10.37,10.05,0.63,1.82
2026-07-02,6.96,6.86,7.10,6.73,1117446,772747363.75,5.36,-0.58,-0.04,2.48
2026-07-03,6.88,6.78,7.00,6.68,685079,465984325.57,4.66,-1.17,-0.08,1.52
2026-07-06,6.86,7.29,7.38,6.83,1105769,787730604.30,8.11,7.52,0.51,2.46
2026-07-07,7.16,7.42,7.47,7.10,897279,651858703.01,5.08,1.78,0.13,1.99
2026-07-08,7.30,7.07,7.35,7.02,648080,463209608.37,4.45,-4.72,-0.35,1.44
2026-07-09,7.00,7.06,7.17,6.88,504370,354765808.62,4.10,-0.14,-0.01,1.12
2026-07-10,7.02,7.14,7.22,6.84,598965,423041422.83,5.38,1.13,0.08,1.33
2026-07-13,7.06,7.04,7.22,6.98,476386,337692589.29,3.36,-1.40,-0.10,1.06
2026-07-14,6.97,7.00,7.05,6.88,372379,259128041.00,2.41,-0.57,-0.04,0.83
2026-07-15,6.94,7.15,7.24,6.90,490657,350406498.52,4.86,2.14,0.15,1.09
2026-07-16,7.13,7.30,7.35,7.08,598096,433692322.54,3.78,2.10,0.15,1.33
2026-07-17,7.24,7.08,7.34,7.01,512317,366147047.74,4.52,-3.01,-0.22,1.14
2026-07-20,7.05,7.13,7.15,6.93,425315,300888050.47,3.11,0.71,0.05,0.95
2026-07-21,7.10,6.95,7.15,6.91,476206,333936007.98,3.37,-2.52,-0.18,1.06
2026-07-22,6.87,6.99,6.99,6.80,372057,257270549.49,2.73,0.58,0.04,0.83
2026-07-23,6.95,6.98,7.01,6.86,241432,167420193.84,2.15,-0.14,-0.01,0.54
2026-07-24,6.96,6.72,7.03,6.71,321570,219227656.78,4.58,-3.72,-0.26,0.71
2026-07-27,6.70,6.83,6.88,6.68,231521,157863305.72,2.98,1.64,0.11,0.51
2026-07-28,6.80,6.86,6.90,6.78,178396,122154936.52,1.76,0.44,0.03,0.40
2026-07-29,6.84,6.90,6.96,6.83,273528,188739933.75,1.90,0.58,0.04,0.61
2026-07-30,6.89,7.00,7.10,6.87,370955,259357742.59,3.33,1.45,0.10,0.82
2026-07-31,6.86,7.00,7.01,6.86,292983,203527894.85,2.14,0.00,0.00,0.65
2026-08-03,6.99,7.06,7.11,6.98,294751,207918693.07,1.86,0.86,0.06,0.66
2026-08-04,7.05,6.92,7.11,6.90,370375,257270183.18,2.97,-1.98,-0.14,0.82
2026-08-05,6.91,6.97,7.00,6.82,341041,236130015.03,2.60,0.72,0.05,0.76
2026-08-06,6.98,6.95,7.01,6.86,269156,186224771.09,2.15,-0.29,-0.02,0.60
2026-08-07,6.92,6.92,6.96,6.86,227439,157097834.90,1.44,-0.43,-0.03,0.51
2026-08-10,6.92,7.15,7.15,6.91,536915,380398461.96,3.47,3.32,0.23,1.19
2026-08-11,7.11,7.01,7.15,7.00,343056,242461695.92,2.10,-1.96,-0.14,0.76
2026-08-12,6.99,7.00,7.02,6.93,216540,150876260.40,1.28,-0.14,-0.01,0.48