2026-01-05,18.34,18.33,18.50,18.05,54965,101405772.00,2.48,0.88,0.16,3.75
2026-01-06,18.33,18.42,18.60,18.23,47649,88449913.00,2.02,0.49,0.09,3.25
2026-01-07,18.40,18.77,18.91,18.29,64733,122016241.00,3.37,1.90,0.35,4.42
2026-01-08,18.64,19.24,19.52,18.64,83076,161396343.00,4.69,2.50,0.47,5.67
2026-01-09,19.07,19.50,19.52,19.02,80230,155927323.00,2.60,1.35,0.26,5.48
2026-01-12,19.54,19.57,19.67,19.10,86863,170048862.00,2.92,0.36,0.07,5.93
2026-01-13,19.48,19.18,19.48,19.06,49047,95188509.00,2.15,-1.99,-0.39,3.35
2026-01-14,19.06,18.94,19.30,18.70,63177,121365557.00,3.13,-1.25,-0.24,4.31
2026-01-15,18.84,19.03,19.04,18.75,37995,72385219.00,1.53,0.48,0.09,2.59
2026-01-16,19.08,18.92,19.23,18.66,38836,73849406.00,3.00,-0.58,-0.11,2.65
2026-01-19,18.81,19.14,19.14,18.72,34752,66633723.00,2.22,1.16,0.22,2.37
2026-01-20,19.12,18.86,19.15,18.72,40431,77150484.00,2.25,-1.46,-0.28,2.76
2026-01-21,18.79,19.05,19.09,18.61,31948,61010917.00,2.55,1.01,0.19,2.18
2026-01-22,19.12,19.27,19.31,18.98,37900,73395533.00,1.73,1.15,0.22,2.59
2026-01-23,19.32,19.27,19.36,19.09,36062,69862683.00,1.40,0.00,0.00,2.46
2026-01-26,19.33,19.00,19.34,18.72,49252,94436490.00,3.22,-1.40,-0.27,3.36
2026-01-27,19.03,18.60,19.03,18.05,45677,84933060.00,5.16,-2.11,-0.40,3.12
2026-01-28,18.64,18.25,18.69,18.22,34401,63712316.00,2.53,-1.88,-0.35,2.35
2026-01-29,18.22,17.75,18.26,17.71,45259,82105732.00,3.01,-2.74,-0.50,3.09
2026-01-30,17.70,18.00,18.02,17.59,38050,68429704.00,2.42,1.41,0.25,2.60
2026-02-02,17.93,17.70,18.23,17.65,27242,49410252.00,3.22,-1.67,-0.30,1.86
2026-02-03,17.79,18.16,18.32,17.76,28132,51148603.00,3.16,2.60,0.46,1.92
2026-02-04,18.27,18.34,18.69,18.14,32390,60052925.00,3.03,0.99,0.18,2.21
2026-02-05,18.31,18.15,18.39,17.92,20895,38409742.00,2.56,-1.04,-0.19,1.43
2026-02-06,18.17,18.27,18.51,18.04,24176,44696621.00,2.59,0.66,0.12,1.65
2026-02-09,19.04,19.11,19.42,18.85,80788,155369506.00,3.12,4.60,0.84,5.52
2026-02-10,19.09,19.14,19.33,18.97,39200,75927176.00,1.88,0.16,0.03,2.68
2026-02-11,19.04,19.25,19.46,19.03,37966,73835342.00,2.25,0.57,0.11,2.59
2026-02-12,19.19,19.12,19.38,18.94,27389,53048864.00,2.29,-0.68,-0.13,1.87
2026-02-13,19.11,19.04,19.31,18.95,34689,67021136.00,1.88,-0.42,-0.08,2.37
2026-02-24,19.14,19.63,19.69,19.14,50173,98738519.00,2.89,3.10,0.59,3.43
2026-02-25,19.56,19.56,19.73,19.45,38035,75111582.00,1.43,-0.36,-0.07,2.60
2026-02-26,19.69,19.78,19.85,19.60,32089,63836410.00,1.28,1.12,0.22,2.19
2026-02-27,19.61,19.75,19.81,19.54,34552,68586424.00,1.37,-0.15,-0.03,2.36
2026-03-02,19.75,19.41,19.75,19.24,47466,93179827.00,2.58,-1.72,-0.34,3.24
2026-03-03,19.41,18.44,19.58,18.35,46647,89335443.00,6.34,-5.00,-0.97,3.19
2026-03-04,18.35,18.36,18.80,18.29,39234,73456714.00,2.77,-0.43,-0.08,2.68
2026-03-05,18.54,18.74,18.90,18.54,25954,48981743.00,1.96,2.07,0.38,1.77
2026-03-06,18.68,19.01,19.14,18.65,26161,50124919.00,2.61,1.44,0.27,1.79
2026-03-09,18.72,18.85,18.97,18.54,28271,53570123.00,2.26,-0.84,-0.16,1.93
2026-03-10,18.95,19.28,19.36,18.95,22139,42896456.00,2.18,2.28,0.43,1.51
2026-03-11,19.28,19.10,19.42,19.00,22803,44060713.00,2.18,-0.93,-0.18,1.56
2026-03-12,19.02,18.58,19.17,18.52,31659,59728844.00,3.40,-2.72,-0.52,2.16
2026-03-13,18.67,18.71,19.02,18.49,29182,55226854.00,2.85,0.70,0.13,1.99
2026-03-16,18.75,18.54,18.99,18.34,36527,68424552.00,3.47,-0.91,-0.17,2.49
2026-03-17,18.61,17.99,18.63,17.99,33004,60815976.00,3.45,-2.97,-0.55,2.25
2026-03-18,17.94,18.32,18.34,17.91,26822,48970630.00,2.39,1.83,0.33,1.83
2026-03-19,18.12,17.69,18.37,17.62,29581,53438253.00,4.09,-3.44,-0.63,2.02
2026-03-20,17.82,17.24,17.88,17.23,31636,55664867.00,3.67,-2.54,-0.45,2.16
2026-03-23,16.93,15.92,16.96,15.82,39339,65235926.00,6.61,-7.66,-1.32,2.69
2026-03-24,16.25,16.92,16.94,16.12,36134,60350952.00,5.15,6.28,1.00,2.47
2026-03-25,16.92,16.94,17.07,16.81,23087,39502980.00,1.54,0.12,0.02,1.58
2026-03-26,16.87,16.62,17.07,16.50,22258,37592631.00,3.36,-1.89,-0.32,1.52
2026-03-27,16.57,16.94,17.09,16.49,21229,36167321.00,3.61,1.93,0.32,1.45
2026-03-30,16.65,17.14,17.42,16.65,26911,46390363.00,4.55,1.18,0.20,1.84
2026-03-31,17.15,16.92,17.39,16.91,20576,35583003.00,2.80,-1.28,-0.22,1.41
2026-04-01,17.12,17.18,17.44,16.96,23274,40208928.00,2.84,1.54,0.26,1.59
2026-04-02,17.18,16.93,17.29,16.81,20041,34400234.00,2.79,-1.46,-0.25,1.37
2026-04-03,16.82,16.51,17.01,16.42,21110,35377655.00,3.48,-2.48,-0.42,1.44
2026-04-07,16.39,17.54,17.76,16.34,54448,94711419.00,8.60,6.24,1.03,3.72
2026-04-08,17.73,17.66,17.73,17.38,37749,66885660.00,2.00,0.68,0.12,2.58
2026-04-09,17.61,17.35,17.61,17.17,26349,46109359.00,2.49,-1.76,-0.31,1.80
2026-04-10,17.36,17.59,17.74,17.36,24320,43171613.00,2.19,1.38,0.24,1.66
2026-04-13,17.60,17.69,18.10,17.58,51652,92408744.00,2.96,0.57,0.10,3.53
2026-04-14,17.89,17.71,17.92,17.44,36568,65043621.00,2.71,0.11,0.02,2.50
2026-04-15,17.82,17.34,17.82,17.30,39537,69793616.00,2.94,-2.09,-0.37,2.70
2026-04-16,17.33,17.59,17.68,17.26,30406,53675953.00,2.42,1.44,0.25,2.08
2026-04-17,17.59,17.60,17.67,17.42,29531,52284572.00,1.42,0.06,0.01,2.02
2026-04-20,17.66,17.79,17.81,17.46,27748,49552691.00,1.99,1.08,0.19,1.90
2026-04-21,17.76,17.70,17.80,17.61,20376,36386808.00,1.07,-0.51,-0.09,1.39
2026-04-22,17.74,17.79,17.89,17.61,22879,41031786.00,1.58,0.51,0.09,1.56
2026-04-23,17.73,17.62,17.89,17.55,23000,41080406.00,1.91,-0.96,-0.17,1.57
2026-04-24,17.53,17.88,17.92,17.46,25462,45548563.00,2.61,1.48,0.26,1.74
2026-04-27,17.88,17.99,18.01,17.64,25367,45697119.00,2.07,0.62,0.11,1.73
2026-04-28,18.22,17.59,18.22,17.38,40255,71683362.00,4.67,-2.22,-0.40,2.75
2026-04-29,16.29,17.07,17.23,16.29,76162,129179108.00,5.34,-2.96,-0.52,5.20
2026-04-30,17.16,17.15,17.24,16.90,41385,71419409.00,1.99,0.47,0.08,2.83
2026-05-06,17.15,16.94,17.32,16.90,43816,75481774.00,2.45,-1.22,-0.21,2.99
2026-05-07,16.94,16.87,17.14,16.87,31141,53307094.00,1.59,-0.41,-0.07,2.13
2026-05-08,16.85,17.34,17.37,16.78,33419,57807649.00,3.50,2.79,0.47,2.28
2026-05-11,17.38,17.23,17.41,17.08,28385,49234825.00,1.90,-0.63,-0.11,1.94
2026-05-12,17.22,16.95,17.43,16.86,31663,54675374.00,3.31,-1.63,-0.28,2.16
2026-05-13,16.96,16.84,17.08,16.72,28767,49062128.00,2.12,-0.65,-0.11,1.96
2026-05-14,16.91,16.63,16.92,16.57,22825,38531803.00,2.08,-1.25,-0.21,1.56
2026-05-15,16.65,16.42,16.78,16.34,27538,46027200.00,2.65,-1.26,-0.21,1.88
2026-05-18,16.53,16.42,16.53,16.13,22936,37808251.00,2.44,0.00,0.00,1.57
2026-05-19,16.47,16.63,16.76,16.33,25235,42140458.00,2.62,1.28,0.21,1.72
2026-05-20,16.56,16.40,16.63,16.18,17207,28438442.00,2.71,-1.38,-0.23,1.18
2026-05-21,16.47,15.76,16.61,15.72,35775,58651885.00,5.43,-3.90,-0.64,2.44
2026-05-22,15.90,16.39,16.50,15.67,30654,49865584.00,5.27,4.00,0.63,2.09
2026-05-25,16.53,16.12,16.55,15.94,28189,46139051.00,3.72,-1.65,-0.27,1.93
2026-05-26,15.97,15.60,16.03,15.42,31266,49457247.00,3.78,-3.23,-0.52,2.14
2026-05-27,15.62,15.14,15.68,14.94,33135,50786993.00,4.74,-2.95,-0.46,2.26
2026-05-28,15.11,15.22,15.38,14.88,20939,32002365.00,3.30,0.53,0.08,1.43
2026-05-29,15.23,14.95,15.34,14.82,28588,43608615.00,3.42,-1.77,-0.27,1.95
2026-06-01,14.99,15.36,15.53,14.80,26611,41093025.00,4.88,2.74,0.41,1.82
2026-06-02,15.53,14.78,15.54,14.60,32775,49086790.00,6.12,-3.78,-0.58,2.24
2026-06-03,14.76,14.71,15.04,14.59,26742,39964745.00,3.04,-0.47,-0.07,1.83
2026-06-04,14.70,14.42,14.84,14.32,20937,30673236.00,3.54,-1.97,-0.29,1.43
2026-06-05,14.42,14.60,14.80,14.23,27087,39926213.00,3.95,1.25,0.18,1.85
2026-06-08,14.39,14.25,14.70,13.98,24666,35856174.00,4.93,-2.40,-0.35,1.68
2026-06-09,14.37,14.26,14.49,14.12,20345,29426191.00,2.60,0.07,0.01,1.39
2026-06-10,14.12,14.03,14.33,13.84,22365,31666153.00,3.44,-1.61,-0.23,1.53
2026-06-11,13.97,13.96,14.07,13.66,18415,25815469.00,2.92,-0.50,-0.07,1.26
2026-06-12,14.08,14.05,14.24,13.80,18210,25916381.00,3.15,0.64,0.09,1.24
2026-06-15,14.12,14.09,14.41,13.97,19371,27718607.00,3.13,0.28,0.04,1.32
2026-06-16,14.12,14.18,14.31,13.86,17756,25275522.00,3.19,0.64,0.09,1.21
2026-06-17,14.18,13.76,14.19,13.71,24892,34843417.00,3.39,-2.96,-0.42,1.70
2026-06-18,13.59,13.70,13.82,13.45,19140,26464656.00,2.69,-0.44,-0.06,1.31
2026-06-22,13.70,13.79,13.81,13.06,23782,32290214.00,5.47,0.66,0.09,1.62
2026-06-23,13.79,13.99,14.25,13.65,29551,42037753.00,4.35,1.45,0.20,2.02
2026-06-24,14.15,13.47,14.18,13.38,29613,40637455.00,5.72,-3.72,-0.52,2.02
2026-06-25,13.50,13.15,13.56,13.03,30270,40362546.00,3.93,-2.38,-0.32,2.07
2026-06-26,13.15,12.95,13.18,12.75,33344,43756191.00,3.27,-1.52,-0.20,2.28
2026-06-29,12.92,12.99,13.07,12.47,29334,38163801.00,4.63,0.31,0.04,2.00
2026-06-30,13.01,12.82,13.09,12.73,23322,30334902.00,2.77,-1.31,-0.17,1.59
2026-07-01,12.84,13.01,13.24,12.75,25701,33870033.00,3.82,1.48,0.19,1.76
2026-07-02,12.98,13.01,13.33,12.94,23294,31022324.00,3.00,0.00,0.00,1.59
2026-07-03,13.11,13.41,13.53,13.02,28724,38740093.00,3.92,3.07,0.40,1.96
2026-07-06,13.43,13.36,13.67,13.29,19797,26933378.00,2.83,-0.37,-0.05,1.35
2026-07-07,13.40,12.85,13.48,12.84,21555,28353213.00,4.79,-3.82,-0.51,1.47
2026-07-08,12.83,12.64,12.94,12.54,16991,21819838.00,3.11,-1.63,-0.21,1.16
2026-07-09,12.64,12.50,12.71,12.21,18187,22877369.00,3.96,-1.11,-0.14,1.24
2026-07-10,12.47,12.83,13.09,12.34,24222,31366999.00,6.00,2.64,0.33,1.65
2026-07-13,12.83,12.32,12.89,12.29,21169,26739530.00,4.68,-3.98,-0.51,1.45
2026-07-14,12.23,12.61,12.67,12.18,19412,24373355.00,3.98,2.35,0.29,1.33
2026-07-15,12.66,12.77,12.93,12.58,20453,26428104.00,2.78,1.27,0.16,1.40
2026-07-16,12.85,12.90,13.09,12.67,16311,21310891.00,3.29,1.02,0.13,1.11
2026-07-17,13.03,12.43,13.14,12.32,27840,35822138.00,6.36,-3.64,-0.47,1.90
2026-07-20,12.44,12.19,12.88,12.01,29139,36696126.00,7.00,-1.93,-0.24,1.99
2026-07-21,12.23,12.02,12.28,11.61,40577,49085429.00,5.50,-1.39,-0.17,2.77
2026-07-22,12.08,11.77,12.14,11.72,26521,31908260.00,3.49,-2.08,-0.25,1.81
2026-07-23,11.76,12.28,12.32,11.74,25154,30616738.00,4.93,4.33,0.51,1.72
2026-07-24,12.32,11.91,12.32,11.84,17545,21297122.00,3.91,-3.01,-0.37,1.20
2026-07-27,11.99,12.25,12.34,11.86,20405,25245888.00,4.03,2.85,0.34,1.39
2026-07-28,12.24,12.39,12.56,12.16,15980,20113323.00,3.27,1.14,0.14,1.09
2026-07-29,12.30,12.65,12.71,12.30,21570,27160225.00,3.31,2.10,0.26,1.47
2026-07-30,12.68,12.72,12.94,12.55,26158,33449583.00,3.08,0.55,0.07,1.79
2026-07-31,12.88,12.91,13.04,12.69,24031,30993601.00,2.75,1.49,0.19,1.64
2026-08-03,12.97,13.37,13.40,12.90,31867,42105687.00,3.87,3.56,0.46,2.18
2026-08-04,13.39,13.35,13.55,13.31,29952,40188359.00,1.80,-0.15,-0.02,2.05
2026-08-05,13.44,13.22,13.45,13.11,24851,33025840.00,2.55,-0.97,-0.13,1.70