2026-01-05,11.35,11.46,11.55,11.28,206656,237605920.74,2.37,0.79,0.09,3.49
2026-01-06,11.51,11.61,11.71,11.46,192555,224054136.34,2.18,1.31,0.15,3.25
2026-01-07,11.56,11.54,11.70,11.40,184983,214486136.00,2.58,-0.60,-0.07,3.12
2026-01-08,11.47,11.41,11.49,11.35,148198,169685464.07,1.21,-1.13,-0.13,2.50
2026-01-09,11.44,11.34,11.44,11.25,204501,232663284.00,1.67,-0.61,-0.07,3.45
2026-01-12,11.39,11.40,11.48,11.30,173602,198496579.20,1.59,0.53,0.06,2.93
2026-01-13,11.42,11.35,11.48,11.32,195931,224342853.85,1.40,-0.44,-0.05,3.30
2026-01-14,11.38,11.20,11.38,11.07,238632,269448113.66,2.73,-1.32,-0.15,4.02
2026-01-15,11.16,11.27,11.38,11.15,179622,203723493.72,2.05,0.63,0.07,3.03
2026-01-16,11.29,11.27,11.37,11.23,108551,123050478.52,1.24,0.00,0.00,1.83
2026-01-19,11.32,11.62,11.62,11.32,257319,298525768.58,2.66,3.11,0.35,4.34
2026-01-20,11.62,11.68,11.80,11.55,222883,261578010.00,2.15,0.52,0.06,3.76
2026-01-21,11.64,11.73,11.80,11.57,150485,176770107.60,1.97,0.43,0.05,2.54
2026-01-22,11.75,11.96,12.03,11.64,263961,314032178.52,3.32,1.96,0.23,4.45
2026-01-23,11.97,11.79,12.13,11.76,194958,232178160.00,3.09,-1.42,-0.17,3.29
2026-01-26,11.83,11.59,11.83,11.51,177724,207462658.27,2.71,-1.70,-0.20,3.00
2026-01-27,11.58,11.74,11.82,11.40,185868,216948897.76,3.62,1.29,0.15,3.13
2026-01-28,11.91,11.63,11.94,11.60,136430,160193399.00,2.90,-0.94,-0.11,2.30
2026-01-29,11.63,11.50,11.69,11.43,129173,149856995.00,2.24,-1.12,-0.13,2.18
2026-01-30,11.49,11.51,11.60,11.35,127067,146549955.00,2.17,0.09,0.01,2.14
2026-02-02,11.47,11.22,11.58,11.21,125855,143768337.44,3.21,-2.52,-0.29,2.12
2026-02-03,11.29,11.26,11.29,11.13,110105,124125698.00,1.43,0.36,0.04,1.86
2026-02-04,11.23,11.48,11.49,11.16,128642,147359306.04,2.93,1.95,0.22,2.17
2026-02-05,11.43,11.60,11.78,11.42,144200,168515714.68,3.14,1.05,0.12,2.43
2026-02-06,11.55,11.98,12.20,11.53,352830,423241562.54,5.78,3.28,0.38,5.95
2026-02-09,12.24,11.97,12.24,11.94,188619,227681411.80,2.50,-0.08,-0.01,3.18
2026-02-10,11.97,11.90,11.99,11.78,106625,127356919.70,1.75,-0.58,-0.07,1.80
2026-02-11,11.93,12.00,12.09,11.87,133363,161019073.48,1.85,0.84,0.10,2.25
2026-02-12,11.98,11.90,12.01,11.85,99071,118569313.28,1.33,-0.83,-0.10,1.67
2026-02-13,11.90,11.77,11.97,11.74,107084,127592228.12,1.93,-1.09,-0.13,1.81
2026-02-24,11.87,12.17,12.24,11.84,175884,213041762.62,3.40,3.40,0.40,2.97
2026-02-25,12.17,12.18,12.26,12.11,142218,174036673.72,1.23,0.08,0.01,2.40
2026-02-26,12.17,12.11,12.18,12.03,93907,114037920.49,1.23,-0.57,-0.07,1.58
2026-02-27,12.08,12.07,12.16,12.02,82496,100050310.00,1.16,-0.33,-0.04,1.39
2026-03-02,11.84,11.55,11.94,11.52,218085,255364704.15,3.48,-4.31,-0.52,3.68
2026-03-03,11.62,11.01,11.66,10.97,283232,319997849.50,5.97,-4.68,-0.54,4.78
2026-03-04,10.90,10.81,10.98,10.71,204990,223069397.65,2.45,-1.82,-0.20,3.46
2026-03-05,10.97,11.06,11.12,10.94,129263,143522161.00,1.67,2.31,0.25,2.18
2026-03-06,10.99,11.17,11.23,10.95,94744,105939354.37,2.53,0.99,0.11,1.60
2026-03-09,11.03,10.94,11.13,10.86,132255,145521588.18,2.42,-2.06,-0.23,2.23
2026-03-10,11.16,11.31,11.33,11.07,144487,162562117.64,2.38,3.38,0.37,2.44
2026-03-11,11.35,11.50,11.59,11.32,168832,194503182.96,2.39,1.68,0.19,2.85
2026-03-12,11.45,11.31,11.50,11.25,102951,117126810.45,2.17,-1.65,-0.19,1.74
2026-03-13,11.27,11.16,11.38,11.14,83435,94429562.00,2.12,-1.33,-0.15,1.41
2026-03-16,11.24,11.22,11.24,11.07,79804,89429657.20,1.52,0.54,0.06,1.35
2026-03-17,11.30,11.52,11.84,11.30,309775,362810617.14,4.81,2.67,0.30,5.22
2026-03-18,11.47,11.50,11.75,11.33,187525,216451464.85,3.65,-0.17,-0.02,3.16
2026-03-19,11.41,11.08,11.41,11.05,164066,184496726.37,3.13,-3.65,-0.42,2.77
2026-03-20,11.13,10.88,11.15,10.85,171423,188852590.80,2.71,-1.81,-0.20,2.89
2026-03-23,10.67,10.31,10.71,10.22,244250,257223387.38,4.50,-5.24,-0.57,4.12
2026-03-24,10.59,10.74,10.75,10.38,165154,175641178.60,3.59,4.17,0.43,2.79
2026-03-25,10.83,10.91,10.94,10.71,119482,130110829.09,2.14,1.58,0.17,2.02
2026-03-26,10.91,11.02,11.46,10.90,187992,211356355.05,5.13,1.01,0.11,3.17
2026-03-27,10.86,11.07,11.13,10.83,98360,109091902.60,2.72,0.45,0.05,1.66
2026-03-30,10.95,11.03,11.10,10.85,99119,109495204.80,2.26,-0.36,-0.04,1.67
2026-03-31,11.05,11.47,12.05,11.05,437028,509112271.66,9.07,3.99,0.44,7.37
2026-04-01,11.51,11.23,11.60,11.16,320488,363353978.72,3.84,-2.09,-0.24,5.41
2026-04-02,11.24,11.21,11.27,11.09,154486,173738378.68,1.60,-0.18,-0.02,2.61
2026-04-03,11.25,10.88,11.25,10.83,171687,188619015.66,3.75,-2.94,-0.33,2.90
2026-04-07,10.79,11.13,11.14,10.79,117712,129955738.94,3.22,2.30,0.25,1.99
2026-04-08,11.21,11.21,11.28,11.08,204210,229480612.39,1.80,0.72,0.08,3.44
2026-04-09,11.25,11.27,11.42,11.16,177865,201085545.37,2.32,0.54,0.06,3.00
2026-04-10,11.27,11.35,11.42,11.25,173510,197986658.05,1.51,0.71,0.08,2.93
2026-04-13,11.30,11.83,12.24,11.25,523169,619845265.78,8.72,4.23,0.48,8.82
2026-04-14,11.95,11.92,12.31,11.67,450019,541382019.14,5.41,0.76,0.09,7.59
2026-04-15,11.95,11.85,12.04,11.73,243717,290250219.78,2.60,-0.59,-0.07,4.11
2026-04-16,11.91,12.26,12.30,11.91,291516,356877940.08,3.29,3.46,0.41,4.92
2026-04-17,12.13,12.01,12.29,11.95,217144,263094557.03,2.77,-2.04,-0.25,3.66
2026-04-20,12.15,12.02,12.20,11.82,189025,227017254.30,3.16,0.08,0.01,3.19
2026-04-21,12.10,12.09,12.13,11.84,163674,197180558.78,2.41,0.58,0.07,2.76
2026-04-22,12.00,12.25,12.30,11.91,162721,198896010.77,3.23,1.32,0.16,2.74
2026-04-23,12.25,12.47,12.73,12.15,330280,414643935.67,4.73,1.80,0.22,5.57
2026-04-24,12.35,12.14,12.40,12.03,225603,275223482.14,2.97,-2.65,-0.33,3.81
2026-04-27,12.08,12.41,12.70,12.08,318176,398339953.55,5.11,2.22,0.27,5.37
2026-04-28,12.37,12.11,12.40,12.00,204023,247956929.22,3.22,-2.42,-0.30,3.44
2026-04-29,12.03,12.00,12.11,11.95,166049,200666320.48,1.32,-0.91,-0.11,2.80
2026-04-30,11.96,11.88,12.17,11.83,174516,209526667.03,2.83,-1.00,-0.12,2.94
2026-05-06,11.96,11.98,12.06,11.88,175547,210758908.74,1.52,0.84,0.10,2.96
2026-05-07,11.96,12.16,12.26,11.91,197827,240875233.64,2.92,1.50,0.18,3.34
2026-05-08,12.13,11.91,12.13,11.81,168565,201730351.99,2.63,-2.06,-0.25,2.84
2026-05-11,11.96,11.74,11.97,11.67,177736,209578403.85,2.52,-1.43,-0.17,3.00
2026-05-12,11.83,11.73,12.13,11.66,237498,282904855.18,4.00,-0.09,-0.01,4.01
2026-05-13,11.74,11.84,11.98,11.53,187148,221734260.03,3.84,0.94,0.11,3.16
2026-05-14,11.87,11.72,11.98,11.63,156544,185668882.28,2.96,-1.01,-0.12,2.64
2026-05-15,11.75,11.60,11.84,11.49,170736,199402267.78,2.99,-1.02,-0.12,2.88
2026-05-18,11.60,11.24,11.60,11.09,248471,279981689.44,4.40,-3.10,-0.36,4.19
2026-05-19,11.25,11.33,11.48,11.20,154467,175920128.16,2.49,0.80,0.09,2.61
2026-05-20,11.28,11.28,11.33,11.05,135625,152819793.02,2.47,-0.44,-0.05,2.29
2026-05-21,11.29,11.03,11.52,11.01,169890,192513219.00,4.52,-2.22,-0.25,2.87
2026-05-22,11.10,11.10,11.13,10.94,143827,159371369.63,1.72,0.63,0.07,2.43
2026-05-25,11.09,10.85,11.16,10.80,142327,156080495.32,3.24,-2.25,-0.25,2.40
2026-05-26,10.85,10.83,10.88,10.61,185173,199536195.74,2.49,-0.18,-0.02,3.12
2026-05-27,10.80,10.38,10.82,10.36,174491,184240654.78,4.25,-4.16,-0.45,2.94
2026-05-28,10.38,10.26,10.44,10.08,154002,158671373.96,3.47,-1.16,-0.12,2.60
2026-05-29,10.36,10.20,10.44,10.17,125682,129616995.41,2.63,-0.58,-0.06,2.12
2026-06-01,10.30,10.37,10.46,10.16,133464,138550259.38,2.94,1.67,0.17,2.25
2026-06-02,10.39,10.25,10.40,10.11,115889,118662779.42,2.80,-1.16,-0.12,1.95
2026-06-03,10.20,10.26,10.40,10.16,104471,107980312.02,2.34,0.10,0.01,1.76
2026-06-04,10.25,9.95,10.25,9.91,116652,117446746.38,3.31,-3.02,-0.31,1.97
2026-06-05,9.96,9.92,10.03,9.84,100581,100344311.00,1.91,-0.30,-0.03,1.70
2026-06-08,9.73,9.78,9.97,9.58,110885,108974522.62,3.93,-1.41,-0.14,1.87
2026-06-09,9.77,9.80,9.84,9.64,82544,80885659.96,2.04,0.20,0.02,1.39
2026-06-10,9.83,10.02,10.21,9.77,153303,154316829.55,4.49,2.24,0.22,2.59
2026-06-11,9.93,10.18,10.20,9.85,125354,127139982.51,3.49,1.60,0.16,2.11
2026-06-12,10.16,10.47,10.56,10.09,162300,169510360.21,4.62,2.85,0.29,2.74
2026-06-15,10.47,10.57,10.71,10.42,138807,147669723.42,2.77,0.96,0.10,2.34
2026-06-16,10.50,10.24,10.66,10.21,128182,133687300.06,4.26,-3.12,-0.33,2.16
2026-06-17,10.17,10.07,10.23,9.98,79849,80828112.07,2.44,-1.66,-0.17,1.35
2026-06-18,10.03,9.98,10.07,9.83,90804,90652536.10,2.38,-0.89,-0.09,1.53
2026-06-22,9.91,9.90,9.95,9.63,104783,102899972.58,3.21,-0.80,-0.08,1.77
2026-06-23,9.85,10.07,10.27,9.84,108476,110189238.33,4.34,1.72,0.17,1.83
2026-06-24,10.07,9.90,10.08,9.77,83324,82599447.61,3.08,-1.69,-0.17,1.41
2026-06-25,9.78,9.65,9.86,9.62,77916,76077623.63,2.42,-2.53,-0.25,1.31
2026-06-26,9.65,9.30,9.68,9.30,96431,91246315.68,3.94,-3.63,-0.35,1.63
2026-06-29,9.16,9.35,9.51,8.83,134671,123624489.69,7.31,0.54,0.05,2.27
2026-06-30,9.27,9.31,9.54,9.20,75426,70482889.92,3.64,-0.43,-0.04,1.27
2026-07-01,9.28,9.55,9.63,9.23,99726,95190819.40,4.30,2.58,0.24,1.68
2026-07-02,9.55,9.55,9.72,9.51,77108,74471886.62,2.20,0.00,0.00,1.30
2026-07-03,9.63,9.81,9.94,9.60,105454,104051718.23,3.56,2.72,0.26,1.78
2026-07-06,9.81,9.79,9.83,9.65,68049,66733882.54,1.83,-0.20,-0.02,1.15
2026-07-07,9.75,9.54,9.83,9.52,60794,58898464.58,3.17,-2.55,-0.25,1.03
2026-07-08,9.50,9.42,9.61,9.39,48605,46327658.00,2.31,-1.26,-0.12,0.82
2026-07-09,9.38,9.21,9.42,9.10,90900,84224864.80,3.40,-2.23,-0.21,1.53
2026-07-10,9.21,9.27,9.39,8.98,70680,65633069.04,4.45,0.65,0.06,1.19
2026-07-13,9.20,8.99,9.26,8.98,75423,68306951.40,3.02,-3.02,-0.28,1.27
2026-07-14,8.95,9.23,9.23,8.93,69369,63308226.60,3.34,2.67,0.24,1.17
2026-07-15,9.50,9.80,9.86,9.34,154029,149253183.13,5.63,6.18,0.57,2.60
2026-07-16,9.70,9.74,9.88,9.67,99761,97603134.98,2.14,-0.61,-0.06,1.68
2026-07-17,9.75,9.72,9.97,9.63,93873,92070815.81,3.49,-0.21,-0.02,1.58
2026-07-20,9.68,9.96,10.07,9.68,142174,140786495.44,4.01,2.47,0.24,2.40
2026-07-21,9.90,9.95,10.01,9.80,100936,99991013.87,2.11,-0.10,-0.01,1.70
2026-07-22,9.86,9.82,9.90,9.74,83681,82020554.39,1.61,-1.31,-0.13,1.41
2026-07-23,9.77,9.97,9.98,9.72,75792,75007909.45,2.65,1.53,0.15,1.28
2026-07-24,9.89,9.76,9.98,9.72,65575,64846950.89,2.61,-2.11,-0.21,1.11
2026-07-27,9.73,9.87,9.96,9.72,69941,69219371.80,2.46,1.13,0.11,1.18
2026-07-28,9.80,10.03,10.04,9.78,86996,86621420.68,2.63,1.62,0.16,1.47
2026-07-29,10.06,10.40,10.47,10.01,155668,160419736.00,4.59,3.69,0.37,2.63
2026-07-30,10.39,10.59,10.69,10.33,153973,162464416.66,3.46,1.83,0.19,2.60
2026-07-31,10.39,10.37,10.47,10.27,121772,126130241.24,1.89,-2.08,-0.22,2.05
2026-08-03,10.38,10.48,10.60,10.31,86997,91232160.00,2.80,1.06,0.11,1.47
2026-08-04,10.51,10.31,10.55,10.23,82571,85424085.31,3.05,-1.62,-0.17,1.39
2026-08-05,10.36,10.27,10.41,10.20,83237,85651378.17,2.04,-0.39,-0.04,1.40