2026-01-05,34.86,33.49,35.17,33.30,13673,46502352.66,5.34,-4.29,-1.50,3.76
2026-01-06,33.35,33.09,33.66,32.76,14284,47358224.64,2.69,-1.19,-0.40,3.93
2026-01-07,33.29,31.62,33.29,31.42,17658,56905945.17,5.65,-4.44,-1.47,4.85
2026-01-08,31.63,30.60,31.67,30.30,16880,51822317.04,4.33,-3.23,-1.02,4.64
2026-01-09,31.54,30.14,31.58,29.93,18880,57487101.41,5.39,-1.50,-0.46,5.19
2026-01-12,30.21,29.48,30.22,29.22,30387,89719647.84,3.32,-2.19,-0.66,8.35
2026-01-13,29.46,27.20,29.70,26.90,62602,176656277.86,9.50,-7.73,-2.28,17.20
2026-01-14,27.20,26.41,27.20,25.89,52815,138734768.72,4.82,-2.90,-0.79,14.51
2026-01-15,26.32,26.56,26.78,26.26,25682,68425552.91,1.97,0.57,0.15,7.06
2026-01-16,26.70,26.68,26.74,26.35,15314,40903428.25,1.47,0.45,0.12,4.21
2026-01-19,26.84,26.55,26.84,26.32,11249,30082276.27,1.95,-0.49,-0.13,3.09
2026-01-20,27.20,26.41,27.20,26.25,13668,36565779.03,3.58,-0.53,-0.14,3.76
2026-01-21,26.56,26.48,26.59,26.30,8463,22459688.77,1.10,0.27,0.07,2.33
2026-01-22,26.49,26.30,26.54,26.27,9109,24088871.52,1.02,-0.68,-0.18,2.50
2026-01-23,26.46,26.65,26.75,26.31,13956,37256797.77,1.67,1.33,0.35,3.84
2026-01-26,26.78,26.45,26.86,26.33,8582,22839432.97,1.99,-0.75,-0.20,2.36
2026-01-27,26.50,26.22,26.56,25.90,8165,21454592.41,2.50,-0.87,-0.23,2.24
2026-01-28,26.30,26.53,26.76,26.17,11570,30699431.60,2.25,1.18,0.31,3.18
2026-01-29,26.45,26.02,26.45,25.87,9358,24523665.40,2.19,-1.92,-0.51,2.57
2026-01-30,26.04,25.86,26.21,25.80,10056,26161552.76,1.58,-0.61,-0.16,2.76
2026-02-02,25.87,25.23,25.87,25.16,10580,26949503.69,2.75,-2.44,-0.63,2.91
2026-02-03,25.28,25.55,25.66,25.11,8766,22295696.10,2.18,1.27,0.32,2.41
2026-02-04,25.47,25.74,25.85,25.29,6400,16494924.69,2.19,0.74,0.19,1.76
2026-02-05,25.74,25.83,26.28,25.46,11409,29748385.31,3.19,0.35,0.09,3.14
2026-02-06,25.90,26.26,26.50,25.67,11787,31006911.86,3.21,1.66,0.43,3.24
2026-02-09,26.80,26.23,26.88,26.20,13227,35091916.82,2.59,-0.11,-0.03,3.63
2026-02-10,26.22,25.83,26.22,25.75,9494,24684595.08,1.79,-1.52,-0.40,2.61
2026-02-11,26.27,25.66,26.27,25.62,5846,15144329.31,2.52,-0.66,-0.17,1.61
2026-02-12,25.61,25.31,25.82,25.25,7714,19782333.43,2.22,-1.36,-0.35,2.12
2026-02-13,25.28,25.35,25.60,25.27,5563,14182011.57,1.30,0.16,0.04,1.53
2026-02-24,25.45,25.52,25.57,25.27,4149,10601136.92,1.18,0.67,0.17,1.14
2026-02-25,25.47,25.68,25.88,25.47,5642,14593883.22,1.61,0.63,0.16,1.55
2026-02-26,26.01,25.58,26.01,25.56,4152,10687389.15,1.75,-0.39,-0.10,1.14
2026-02-27,25.61,25.42,25.77,25.40,5119,13091575.36,1.45,-0.63,-0.16,1.41
2026-03-02,25.40,24.50,25.40,24.49,10164,25279954.67,3.58,-3.62,-0.92,2.79
2026-03-03,24.50,23.41,24.88,23.39,10961,26395240.45,6.08,-4.45,-1.09,3.01
2026-03-04,23.41,23.29,23.70,23.24,6180,14545592.65,1.96,-0.51,-0.12,1.70
2026-03-05,23.41,23.55,23.71,23.32,5268,12450585.58,1.67,1.12,0.26,1.45
2026-03-06,23.55,23.67,23.80,23.33,4246,10088925.48,2.00,0.51,0.12,1.17
2026-03-09,23.41,22.70,23.64,22.50,7149,16446422.00,4.82,-4.10,-0.97,1.96
2026-03-10,22.76,23.01,23.21,22.75,4042,9363347.28,2.03,1.37,0.31,1.11
2026-03-11,23.37,23.34,23.79,23.03,7076,16699117.81,3.30,1.43,0.33,1.94
2026-03-12,23.34,23.00,23.66,22.89,4664,10857897.67,3.30,-1.46,-0.34,1.28
2026-03-13,22.91,22.82,23.15,22.52,5285,12105103.93,2.74,-0.78,-0.18,1.45
2026-03-16,22.82,22.23,22.82,22.07,5583,12511474.80,3.29,-2.59,-0.59,1.53
2026-03-17,22.56,21.78,22.56,21.70,5255,11637354.78,3.87,-2.02,-0.45,1.44
2026-03-18,21.78,21.79,21.89,21.42,4865,10579221.08,2.16,0.05,0.01,1.34
2026-03-19,21.79,20.80,21.79,20.44,9517,19941744.83,6.20,-4.54,-0.99,2.62
2026-03-20,21.30,20.48,21.30,20.41,5104,10646797.32,4.28,-1.54,-0.32,1.40
2026-03-23,20.42,19.19,20.42,19.05,8445,16746126.88,6.69,-6.30,-1.29,2.32
2026-03-24,19.90,19.85,20.03,19.23,7611,15078397.37,4.17,3.44,0.66,2.09
2026-03-25,20.40,19.74,20.40,19.61,5387,10796631.64,3.98,-0.55,-0.11,1.48
2026-03-26,19.80,19.79,20.11,19.28,5420,10779306.70,4.20,0.25,0.05,1.49
2026-03-27,19.80,19.81,20.04,19.18,3697,7296398.77,4.35,0.10,0.02,1.02
2026-03-30,19.70,19.68,19.70,19.25,3390,6639948.21,2.27,-0.66,-0.13,0.93
2026-03-31,19.70,19.55,19.89,18.90,9154,17907364.01,5.03,-0.66,-0.13,2.52
2026-04-01,19.54,19.58,19.77,19.33,7133,13998270.63,2.25,0.15,0.03,1.96
2026-04-02,19.60,19.51,19.90,19.37,6887,13632090.11,2.71,-0.36,-0.07,1.89
2026-04-03,19.77,19.06,19.77,18.91,5451,10527518.82,4.41,-2.31,-0.45,1.50
2026-04-07,19.13,19.20,19.30,18.90,3326,6404406.48,2.10,0.73,0.14,0.91
2026-04-08,19.56,19.86,19.87,19.45,6403,12683608.41,2.19,3.44,0.66,1.76
2026-04-09,19.76,19.54,20.13,19.46,7831,15538828.04,3.37,-1.61,-0.32,2.15
2026-04-10,19.70,19.75,19.95,19.63,5090,10121374.34,1.64,1.07,0.21,1.40
2026-04-13,19.70,19.68,19.78,19.31,3115,6117969.00,2.38,-0.35,-0.07,0.86
2026-04-14,19.69,19.49,19.69,19.37,3818,7465957.11,1.63,-0.97,-0.19,1.05
2026-04-15,19.78,19.52,19.81,19.44,5150,10172687.99,1.90,0.15,0.03,1.42
2026-04-16,19.58,19.60,19.60,19.41,4355,8543281.09,0.97,0.41,0.08,1.20
2026-04-17,19.61,20.30,20.48,19.44,11334,22802241.06,5.31,3.57,0.70,3.11
2026-04-20,20.30,20.83,21.17,20.18,10776,22617496.55,4.88,2.61,0.53,2.96
2026-04-21,20.78,20.34,20.78,20.21,6543,13399654.89,2.74,-2.35,-0.49,1.80
2026-04-22,20.49,20.99,21.10,20.33,9721,20359725.04,3.79,3.20,0.65,2.67
2026-04-23,21.25,20.59,21.25,20.21,8673,17827811.27,4.95,-1.91,-0.40,2.38
2026-04-24,20.64,20.18,20.64,19.90,4208,8505788.37,3.59,-1.99,-0.41,1.16
2026-04-27,20.50,19.47,20.50,19.36,7706,15178812.04,5.65,-3.52,-0.71,2.12
2026-04-28,19.49,19.05,19.76,19.05,3783,7364691.43,3.65,-2.16,-0.42,1.04
2026-04-29,19.10,19.20,19.40,19.05,2919,5652797.20,1.84,0.79,0.15,0.80
2026-04-30,19.50,19.23,19.55,19.11,4451,8641662.16,2.29,0.16,0.03,1.22
2026-05-06,19.33,19.38,19.55,19.31,3079,6002454.60,1.25,0.78,0.15,0.85
2026-05-07,19.36,19.62,19.85,19.36,4956,9781968.01,2.53,1.24,0.24,1.38
2026-05-08,19.70,19.87,20.09,19.44,6153,12273885.55,3.31,1.27,0.25,1.71
2026-05-11,19.87,19.79,19.91,19.59,4638,9188975.04,1.61,-0.40,-0.08,1.29
2026-05-12,19.89,20.00,20.26,19.68,6633,13380956.34,2.93,1.06,0.21,1.84
2026-05-13,20.26,20.08,20.38,19.94,5073,10265329.05,2.20,0.40,0.08,1.41
2026-05-14,20.15,19.44,20.29,19.44,4792,9482984.53,4.23,-3.19,-0.64,1.33
2026-05-15,19.65,19.37,19.83,19.28,3865,7558256.41,2.83,-0.36,-0.07,1.07
2026-05-18,19.79,19.05,19.79,18.95,4611,8843167.73,4.34,-1.65,-0.32,1.28
2026-05-19,19.11,19.33,19.56,19.11,3967,7727516.67,2.36,1.47,0.28,1.10
2026-05-20,19.24,18.98,19.49,18.90,3838,7339938.98,3.05,-1.81,-0.35,1.07
2026-05-21,19.08,18.28,19.22,18.21,6294,11814420.09,5.32,-3.69,-0.70,1.75
2026-05-22,18.34,17.51,18.37,17.36,10754,19123906.02,5.53,-4.21,-0.77,2.98
2026-05-25,17.54,17.04,17.76,16.89,7057,12203366.19,4.97,-2.68,-0.47,1.96
2026-05-26,17.15,16.56,17.20,16.51,5557,9368290.89,4.05,-2.82,-0.48,1.54
2026-05-27,16.73,15.72,16.73,15.63,7432,11875552.53,6.64,-5.07,-0.84,2.06
2026-05-28,15.76,16.00,16.09,15.43,5856,9270170.36,4.20,1.78,0.28,1.62
2026-05-29,15.99,16.73,16.73,15.90,9521,15551487.72,5.19,4.56,0.73,2.64
2026-06-01,16.61,16.49,16.77,16.19,6620,10954255.37,3.47,-1.43,-0.24,1.84
2026-06-02,16.59,16.33,16.59,16.01,4632,7588698.21,3.52,-0.97,-0.16,1.29
2026-06-03,16.33,16.41,16.68,16.20,5258,8697694.70,2.94,0.49,0.08,1.46
2026-06-04,16.57,15.68,16.57,15.59,5361,8549111.09,5.97,-4.45,-0.73,1.49
2026-06-05,15.65,16.20,16.55,15.62,6510,10630455.97,5.93,3.32,0.52,1.81
2026-06-08,16.05,16.67,16.95,15.79,8591,14353034.45,7.16,2.90,0.47,2.38
2026-06-09,16.57,16.44,16.80,16.10,7027,11568405.64,4.20,-1.38,-0.23,1.95
2026-06-10,16.40,16.13,16.40,15.85,3750,6055431.80,3.35,-1.89,-0.31,1.04
2026-06-11,16.20,16.88,16.88,15.25,13888,22362241.77,10.11,4.65,0.75,3.85
2026-06-12,17.07,18.00,18.00,16.49,25761,44694009.67,8.95,6.64,1.12,7.15
2026-06-15,17.98,17.90,18.20,17.42,21626,38754090.83,4.33,-0.56,-0.10,6.00
2026-06-16,17.89,17.54,18.05,17.02,18938,33155230.42,5.75,-2.01,-0.36,5.25
2026-06-17,17.60,17.29,17.60,16.90,13601,23368053.13,3.99,-1.43,-0.25,3.77
2026-06-18,16.94,16.35,16.96,16.08,8392,13842268.36,5.09,-5.44,-0.94,2.33
2026-06-22,16.57,17.22,17.22,15.60,15216,24884081.32,9.91,5.32,0.87,4.22
2026-06-23,17.55,16.90,17.87,16.90,25055,43213939.56,5.63,-1.86,-0.32,6.95
2026-06-24,16.59,15.90,16.75,15.90,11382,18549200.55,5.03,-5.92,-1.00,3.16
2026-06-25,15.73,15.44,15.80,15.30,7963,12292473.57,3.14,-2.89,-0.46,2.21
2026-06-26,15.35,14.66,15.48,14.66,5981,9038053.29,5.31,-5.05,-0.78,1.66