2026-01-05,4.40,4.45,4.46,4.39,191021,84970399.57,1.59,1.14,0.05,0.75
2026-01-06,4.44,4.49,4.50,4.44,167321,75309670.49,1.35,0.90,0.04,0.65
2026-01-07,4.50,4.47,4.51,4.47,163119,73547964.95,0.89,-0.45,-0.02,0.64
2026-01-08,4.48,4.50,4.52,4.46,147247,66502414.96,1.34,0.67,0.03,0.58
2026-01-09,4.52,4.53,4.55,4.50,177387,80678594.99,1.11,0.67,0.03,0.69
2026-01-12,4.53,4.55,4.55,4.50,207083,94138930.51,1.10,0.44,0.02,0.81
2026-01-13,4.55,4.56,4.59,4.52,253595,115850174.98,1.54,0.22,0.01,0.99
2026-01-14,4.57,4.58,4.61,4.52,312752,143800048.23,1.97,0.44,0.02,1.22
2026-01-15,4.58,4.55,4.58,4.53,145984,66822165.61,1.09,-0.66,-0.03,0.57
2026-01-16,4.58,4.57,4.63,4.56,281623,129969906.24,1.54,0.44,0.02,1.10
2026-01-19,4.55,4.69,4.70,4.54,353138,165199682.25,3.50,2.63,0.12,1.38
2026-01-20,4.71,4.78,4.78,4.66,372873,177222547.30,2.56,1.92,0.09,1.46
2026-01-21,4.76,4.74,4.77,4.70,243195,115684471.02,1.46,-0.84,-0.04,0.95
2026-01-22,4.73,4.77,4.77,4.72,211815,101074548.04,1.05,0.63,0.03,0.83
2026-01-23,4.78,4.78,4.83,4.77,228897,110207159.75,1.26,0.21,0.01,0.90
2026-01-26,4.76,4.88,4.93,4.76,432025,211523375.01,3.56,2.09,0.10,1.69
2026-01-27,4.86,4.81,4.88,4.77,255881,123772082.40,2.25,-1.43,-0.07,1.00
2026-01-28,4.80,4.89,4.93,4.80,315772,154827366.43,2.70,1.66,0.08,1.24
2026-01-29,4.87,4.87,4.90,4.85,215629,105557468.94,1.02,-0.41,-0.02,0.84
2026-01-30,4.84,4.87,4.91,4.80,243225,118939520.37,2.26,0.00,0.00,0.95
2026-02-02,4.84,4.78,4.95,4.77,380338,185183351.60,3.70,-1.85,-0.09,1.49
2026-02-03,4.82,4.79,4.88,4.76,264649,127809182.76,2.51,0.21,0.01,1.04
2026-02-04,4.80,4.86,4.88,4.78,265279,128808568.91,2.09,1.46,0.07,1.04
2026-02-05,4.87,4.81,4.88,4.77,216564,104477755.00,2.26,-1.03,-0.05,0.85
2026-02-06,4.81,4.82,4.86,4.76,190193,92303233.86,2.08,0.21,0.01,0.74
2026-02-09,4.84,4.86,4.88,4.83,179601,87546396.58,1.04,0.83,0.04,0.70
2026-02-10,4.84,4.82,4.87,4.79,141212,68434452.70,1.65,-0.82,-0.04,0.55
2026-02-11,4.84,4.84,4.88,4.82,170756,83210561.32,1.24,0.41,0.02,0.67
2026-02-12,4.88,4.89,4.93,4.84,263405,129461890.14,1.86,1.03,0.05,1.03
2026-02-13,4.90,4.74,4.91,4.69,285920,137263633.92,4.50,-3.07,-0.15,1.12
2026-02-24,4.78,4.85,4.88,4.78,298920,145490206.23,2.11,2.32,0.11,1.17
2026-02-25,4.89,4.88,4.92,4.85,221691,108879985.80,1.44,0.62,0.03,0.87
2026-02-26,4.96,4.94,4.98,4.88,336255,166937870.28,2.05,1.23,0.06,1.32
2026-02-27,4.98,5.08,5.13,4.95,445603,226415876.83,3.64,2.83,0.14,1.74
2026-03-02,5.00,5.06,5.12,5.00,485538,246550739.50,2.36,-0.39,-0.02,1.90
2026-03-03,5.05,5.00,5.12,4.97,373204,188898063.38,2.96,-1.19,-0.06,1.46
2026-03-04,4.94,4.99,5.05,4.88,338328,169593615.31,3.40,-0.20,-0.01,1.32
2026-03-05,5.04,5.04,5.09,4.99,338746,171721574.49,2.00,1.00,0.05,1.33
2026-03-06,5.00,5.14,5.17,4.99,376343,193451793.60,3.57,1.98,0.10,1.47
2026-03-09,5.08,5.16,5.19,5.05,444932,230336446.48,2.72,0.39,0.02,1.74
2026-03-10,5.16,5.12,5.21,5.08,395754,204226563.03,2.52,-0.78,-0.04,1.55
2026-03-11,5.11,5.19,5.20,4.98,446550,228889414.68,4.30,1.37,0.07,1.75
2026-03-12,5.18,5.37,5.37,5.15,670571,355566074.09,4.24,3.47,0.18,2.62
2026-03-13,5.39,5.29,5.45,5.23,739589,395526510.29,4.10,-1.49,-0.08,2.89
2026-03-16,5.28,5.09,5.32,5.07,503797,260664453.71,4.73,-3.78,-0.20,1.97
2026-03-17,5.13,5.08,5.20,5.03,404308,207819660.91,3.34,-0.20,-0.01,1.58
2026-03-18,5.59,5.59,5.59,5.59,262269,147132948.27,0.00,10.04,0.51,1.03
2026-03-19,5.90,6.15,6.15,5.78,1387893,845069171.26,6.62,10.02,0.56,5.43
2026-03-20,6.04,6.64,6.76,5.83,3509967,2201395100.97,15.12,7.97,0.49,13.74
2026-03-23,6.10,6.14,6.63,6.08,2540197,1599208748.51,8.28,-7.53,-0.50,9.94
2026-03-24,6.15,6.76,6.76,5.93,2846061,1839198519.98,13.52,10.10,0.62,11.14
2026-03-25,6.90,7.44,7.44,6.71,2294053,1656450024.89,10.80,10.06,0.68,8.98
2026-03-26,7.66,7.47,8.12,6.81,3802877,2823962721.85,17.61,0.40,0.03,14.88
2026-03-27,7.09,6.92,7.44,6.83,2324793,1642420665.27,8.17,-7.36,-0.55,9.10
2026-03-30,6.81,6.28,6.88,6.23,2079635,1329803329.73,9.39,-9.25,-0.64,8.14
2026-03-31,6.11,5.87,6.31,5.86,1766872,1070477975.83,7.17,-6.53,-0.41,6.91
2026-04-01,5.96,5.83,6.04,5.75,1334391,784084229.19,4.94,-0.68,-0.04,5.22
2026-04-02,5.75,5.59,5.88,5.56,1218004,692559975.86,5.49,-4.12,-0.24,4.77
2026-04-03,5.59,5.32,5.61,5.30,917009,494801225.66,5.55,-4.83,-0.27,3.59
2026-04-07,5.33,5.45,5.54,5.29,959087,524607951.90,4.70,2.44,0.13,3.75
2026-04-08,5.53,5.55,5.55,5.44,944829,521691982.43,2.02,1.83,0.10,3.70
2026-04-09,5.48,5.39,5.48,5.36,670821,364257198.48,2.16,-2.88,-0.16,2.63
2026-04-10,5.43,5.35,5.46,5.34,600622,324109214.53,2.23,-0.74,-0.04,2.35
2026-04-13,5.31,5.52,5.54,5.28,945669,518551557.14,4.86,3.18,0.17,3.70
2026-04-14,5.56,5.59,5.76,5.50,1017985,570984745.55,4.71,1.27,0.07,3.98
2026-04-15,5.56,5.51,5.58,5.44,691115,381823106.76,2.50,-1.43,-0.08,2.70
2026-04-16,5.47,5.56,5.58,5.42,604856,335379113.31,2.90,0.91,0.05,2.37
2026-04-17,5.53,5.69,5.74,5.52,887653,505180180.50,3.96,2.34,0.13,3.47
2026-04-20,5.71,5.79,5.89,5.67,813842,471097299.06,3.87,1.76,0.10,3.18
2026-04-21,5.80,6.37,6.37,5.67,1170257,710513021.16,12.09,10.02,0.58,4.58
2026-04-22,6.77,6.53,6.88,6.48,2701088,1793882265.44,6.28,2.51,0.16,10.57
2026-04-23,6.40,7.13,7.19,6.20,2998444,2021988317.09,15.16,9.19,0.60,11.73
2026-04-24,6.76,6.54,6.98,6.52,2346949,1586515597.20,6.45,-8.27,-0.59,9.18
2026-04-27,6.48,6.87,7.05,6.38,2207686,1510651229.18,10.24,5.05,0.33,8.64
2026-04-28,6.68,7.25,7.47,6.60,2603643,1826914887.21,12.66,5.53,0.38,10.19
2026-04-29,7.03,6.98,7.24,6.90,1943618,1375114790.15,4.69,-3.72,-0.27,7.61
2026-04-30,6.94,6.51,6.96,6.50,1606731,1067839861.99,6.59,-6.73,-0.47,6.29
2026-05-06,6.72,7.01,7.14,6.64,1825716,1256392221.09,7.68,7.68,0.50,7.14
2026-05-07,7.02,7.25,7.36,6.97,1994048,1439034571.54,5.56,3.42,0.24,7.80
2026-05-08,7.16,7.07,7.42,7.00,1745046,1252607242.13,5.79,-2.48,-0.18,6.83
2026-05-11,7.16,7.35,7.56,7.11,1956034,1442029502.01,6.36,3.96,0.28,7.65
2026-05-12,7.28,7.36,7.56,6.98,1866866,1371968928.02,7.89,0.14,0.01,7.31
2026-05-13,7.31,7.63,7.88,7.26,2291754,1763395679.40,8.42,3.67,0.27,8.97
2026-05-14,7.53,7.21,8.23,7.17,2291173,1751942889.46,13.89,-5.50,-0.42,8.97
2026-05-15,7.11,6.88,7.18,6.68,1696695,1169206417.02,6.93,-4.58,-0.33,6.64
2026-05-18,6.98,6.96,7.47,6.88,1382808,985377378.28,8.58,1.16,0.08,5.41
2026-05-19,6.90,7.01,7.12,6.59,1283965,890898406.16,7.61,0.72,0.05,5.02
2026-05-20,6.88,6.43,6.88,6.39,1232780,810509735.13,6.99,-8.27,-0.58,4.82
2026-05-21,6.40,6.42,6.63,6.34,910958,593136510.59,4.51,-0.16,-0.01,3.56
2026-05-22,6.36,6.51,6.55,6.20,668623,432725311.06,5.45,1.40,0.09,2.62
2026-05-25,6.53,6.74,6.76,6.52,878033,588119897.09,3.69,3.53,0.23,3.44
2026-05-26,6.69,6.65,6.98,6.44,924634,620102144.59,8.01,-1.34,-0.09,3.62
2026-05-27,6.54,7.32,7.32,6.50,1758322,1247563369.64,12.33,10.08,0.67,6.88
2026-05-28,7.88,8.05,8.05,7.71,1495433,1198943256.01,4.64,9.97,0.73,5.85
2026-05-29,8.75,8.86,8.86,8.50,1164616,1024388057.13,4.47,10.06,0.81,4.56
2026-06-01,9.75,9.75,9.75,8.48,4764889,4494654376.33,14.33,10.05,0.89,18.65
2026-06-02,9.66,9.11,9.73,8.77,4167439,3809297397.22,9.85,-6.56,-0.64,16.31
2026-06-03,8.97,9.38,9.80,8.34,4636021,4124812857.15,16.03,2.96,0.27,18.14
2026-06-04,8.99,9.15,9.34,8.68,3261055,2947280043.20,7.04,-2.45,-0.23,12.76
2026-06-05,9.15,8.23,9.45,8.23,2828011,2460683994.69,13.33,-10.05,-0.92,11.07
2026-06-08,7.72,7.76,8.47,7.69,2098857,1687125029.87,9.48,-5.71,-0.47,8.21
2026-06-09,7.75,8.10,8.12,7.28,2296221,1795633329.14,10.82,4.38,0.34,8.99
2026-06-10,7.88,7.51,7.90,7.43,1666412,1279821109.40,5.80,-7.28,-0.59,6.52
2026-06-11,7.44,7.53,7.85,7.34,1372962,1044105339.78,6.79,0.27,0.02,5.37
2026-06-12,7.55,7.32,7.65,7.25,1401392,1043721308.78,5.31,-2.79,-0.21,5.48
2026-06-15,7.28,7.51,7.53,7.18,1198128,894520342.03,4.78,2.60,0.19,4.69
2026-06-16,7.52,7.69,7.86,7.44,1539202,1185854592.68,5.59,2.40,0.18,6.02
2026-06-17,7.78,8.20,8.46,7.46,2963869,2403909333.11,13.00,6.63,0.51,11.60
2026-06-18,7.98,7.38,8.09,7.38,2516483,1934739930.63,8.66,-10.00,-0.82,9.85
2026-06-22,7.36,7.42,7.66,7.08,1881932,1391938215.32,7.86,0.54,0.04,7.36
2026-06-23,7.18,7.11,7.31,7.04,1433650,1028151894.83,3.64,-4.18,-0.31,5.61
2026-06-24,7.00,6.89,7.03,6.70,1362534,933804573.19,4.64,-3.09,-0.22,5.33
2026-06-25,6.79,6.69,6.82,6.63,1089354,731324005.75,2.76,-2.90,-0.20,4.26
2026-06-26,6.73,6.51,7.03,6.49,1635947,1103733127.06,8.07,-2.69,-0.18,6.40
2026-06-29,6.53,6.81,6.97,6.46,1465709,989947937.69,7.83,4.61,0.30,5.74
2026-06-30,6.68,6.79,6.83,6.53,1017489,684171818.46,4.41,-0.29,-0.02,3.98
2026-07-01,6.78,7.13,7.17,6.75,1478722,1045866750.60,6.19,5.01,0.34,5.79
2026-07-02,7.16,6.80,7.36,6.75,1730007,1220729582.56,8.56,-4.63,-0.33,6.77
2026-07-03,6.87,6.49,6.88,6.46,1190046,784518582.57,6.18,-4.56,-0.31,4.66
2026-07-06,6.42,6.08,6.45,6.07,1125920,702143674.47,5.86,-6.32,-0.41,4.41
2026-07-07,6.07,5.85,6.07,5.84,815079,483520124.66,3.78,-3.78,-0.23,3.19
2026-07-08,5.83,5.72,5.92,5.71,613112,356422521.36,3.59,-2.22,-0.13,2.40
2026-07-09,5.71,5.90,5.91,5.64,774976,451425598.88,4.72,3.15,0.18,3.03
2026-07-10,5.85,6.02,6.16,5.80,924525,561997472.28,6.10,2.03,0.12,3.62
2026-07-13,6.02,5.86,6.07,5.82,709183,422437617.08,4.15,-2.66,-0.16,2.78
2026-07-14,5.88,5.88,5.88,5.72,595459,347249688.12,2.73,0.34,0.02,2.33
2026-07-15,5.51,5.46,5.67,5.29,1266367,694285457.63,6.46,-7.14,-0.42,4.96
2026-07-16,5.39,5.27,5.43,5.23,791918,423279415.17,3.66,-3.48,-0.19,3.10
2026-07-17,5.25,5.29,5.57,5.19,1462726,790493454.34,7.21,0.38,0.02,5.72
2026-07-20,5.24,5.82,5.82,5.19,1686018,954978207.22,11.91,10.02,0.53,6.60
2026-07-21,5.92,6.05,6.11,5.47,2416300,1395458497.22,11.00,3.95,0.23,9.46
2026-07-22,5.85,6.46,6.50,5.80,2370309,1464695376.23,11.57,6.78,0.41,9.28
2026-07-23,6.27,6.29,6.77,6.10,2303237,1461340678.67,10.37,-2.63,-0.17,9.01
2026-07-24,6.03,5.66,6.08,5.66,1399519,815907661.58,6.68,-10.02,-0.63,5.48
2026-07-27,5.59,5.73,5.82,5.45,1030966,582714006.58,6.54,1.24,0.07,4.03
2026-07-28,5.70,5.53,5.74,5.50,820219,458123610.36,4.19,-3.49,-0.20,3.21
2026-07-29,5.59,5.66,5.78,5.38,946337,529481392.09,7.23,2.35,0.13,3.70