2026-01-05,18.98,19.40,19.46,18.85,83653,161379083.00,3.20,1.62,0.31,2.19
2026-01-06,19.40,19.81,19.93,19.33,127027,250889066.00,3.09,2.11,0.41,3.32
2026-01-07,20.28,20.87,21.09,19.49,270399,550036033.00,8.08,5.35,1.06,7.07
2026-01-08,22.96,22.96,22.96,22.96,33430,76821795.00,0.00,10.01,2.09,0.87
2026-01-09,25.26,25.26,25.26,23.96,564456,1408673742.00,5.66,10.02,2.30,14.75
2026-01-12,23.98,26.54,27.79,23.92,492964,1279182796.00,15.32,5.07,1.28,12.88
2026-01-13,25.58,23.88,25.93,23.88,340128,838887694.00,7.72,-10.02,-2.66,8.89
2026-01-14,23.21,23.37,24.42,22.96,254162,602014765.00,6.11,-2.14,-0.51,6.64
2026-01-15,22.96,25.71,25.71,22.96,316436,776032107.00,11.77,10.01,2.34,8.27
2026-01-16,26.98,26.97,28.28,26.28,503916,1377629596.00,7.78,4.90,1.26,13.17
2026-01-19,25.04,26.24,26.91,25.04,310810,814069264.00,6.93,-2.71,-0.73,8.12
2026-01-20,26.61,26.94,27.82,25.87,365593,992849052.00,7.43,2.67,0.70,9.55
2026-01-21,26.01,28.78,29.58,25.18,388845,1097240919.00,16.33,6.83,1.84,10.16
2026-01-22,28.68,27.91,29.84,27.06,354480,1001232264.00,9.66,-3.02,-0.87,9.26
2026-01-23,27.31,28.18,28.43,27.07,230464,643911527.00,4.87,0.97,0.27,6.02
2026-01-26,27.63,27.75,28.86,26.81,215787,598269311.00,7.27,-1.53,-0.43,5.64
2026-01-27,27.21,26.99,27.63,26.24,161029,431329133.00,5.01,-2.74,-0.76,4.21
2026-01-28,26.76,26.84,27.96,26.74,145225,395604088.00,4.52,-0.56,-0.15,3.80
2026-01-29,26.42,25.67,27.09,25.63,147922,388232866.00,5.44,-4.36,-1.17,3.87
2026-01-30,25.77,26.58,26.84,25.62,152825,402791420.00,4.75,3.54,0.91,3.99
2026-02-02,26.48,25.04,26.56,25.04,120540,309551830.00,5.72,-5.79,-1.54,3.15
2026-02-03,25.51,25.91,25.98,25.30,98075,252894662.00,2.72,3.47,0.87,2.56
2026-02-04,25.88,25.24,25.88,24.93,97491,246353800.00,3.67,-2.59,-0.67,2.55
2026-02-05,25.10,24.79,25.18,24.42,67258,166668269.00,3.01,-1.78,-0.45,1.76
2026-02-06,24.48,25.29,25.58,24.19,81039,204744061.00,5.61,2.02,0.50,2.12
2026-02-09,25.61,25.84,26.08,25.29,88430,228497777.00,3.12,2.17,0.55,2.31
2026-02-10,25.98,26.33,27.18,25.61,145682,386539867.00,6.08,1.90,0.49,3.81
2026-02-11,26.26,25.80,26.48,25.79,72604,189030106.00,2.62,-2.01,-0.53,1.90
2026-02-12,25.90,26.26,26.67,25.58,97784,257538787.00,4.22,1.78,0.46,2.56
2026-02-13,25.97,26.00,26.93,25.69,84037,221450731.00,4.72,-0.99,-0.26,2.20
2026-02-24,26.23,26.40,26.85,25.68,93778,247197626.00,4.50,1.54,0.40,2.45
2026-02-25,26.17,26.86,27.17,26.00,137362,367335740.00,4.43,1.74,0.46,3.59
2026-02-26,26.74,28.35,29.49,26.58,262251,740868970.00,10.83,5.55,1.49,6.85
2026-02-27,27.26,27.39,27.80,26.99,138975,378878755.00,2.86,-3.39,-0.96,3.63
2026-03-02,26.08,29.23,30.13,26.06,433624,1263508402.00,14.86,6.72,1.84,11.33
2026-03-03,29.86,28.15,30.23,28.09,375979,1096135930.00,7.32,-3.69,-1.08,9.83
2026-03-04,26.71,29.72,30.36,26.71,295292,856643604.00,12.97,5.58,1.57,7.72
2026-03-05,30.48,29.76,32.04,29.45,285131,874151485.00,8.71,0.13,0.04,7.45
2026-03-06,29.75,28.26,30.00,28.03,192766,551499766.00,6.62,-5.04,-1.50,5.04
2026-03-09,27.23,26.47,27.84,25.43,247589,646825019.00,8.53,-6.33,-1.79,6.47
2026-03-10,26.58,27.36,28.18,26.29,192449,521290615.00,7.14,3.36,0.89,5.03
2026-03-11,27.35,30.10,30.10,27.10,185682,541354776.00,10.96,10.01,2.74,4.85
2026-03-12,30.70,28.83,30.85,28.53,307526,892739811.00,7.71,-4.22,-1.27,8.04
2026-03-13,28.69,27.18,28.93,27.12,207226,579926484.00,6.28,-5.72,-1.65,5.42
2026-03-16,27.51,26.77,27.85,25.93,171767,459225516.00,7.06,-1.51,-0.41,4.49
2026-03-17,26.75,24.79,26.92,24.78,166140,424803122.00,7.99,-7.40,-1.98,4.34
2026-03-18,25.08,25.31,25.48,24.66,92894,233575355.00,3.31,2.10,0.52,2.43
2026-03-19,24.98,24.12,25.37,23.98,97955,239185355.00,5.49,-4.70,-1.19,2.56
2026-03-20,24.03,23.21,24.40,23.18,82251,195865884.00,5.06,-3.77,-0.91,2.15
2026-03-23,22.58,21.85,23.16,21.74,114280,255858493.00,6.12,-5.86,-1.36,2.99
2026-03-24,22.31,22.20,22.43,21.38,84161,184459014.00,4.81,1.60,0.35,2.20
2026-03-25,22.46,24.42,24.42,22.44,69815,166786403.00,8.92,10.00,2.22,1.82
2026-03-26,24.66,23.55,24.66,23.54,143002,343337690.00,4.59,-3.56,-0.87,3.74
2026-03-27,23.78,24.08,24.46,23.43,125346,300975494.00,4.37,2.25,0.53,3.28
2026-03-30,23.87,24.37,24.73,23.47,102639,247732428.00,5.23,1.20,0.29,2.68
2026-03-31,24.14,24.08,24.43,23.52,112472,270677559.00,3.73,-1.19,-0.29,2.94
2026-04-01,24.73,24.04,24.79,23.83,83928,202475802.00,3.99,-0.17,-0.04,2.19
2026-04-02,24.02,25.13,25.58,23.86,251688,627482600.00,7.15,4.53,1.09,6.58
2026-04-03,24.97,25.87,26.47,24.64,279367,718867190.00,7.28,2.94,0.74,7.30
2026-04-07,26.10,27.78,28.36,26.01,304501,829697314.00,9.08,7.38,1.91,7.96
2026-04-08,27.20,27.86,28.32,26.42,301605,824331879.00,6.84,0.29,0.08,7.88
2026-04-09,27.31,27.86,28.10,26.54,225767,614847808.00,5.60,0.00,0.00,5.90
2026-04-10,27.95,27.19,28.03,27.08,183934,505316440.00,3.41,-2.40,-0.67,4.81
2026-04-13,26.56,27.46,27.83,26.45,158557,432623324.00,5.08,0.99,0.27,4.14
2026-04-14,27.48,27.65,28.08,26.97,146138,404260681.00,4.04,0.69,0.19,3.82
2026-04-15,27.97,27.26,28.55,27.08,143112,396913878.00,5.32,-1.41,-0.39,3.74
2026-04-16,26.86,26.41,26.98,26.11,156312,412420335.00,3.19,-3.12,-0.85,4.09
2026-04-17,26.07,26.79,28.09,25.99,152944,415195714.00,7.95,1.44,0.38,4.00
2026-04-20,27.53,28.63,29.16,27.33,268883,763319907.00,6.83,6.87,1.84,7.03
2026-04-21,28.77,29.15,29.75,28.18,215845,630939052.00,5.48,1.82,0.52,5.64
2026-04-22,28.98,30.28,30.70,28.43,269868,803450483.00,7.79,3.88,1.13,7.05
2026-04-23,29.98,30.52,30.94,29.31,298644,903972781.00,5.38,0.79,0.24,7.81
2026-04-24,29.85,29.76,30.44,29.29,203194,606559770.00,3.77,-2.49,-0.76,5.31
2026-04-27,30.36,30.15,30.87,29.96,183581,558187368.00,3.06,1.31,0.39,4.80
2026-04-28,30.06,29.44,30.31,29.11,159257,470825271.00,3.98,-2.35,-0.71,4.16
2026-04-29,29.44,29.18,29.88,28.83,113726,334325922.00,3.57,-0.88,-0.26,2.97
2026-04-30,29.06,28.20,29.53,28.18,135541,386479284.00,4.63,-3.36,-0.98,3.54
2026-05-06,28.78,29.64,30.15,28.51,162497,481318069.00,5.82,5.11,1.44,4.25
2026-05-07,30.64,32.61,32.61,30.64,161379,515272956.00,6.65,10.02,2.97,4.22
2026-05-08,33.15,33.95,34.66,32.78,388695,1314390326.00,5.77,4.11,1.34,10.16
2026-05-11,35.14,35.51,37.35,34.75,345192,1238780188.00,7.66,4.59,1.56,9.02
2026-05-12,35.83,38.38,38.64,34.68,382719,1411126438.00,11.15,8.08,2.87,10.00
2026-05-13,37.79,42.22,42.22,37.48,179877,731317075.00,12.35,10.01,3.84,4.70
2026-05-14,44.89,42.68,44.98,41.46,398352,1729707319.00,8.34,1.09,0.46,10.41
2026-05-15,42.98,40.37,45.26,39.93,418003,1746247505.00,12.49,-5.41,-2.31,10.92
2026-05-18,40.98,44.41,44.41,40.98,128870,565586260.00,8.50,10.01,4.04,3.37
2026-05-19,45.51,48.85,48.85,44.62,333957,1595090896.00,9.52,10.00,4.44,8.73
2026-05-20,50.94,53.74,53.74,50.53,79427,419833800.00,6.57,10.01,4.89,2.08
2026-05-21,56.76,50.56,56.76,49.98,504077,2692786827.00,12.62,-5.92,-3.18,13.17
2026-05-22,51.82,49.66,52.38,48.88,381637,1907851019.00,6.92,-1.78,-0.90,9.97
2026-05-25,49.66,47.71,49.66,46.36,334628,1582375620.00,6.65,-3.93,-1.95,8.75
2026-05-26,46.47,43.84,46.78,43.06,273050,1212706786.00,7.80,-8.11,-3.87,7.14
2026-05-27,44.35,42.58,44.78,42.18,220308,958508044.00,5.93,-2.87,-1.26,5.76
2026-05-28,42.98,42.94,43.41,41.82,194905,832409358.00,3.73,0.85,0.36,5.09
2026-05-29,42.60,45.29,46.75,42.49,446996,1995856990.00,9.92,5.47,2.35,11.68
2026-06-01,44.48,41.79,45.76,41.72,311606,1346067384.00,8.92,-7.73,-3.50,8.14
2026-06-02,41.98,43.05,44.02,40.35,270051,1147046611.00,8.78,3.02,1.26,7.06
2026-06-03,43.65,47.36,47.36,43.53,290681,1352245368.00,8.90,10.01,4.31,7.60
2026-06-04,48.98,48.00,50.65,46.88,483789,2349279385.00,7.96,1.35,0.64,12.64
2026-06-05,46.78,52.80,52.80,46.78,473840,2448427505.00,12.54,10.00,4.80,12.38
2026-06-08,50.68,52.17,54.45,47.97,454633,2343585949.00,12.27,-1.19,-0.63,11.88
2026-06-09,54.07,54.53,55.35,50.20,469377,2485618560.00,9.87,4.52,2.36,12.27
2026-06-10,52.20,59.98,59.98,52.19,348051,2029209874.00,14.29,9.99,5.45,9.10
2026-06-11,62.85,58.97,64.78,57.08,665731,4099102735.00,12.84,-1.68,-1.01,17.40
2026-06-12,58.17,53.07,58.89,53.07,408843,2237313080.00,9.87,-10.01,-5.90,10.69
2026-06-15,53.07,54.76,54.77,50.68,389537,2093169617.00,7.71,3.18,1.69,10.18
2026-06-16,53.90,57.48,58.88,53.55,428878,2430141347.00,9.73,4.97,2.72,11.21
2026-06-17,56.00,55.44,57.38,54.50,328265,1826461672.00,5.01,-3.55,-2.04,8.58
2026-06-18,55.80,53.82,56.49,53.35,311967,1711269981.00,5.66,-2.92,-1.62,8.15
2026-06-22,55.56,59.20,59.20,55.56,225680,1324585322.00,6.76,10.00,5.38,5.90
2026-06-23,64.14,65.12,65.12,60.00,384272,2420807127.00,8.65,10.00,5.92,10.04
2026-06-24,66.20,71.63,71.63,64.08,518462,3523391161.00,11.59,10.00,6.51,13.55
2026-06-25,74.24,69.68,75.00,68.50,475526,3356776702.00,9.07,-2.72,-1.95,12.43
2026-06-26,69.68,75.81,76.65,69.68,459256,3397622165.00,10.00,8.80,6.13,12.00
2026-06-29,76.49,74.98,81.82,70.31,487045,3656351880.00,15.18,-1.09,-0.83,12.73