2026-01-05,4.38,4.26,4.42,4.23,441649,189478333.00,4.34,-2.74,-0.12,1.82
2026-01-06,4.26,4.28,4.30,4.24,383528,164102152.92,1.41,0.47,0.02,1.58
2026-01-07,4.29,4.36,4.39,4.28,421117,183381409.26,2.57,1.87,0.08,1.73
2026-01-08,4.34,4.40,4.45,4.31,373825,164931117.45,3.21,0.92,0.04,1.54
2026-01-09,4.39,4.36,4.48,4.33,369632,162303240.84,3.41,-0.91,-0.04,1.52
2026-01-12,4.37,4.43,4.49,4.36,367056,162870062.70,2.98,1.61,0.07,1.51
2026-01-13,4.42,4.31,4.44,4.31,377652,165000744.23,2.93,-2.71,-0.12,1.55
2026-01-14,4.32,4.29,4.40,4.26,412221,178977253.27,3.25,-0.46,-0.02,1.70
2026-01-15,4.29,4.23,4.33,4.21,347174,148003385.88,2.80,-1.40,-0.06,1.43
2026-01-16,4.24,4.19,4.29,4.18,307756,130375163.00,2.60,-0.95,-0.04,1.27
2026-01-19,4.19,4.25,4.26,4.12,303017,127976251.00,3.34,1.43,0.06,1.25
2026-01-20,4.25,4.30,4.32,4.21,311803,133337728.46,2.59,1.18,0.05,1.28
2026-01-21,4.27,4.32,4.34,4.23,317420,136465855.71,2.56,0.47,0.02,1.31
2026-01-22,4.31,4.43,4.45,4.30,410511,181018511.28,3.47,2.55,0.11,1.69
2026-01-23,4.43,4.65,4.67,4.37,652021,297242550.43,6.77,4.97,0.22,2.68
2026-01-26,4.64,4.62,4.68,4.55,453743,209649379.84,2.80,-0.65,-0.03,1.87
2026-01-27,4.62,4.43,4.66,4.41,461070,207400352.10,5.41,-4.11,-0.19,1.90
2026-01-28,4.42,4.55,4.59,4.40,402918,181785372.00,4.29,2.71,0.12,1.66
2026-01-29,4.51,4.54,4.62,4.48,529943,241527187.40,3.08,-0.22,-0.01,2.18
2026-01-30,4.50,4.44,4.66,4.32,549291,246425009.61,7.49,-2.20,-0.10,2.26
2026-02-02,4.39,4.13,4.42,4.11,734329,311641959.91,6.98,-6.98,-0.31,3.02
2026-02-03,4.12,4.26,4.28,4.12,497228,209732098.06,3.87,3.15,0.13,2.05
2026-02-04,4.25,4.40,4.40,4.20,383849,166011503.38,4.69,3.29,0.14,1.58
2026-02-05,4.37,4.40,4.49,4.34,304208,134581447.41,3.41,0.00,0.00,1.25
2026-02-06,4.36,4.33,4.44,4.31,251529,110327279.08,2.95,-1.59,-0.07,1.04
2026-02-09,4.40,4.40,4.51,4.39,362675,161299766.40,2.77,1.62,0.07,1.49
2026-02-10,4.42,4.36,4.42,4.31,244245,106813189.00,2.50,-0.91,-0.04,1.01
2026-02-11,4.36,4.38,4.43,4.33,210807,92774821.63,2.29,0.46,0.02,0.87
2026-02-12,4.39,4.34,4.40,4.29,247706,107867683.50,2.51,-0.91,-0.04,1.02
2026-02-13,4.33,4.17,4.34,4.15,432931,182920917.16,4.38,-3.92,-0.17,1.78
2026-02-24,4.22,4.26,4.29,4.20,285406,121631220.00,2.16,2.16,0.09,1.17
2026-02-25,4.26,4.49,4.64,4.26,722986,326082378.62,8.92,5.40,0.23,2.98
2026-02-26,4.50,4.50,4.58,4.44,470306,211994525.26,3.12,0.22,0.01,1.94
2026-02-27,4.49,4.62,4.67,4.46,419959,193333323.72,4.67,2.67,0.12,1.73
2026-03-02,4.58,4.68,4.72,4.50,509992,236429757.03,4.76,1.30,0.06,2.10
2026-03-03,4.67,4.57,4.78,4.56,414350,193855889.48,4.70,-2.35,-0.11,1.71
2026-03-04,4.56,4.47,4.60,4.44,318277,143789496.09,3.50,-2.19,-0.10,1.31
2026-03-05,4.51,4.45,4.54,4.41,300643,134376242.00,2.91,-0.45,-0.02,1.24
2026-03-06,4.44,4.47,4.49,4.37,282887,125659833.80,2.70,0.45,0.02,1.16
2026-03-09,4.43,4.37,4.46,4.32,340540,149305164.50,3.13,-2.24,-0.10,1.40
2026-03-10,4.40,4.28,4.41,4.26,472087,204340105.46,3.43,-2.06,-0.09,1.94
2026-03-11,4.29,4.35,4.35,4.21,439218,188151328.29,3.27,1.64,0.07,1.81
2026-03-12,4.34,4.40,4.44,4.32,410645,180838140.40,2.76,1.15,0.05,1.69
2026-03-13,4.39,4.39,4.51,4.38,465342,207455401.00,2.95,-0.23,-0.01,1.92
2026-03-16,4.37,4.24,4.38,4.19,518532,220830376.62,4.33,-3.42,-0.15,2.13
2026-03-17,4.26,4.26,4.39,4.25,508129,220033506.53,3.30,0.47,0.02,2.09
2026-03-18,4.26,4.19,4.27,4.15,414901,174520101.56,2.82,-1.64,-0.07,1.71
2026-03-19,4.15,4.08,4.18,4.05,359070,147575462.90,3.10,-2.63,-0.11,1.48
2026-03-20,4.07,3.94,4.09,3.94,345659,138250301.10,3.68,-3.43,-0.14,1.42
2026-03-23,3.87,3.69,3.87,3.66,368874,138955594.20,5.33,-6.35,-0.25,1.52
2026-03-24,3.74,3.81,3.81,3.67,266722,100196084.26,3.79,3.25,0.12,1.10
2026-03-25,3.82,3.92,3.93,3.77,271898,105152042.54,4.20,2.89,0.11,1.12
2026-03-26,3.91,3.86,3.94,3.83,201604,78326287.02,2.81,-1.53,-0.06,0.83
2026-03-27,3.81,3.88,3.91,3.80,183642,71327580.00,2.85,0.52,0.02,0.76
2026-03-30,3.82,3.94,3.94,3.77,257745,99904165.06,4.38,1.55,0.06,1.06
2026-03-31,3.92,3.86,3.97,3.85,199787,78296889.00,3.05,-2.03,-0.08,0.82
2026-04-01,3.92,3.88,3.95,3.86,181414,70897719.96,2.33,0.52,0.02,0.75
2026-04-02,3.87,3.82,3.89,3.80,157583,60678815.00,2.32,-1.55,-0.06,0.65
2026-04-03,3.84,3.73,3.85,3.71,169353,63738469.50,3.66,-2.36,-0.09,0.70
2026-04-07,3.76,3.78,3.79,3.72,132979,50163301.50,1.88,1.34,0.05,0.55
2026-04-08,3.82,3.91,3.92,3.82,205313,79860528.02,2.65,3.44,0.13,0.85
2026-04-09,3.87,3.82,3.91,3.81,159335,61493346.00,2.56,-2.30,-0.09,0.66
2026-04-10,3.84,3.83,3.89,3.83,151638,58607162.50,1.57,0.26,0.01,0.62
2026-04-13,3.82,3.79,3.86,3.79,176955,67708697.00,1.83,-1.04,-0.04,0.73
2026-04-14,3.79,3.75,3.82,3.72,231819,87304572.98,2.64,-1.06,-0.04,0.95
2026-04-15,3.76,3.75,3.78,3.72,160571,60282884.13,1.60,0.00,0.00,0.66
2026-04-16,3.74,3.77,3.78,3.73,177153,66790349.00,1.33,0.53,0.02,0.73
2026-04-17,3.76,3.70,3.76,3.68,248541,92259337.87,2.12,-1.86,-0.07,1.02
2026-04-20,3.69,3.66,3.72,3.63,257738,94847547.50,2.43,-1.08,-0.04,1.06
2026-04-21,3.64,3.62,3.65,3.61,235038,85415433.01,1.09,-1.09,-0.04,0.97
2026-04-22,3.63,3.61,3.63,3.57,197117,71106182.57,1.66,-0.28,-0.01,0.81
2026-04-23,3.59,3.54,3.60,3.50,256479,91037489.58,2.77,-1.94,-0.07,1.06
2026-04-24,3.52,3.54,3.56,3.49,145357,51377040.00,1.98,0.00,0.00,0.60
2026-04-27,3.53,3.46,3.54,3.45,249143,86687653.00,2.54,-2.26,-0.08,1.03
2026-04-28,3.45,3.45,3.48,3.41,215139,74186625.14,2.02,-0.29,-0.01,0.89
2026-04-29,3.40,3.48,3.52,3.39,251856,87870030.36,3.77,0.87,0.03,1.04
2026-04-30,3.47,3.41,3.49,3.38,225179,77257927.80,3.16,-2.01,-0.07,0.93
2026-05-06,3.43,3.42,3.46,3.41,224165,77072981.09,1.47,0.29,0.01,0.92
2026-05-07,3.44,3.42,3.46,3.41,180252,62113042.00,1.46,0.00,0.00,0.74
2026-05-08,3.43,3.45,3.46,3.39,247084,84813918.45,2.05,0.88,0.03,1.02
2026-05-11,3.45,3.43,3.47,3.41,228711,78833764.90,1.74,-0.58,-0.02,0.94
2026-05-12,3.44,3.44,3.50,3.42,301425,104631838.70,2.33,0.29,0.01,1.24
2026-05-13,3.42,3.42,3.45,3.38,256197,87713179.93,2.03,-0.58,-0.02,1.05
2026-05-14,3.43,3.29,3.44,3.29,348499,116460745.88,4.39,-3.80,-0.13,1.43
2026-05-15,3.29,3.18,3.31,3.16,314904,101776961.70,4.56,-3.34,-0.11,1.30
2026-05-18,3.17,3.21,3.23,3.12,251735,80203244.50,3.46,0.94,0.03,1.04
2026-05-19,3.22,3.27,3.29,3.19,211179,68810282.84,3.12,1.87,0.06,0.87
2026-05-20,3.25,3.20,3.26,3.18,195852,62998987.49,2.45,-2.14,-0.07,0.81
2026-05-21,3.20,3.10,3.25,3.10,269344,86157765.18,4.69,-3.13,-0.10,1.11
2026-05-22,3.14,3.14,3.17,3.09,254781,79999441.74,2.58,1.29,0.04,1.05
2026-05-25,3.16,3.21,3.24,3.15,198099,63741007.00,2.87,2.23,0.07,0.82
2026-05-26,3.21,3.20,3.22,3.17,154679,49604951.54,1.56,-0.31,-0.01,0.64
2026-05-27,3.20,3.10,3.23,3.08,226322,70941414.72,4.69,-3.13,-0.10,0.93
2026-05-28,3.09,3.10,3.14,3.06,176961,55090841.50,2.58,0.00,0.00,0.73
2026-05-29,3.10,3.11,3.19,3.10,259194,81728859.50,2.90,0.32,0.01,1.07
2026-06-01,3.12,3.22,3.22,3.08,288884,92151177.00,4.50,3.54,0.11,1.19
2026-06-02,3.23,3.15,3.24,3.14,257677,82121732.36,3.11,-2.17,-0.07,1.06
2026-06-03,3.15,3.10,3.16,3.09,181171,56484035.73,2.22,-1.59,-0.05,0.75
2026-06-04,3.09,3.05,3.12,3.02,183024,56017631.85,3.23,-1.61,-0.05,0.75
2026-06-05,3.04,3.06,3.10,3.03,144668,44499324.26,2.30,0.33,0.01,0.60
2026-06-08,3.03,2.97,3.05,2.93,264653,79155930.00,3.92,-2.94,-0.09,1.09
2026-06-09,2.97,2.96,2.98,2.93,150276,44437196.35,1.68,-0.34,-0.01,0.62
2026-06-10,2.94,2.95,2.96,2.90,156791,45990243.82,2.03,-0.34,-0.01,0.65
2026-06-11,2.94,2.93,2.97,2.89,154494,45409189.75,2.71,-0.68,-0.02,0.64
2026-06-12,2.93,3.02,3.04,2.92,234135,70310895.04,4.10,3.07,0.09,0.96
2026-06-15,3.05,3.04,3.11,3.00,221852,67948988.00,3.64,0.66,0.02,0.91
2026-06-16,3.04,3.02,3.06,2.97,174656,52855359.94,2.96,-0.66,-0.02,0.72
2026-06-17,3.02,2.95,3.02,2.93,194807,57789661.26,2.98,-2.32,-0.07,0.80
2026-06-18,2.94,2.95,2.98,2.91,129957,38353696.58,2.37,0.00,0.00,0.54
2026-06-22,2.95,2.94,2.96,2.87,191153,55865443.91,3.05,-0.34,-0.01,0.79
2026-06-23,2.93,2.92,3.00,2.89,227779,67176004.50,3.74,-0.68,-0.02,0.94
2026-06-24,2.93,2.86,2.93,2.83,204196,58697070.53,3.42,-2.05,-0.06,0.84
2026-06-25,2.84,2.89,2.90,2.81,220174,63102490.68,3.15,1.05,0.03,0.91
2026-06-26,2.89,2.83,2.91,2.81,191772,54816496.50,3.46,-2.08,-0.06,0.79
2026-06-29,2.83,2.89,2.95,2.76,297586,85853425.49,6.71,2.12,0.06,1.23
2026-06-30,2.89,2.87,2.92,2.83,180953,52167705.20,3.11,-0.69,-0.02,0.74
2026-07-01,2.89,3.00,3.04,2.85,365273,108537553.00,6.62,4.53,0.13,1.50
2026-07-02,3.00,2.98,3.12,2.95,282127,85655884.80,5.67,-0.67,-0.02,1.16
2026-07-03,3.00,2.93,3.01,2.91,179652,53124205.00,3.36,-1.68,-0.05,0.74
2026-07-06,2.92,2.97,2.98,2.91,167254,49422257.84,2.39,1.37,0.04,0.69
2026-07-07,2.97,2.92,2.98,2.90,131547,38556488.91,2.69,-1.68,-0.05,0.54
2026-07-08,2.90,2.89,2.94,2.87,143995,41866237.48,2.40,-1.03,-0.03,0.59
2026-07-09,2.89,2.84,2.90,2.81,167826,47926631.08,3.11,-1.73,-0.05,0.69
2026-07-10,2.84,2.91,2.94,2.79,239111,69256093.40,5.28,2.46,0.07,0.98
2026-07-13,2.90,2.85,2.94,2.83,204461,58795614.00,3.78,-2.06,-0.06,0.84
2026-07-14,2.84,2.90,2.92,2.83,210335,60864845.00,3.16,1.75,0.05,0.87
2026-07-15,2.90,3.01,3.02,2.88,251855,75386520.13,4.83,3.79,0.11,1.04
2026-07-16,3.02,3.03,3.04,2.94,241634,72390552.00,3.32,0.66,0.02,0.99
2026-07-17,3.02,2.99,3.09,2.98,262551,79694380.97,3.63,-1.32,-0.04,1.08
2026-07-20,2.99,3.01,3.07,2.98,273806,82940491.11,3.01,0.67,0.02,1.13