2026-01-05,12.55,12.75,12.80,12.53,88826,112888131.00,2.15,1.67,0.21,1.12
2026-01-06,12.75,13.04,13.05,12.70,99748,128968001.00,2.75,2.27,0.29,1.25
2026-01-07,12.99,12.85,13.14,12.84,98040,127196664.00,2.30,-1.46,-0.19,1.23
2026-01-08,12.83,13.53,13.83,12.75,196338,264077374.00,8.40,5.29,0.68,2.47
2026-01-09,13.61,13.95,14.14,13.58,177662,246616592.00,4.14,3.10,0.42,2.23
2026-01-12,14.11,15.35,15.35,14.04,296022,439350160.00,9.39,10.04,1.40,3.72
2026-01-13,16.48,14.83,16.48,14.77,485681,742027559.00,11.14,-3.39,-0.52,6.10
2026-01-14,14.86,14.90,15.34,14.63,343284,516474062.00,4.79,0.47,0.07,4.31
2026-01-15,14.42,14.59,15.08,14.42,216865,319300948.00,4.43,-2.08,-0.31,2.73
2026-01-16,14.49,13.86,14.51,13.74,194366,272870928.00,5.28,-5.00,-0.73,2.44
2026-01-19,13.63,13.58,13.81,13.39,178861,242870989.00,3.03,-2.02,-0.28,2.25
2026-01-20,13.74,13.53,13.83,13.44,121666,165787771.00,2.87,-0.37,-0.05,1.53
2026-01-21,13.40,13.51,13.78,13.39,108773,147650832.00,2.88,-0.15,-0.02,1.37
2026-01-22,13.53,13.81,13.91,13.51,132036,181744094.00,2.96,2.22,0.30,1.66
2026-01-23,13.89,14.01,14.10,13.73,127876,178817393.00,2.68,1.45,0.20,1.61
2026-01-26,13.97,13.81,14.14,13.61,134751,186192105.00,3.78,-1.43,-0.20,1.69
2026-01-27,13.91,14.18,14.21,13.71,212064,297342209.00,3.62,2.68,0.37,2.67
2026-01-28,14.06,14.13,14.71,14.06,194507,279490638.00,4.58,-0.35,-0.05,2.44
2026-01-29,13.90,14.30,14.67,13.71,256483,369545521.00,6.79,1.20,0.17,3.22
2026-01-30,14.10,14.62,14.74,13.98,326286,473976612.00,5.31,2.24,0.32,4.10
2026-02-02,14.58,14.37,14.87,14.23,236260,344284076.00,4.38,-1.71,-0.25,2.97
2026-02-03,14.48,14.44,14.60,14.18,181812,262218663.00,2.92,0.49,0.07,2.28
2026-02-04,14.23,14.10,14.28,13.85,200857,282246269.00,2.98,-2.35,-0.34,2.52
2026-02-05,13.93,14.11,14.51,13.92,126340,179637770.00,4.18,0.07,0.01,1.59
2026-02-06,13.96,13.79,14.08,13.58,156602,217306748.00,3.54,-2.27,-0.32,1.97
2026-02-09,14.08,14.75,14.76,14.06,238812,347402679.00,5.08,6.96,0.96,3.00
2026-02-10,14.65,15.13,15.47,14.60,397305,600729843.00,5.90,2.58,0.38,4.99
2026-02-11,14.98,14.60,14.99,14.52,247169,363575783.00,3.11,-3.50,-0.53,3.11
2026-02-12,14.66,14.38,14.68,14.21,149181,214767163.00,3.22,-1.51,-0.22,1.87
2026-02-13,14.39,14.20,14.64,14.14,140293,201673830.00,3.48,-1.25,-0.18,1.76
2026-02-24,14.24,13.93,14.33,13.78,144220,201259199.00,3.87,-1.90,-0.27,1.81
2026-02-25,13.86,13.83,13.98,13.74,133870,185378667.00,1.72,-0.72,-0.10,1.68
2026-02-26,13.84,14.00,14.38,13.76,173667,243976976.00,4.48,1.23,0.17,2.18
2026-02-27,13.95,13.97,14.06,13.89,100935,141117204.00,1.21,-0.21,-0.03,1.27
2026-03-02,13.76,13.24,13.76,13.16,170600,228892369.00,4.29,-5.23,-0.73,2.14
2026-03-03,13.23,12.63,13.31,12.53,140086,180205173.00,5.89,-4.61,-0.61,1.76
2026-03-04,12.50,12.35,12.69,12.30,94395,117784997.00,3.09,-2.22,-0.28,1.19
2026-03-05,12.55,12.65,12.73,12.55,91851,116236593.00,1.46,2.43,0.30,1.15
2026-03-06,12.55,12.70,12.75,12.53,64684,82201656.00,1.74,0.40,0.05,0.81
2026-03-09,12.63,12.80,12.88,12.43,87765,111215418.00,3.54,0.79,0.10,1.10
2026-03-10,12.95,12.91,13.16,12.80,85586,110924114.00,2.81,0.86,0.11,1.08
2026-03-11,12.95,12.96,13.08,12.92,71213,92622537.00,1.24,0.39,0.05,0.89
2026-03-12,12.96,12.88,13.03,12.82,54048,69899881.00,1.62,-0.62,-0.08,0.68
2026-03-13,12.83,12.63,12.91,12.58,57295,73042931.00,2.56,-1.94,-0.25,0.72
2026-03-16,12.54,12.70,12.71,12.46,49145,62120671.00,1.98,0.55,0.07,0.62
2026-03-17,12.73,12.52,12.83,12.49,47785,60625204.00,2.68,-1.42,-0.18,0.60
2026-03-18,12.56,12.76,12.77,12.48,55532,70218775.00,2.32,1.92,0.24,0.70
2026-03-19,12.62,12.58,12.70,12.51,50305,63514113.00,1.49,-1.41,-0.18,0.63
2026-03-20,12.58,12.13,12.73,12.11,79391,97923996.00,4.93,-3.58,-0.45,1.00
2026-03-23,11.89,11.35,12.03,11.29,107775,124846330.00,6.10,-6.43,-0.78,1.35
2026-03-24,11.59,11.65,11.75,11.43,69163,80206077.00,2.82,2.64,0.30,0.87
2026-03-25,11.69,11.84,11.93,11.66,55643,65997447.00,2.32,1.63,0.19,0.70
2026-03-26,11.84,11.58,11.90,11.54,43801,51276821.00,3.04,-2.20,-0.26,0.55
2026-03-27,11.49,11.75,11.80,11.46,45050,52789959.00,2.94,1.47,0.17,0.57
2026-03-30,11.64,11.80,11.83,11.47,51411,60081154.00,3.06,0.43,0.05,0.65
2026-03-31,11.78,11.82,12.05,11.78,53016,63244338.00,2.29,0.17,0.02,0.67
2026-04-01,11.98,11.98,12.03,11.87,52501,62907801.00,1.35,1.35,0.16,0.66
2026-04-02,12.00,11.74,12.02,11.69,40458,47797025.00,2.75,-2.00,-0.24,0.51
2026-04-03,11.74,11.53,11.82,11.52,40490,47133246.00,2.56,-1.79,-0.21,0.51
2026-04-07,11.58,11.60,11.64,11.52,30584,35510199.00,1.04,0.61,0.07,0.38
2026-04-08,11.76,12.23,12.24,11.76,64209,77495709.00,4.14,5.43,0.63,0.81
2026-04-09,12.11,11.91,12.17,11.89,51441,61715176.00,2.29,-2.62,-0.32,0.65
2026-04-10,12.04,11.99,12.16,11.97,34968,42260548.00,1.60,0.67,0.08,0.44
2026-04-13,11.99,11.93,12.02,11.88,42385,50713318.00,1.17,-0.50,-0.06,0.53
2026-04-14,12.03,12.04,12.13,11.90,51942,62495877.00,1.93,0.92,0.11,0.65
2026-04-15,12.10,11.91,12.13,11.91,41857,50272834.00,1.83,-1.08,-0.13,0.53
2026-04-16,11.94,12.13,12.17,11.93,53408,64544025.00,2.02,1.85,0.22,0.67
2026-04-17,12.09,12.04,12.13,11.96,35597,42853168.00,1.40,-0.74,-0.09,0.45
2026-04-20,12.03,12.21,12.52,12.02,86539,106148077.00,4.15,1.41,0.17,1.09
2026-04-21,12.18,12.14,12.27,12.07,53158,64628070.00,1.64,-0.57,-0.07,0.67
2026-04-22,12.10,12.32,12.34,12.03,69642,84912246.00,2.55,1.48,0.18,0.88
2026-04-23,12.32,12.68,12.78,12.15,119877,149795551.00,5.11,2.92,0.36,1.51
2026-04-24,12.53,12.82,13.03,12.40,122428,156551194.00,4.97,1.10,0.14,1.54
2026-04-27,12.74,12.80,13.00,12.51,79944,102224498.00,3.82,-0.16,-0.02,1.00
2026-04-28,12.80,12.68,12.93,12.58,63054,80470127.00,2.73,-0.94,-0.12,0.79
2026-04-29,12.60,12.58,12.78,12.52,65136,82417563.00,2.05,-0.79,-0.10,0.82
2026-04-30,12.58,12.38,12.62,12.34,64781,80694750.00,2.23,-1.59,-0.20,0.81
2026-05-06,12.43,12.51,12.63,12.41,70630,88925346.00,1.78,1.05,0.13,0.89
2026-05-07,12.53,12.69,12.72,12.36,78512,98601498.00,2.88,1.44,0.18,0.99
2026-05-08,12.67,12.86,12.99,12.64,84334,108725683.00,2.76,1.34,0.17,1.06
2026-05-11,12.88,12.76,12.98,12.71,58745,75190035.00,2.10,-0.78,-0.10,0.74
2026-05-12,12.73,12.57,12.76,12.48,62507,78988175.00,2.19,-1.49,-0.19,0.79
2026-05-13,12.57,13.27,13.38,12.51,169276,219821614.00,6.92,5.57,0.70,2.13
2026-05-14,13.26,12.66,13.26,12.65,113512,146861414.00,4.60,-4.60,-0.61,1.43
2026-05-15,12.71,12.54,13.03,12.45,92144,117548284.00,4.58,-0.95,-0.12,1.16
2026-05-18,12.78,13.80,13.80,12.74,216551,288934299.00,8.45,10.05,1.26,2.72
2026-05-19,13.75,13.70,14.58,13.48,467947,654816430.00,7.97,-0.72,-0.10,5.88
2026-05-20,14.04,13.38,14.22,13.26,335221,458165102.00,7.01,-2.34,-0.32,4.21
2026-05-21,13.36,12.83,13.67,12.82,258711,343795342.00,6.35,-4.11,-0.55,3.25
2026-05-22,12.86,12.32,12.94,12.01,239500,296170498.00,7.25,-3.98,-0.51,3.01
2026-05-25,12.18,12.17,12.53,12.06,162457,199564973.00,3.81,-1.22,-0.15,2.04
2026-05-26,12.16,11.96,12.36,11.78,146419,175599496.00,4.77,-1.73,-0.21,1.84
2026-05-27,12.14,11.86,12.53,11.74,179668,217933996.00,6.61,-0.84,-0.10,2.26
2026-05-28,11.65,11.65,11.83,11.29,163332,189426813.00,4.55,-1.77,-0.21,2.05
2026-05-29,11.75,11.57,12.02,11.52,117461,138004388.00,4.29,-0.69,-0.08,1.48
2026-06-01,11.58,11.98,12.22,11.58,144535,173775350.00,5.53,3.54,0.41,1.82
2026-06-02,11.95,11.62,12.01,11.56,98604,115431472.00,3.76,-3.01,-0.36,1.24
2026-06-03,11.54,11.59,11.78,11.33,83611,97034131.00,3.87,-0.26,-0.03,1.05
2026-06-04,11.39,11.13,11.55,11.04,90121,101568410.00,4.40,-3.97,-0.46,1.13
2026-06-05,11.11,11.11,11.32,10.86,77327,86401764.00,4.13,-0.18,-0.02,0.97
2026-06-08,10.98,11.03,11.23,10.88,81529,90227961.00,3.15,-0.72,-0.08,1.02
2026-06-09,11.06,11.10,11.14,10.82,67545,74564342.00,2.90,0.63,0.07,0.85
2026-06-10,11.03,11.11,11.58,11.00,89577,100386798.00,5.23,0.09,0.01,1.13
2026-06-11,11.06,10.49,11.13,10.46,125381,134265858.00,6.03,-5.58,-0.62,1.58
2026-06-12,10.53,10.58,10.65,10.42,76023,80414683.00,2.19,0.86,0.09,0.96
2026-06-15,10.65,10.67,10.88,10.57,66610,71391504.00,2.93,0.85,0.09,0.84
2026-06-16,10.65,10.71,10.75,10.44,56437,60011925.00,2.91,0.37,0.04,0.71
2026-06-17,10.70,10.48,10.73,10.44,48782,51531430.00,2.71,-2.15,-0.23,0.61
2026-06-18,10.36,10.53,10.63,10.34,58838,62049038.00,2.77,0.48,0.05,0.74
2026-06-22,10.53,10.73,10.73,10.26,72466,76083420.00,4.46,1.90,0.20,0.91
2026-06-23,10.65,10.53,10.83,10.48,62839,67179652.00,3.26,-1.86,-0.20,0.79
2026-06-24,10.57,10.30,10.63,10.13,61839,63954306.00,4.75,-2.18,-0.23,0.78
2026-06-25,10.19,10.05,10.33,9.98,66090,66708367.00,3.40,-2.43,-0.25,0.83
2026-06-26,9.99,9.77,10.04,9.68,73394,72211189.00,3.58,-2.79,-0.28,0.92
2026-06-29,9.77,9.80,9.91,9.56,62387,61063433.00,3.58,0.31,0.03,0.79
2026-06-30,9.80,9.65,9.91,9.56,64163,62332286.00,3.57,-1.53,-0.15,0.81
2026-07-01,9.66,9.88,10.10,9.55,61357,60399216.00,5.70,2.38,0.23,0.78
2026-07-02,9.86,10.00,10.25,9.83,76258,76882722.00,4.25,1.21,0.12,0.96
2026-07-03,10.00,10.13,10.28,9.89,62583,63307537.00,3.90,1.30,0.13,0.79
2026-07-06,10.07,10.14,10.23,10.01,50606,51249008.00,2.17,0.10,0.01,0.64
2026-07-07,10.15,9.89,10.17,9.83,55150,55262761.00,3.35,-2.47,-0.25,0.70
2026-07-08,9.80,10.07,10.21,9.77,60304,60729966.00,4.45,1.82,0.18,0.76
2026-07-09,9.99,10.14,10.25,9.93,72354,73392188.00,3.18,0.70,0.07,0.91
2026-07-10,10.12,10.44,10.57,10.00,101243,105528889.00,5.62,2.96,0.30,1.28
2026-07-13,10.45,9.93,10.53,9.93,94988,96290770.00,5.75,-4.89,-0.51,1.20
2026-07-14,9.94,10.05,10.08,9.80,64445,64357456.00,2.82,1.21,0.12,0.81
2026-07-15,10.01,10.20,10.31,9.97,65600,66964207.00,3.38,1.49,0.15,0.83
2026-07-16,10.18,10.31,10.43,10.07,71334,73699795.00,3.53,1.08,0.11,0.90
2026-07-17,10.29,9.98,10.53,9.95,86639,88322928.00,5.63,-3.20,-0.33,1.09
2026-07-20,10.18,10.20,10.31,9.97,95726,97539666.00,3.41,2.20,0.22,1.21
2026-07-21,10.09,10.28,10.38,10.06,82634,84520736.00,3.14,0.78,0.08,1.04
2026-07-22,10.23,10.06,10.23,9.98,67168,67877063.00,2.43,-2.14,-0.22,0.85
2026-07-23,10.01,10.08,10.10,9.93,50615,50844663.00,1.69,0.20,0.02,0.64
2026-07-24,10.01,9.75,10.03,9.75,48908,48278939.00,2.78,-3.27,-0.33,0.62
2026-07-27,9.78,10.11,10.13,9.69,52840,52971911.00,4.51,3.69,0.36,0.67
2026-07-28,10.02,10.20,10.30,9.99,46565,47533459.00,3.07,0.89,0.09,0.59
2026-07-29,10.26,10.48,10.51,10.19,72566,75561362.00,3.14,2.75,0.28,0.92
2026-07-30,10.48,10.59,10.80,10.40,77866,82995381.00,3.82,1.05,0.11,0.98
2026-07-31,10.59,10.89,11.02,10.49,88065,95907815.00,5.00,2.83,0.30,1.11
2026-08-03,10.87,11.07,11.08,10.82,61697,67721875.00,2.39,1.65,0.18,0.78
2026-08-04,11.04,11.13,11.19,11.00,52660,58620211.00,1.72,0.54,0.06,0.67
2026-08-05,11.13,11.06,11.24,11.02,57744,64195246.00,1.98,-0.63,-0.07,0.73