2026-01-05,29.17,29.53,29.61,29.17,47974,144038542.00,1.51,1.27,0.37,0.57
2026-01-06,29.53,29.84,29.85,29.45,63744,192938435.00,1.35,1.05,0.31,0.75
2026-01-07,29.84,29.74,30.02,29.70,53688,162966607.00,1.07,-0.34,-0.10,0.63
2026-01-08,29.70,29.93,30.06,29.60,48073,146322360.00,1.55,0.64,0.19,0.57
2026-01-09,29.91,29.84,29.95,29.61,61939,187774559.00,1.14,-0.30,-0.09,0.73
2026-01-12,29.84,29.84,29.84,29.48,69785,210663719.00,1.21,0.00,0.00,0.82
2026-01-13,29.83,30.06,30.15,29.67,81721,249539284.00,1.61,0.74,0.22,0.96
2026-01-14,30.06,29.66,30.08,29.57,94768,287676190.00,1.70,-1.33,-0.40,1.12
2026-01-15,29.58,29.76,30.00,29.55,50020,151667386.00,1.52,0.34,0.10,0.59
2026-01-16,29.68,29.40,29.84,29.36,56538,169891737.00,1.61,-1.21,-0.36,0.67
2026-01-19,29.42,30.04,30.11,29.36,93891,285663850.00,2.55,2.18,0.64,1.11
2026-01-20,30.06,30.50,30.94,30.06,93569,290082383.00,2.93,1.53,0.46,1.10
2026-01-21,30.61,30.34,30.77,30.25,61837,191397690.00,1.70,-0.52,-0.16,0.73
2026-01-22,30.34,30.16,30.56,30.09,49999,153761928.00,1.55,-0.59,-0.18,0.59
2026-01-23,30.24,30.13,30.28,30.00,63005,193023679.00,0.93,-0.10,-0.03,0.74
2026-01-26,30.14,29.59,30.24,29.46,92398,279297859.00,2.59,-1.79,-0.54,1.09
2026-01-27,29.62,29.05,29.66,28.79,90661,268429021.00,2.94,-1.82,-0.54,1.07
2026-01-28,29.06,29.58,29.71,28.81,65426,194817010.00,3.10,1.82,0.53,0.77
2026-01-29,29.51,29.56,29.74,29.32,47671,143162878.00,1.42,-0.07,-0.02,0.56
2026-01-30,29.47,29.02,29.70,28.93,59834,177762255.00,2.60,-1.83,-0.54,0.71
2026-02-02,29.02,28.01,29.02,27.92,100907,291288335.00,3.79,-3.48,-1.01,1.19
2026-02-03,28.15,28.24,28.52,27.79,52582,150909559.00,2.61,0.82,0.23,0.62
2026-02-04,28.25,28.81,28.84,28.15,62774,183209040.00,2.44,2.02,0.57,0.74
2026-02-05,28.81,29.66,30.08,28.65,112141,337663879.00,4.96,2.95,0.85,1.32
2026-02-06,29.51,29.45,29.53,29.16,59418,177701789.00,1.25,-0.71,-0.21,0.70
2026-02-09,29.63,29.26,29.68,29.13,57482,171420277.00,1.87,-0.65,-0.19,0.68
2026-02-10,29.34,29.11,29.34,28.97,37281,110509437.00,1.26,-0.51,-0.15,0.44
2026-02-11,29.11,29.23,29.25,29.06,27384,81366025.00,0.65,0.41,0.12,0.32
2026-02-12,29.23,28.97,29.23,28.88,51963,153767508.00,1.20,-0.89,-0.26,0.61
2026-02-13,28.97,28.71,29.12,28.69,27472,80989804.00,1.48,-0.90,-0.26,0.32
2026-02-24,28.95,28.64,29.00,28.62,37998,111563440.00,1.32,-0.24,-0.07,0.45
2026-02-25,28.64,28.88,29.04,28.64,45668,134467140.00,1.40,0.84,0.24,0.54
2026-02-26,28.99,28.54,28.99,28.43,51299,149356841.00,1.94,-1.18,-0.34,0.61
2026-02-27,28.50,28.76,28.95,28.50,27103,79267050.00,1.58,0.77,0.22,0.32
2026-03-02,28.46,28.23,28.75,28.08,66771,192508856.00,2.33,-1.84,-0.53,0.79
2026-03-03,28.14,28.04,28.35,27.87,61016,174276589.00,1.70,-0.67,-0.19,0.72
2026-03-04,27.90,27.33,27.92,27.28,53385,149819435.00,2.28,-2.53,-0.71,0.63
2026-03-05,27.49,27.30,27.54,27.13,40328,112303867.00,1.50,-0.11,-0.03,0.48
2026-03-06,27.28,27.62,27.65,27.14,33977,95139454.00,1.87,1.17,0.32,0.40
2026-03-09,27.46,27.33,27.46,27.01,37147,103013410.00,1.63,-1.05,-0.29,0.44
2026-03-10,27.43,27.74,27.86,27.43,41969,118429445.00,1.57,1.50,0.41,0.50
2026-03-11,27.76,27.65,27.79,27.46,37797,106231183.00,1.19,-0.32,-0.09,0.45
2026-03-12,27.66,28.02,28.24,27.58,62204,177791476.00,2.39,1.34,0.37,0.73
2026-03-13,27.92,28.25,28.38,27.87,57838,166006720.00,1.82,0.82,0.23,0.68
2026-03-16,28.21,28.27,28.43,27.94,51160,146875828.00,1.73,0.07,0.02,0.60
2026-03-17,28.24,28.65,28.96,28.17,78944,231296433.00,2.79,1.34,0.38,0.93
2026-03-18,28.69,28.26,28.78,28.14,51251,148283450.00,2.23,-1.36,-0.39,0.60
2026-03-19,28.13,27.94,28.45,27.86,43491,124590673.00,2.09,-1.13,-0.32,0.51
2026-03-20,27.95,27.74,28.43,27.74,54094,154836693.00,2.47,-0.72,-0.20,0.64
2026-03-23,28.86,30.57,30.57,28.86,388845,1199244711.00,6.16,10.20,2.83,4.59
2026-03-24,30.50,31.76,32.01,30.41,582757,1854523102.00,5.23,3.89,1.19,6.88
2026-03-25,30.86,31.85,31.94,29.96,380908,1203484567.00,6.23,0.28,0.09,4.49
2026-03-26,31.26,31.37,32.06,31.09,240740,771273662.00,3.05,-1.51,-0.48,2.84
2026-03-27,31.55,31.78,32.71,31.40,259698,842985229.00,4.18,1.31,0.41,3.06
2026-03-30,32.70,31.47,33.23,31.46,298847,977529474.00,5.57,-0.98,-0.31,3.53
2026-03-31,31.47,31.81,32.82,31.37,272090,886235182.00,4.61,1.08,0.34,3.21
2026-04-01,31.71,31.14,32.02,30.84,214024,680024264.00,3.71,-2.11,-0.67,2.53
2026-04-02,30.90,30.97,31.42,30.27,171091,536372922.00,3.69,-0.55,-0.17,2.02
2026-04-03,31.05,29.61,31.26,29.58,181471,555504451.00,5.42,-4.39,-1.36,2.14
2026-04-07,29.96,28.88,30.14,28.70,159926,475830769.00,4.86,-2.47,-0.73,1.89
2026-04-08,28.76,29.15,29.23,28.66,196070,578786668.00,1.97,0.93,0.27,2.31
2026-04-09,28.86,28.29,28.96,28.18,149968,434349650.00,2.68,-2.95,-0.86,1.77
2026-04-10,28.31,28.67,28.89,28.31,125182,365378443.00,2.05,1.34,0.38,1.48
2026-04-13,28.67,29.04,29.24,28.50,149262,440230884.00,2.58,1.29,0.37,1.76
2026-04-14,29.21,29.02,29.26,28.64,110860,326115832.00,2.13,-0.07,-0.02,1.31
2026-04-15,28.96,28.72,28.96,28.50,78189,228994224.00,1.59,-1.03,-0.30,0.92
2026-04-16,28.56,28.77,28.80,28.31,85361,249360828.00,1.71,0.17,0.05,1.01
2026-04-17,28.75,28.30,28.75,28.06,110363,318148298.00,2.40,-1.63,-0.47,1.30
2026-04-20,28.33,28.53,28.53,27.79,94519,271468233.00,2.61,0.81,0.23,1.12
2026-04-21,28.52,28.35,28.70,28.17,70713,204343789.00,1.86,-0.63,-0.18,0.83
2026-04-22,28.21,28.30,28.46,28.13,64697,186378598.00,1.16,-0.18,-0.05,0.76
2026-04-23,25.42,25.42,26.11,25.42,165624,431207745.00,2.44,-10.18,-2.88,1.95
2026-04-24,24.17,24.61,24.90,24.01,215244,536872437.00,3.50,-3.19,-0.81,2.54
2026-04-27,24.36,23.30,24.36,23.29,211766,512363687.00,4.35,-5.32,-1.31,2.50
2026-04-28,23.21,22.73,23.39,22.41,155728,363928025.00,4.21,-2.45,-0.57,1.84
2026-04-29,22.56,22.99,23.11,22.48,105858,248413934.00,2.77,1.14,0.26,1.25
2026-04-30,22.97,22.87,22.98,22.73,70994,165773179.00,1.09,-0.52,-0.12,0.84
2026-05-06,22.91,22.72,23.01,22.66,93852,219468761.00,1.53,-0.66,-0.15,1.11
2026-05-07,22.75,22.65,22.75,22.53,82616,191274576.00,0.97,-0.31,-0.07,0.97
2026-05-08,22.66,22.81,22.87,22.57,80931,188462871.00,1.32,0.71,0.16,0.95
2026-05-11,22.85,22.85,22.92,22.59,89090,207765227.00,1.45,0.18,0.04,1.05
2026-05-12,22.83,22.31,22.95,22.22,118577,272810959.00,3.19,-2.36,-0.54,1.40
2026-05-13,22.26,22.05,22.29,21.95,76668,173186378.00,1.52,-1.17,-0.26,0.90
2026-05-14,22.06,21.70,22.10,21.60,82493,183823988.00,2.27,-1.59,-0.35,0.97
2026-05-15,21.72,21.46,21.81,21.40,75652,167347736.00,1.89,-1.11,-0.24,0.89
2026-05-18,21.53,21.24,21.53,21.11,60131,131024048.00,1.96,-1.03,-0.22,0.71
2026-05-19,21.24,21.39,21.50,21.21,49299,107973163.00,1.37,0.71,0.15,0.58
2026-05-20,21.26,20.73,21.34,20.59,82830,176598669.00,3.51,-3.09,-0.66,0.98
2026-05-21,20.77,20.52,20.96,20.49,70683,150664911.00,2.27,-1.01,-0.21,0.83
2026-05-22,20.53,20.63,20.81,20.30,73905,155940181.00,2.49,0.54,0.11,0.87
2026-05-25,20.63,20.54,20.71,20.37,50791,107028965.00,1.65,-0.44,-0.09,0.60
2026-05-26,20.56,21.01,21.04,20.47,88015,187928526.00,2.78,2.29,0.47,1.04
2026-05-27,21.01,20.56,21.01,20.41,71392,151168444.00,2.86,-2.14,-0.45,0.84
2026-05-28,20.56,20.52,20.88,20.26,60053,123086862.00,3.02,-0.19,-0.04,0.71
2026-05-29,21.00,21.55,21.64,20.92,138644,296403431.00,3.51,5.02,1.03,1.64
2026-06-01,21.56,22.33,22.33,21.20,136441,299152367.00,5.24,3.62,0.78,1.61
2026-06-02,22.33,21.91,22.52,21.90,94804,209651240.00,2.78,-1.88,-0.42,1.12
2026-06-03,21.88,21.19,21.88,21.15,85267,181862482.00,3.33,-3.29,-0.72,1.01
2026-06-04,21.01,20.73,21.21,20.60,63587,132202327.00,2.88,-2.17,-0.46,0.75
2026-06-05,20.74,21.56,22.02,20.74,95468,204723369.00,6.17,4.00,0.83,1.13
2026-06-08,21.32,21.21,21.50,20.83,59683,126291502.00,3.11,-1.62,-0.35,0.70
2026-06-09,21.05,21.31,21.53,20.83,70300,149197696.00,3.30,0.47,0.10,0.83
2026-06-10,21.01,20.72,21.19,20.61,59036,122724471.00,2.72,-2.77,-0.59,0.70
2026-06-11,20.60,20.02,20.60,19.81,85333,171413677.00,3.81,-3.38,-0.70,1.01
2026-06-12,20.12,20.88,21.08,19.91,90186,185841626.00,5.84,4.30,0.86,1.06
2026-06-15,20.97,21.12,21.20,20.75,63674,133847664.00,2.16,1.15,0.24,0.75
2026-06-16,21.29,20.78,21.29,20.71,53431,111160590.00,2.75,-1.61,-0.34,0.63
2026-06-17,20.78,20.42,20.78,20.16,51359,104690061.00,2.98,-1.73,-0.36,0.61
2026-06-18,20.43,20.21,20.43,19.99,45738,92064421.00,2.15,-1.03,-0.21,0.54
2026-06-22,20.03,20.08,20.18,19.15,81061,158916417.00,5.10,-0.64,-0.13,0.96
2026-06-23,19.85,20.01,20.36,19.80,51027,102513960.00,2.79,-0.35,-0.07,0.60
2026-06-24,20.07,19.62,20.10,19.44,50402,98876672.00,3.30,-1.95,-0.39,0.59
2026-06-25,19.54,19.39,19.85,18.99,79737,154277868.00,4.38,-1.17,-0.23,0.94
2026-06-26,19.38,19.05,19.54,19.04,49010,93951623.00,2.58,-1.75,-0.34,0.58
2026-06-29,19.01,19.72,19.77,18.49,87214,168426963.00,6.72,3.52,0.67,1.03
2026-06-30,19.57,19.51,19.67,19.26,46702,90818489.00,2.08,-1.06,-0.21,0.55
2026-07-01,19.45,19.62,19.75,19.26,50785,99292559.00,2.51,0.56,0.11,0.60
2026-07-02,19.64,20.02,20.08,19.51,72039,142960823.00,2.91,2.04,0.40,0.85
2026-07-03,19.90,20.01,20.19,19.74,55893,111638726.00,2.25,-0.05,-0.01,0.66
2026-07-06,20.02,20.05,20.14,19.81,39879,79757535.00,1.65,0.20,0.04,0.47
2026-07-07,20.04,19.75,20.14,19.62,34799,68910277.00,2.59,-1.50,-0.30,0.41
2026-07-08,19.76,20.03,20.07,19.50,44023,87306905.00,2.89,1.42,0.28,0.52
2026-07-09,20.03,19.98,20.22,19.75,55346,110496740.00,2.35,-0.25,-0.05,0.65
2026-07-10,19.85,20.28,20.29,19.54,73163,146486696.00,3.75,1.50,0.30,0.86
2026-07-13,20.12,19.80,20.24,19.71,54659,109072253.00,2.61,-2.37,-0.48,0.64
2026-07-14,19.72,19.95,20.06,19.65,41043,81524418.00,2.07,0.76,0.15,0.48
2026-07-15,20.04,20.76,20.81,19.90,88072,181043876.00,4.56,4.06,0.81,1.04
2026-07-16,20.66,21.00,21.10,20.58,70616,147685579.00,2.50,1.16,0.24,0.83
2026-07-17,20.99,20.65,21.28,20.65,67733,141518518.00,3.00,-1.67,-0.35,0.80
2026-07-20,20.60,21.20,21.58,20.58,91253,193240156.00,4.84,2.66,0.55,1.08