2026-06-30,47.00,36.17,49.98,35.87,99383,418136018.36,139.84,258.47,26.08,85.95
2026-07-01,35.00,39.25,42.83,34.88,75099,293017241.53,21.98,8.52,3.08,64.95
2026-07-02,32.00,34.50,36.10,32.00,66518,225701944.76,10.45,-12.10,-4.75,57.53
2026-07-03,34.30,31.75,34.72,31.38,45304,146754838.49,9.68,-7.97,-2.75,39.18
2026-07-06,31.80,29.37,32.50,29.32,36828,113875546.09,10.02,-7.50,-2.38,31.85
2026-07-07,29.17,27.57,29.28,27.50,26749,75444728.11,6.06,-6.13,-1.80,23.13
2026-07-08,28.18,26.72,28.18,26.33,19101,51533976.46,6.71,-3.08,-0.85,16.52
2026-07-09,26.68,25.98,27.15,25.74,20144,53045009.56,5.28,-2.77,-0.74,17.42
2026-07-10,25.82,25.69,26.82,25.55,19538,50980739.32,4.89,-1.12,-0.29,16.90
2026-07-13,25.38,23.85,25.60,23.67,14672,35796803.65,7.51,-7.16,-1.84,12.69
2026-07-14,24.08,25.42,26.50,23.32,21677,54068898.56,13.33,6.58,1.57,18.75
2026-07-15,25.16,23.65,25.60,23.61,17563,42896191.28,7.83,-6.96,-1.77,15.19
2026-07-16,23.16,24.93,25.85,23.16,23166,57144976.01,11.37,5.41,1.28,20.04
2026-07-17,25.00,24.09,25.69,23.95,17820,44302395.10,6.98,-3.37,-0.84,15.41
2026-07-20,24.01,22.39,24.30,21.92,17056,39241295.15,9.88,-7.06,-1.70,14.75
2026-07-21,22.60,22.51,22.74,21.18,12479,27470130.72,6.97,0.54,0.12,10.79
2026-07-22,21.99,22.00,22.79,21.71,9538,21210979.47,4.80,-2.27,-0.51,8.25
2026-07-23,21.90,28.60,28.60,21.11,55861,150928437.50,34.05,30.00,6.60,48.31