2026-01-05,3.45,3.48,3.49,3.44,290614,100801800.00,1.45,1.16,0.04,0.58
2026-01-06,3.48,3.53,3.54,3.47,434768,152603627.00,2.01,1.44,0.05,0.87
2026-01-07,3.53,3.51,3.56,3.50,370286,130620864.00,1.70,-0.57,-0.02,0.74
2026-01-08,3.52,3.56,3.57,3.50,398734,141255782.00,1.99,1.42,0.05,0.80
2026-01-09,3.56,3.66,3.66,3.55,730583,264333284.00,3.09,2.81,0.10,1.46
2026-01-12,3.69,3.73,3.75,3.68,1047867,389567322.00,1.91,1.91,0.07,2.10
2026-01-13,3.76,3.82,3.94,3.72,1771518,677084473.00,5.90,2.41,0.09,3.54
2026-01-14,3.79,3.85,3.94,3.78,1488012,576199110.00,4.19,0.79,0.03,2.98
2026-01-15,3.83,3.81,3.86,3.76,917613,348354525.00,2.60,-1.04,-0.04,1.83
2026-01-16,3.79,3.65,3.80,3.65,932748,344584903.00,3.94,-4.20,-0.16,1.87
2026-01-19,3.64,3.62,3.67,3.58,587624,213037214.00,2.47,-0.82,-0.03,1.18
2026-01-20,3.64,3.66,3.68,3.62,593305,216464815.00,1.66,1.10,0.04,1.19
2026-01-21,3.64,3.66,3.69,3.63,446512,163337271.00,1.64,0.00,0.00,0.89
2026-01-22,3.65,3.70,3.72,3.64,474295,174766841.00,2.19,1.09,0.04,0.95
2026-01-23,3.71,4.07,4.07,3.69,2472118,981977754.00,10.27,10.00,0.37,4.94
2026-01-26,4.06,3.97,4.13,3.94,2206364,881614259.00,4.67,-2.46,-0.10,4.41
2026-01-27,3.98,4.00,4.20,3.94,1869673,753451090.00,6.55,0.76,0.03,3.74
2026-01-28,4.00,4.04,4.06,3.95,1371489,549425467.00,2.75,1.00,0.04,2.74
2026-01-29,4.01,4.44,4.44,3.97,1304316,563459792.00,11.63,9.90,0.40,2.61
2026-01-30,4.42,4.36,4.75,4.31,3890231,1743228186.00,9.91,-1.80,-0.08,7.78
2026-02-02,4.36,4.27,4.53,4.24,2513180,1099626196.00,6.65,-2.06,-0.09,5.03
2026-02-03,4.26,4.39,4.47,4.26,1940063,848501009.00,4.92,2.81,0.12,3.88
2026-02-04,4.35,4.24,4.36,4.16,1733362,733809728.00,4.56,-3.42,-0.15,3.47
2026-02-05,4.19,4.28,4.39,4.18,1338035,572651156.00,4.95,0.94,0.04,2.68
2026-02-06,4.22,4.25,4.32,4.11,1368086,577614832.00,4.91,-0.70,-0.03,2.74
2026-02-09,4.33,4.39,4.44,4.30,1396415,609806612.00,3.29,3.29,0.14,2.79
2026-02-10,4.49,4.64,4.83,4.44,2754916,1274427749.00,8.88,5.69,0.25,5.51
2026-02-11,4.61,4.39,4.63,4.38,1792888,798090007.00,5.39,-5.39,-0.25,3.59
2026-02-12,4.36,4.29,4.39,4.23,1125530,483160351.00,3.64,-2.28,-0.10,2.25
2026-02-13,4.29,4.20,4.34,4.20,858543,364674472.00,3.26,-2.10,-0.09,1.72
2026-02-24,4.21,4.22,4.24,4.14,737081,309231193.00,2.38,0.48,0.02,1.47
2026-02-25,4.21,4.25,4.26,4.18,711211,300708836.00,1.90,0.71,0.03,1.42
2026-02-26,4.25,4.16,4.25,4.16,828552,346490661.00,2.12,-2.12,-0.09,1.66
2026-02-27,4.16,4.18,4.20,4.14,607175,253003959.00,1.44,0.48,0.02,1.21
2026-03-02,4.09,4.03,4.13,4.01,1087005,441330434.00,2.87,-3.59,-0.15,2.17
2026-03-03,4.05,3.89,4.06,3.87,1068508,422386618.00,4.71,-3.47,-0.14,2.14
2026-03-04,3.84,3.83,3.90,3.80,647179,248719989.00,2.57,-1.54,-0.06,1.29
2026-03-05,3.92,3.88,3.95,3.87,605757,236430619.00,2.09,1.31,0.05,1.21
2026-03-06,3.87,3.96,3.96,3.85,502834,198002295.00,2.84,2.06,0.08,1.01
2026-03-09,3.93,4.00,4.01,3.86,730665,287164577.00,3.79,1.01,0.04,1.46
2026-03-10,4.03,4.09,4.20,4.03,946890,388246776.00,4.25,2.25,0.09,1.89
2026-03-11,4.08,4.08,4.10,4.03,573234,232817457.00,1.71,-0.24,-0.01,1.15
2026-03-12,4.06,4.12,4.14,4.05,645504,264852557.00,2.21,0.98,0.04,1.29
2026-03-13,4.09,4.02,4.11,4.01,558826,226881538.00,2.43,-2.43,-0.10,1.12
2026-03-16,4.01,4.00,4.04,3.97,374152,149480781.00,1.74,-0.50,-0.02,0.75
2026-03-17,4.00,3.94,4.03,3.92,434452,172845130.00,2.75,-1.50,-0.06,0.87
2026-03-18,3.93,3.96,3.97,3.88,448175,175695490.00,2.28,0.51,0.02,0.90
2026-03-19,3.94,3.99,4.04,3.91,724100,289156562.00,3.28,0.76,0.03,1.45
2026-03-20,4.00,3.87,4.03,3.87,620391,243879049.00,4.01,-3.01,-0.12,1.24
2026-03-23,3.80,3.68,3.81,3.64,889214,331779728.00,4.39,-4.91,-0.19,1.78
2026-03-24,3.73,3.77,3.78,3.67,504248,187952121.00,2.99,2.45,0.09,1.01
2026-03-25,3.77,3.90,3.95,3.76,631448,244799170.00,5.04,3.45,0.13,1.26
2026-03-26,3.90,3.87,3.97,3.85,501872,195685552.00,3.08,-0.77,-0.03,1.00
2026-03-27,3.84,3.88,3.93,3.83,457627,177728965.00,2.58,0.26,0.01,0.92
2026-03-30,3.83,3.90,3.91,3.78,506899,195373608.00,3.35,0.52,0.02,1.01
2026-03-31,3.90,3.88,4.00,3.87,474589,186572269.00,3.33,-0.51,-0.02,0.95
2026-04-01,3.94,3.97,4.03,3.93,649486,257669105.00,2.58,2.32,0.09,1.30
2026-04-02,3.95,3.82,3.96,3.80,565407,218613928.00,4.03,-3.78,-0.15,1.13
2026-04-03,3.84,3.84,4.00,3.80,1040674,405327745.00,5.24,0.52,0.02,2.08
2026-04-07,3.83,3.94,3.98,3.75,882945,342321298.00,5.99,2.60,0.10,1.77
2026-04-08,4.00,4.09,4.12,3.97,1156564,468427623.00,3.81,3.81,0.15,2.31
2026-04-09,4.04,4.08,4.12,4.02,845467,344442361.00,2.44,-0.24,-0.01,1.69
2026-04-10,4.04,3.96,4.06,3.93,1068615,424383032.00,3.19,-2.94,-0.12,2.14
2026-04-13,3.92,3.89,3.93,3.85,515298,200415115.00,2.02,-1.77,-0.07,1.03
2026-04-14,3.92,4.18,4.28,3.91,2653784,1120763859.00,9.51,7.46,0.29,5.31
2026-04-15,4.18,4.10,4.26,4.09,1797609,743865641.00,4.07,-1.91,-0.08,3.59
2026-04-16,4.12,4.11,4.14,4.06,1023002,419446548.00,1.95,0.24,0.01,2.05
2026-04-17,4.13,4.15,4.15,4.08,857555,352910085.00,1.70,0.97,0.04,1.71
2026-04-20,4.15,4.10,4.17,4.08,780182,320365629.00,2.17,-1.20,-0.05,1.56
2026-04-21,4.08,4.03,4.10,4.00,667182,268883385.00,2.44,-1.71,-0.07,1.33
2026-04-22,4.01,4.05,4.06,3.99,556751,224764642.00,1.74,0.50,0.02,1.11
2026-04-23,4.05,3.95,4.07,3.94,682154,271506000.00,3.21,-2.47,-0.10,1.36
2026-04-24,3.92,3.86,3.93,3.83,622218,240465318.00,2.53,-2.28,-0.09,1.24
2026-04-27,3.85,3.94,4.00,3.81,665397,260502345.00,4.92,2.07,0.08,1.33
2026-04-28,3.92,3.84,3.92,3.82,426825,164752243.00,2.54,-2.54,-0.10,0.85
2026-04-29,3.84,3.89,3.90,3.82,403526,156691415.00,2.08,1.30,0.05,0.81
2026-04-30,3.83,3.88,3.89,3.83,386824,149205076.00,1.54,-0.26,-0.01,0.77
2026-05-06,3.87,3.93,3.95,3.87,440828,173006130.00,2.06,1.29,0.05,0.88
2026-05-07,3.93,4.00,4.03,3.93,633008,252324225.00,2.54,1.78,0.07,1.27
2026-05-08,4.01,4.04,4.16,4.00,807629,329842807.00,4.00,1.00,0.04,1.62
2026-05-11,4.07,4.03,4.08,4.00,634184,256154323.00,1.98,-0.25,-0.01,1.27
2026-05-12,4.01,3.94,4.05,3.92,611945,243621910.00,3.23,-2.23,-0.09,1.22
2026-05-13,3.95,3.97,4.00,3.92,470091,186360499.00,2.03,0.76,0.03,0.94
2026-05-14,3.98,3.84,3.99,3.84,670056,259733588.00,3.78,-3.27,-0.13,1.34
2026-05-15,3.85,3.82,3.92,3.79,600665,231548464.00,3.39,-0.52,-0.02,1.20
2026-05-18,3.82,3.86,3.90,3.81,505187,195032237.00,2.36,1.05,0.04,1.01
2026-05-19,3.85,3.98,3.98,3.84,649168,255270771.00,3.63,3.11,0.12,1.30
2026-05-20,3.96,3.92,4.07,3.86,844020,331067042.00,5.28,-1.51,-0.06,1.69
2026-05-21,3.93,3.82,4.01,3.82,675073,264914159.00,4.85,-2.55,-0.10,1.35
2026-05-22,3.85,3.79,3.86,3.78,470156,179314497.00,2.09,-0.79,-0.03,0.94
2026-05-25,3.80,3.82,3.88,3.76,398675,152055701.00,3.17,0.79,0.03,0.80
2026-05-26,3.80,3.70,3.80,3.67,568187,210673322.00,3.40,-3.14,-0.12,1.14
2026-05-27,3.70,3.62,3.76,3.61,502335,184787288.00,4.05,-2.16,-0.08,1.00
2026-05-28,3.62,3.57,3.64,3.49,528499,188004280.00,4.14,-1.38,-0.05,1.06
2026-05-29,3.57,3.53,3.60,3.52,421333,150097445.00,2.24,-1.12,-0.04,0.84
2026-06-01,3.53,3.58,3.61,3.52,389350,138995422.00,2.55,1.42,0.05,0.78
2026-06-02,3.59,3.52,3.59,3.50,347825,122770917.00,2.51,-1.68,-0.06,0.70
2026-06-03,3.51,3.44,3.52,3.43,381056,132121814.00,2.56,-2.27,-0.08,0.76
2026-06-04,3.43,3.37,3.44,3.35,477663,161548215.00,2.62,-2.03,-0.07,0.96
2026-06-05,3.38,3.40,3.45,3.38,381287,130023075.00,2.08,0.89,0.03,0.76
2026-06-08,3.34,3.27,3.39,3.23,545512,179716246.00,4.71,-3.82,-0.13,1.09
2026-06-09,3.30,3.29,3.31,3.24,292676,95943679.00,2.14,0.61,0.02,0.59
2026-06-10,3.27,3.28,3.32,3.23,306153,100180227.00,2.74,-0.30,-0.01,0.61
2026-06-11,3.28,3.17,3.28,3.16,467223,149026956.00,3.66,-3.35,-0.11,0.93
2026-06-12,3.20,3.15,3.23,3.15,647439,206366062.00,2.52,-0.63,-0.02,1.29
2026-06-15,3.18,3.20,3.25,3.15,498359,159115258.00,3.17,1.59,0.05,1.00
2026-06-16,3.18,3.16,3.19,3.13,409516,129211060.00,1.88,-1.25,-0.04,0.82
2026-06-17,3.17,3.11,3.17,3.09,363428,113476379.00,2.53,-1.58,-0.05,0.73
2026-06-18,3.11,3.10,3.14,3.06,301243,93455228.00,2.57,-0.32,-0.01,0.60
2026-06-22,3.09,3.13,3.13,3.02,409984,125752530.00,3.55,0.97,0.03,0.82
2026-06-23,3.12,3.10,3.19,3.09,426479,134278605.00,3.19,-0.96,-0.03,0.85
2026-06-24,3.11,3.03,3.11,2.99,400972,121511749.00,3.87,-2.26,-0.07,0.80
2026-06-25,3.01,2.99,3.02,2.96,335536,100312075.00,1.98,-1.32,-0.04,0.67
2026-06-26,2.99,2.89,2.99,2.89,397211,115975861.00,3.34,-3.34,-0.10,0.79
2026-06-29,2.89,2.90,2.91,2.81,430600,123451231.00,3.46,0.35,0.01,0.86
2026-06-30,2.89,2.89,2.91,2.85,300233,86611913.00,2.07,-0.34,-0.01,0.60
2026-07-01,2.90,2.95,2.98,2.89,379190,111689529.00,3.11,2.08,0.06,0.76
2026-07-02,2.97,2.93,3.01,2.91,437770,129363696.00,3.39,-0.68,-0.02,0.88
2026-07-03,2.93,2.98,2.99,2.93,316957,93890320.00,2.05,1.71,0.05,0.63
2026-07-06,2.98,2.96,3.00,2.95,259562,77154006.00,1.68,-0.67,-0.02,0.52
2026-07-07,2.96,2.89,2.97,2.88,242443,70599867.00,3.04,-2.36,-0.07,0.48
2026-07-08,2.89,2.92,2.94,2.86,295299,86104375.00,2.77,1.04,0.03,0.59
2026-07-09,2.90,2.93,2.96,2.88,310859,90718671.00,2.74,0.34,0.01,0.62
2026-07-10,2.93,3.00,3.05,2.89,466627,139557869.00,5.46,2.39,0.07,0.93
2026-07-13,3.00,2.91,3.01,2.89,418095,122783100.00,4.00,-3.00,-0.09,0.84
2026-07-14,2.90,2.96,2.98,2.89,304531,89277279.00,3.09,1.72,0.05,0.61
2026-07-15,2.96,3.03,3.06,2.95,392017,118663558.00,3.72,2.36,0.07,0.78
2026-07-16,3.03,3.07,3.10,3.02,513266,157337548.00,2.64,1.32,0.04,1.03
2026-07-17,3.07,3.02,3.12,3.01,477200,146136387.00,3.58,-1.63,-0.05,0.95
2026-07-20,3.02,3.05,3.08,3.00,426796,129699903.00,2.65,0.99,0.03,0.85
2026-07-21,3.05,3.03,3.09,3.01,381786,116111744.00,2.62,-0.66,-0.02,0.76
2026-07-22,3.02,3.02,3.04,2.97,392083,117640676.00,2.31,-0.33,-0.01,0.78
2026-07-23,3.01,3.06,3.06,2.99,269615,81805365.00,2.32,1.32,0.04,0.54
2026-07-24,3.05,2.98,3.06,2.98,340950,102545300.00,2.61,-2.61,-0.08,0.68
2026-07-27,2.98,3.02,3.03,2.96,265552,79909057.00,2.35,1.34,0.04,0.53
2026-07-28,3.00,3.03,3.05,3.00,227281,68864662.00,1.66,0.33,0.01,0.45
2026-07-29,3.03,3.06,3.08,3.03,315261,96625628.00,1.65,0.99,0.03,0.63