2026-01-05,17.72,18.35,18.39,17.71,364599,663460943.00,3.85,4.02,0.71,3.92
2026-01-06,18.30,18.63,18.98,18.20,417468,780235198.00,4.25,1.53,0.28,4.49
2026-01-07,18.78,18.84,19.09,18.55,472297,887140800.00,2.90,1.13,0.21,5.08
2026-01-08,19.07,19.48,19.89,18.96,496365,962790854.00,4.94,3.40,0.64,5.33
2026-01-09,19.59,19.26,19.60,19.06,388388,748675170.00,2.77,-1.13,-0.22,4.17
2026-01-12,19.05,19.24,19.39,18.90,424694,812825317.00,2.54,-0.10,-0.02,4.56
2026-01-13,19.30,18.51,19.40,18.43,420921,794085293.00,5.04,-3.79,-0.73,4.52
2026-01-14,18.40,18.85,19.22,18.39,418683,787576791.00,4.48,1.84,0.34,4.50
2026-01-15,18.65,19.26,19.28,18.58,335178,636789482.00,3.71,2.18,0.41,3.60
2026-01-16,19.51,19.35,19.69,19.02,418588,809636727.00,3.48,0.47,0.09,4.50
2026-01-19,21.29,20.46,21.29,19.96,862908,1762291139.00,6.87,5.74,1.11,9.27
2026-01-20,19.81,19.60,20.13,19.27,626455,1229330794.00,4.20,-4.20,-0.86,6.73
2026-01-21,19.31,19.36,19.75,19.09,392743,761976257.00,3.37,-1.22,-0.24,4.22
2026-01-22,19.51,18.49,19.63,18.34,555122,1038008050.00,6.66,-4.49,-0.87,5.97
2026-01-23,18.35,19.97,20.16,18.33,765481,1490511857.00,9.90,8.00,1.48,8.23
2026-01-26,19.97,19.14,20.23,18.89,506981,982686559.00,6.71,-4.16,-0.83,5.45
2026-01-27,19.00,19.06,19.31,18.29,340130,642970771.00,5.33,-0.42,-0.08,3.65
2026-01-28,19.15,19.65,19.98,19.15,440911,864373579.00,4.35,3.10,0.59,4.74
2026-01-29,19.68,19.30,20.04,19.15,452580,883525861.00,4.53,-1.78,-0.35,4.86
2026-01-30,19.23,18.94,19.59,18.70,300856,574933490.00,4.61,-1.87,-0.36,3.23
2026-02-02,18.62,17.73,18.83,17.71,375562,681418253.00,5.91,-6.39,-1.21,4.04
2026-02-03,18.08,18.20,18.36,17.96,249237,452298322.00,2.26,2.65,0.47,2.68
2026-02-04,18.14,17.94,18.26,17.80,209005,375342610.00,2.53,-1.43,-0.26,2.25
2026-02-05,17.78,17.41,17.78,17.26,223139,389021106.00,2.90,-2.95,-0.53,2.40
2026-02-06,17.18,17.26,17.54,17.18,155823,270942079.00,2.07,-0.86,-0.15,1.67
2026-02-09,17.56,17.73,17.80,17.49,183719,325106456.00,1.80,2.72,0.47,1.97
2026-02-10,17.71,17.74,17.97,17.63,163672,291002295.00,1.92,0.06,0.01,1.76
2026-02-11,17.74,17.77,18.20,17.60,149296,267302942.00,3.38,0.17,0.03,1.60
2026-02-12,17.86,17.91,17.99,17.70,128452,229448535.00,1.63,0.79,0.14,1.38
2026-02-13,17.82,18.95,19.53,17.79,494292,931909886.00,9.72,5.81,1.04,5.31
2026-02-24,18.95,18.52,19.00,18.26,339859,633214861.00,3.91,-2.27,-0.43,3.65
2026-02-25,18.54,19.51,19.66,18.37,397823,763133552.00,6.97,5.35,0.99,4.27
2026-02-26,19.51,19.45,19.61,19.06,265513,514567005.00,2.82,-0.31,-0.06,2.85
2026-02-27,19.30,19.39,19.43,19.01,230150,442512720.00,2.16,-0.31,-0.06,2.47
2026-03-02,18.92,18.73,19.26,18.70,283331,534812990.00,2.89,-3.40,-0.66,3.04
2026-03-03,18.80,18.24,19.29,18.19,288284,535858309.00,5.87,-2.62,-0.49,3.10
2026-03-04,17.91,18.07,18.66,17.89,216429,394153594.00,4.22,-0.93,-0.17,2.33
2026-03-05,18.46,18.42,18.70,18.30,205837,380120075.00,2.21,1.94,0.35,2.21
2026-03-06,18.30,17.96,18.47,17.91,202204,366788578.00,3.04,-2.50,-0.46,2.17
2026-03-09,17.30,17.19,17.35,16.75,315152,536555414.00,3.34,-4.29,-0.77,3.39
2026-03-10,17.48,17.99,18.06,17.38,254066,450138534.00,3.96,4.65,0.80,2.73
2026-03-11,17.98,18.14,18.50,17.91,194336,355429600.00,3.28,0.83,0.15,2.09
2026-03-12,18.19,18.30,18.48,18.06,161708,295074509.00,2.32,0.88,0.16,1.74
2026-03-13,18.21,18.38,19.03,18.13,289205,539001755.00,4.92,0.44,0.08,3.11
2026-03-16,18.40,18.61,18.66,17.74,234698,429724184.00,5.01,1.25,0.23,2.52
2026-03-17,18.69,18.24,18.94,18.24,229224,425673204.00,3.76,-1.99,-0.37,2.46
2026-03-18,18.31,18.93,19.30,18.31,406136,767042216.00,5.43,3.78,0.69,4.36
2026-03-19,18.67,18.45,18.87,18.35,271559,504270614.00,2.75,-2.54,-0.48,2.92
2026-03-20,18.60,19.07,19.68,18.55,538690,1030897689.00,6.12,3.36,0.62,5.79
2026-03-23,19.08,18.57,19.63,18.37,656814,1244923022.00,6.61,-2.62,-0.50,7.06
2026-03-24,18.90,19.11,19.25,18.41,436907,825215337.00,4.52,2.91,0.54,4.69
2026-03-25,19.11,19.32,19.79,19.00,438302,851420631.00,4.13,1.10,0.21,4.71
2026-03-26,19.13,18.95,19.40,18.77,354557,674074145.00,3.26,-1.92,-0.37,3.81
2026-03-27,18.60,18.71,19.15,18.53,360745,679776790.00,3.27,-1.27,-0.24,3.88
2026-03-30,18.45,18.82,19.10,17.99,335605,620566412.00,5.93,0.59,0.11,3.61
2026-03-31,18.70,18.38,18.94,18.36,252336,470840433.00,3.08,-2.34,-0.44,2.71
2026-04-01,18.78,18.66,19.00,18.56,261399,491914778.00,2.39,1.52,0.28,2.81
2026-04-02,18.60,17.81,18.65,17.67,340053,612772082.00,5.25,-4.56,-0.85,3.65
2026-04-03,17.82,18.18,18.59,17.60,260769,474686120.00,5.56,2.08,0.37,2.80
2026-04-07,18.49,19.17,19.54,18.40,489571,937732707.00,6.27,5.45,0.99,5.26
2026-04-08,19.50,21.09,21.09,19.29,853311,1754679849.00,9.39,10.02,1.92,9.17
2026-04-09,20.92,21.06,21.61,20.70,887761,1881709598.00,4.31,-0.14,-0.03,9.54
2026-04-10,21.33,22.08,22.26,21.07,753093,1634710911.00,5.65,4.84,1.02,8.09
2026-04-13,21.70,21.82,22.35,21.70,512516,1124654402.00,2.94,-1.18,-0.26,5.51
2026-04-14,22.05,22.34,22.78,21.97,450154,1006528379.00,3.71,2.38,0.52,4.84
2026-04-15,22.43,21.82,22.60,21.77,405882,895780439.00,3.72,-2.33,-0.52,4.36
2026-04-16,21.75,22.08,22.20,21.43,464547,1010122061.00,3.53,1.19,0.26,4.99
2026-04-17,22.20,24.29,24.29,22.20,564824,1334186878.00,9.47,10.01,2.21,6.07
2026-04-20,24.22,24.85,25.33,24.01,763638,1890244849.00,5.43,2.31,0.56,8.21
2026-04-21,24.73,24.60,25.01,24.50,386280,955110035.00,2.05,-1.01,-0.25,4.15
2026-04-22,24.63,27.06,27.06,24.52,478716,1234599415.00,10.33,10.00,2.46,5.14
2026-04-23,26.90,27.00,28.86,26.77,1060967,2926024501.00,7.72,-0.22,-0.06,11.40
2026-04-24,27.08,27.22,28.50,27.06,627164,1726306256.00,5.33,0.81,0.22,6.74
2026-04-27,27.55,26.52,27.69,26.37,728761,1953070328.00,4.85,-2.57,-0.70,7.83
2026-04-28,26.40,27.24,27.97,25.50,655297,1762293622.00,9.31,2.71,0.72,7.04
2026-04-29,27.10,27.06,27.52,26.60,407379,1105364759.00,3.38,-0.66,-0.18,4.38
2026-04-30,27.20,27.62,28.53,27.20,587051,1636070756.00,4.92,2.07,0.56,6.31
2026-05-06,28.14,27.58,28.28,26.61,780406,2148064309.00,6.05,-0.14,-0.04,8.39
2026-05-07,27.68,28.22,28.64,27.66,550129,1553326121.00,3.55,2.32,0.64,5.91
2026-05-08,27.85,28.63,29.23,27.66,508217,1451034743.00,5.56,1.45,0.41,5.46
2026-05-11,28.99,29.41,29.97,28.60,782342,2291491792.00,4.79,2.72,0.78,8.41
2026-05-12,29.12,29.66,29.97,27.56,717947,2068708665.00,8.19,0.85,0.25,7.71
2026-05-13,29.05,29.20,30.00,28.68,523560,1533265048.00,4.45,-1.55,-0.46,5.63
2026-05-14,29.20,30.63,31.60,28.75,760426,2313208356.00,9.76,4.90,1.43,8.17
2026-05-15,30.88,28.88,31.80,28.30,881249,2621852725.00,11.43,-5.71,-1.75,9.47
2026-05-18,29.50,31.04,31.75,29.40,862048,2657327579.00,8.14,7.48,2.16,9.26
2026-05-19,30.45,29.23,30.82,28.30,774925,2265640286.00,8.12,-5.83,-1.81,8.33
2026-05-20,28.98,29.20,29.95,28.10,608838,1770116014.00,6.33,-0.10,-0.03,6.54
2026-05-21,29.49,26.66,29.50,26.40,910369,2532742427.00,10.62,-8.70,-2.54,9.78
2026-05-22,26.80,27.93,28.30,26.80,642267,1769647628.00,5.63,4.76,1.27,6.90
2026-05-25,27.97,28.56,29.06,26.68,759126,2135153955.00,8.52,2.26,0.63,8.16
2026-05-26,28.05,27.75,28.23,27.03,481487,1325134428.00,4.20,-2.84,-0.81,5.17
2026-05-27,27.80,26.79,28.36,26.72,410201,1127806135.00,5.91,-3.46,-0.96,4.41
2026-05-28,26.80,28.00,28.34,26.30,493173,1360365065.00,7.61,4.52,1.21,5.30
2026-05-29,28.40,26.90,28.56,26.71,425432,1165438993.00,6.61,-3.93,-1.10,4.57
2026-06-01,27.00,26.05,27.30,26.00,379346,1005422783.00,4.83,-3.16,-0.85,4.08
2026-06-02,26.49,25.65,26.49,25.47,269563,697599053.00,3.92,-1.54,-0.40,2.90
2026-06-03,25.51,27.04,27.79,25.44,442250,1192467920.00,9.16,5.42,1.39,4.75
2026-06-04,26.83,26.72,27.32,26.38,287566,773717147.00,3.48,-1.18,-0.32,3.09
2026-06-05,26.46,25.70,26.61,25.57,413809,1077003701.00,3.89,-3.82,-1.02,4.45
2026-06-08,24.30,24.57,25.78,24.21,388204,964932040.00,6.11,-4.40,-1.13,4.17
2026-06-09,24.90,27.03,27.03,24.88,550058,1442996331.00,8.75,10.01,2.46,5.91
2026-06-10,26.90,27.53,28.90,26.70,634124,1763775050.00,8.14,1.85,0.50,6.81
2026-06-11,28.10,28.91,30.28,27.53,1087380,3172757561.00,9.99,5.01,1.38,11.68
2026-06-12,29.41,28.48,29.90,28.27,814297,2369185320.00,5.64,-1.49,-0.43,8.75
2026-06-15,28.55,31.05,31.33,28.11,931405,2815765845.00,11.31,9.02,2.57,10.01
2026-06-16,30.65,32.94,33.02,30.65,823381,2624834386.00,7.63,6.09,1.89,8.85
2026-06-17,32.36,33.00,33.51,32.15,713838,2342895136.00,4.13,0.18,0.06,7.67
2026-06-18,32.90,33.45,35.28,32.81,738061,2517030062.00,7.48,1.36,0.45,7.93
2026-06-22,34.90,36.01,36.08,34.20,988929,3486372231.00,5.62,7.65,2.56,10.63
2026-06-23,36.90,36.08,38.30,35.30,952542,3507913846.00,8.33,0.19,0.07,10.24
2026-06-24,35.41,37.76,38.45,35.30,915467,3372616659.00,8.73,4.66,1.68,9.84
2026-06-25,38.00,37.20,39.08,36.43,949712,3569608836.00,7.02,-1.48,-0.56,10.21
2026-06-26,37.00,38.26,39.36,36.62,909678,3463386508.00,7.37,2.85,1.06,9.77
2026-06-29,37.82,36.24,38.65,34.62,1020827,3704612128.00,10.53,-5.28,-2.02,10.97
2026-06-30,36.96,39.86,39.86,36.33,761918,2910219717.00,9.74,9.99,3.62,8.19
2026-07-01,41.17,43.85,43.85,40.59,1265872,5470812363.00,8.18,10.01,3.99,13.60
2026-07-02,48.24,48.24,48.24,44.98,686965,3282307867.00,7.43,10.01,4.39,7.38
2026-07-03,47.76,47.51,50.99,47.00,1804534,8843691353.00,8.27,-1.51,-0.73,19.39
2026-07-06,46.36,43.44,48.36,42.76,1478709,6566445918.00,11.79,-8.57,-4.07,15.89
2026-07-07,42.98,44.35,45.88,42.10,927804,4139290768.00,8.70,2.09,0.91,9.97
2026-07-08,44.08,41.58,44.82,39.92,939796,3904263637.00,11.05,-6.25,-2.77,10.10
2026-07-09,42.10,43.24,43.39,40.84,816986,3463418587.00,6.13,3.99,1.66,8.78
2026-07-10,41.56,42.70,46.48,41.39,938657,4140764228.00,11.77,-1.25,-0.54,10.09
2026-07-13,41.10,39.38,43.30,38.84,828338,3390312045.00,10.44,-7.78,-3.32,8.90
2026-07-14,40.00,40.14,40.97,38.38,666790,2637584525.00,6.58,1.93,0.76,7.16
2026-07-15,40.60,39.70,41.55,38.50,638040,2555164770.00,7.60,-1.10,-0.44,6.86
2026-07-16,38.00,35.73,39.18,35.73,692618,2576967529.00,8.69,-10.00,-3.97,7.44
2026-07-17,34.27,32.16,35.60,32.16,881113,2982258662.00,9.63,-9.99,-3.57,9.47
2026-07-20,32.98,28.94,32.98,28.94,622215,1888461947.00,12.56,-10.01,-3.22,6.69
2026-07-21,28.30,31.83,31.83,26.05,1219735,3494916437.00,19.97,9.99,2.89,13.11
2026-07-22,31.00,31.31,33.15,30.86,740050,2375186960.00,7.19,-1.63,-0.52,7.95
2026-07-23,31.94,29.93,31.95,29.52,549826,1671144947.00,7.76,-4.41,-1.38,5.91
2026-07-24,29.93,30.52,32.11,28.98,648817,1998959750.00,10.46,1.97,0.59,6.97
2026-07-27,30.53,30.52,31.43,28.90,617247,1849042431.00,8.29,0.00,0.00,6.63
2026-07-28,30.00,28.73,31.36,28.31,567160,1688434797.00,9.99,-5.87,-1.79,6.09
2026-07-29,28.57,27.55,28.97,25.89,764049,2068092951.00,10.72,-4.11,-1.18,8.21