2026-01-05,12.86,12.87,12.98,12.80,121378,160793496.00,1.40,0.00,0.00,1.18
2026-01-06,12.89,13.16,13.18,12.87,150458,201671697.00,2.41,2.25,0.29,1.46
2026-01-07,13.12,12.94,13.12,12.93,119970,160558927.00,1.44,-1.67,-0.22,1.17
2026-01-08,12.95,13.09,13.21,12.92,134087,181065646.00,2.24,1.16,0.15,1.30
2026-01-09,13.17,13.27,13.51,13.15,149548,204776649.00,2.75,1.38,0.18,1.45
2026-01-12,13.28,13.30,13.41,13.23,152240,208606071.00,1.36,0.23,0.03,1.48
2026-01-13,13.27,13.13,13.28,13.05,143042,193588700.00,1.73,-1.28,-0.17,1.39
2026-01-14,13.13,13.07,13.32,12.92,153174,207525032.00,3.05,-0.46,-0.06,1.49
2026-01-15,13.05,13.16,13.26,13.02,96977,130928314.00,1.84,0.69,0.09,0.94
2026-01-16,13.20,13.30,13.30,13.15,122331,166485715.00,1.14,1.06,0.14,1.19
2026-01-19,13.31,13.49,13.54,13.30,130251,180233436.00,1.80,1.43,0.19,1.27
2026-01-20,13.49,13.43,13.58,13.35,112286,155174675.00,1.70,-0.44,-0.06,1.09
2026-01-21,13.40,13.42,13.57,13.36,112876,156464965.00,1.56,-0.07,-0.01,1.10
2026-01-22,13.56,13.73,13.86,13.48,186520,262901380.00,2.83,2.31,0.31,1.81
2026-01-23,13.74,13.99,14.08,13.74,163706,233630296.00,2.48,1.89,0.26,1.59
2026-01-26,14.04,13.81,14.08,13.67,152586,216274519.00,2.93,-1.29,-0.18,1.48
2026-01-27,13.69,13.84,13.96,13.53,145453,205218729.00,3.11,0.22,0.03,1.41
2026-01-28,13.80,13.85,13.93,13.60,124496,175959385.00,2.38,0.07,0.01,1.21
2026-01-29,13.85,13.56,13.86,13.55,126520,178156083.00,2.24,-2.09,-0.29,1.23
2026-01-30,13.38,13.53,13.64,13.18,146833,203185503.00,3.39,-0.22,-0.03,1.43
2026-02-02,13.53,12.95,13.53,12.94,123734,168311989.00,4.36,-4.29,-0.58,1.20
2026-02-03,13.07,13.26,13.27,13.02,83360,113043638.00,1.93,2.39,0.31,0.81
2026-02-04,13.26,13.45,13.52,13.22,108417,149718302.00,2.26,1.43,0.19,1.05
2026-02-05,13.49,13.17,13.51,13.09,106947,145521653.00,3.12,-2.08,-0.28,1.04
2026-02-06,13.08,13.15,13.37,13.00,88927,121116544.00,2.81,-0.15,-0.02,0.87
2026-02-09,13.24,13.50,13.51,13.19,98726,135994576.00,2.43,2.66,0.35,0.96
2026-02-10,13.50,13.42,13.64,13.37,75605,104676259.00,2.00,-0.59,-0.08,0.74
2026-02-11,13.38,13.47,13.58,13.37,76627,106327305.00,1.56,0.37,0.05,0.75
2026-02-12,13.50,13.38,13.57,13.31,82707,114271272.00,1.93,-0.67,-0.09,0.80
2026-02-13,13.39,13.14,13.47,13.14,77582,106155153.00,2.47,-1.79,-0.24,0.75
2026-02-24,13.28,13.63,13.66,13.22,115930,161670566.00,3.35,3.73,0.49,1.13
2026-02-25,13.63,13.71,13.82,13.59,98053,138388518.00,1.69,0.59,0.08,0.95
2026-02-26,13.78,13.93,13.99,13.59,116423,165439890.00,2.92,1.60,0.22,1.13
2026-02-27,13.95,13.85,13.96,13.77,87394,124518756.00,1.36,-0.57,-0.08,0.85
2026-03-02,13.77,13.86,14.01,13.67,120601,171917474.00,2.45,0.07,0.01,1.17
2026-03-03,13.86,13.38,13.98,13.31,132262,184519894.00,4.83,-3.46,-0.48,1.29
2026-03-04,13.24,13.49,13.72,13.22,107041,148808018.00,3.74,0.82,0.11,1.04
2026-03-05,13.62,13.83,13.94,13.58,117315,166313634.00,2.67,2.52,0.34,1.14
2026-03-06,13.81,14.06,14.21,13.69,165539,238510872.00,3.76,1.66,0.23,1.61
2026-03-09,14.00,14.03,14.12,13.79,136833,195758991.00,2.35,-0.21,-0.03,1.33
2026-03-10,14.08,14.28,14.38,13.99,177268,258588912.00,2.78,1.78,0.25,1.72
2026-03-11,14.26,14.49,14.57,14.13,172931,255210193.00,3.08,1.47,0.21,1.68
2026-03-12,14.50,15.09,15.29,14.28,372741,566900944.00,6.97,4.14,0.60,3.63
2026-03-13,15.12,16.27,16.60,14.86,663556,1068667289.00,11.53,7.82,1.18,6.45
2026-03-16,16.50,15.44,16.71,15.11,616484,996296163.00,9.83,-5.10,-0.83,6.00
2026-03-17,15.08,14.72,15.61,14.65,489400,754280297.00,6.22,-4.66,-0.72,4.76
2026-03-18,14.73,14.48,14.82,14.22,348127,515745754.00,4.08,-1.63,-0.24,3.39
2026-03-19,14.31,14.75,15.29,14.25,403943,613470281.00,7.18,1.86,0.27,3.93
2026-03-20,14.62,14.52,15.02,14.43,323275,486633983.00,4.00,-1.56,-0.23,3.14
2026-03-23,14.14,14.01,14.65,13.89,292793,427592971.00,5.23,-3.51,-0.51,2.85
2026-03-24,14.29,14.43,14.47,13.91,245448,359115315.00,4.00,3.00,0.42,2.39
2026-03-25,14.37,14.62,14.75,14.31,238651,356955634.00,3.05,1.32,0.19,2.32
2026-03-26,14.53,14.12,14.70,14.09,218301,321156023.00,4.17,-3.42,-0.50,2.12
2026-03-27,13.96,14.33,14.48,13.94,177140,259545379.00,3.82,1.49,0.21,1.72
2026-03-30,14.14,14.48,14.64,14.06,213184,314721849.00,4.05,1.05,0.15,2.07
2026-03-31,14.42,14.02,14.60,14.02,175618,256917117.00,4.01,-3.18,-0.46,1.71
2026-04-01,14.22,13.98,14.41,13.90,172389,249876365.00,3.64,-0.29,-0.04,1.68
2026-04-02,13.88,13.52,14.27,13.43,213874,302210161.00,6.01,-3.29,-0.46,2.08
2026-04-03,13.55,12.94,13.59,12.92,187074,252258698.00,4.96,-4.29,-0.58,1.82
2026-04-07,12.97,13.02,13.12,12.92,86643,116148839.00,1.55,0.62,0.08,0.84
2026-04-08,13.28,13.56,13.56,13.24,133514,184500831.00,2.46,4.15,0.54,1.30
2026-04-09,13.42,13.50,13.65,13.35,108365,150486436.00,2.21,-0.44,-0.06,1.05
2026-04-10,13.52,13.63,13.83,13.52,103671,146069587.00,2.30,0.96,0.13,1.01
2026-04-13,13.43,13.66,13.73,13.42,88896,124545281.00,2.27,0.22,0.03,0.86
2026-04-14,13.77,13.70,13.81,13.54,76518,107139694.00,1.98,0.29,0.04,0.74
2026-04-15,13.69,13.72,13.89,13.62,96755,136715727.00,1.97,0.15,0.02,0.94
2026-04-16,13.67,13.71,13.81,13.66,73600,103823989.00,1.09,-0.07,-0.01,0.72
2026-04-17,13.68,13.97,14.12,13.66,122404,174989886.00,3.36,1.90,0.26,1.19
2026-04-20,13.93,14.30,14.34,13.84,155738,226574069.00,3.58,2.36,0.33,1.51
2026-04-21,14.31,14.19,14.35,14.04,94990,138223527.00,2.17,-0.77,-0.11,0.92
2026-04-22,14.10,14.36,14.42,14.04,116830,171737143.00,2.68,1.20,0.17,1.14
2026-04-23,14.36,14.18,14.48,14.04,124035,180911107.00,3.06,-1.25,-0.18,1.21
2026-04-24,14.05,14.07,14.38,14.05,106567,155343424.00,2.33,-0.78,-0.11,1.04
2026-04-27,14.07,14.02,14.26,14.00,125345,181928158.00,1.85,-0.36,-0.05,1.22
2026-04-28,13.03,12.61,13.37,12.58,406872,537564995.00,5.63,-10.06,-1.41,3.96
2026-04-29,12.44,12.62,12.74,12.42,172224,223420197.00,2.54,0.08,0.01,1.68
2026-04-30,12.50,12.37,12.57,12.18,165366,210234703.00,3.09,-1.98,-0.25,1.61
2026-05-06,12.42,12.26,12.51,12.20,167502,212301810.00,2.51,-0.89,-0.11,1.63
2026-05-07,12.27,12.23,12.34,12.21,142051,179594525.00,1.06,-0.24,-0.03,1.38
2026-05-08,12.24,12.29,12.31,12.08,158298,199182167.00,1.88,0.49,0.06,1.54
2026-05-11,12.30,12.55,12.78,12.30,227911,295482026.00,3.91,2.12,0.26,2.22
2026-05-12,12.55,12.34,12.56,12.32,126489,161782304.00,1.91,-1.67,-0.21,1.23
2026-05-13,12.46,12.85,13.25,12.38,262193,346291970.00,7.05,4.13,0.51,2.55
2026-05-14,12.86,12.44,12.93,12.44,150285,195004467.00,3.81,-3.19,-0.41,1.46
2026-05-15,12.42,12.22,12.47,12.02,163182,205185625.00,3.62,-1.77,-0.22,1.59
2026-05-18,12.12,12.03,12.22,11.95,87795,109376906.00,2.21,-1.55,-0.19,0.85
2026-05-19,12.07,12.08,12.12,11.83,93145,115092399.00,2.41,0.42,0.05,0.91
2026-05-20,12.03,11.90,12.03,11.85,71902,88391321.00,1.49,-1.49,-0.18,0.70
2026-05-21,11.96,11.74,11.98,11.73,104575,127913417.00,2.10,-1.34,-0.16,1.02
2026-05-22,11.73,11.89,12.02,11.63,122296,149603789.00,3.32,1.28,0.15,1.19
2026-05-25,11.87,11.83,11.93,11.72,87219,106253536.00,1.77,-0.50,-0.06,0.85
2026-05-26,11.82,11.99,11.99,11.64,97649,118872897.00,2.96,1.35,0.16,0.95
2026-05-27,11.99,11.67,12.06,11.63,90876,110776798.00,3.59,-2.67,-0.32,0.88
2026-05-28,11.67,11.63,11.81,11.45,74732,89815389.00,3.08,-0.34,-0.04,0.73
2026-05-29,11.54,11.41,11.68,11.39,86307,102419045.00,2.49,-1.89,-0.22,0.84
2026-06-01,11.42,11.59,11.65,11.40,72140,85757398.00,2.19,1.58,0.18,0.70
2026-06-02,11.62,11.30,11.62,11.29,77096,90821668.00,2.85,-2.50,-0.29,0.75
2026-06-03,11.30,11.05,11.30,11.02,80756,92872438.00,2.48,-2.21,-0.25,0.78
2026-06-04,11.04,10.81,11.06,10.76,85342,96041649.00,2.71,-2.17,-0.24,0.83
2026-06-05,10.72,10.76,10.96,10.65,79468,88877535.00,2.87,-0.46,-0.05,0.77
2026-06-08,10.58,10.28,10.74,10.12,132783,142738558.00,5.76,-4.46,-0.48,1.29
2026-06-09,10.30,10.20,10.35,10.09,118756,125604495.00,2.53,-0.78,-0.08,1.15
2026-06-10,10.12,10.33,10.42,10.03,108339,114703601.00,3.82,1.27,0.13,1.05
2026-06-11,10.26,10.25,10.35,10.13,55024,58329404.00,2.13,-0.77,-0.08,0.53
2026-06-12,10.32,10.33,10.44,10.24,75510,80943920.00,1.95,0.78,0.08,0.73
2026-06-15,10.37,10.58,10.59,10.37,76398,83015041.00,2.13,2.42,0.25,0.74
2026-06-16,10.61,10.79,11.20,10.48,115418,129011618.00,6.81,1.98,0.21,1.12
2026-06-17,10.77,10.61,10.77,10.53,73759,81095305.00,2.22,-1.67,-0.18,0.72
2026-06-18,10.54,10.43,10.59,10.38,60800,65920720.00,1.98,-1.70,-0.18,0.59
2026-06-22,10.38,10.43,10.44,10.10,72035,76690306.00,3.26,0.00,0.00,0.70
2026-06-23,10.41,10.24,10.55,10.19,58238,62622647.00,3.45,-1.82,-0.19,0.57
2026-06-24,10.31,9.98,10.31,9.91,72129,75038034.00,3.91,-2.54,-0.26,0.70
2026-06-25,9.97,9.86,9.99,9.78,75985,77856729.00,2.10,-1.20,-0.12,0.74
2026-06-26,9.96,9.68,10.07,9.68,78085,79976250.00,3.96,-1.83,-0.18,0.76
2026-06-29,9.62,9.72,9.87,9.44,83323,83658907.00,4.44,0.41,0.04,0.81
2026-06-30,9.70,9.84,9.97,9.67,70082,71809846.00,3.09,1.23,0.12,0.68
2026-07-01,9.84,9.87,10.00,9.66,77101,78723375.00,3.46,0.30,0.03,0.75
2026-07-02,9.87,9.76,9.94,9.71,78679,80217689.00,2.33,-1.11,-0.11,0.76
2026-07-03,9.81,9.96,9.98,9.75,76784,78923202.00,2.36,2.05,0.20,0.75
2026-07-06,9.96,9.75,10.01,9.72,71600,73028454.00,2.91,-2.11,-0.21,0.70
2026-07-07,9.80,9.46,9.80,9.45,80074,79586853.00,3.59,-2.97,-0.29,0.78
2026-07-08,9.52,9.21,9.53,9.21,76330,74061588.00,3.38,-2.64,-0.25,0.74
2026-07-09,9.24,9.04,9.28,8.91,102154,96201102.00,4.02,-1.85,-0.17,0.99
2026-07-10,9.04,9.22,9.43,8.96,89052,85496617.00,5.20,1.99,0.18,0.87
2026-07-13,9.23,8.96,9.24,8.95,86771,81839034.00,3.15,-2.82,-0.26,0.84
2026-07-14,9.04,9.08,9.11,8.92,71249,66907399.00,2.12,1.34,0.12,0.69
2026-07-15,9.08,9.24,9.35,9.08,72117,69346505.00,2.97,1.76,0.16,0.70
2026-07-16,9.29,9.29,9.41,9.10,75111,72494649.00,3.35,0.54,0.05,0.73
2026-07-17,9.32,9.13,9.42,9.10,98815,95254221.00,3.44,-1.72,-0.16,0.96
2026-07-20,9.18,9.35,9.38,9.12,109552,105750856.00,2.85,2.41,0.22,1.06
2026-07-21,9.35,9.46,9.50,9.32,114766,112390947.00,1.93,1.18,0.11,1.12
2026-07-22,9.51,9.37,9.51,9.25,114581,111632146.00,2.75,-0.95,-0.09,1.11
2026-07-23,9.33,9.58,9.58,9.26,110697,104509602.00,3.42,2.24,0.21,1.08
2026-07-24,9.57,9.37,9.70,9.35,83047,78871030.00,3.65,-2.19,-0.21,0.81
2026-07-27,9.34,9.58,9.67,9.34,77101,73724468.00,3.52,2.24,0.21,0.75
2026-07-28,9.51,9.65,9.66,9.48,62042,59448235.00,1.88,0.73,0.07,0.60
2026-07-29,9.64,9.92,9.93,9.61,96683,94903602.00,3.32,2.80,0.27,0.94