2026-01-05,8.28,8.34,8.35,8.26,336451,283104721.86,1.09,1.09,0.09,0.77
2026-01-06,8.35,8.66,8.68,8.34,975172,843979989.08,4.08,3.84,0.32,2.23
2026-01-07,8.65,8.56,8.65,8.50,548278,475072639.17,1.73,-1.15,-0.10,1.26
2026-01-08,8.50,8.41,8.52,8.38,492303,420509972.99,1.64,-1.75,-0.15,1.13
2026-01-09,8.41,8.53,8.55,8.40,435123,373193357.94,1.78,1.43,0.12,1.00
2026-01-12,8.53,8.59,8.62,8.45,582877,503737307.25,1.99,0.70,0.06,1.34
2026-01-13,8.61,8.54,8.68,8.50,482761,419731212.28,2.10,-0.58,-0.05,1.11
2026-01-14,8.51,8.47,8.68,8.41,686814,595655354.43,3.16,-0.82,-0.07,1.57
2026-01-15,8.44,8.36,8.47,8.32,421536,357958534.76,1.77,-1.30,-0.11,0.97
2026-01-16,8.42,8.33,8.44,8.31,321812,272169037.78,1.56,-0.36,-0.03,0.74
2026-01-19,8.31,8.34,8.37,8.28,243681,205341991.15,1.08,0.12,0.01,0.56
2026-01-20,8.34,8.38,8.41,8.33,296708,251138631.35,0.96,0.48,0.04,0.68
2026-01-21,8.36,8.35,8.39,8.33,261214,220910773.44,0.72,-0.36,-0.03,0.60
2026-01-22,8.35,8.36,8.41,8.34,202203,171232068.85,0.84,0.12,0.01,0.46
2026-01-23,8.38,8.38,8.41,8.35,324519,275329591.67,0.72,0.24,0.02,0.74
2026-01-26,8.38,8.42,8.51,8.38,558610,477583438.31,1.55,0.48,0.04,1.28
2026-01-27,8.40,8.31,8.42,8.21,439810,369575026.94,2.49,-1.31,-0.11,1.01
2026-01-28,8.31,8.40,8.45,8.30,471038,400054342.38,1.81,1.08,0.09,1.08
2026-01-29,8.39,8.44,8.46,8.30,522323,442326445.33,1.90,0.48,0.04,1.20
2026-01-30,8.39,8.25,8.43,8.18,548209,459691628.18,2.96,-2.25,-0.19,1.26
2026-02-02,8.20,8.02,8.30,8.01,488863,403970527.69,3.52,-2.79,-0.23,1.12
2026-02-03,8.07,8.02,8.09,7.96,366466,297624122.62,1.62,0.00,0.00,0.84
2026-02-04,8.01,8.12,8.14,7.98,362033,295397849.26,2.00,1.25,0.10,0.83
2026-02-05,8.09,8.12,8.18,8.06,287063,236009986.93,1.48,0.00,0.00,0.66
2026-02-06,8.09,8.07,8.18,8.07,249144,204770030.86,1.35,-0.62,-0.05,0.57
2026-02-09,8.12,8.18,8.18,8.12,230753,190637568.01,0.74,1.36,0.11,0.53
2026-02-10,8.18,8.18,8.20,8.16,179359,148607871.64,0.49,0.00,0.00,0.41
2026-02-11,8.18,8.26,8.30,8.18,285791,238857307.80,1.47,0.98,0.08,0.65
2026-02-12,8.26,8.22,8.27,8.19,188200,156655411.19,0.97,-0.48,-0.04,0.43
2026-02-13,8.23,8.11,8.25,8.11,256218,212306502.57,1.70,-1.34,-0.11,0.59
2026-02-24,8.17,8.20,8.24,8.13,226051,187590033.72,1.36,1.11,0.09,0.52
2026-02-25,8.19,8.24,8.32,8.19,262272,219660470.33,1.59,0.49,0.04,0.60
2026-02-26,8.25,8.22,8.26,8.20,221233,184311036.79,0.73,-0.24,-0.02,0.51
2026-02-27,8.21,8.22,8.26,8.18,181475,150951559.51,0.97,0.00,0.00,0.42
2026-03-02,8.12,8.11,8.19,8.05,328353,269955556.66,1.70,-1.34,-0.11,0.75
2026-03-03,8.12,8.02,8.19,8.02,384366,315288174.38,2.10,-1.11,-0.09,0.88
2026-03-04,7.98,7.77,7.99,7.75,459248,365618084.53,2.99,-3.12,-0.25,1.05
2026-03-05,7.87,7.77,7.87,7.75,243991,192677522.69,1.54,0.00,0.00,0.56
2026-03-06,7.75,7.87,7.93,7.73,248907,198131845.10,2.57,1.29,0.10,0.57
2026-03-09,7.80,7.80,7.84,7.70,277335,218254160.13,1.78,-0.89,-0.07,0.64
2026-03-10,7.84,7.88,7.91,7.82,191146,152174963.33,1.15,1.03,0.08,0.44
2026-03-11,7.88,7.90,7.92,7.83,210595,167957612.35,1.14,0.25,0.02,0.48
2026-03-12,7.89,7.90,7.96,7.88,186049,149126210.28,1.01,0.00,0.00,0.43
2026-03-13,7.89,7.86,7.95,7.86,183160,146530214.95,1.14,-0.51,-0.04,0.42
2026-03-16,7.84,7.84,7.87,7.78,184945,146643097.38,1.15,-0.25,-0.02,0.42
2026-03-17,7.87,7.88,8.02,7.86,307971,247550220.65,2.04,0.51,0.04,0.71
2026-03-18,7.88,7.83,7.90,7.81,184037,146105109.22,1.14,-0.63,-0.05,0.42
2026-03-19,7.78,7.73,7.81,7.69,249715,195984925.78,1.53,-1.28,-0.10,0.57
2026-03-20,7.75,7.65,7.78,7.65,297380,232402966.50,1.68,-1.03,-0.08,0.68
2026-03-23,7.54,7.24,7.59,7.20,441662,329536334.49,5.10,-5.36,-0.41,1.01
2026-03-24,7.31,7.38,7.40,7.24,248358,184561266.10,2.21,1.93,0.14,0.57
2026-03-25,7.37,7.46,7.52,7.37,246364,186101116.93,2.03,1.08,0.08,0.56
2026-03-26,7.51,7.41,7.64,7.39,351686,267801788.04,3.35,-0.67,-0.05,0.81
2026-03-27,7.34,7.48,7.51,7.33,224440,169611005.46,2.43,0.94,0.07,0.51
2026-03-30,7.41,7.51,7.52,7.35,205584,155219000.36,2.27,0.40,0.03,0.47
2026-03-31,7.53,7.57,7.81,7.52,401895,312038278.85,3.86,0.80,0.06,0.92
2026-04-01,7.65,7.63,7.70,7.59,194981,150847691.18,1.45,0.79,0.06,0.45
2026-04-02,7.63,7.54,7.63,7.50,196750,150568479.90,1.70,-1.18,-0.09,0.45
2026-04-03,7.56,7.46,7.57,7.44,124591,94681987.90,1.72,-1.06,-0.08,0.29
2026-04-07,7.47,7.43,7.49,7.39,127156,95767845.04,1.34,-0.40,-0.03,0.29
2026-04-08,7.53,7.67,7.68,7.53,304380,234855052.49,2.02,3.23,0.24,0.70
2026-04-09,7.63,7.51,7.63,7.51,176509,135151451.24,1.56,-2.09,-0.16,0.40
2026-04-10,7.60,7.66,7.81,7.58,391676,306262000.03,3.06,2.00,0.15,0.90
2026-04-13,7.62,7.70,7.75,7.61,229971,179516657.70,1.83,0.52,0.04,0.53
2026-04-14,7.77,7.75,7.78,7.63,178982,139574831.96,1.95,0.65,0.05,0.41
2026-04-15,7.76,7.72,7.78,7.71,132733,104025876.73,0.90,-0.39,-0.03,0.30
2026-04-16,7.75,7.75,7.80,7.73,166234,130702859.07,0.91,0.39,0.03,0.38
2026-04-17,7.75,7.76,7.78,7.70,144984,113729061.75,1.03,0.13,0.01,0.33
2026-04-20,7.77,7.77,7.80,7.75,176703,139066105.33,0.64,0.13,0.01,0.40
2026-04-21,7.45,7.30,7.45,7.25,839642,623365298.78,2.57,-6.05,-0.47,1.92
2026-04-22,7.26,7.30,7.35,7.21,337925,249398993.88,1.92,0.00,0.00,0.77
2026-04-23,7.30,7.26,7.33,7.23,271143,199910475.80,1.37,-0.55,-0.04,0.62
2026-04-24,7.24,7.22,7.26,7.18,207134,151517949.60,1.10,-0.55,-0.04,0.47
2026-04-27,7.21,7.21,7.27,7.20,188890,138454522.91,0.97,-0.14,-0.01,0.43
2026-04-28,7.21,7.20,7.31,7.18,280700,206115545.05,1.80,-0.14,-0.01,0.64
2026-04-29,7.18,7.26,7.27,7.18,231653,169875065.49,1.25,0.83,0.06,0.53
2026-04-30,7.25,7.25,7.36,7.24,271325,200331486.94,1.65,-0.14,-0.01,0.62
2026-05-06,7.25,7.32,7.35,7.25,278165,206066490.48,1.38,0.97,0.07,0.64
2026-05-07,7.37,7.27,7.40,7.25,282512,208907770.84,2.05,-0.68,-0.05,0.65
2026-05-08,7.26,7.24,7.28,7.23,210756,154940573.07,0.69,-0.41,-0.03,0.48
2026-05-11,7.23,7.30,7.33,7.20,336851,248037606.90,1.80,0.83,0.06,0.77
2026-05-12,7.29,7.29,7.36,7.26,386347,286239089.79,1.37,-0.14,-0.01,0.89
2026-05-13,7.28,7.24,7.31,7.18,409429,299903596.00,1.78,-0.69,-0.05,0.94
2026-05-14,7.26,7.09,7.27,7.09,406324,295732363.32,2.49,-2.07,-0.15,0.93
2026-05-15,7.08,6.93,7.10,6.89,463661,328961173.10,2.96,-2.26,-0.16,1.06
2026-05-18,6.95,6.98,7.06,6.92,364188,257763212.87,2.02,0.72,0.05,0.83
2026-05-19,6.98,7.01,7.04,6.89,400641,282902729.60,2.15,0.43,0.03,0.92
2026-05-20,6.98,6.92,6.99,6.87,357380,250999290.69,1.71,-1.28,-0.09,0.82
2026-05-21,7.14,7.19,7.56,7.14,1379938,1029067433.43,6.07,3.90,0.27,3.16
2026-05-22,7.23,7.07,7.28,7.03,683958,492385403.87,3.48,-1.67,-0.12,1.57
2026-05-25,7.10,7.09,7.15,6.98,421268,301898033.63,2.40,0.28,0.02,0.97
2026-05-26,7.05,7.13,7.20,7.04,481898,348083265.49,2.26,0.56,0.04,1.10
2026-05-27,7.10,7.12,7.29,7.04,507794,367383682.85,3.51,-0.14,-0.01,1.16
2026-05-28,7.12,7.09,7.17,6.95,467094,333723373.30,3.09,-0.42,-0.03,1.07
2026-05-29,7.08,7.03,7.18,7.03,433748,312310661.75,2.12,-0.85,-0.06,0.99
2026-06-01,7.02,7.09,7.10,6.96,311669,222747994.93,1.99,0.85,0.06,0.71
2026-06-02,7.07,7.08,7.11,7.01,356724,255323575.13,1.41,-0.14,-0.01,0.82
2026-06-03,7.06,7.02,7.11,7.01,303834,217256613.76,1.41,-0.85,-0.06,0.70
2026-06-04,7.00,6.87,7.06,6.83,370136,260236598.85,3.28,-2.14,-0.15,0.85
2026-06-05,6.87,6.80,6.93,6.79,277113,192520683.08,2.04,-1.02,-0.07,0.64
2026-06-08,6.70,6.66,6.77,6.60,351077,238006731.98,2.50,-2.06,-0.14,0.80
2026-06-09,6.67,6.67,6.69,6.56,242979,163366556.18,1.95,0.15,0.01,0.56
2026-06-10,6.64,6.76,6.77,6.61,272949,185792642.67,2.40,1.35,0.09,0.63
2026-06-11,6.76,6.64,6.79,6.59,231590,156717143.50,2.96,-1.78,-0.12,0.53
2026-06-12,6.67,6.87,6.90,6.64,459283,317084367.12,3.92,3.46,0.23,1.05
2026-06-15,6.92,7.06,7.21,6.87,577117,414240822.65,4.95,2.77,0.19,1.32
2026-06-16,7.05,7.12,7.14,7.00,418165,300710520.02,1.98,0.85,0.06,0.96
2026-06-17,7.10,7.15,7.28,7.04,477169,345828920.53,3.37,0.42,0.03,1.09
2026-06-18,7.12,6.93,7.14,6.93,307200,218542292.81,2.94,-3.08,-0.22,0.70
2026-06-22,6.92,7.28,7.29,6.91,674689,488867113.41,5.48,5.05,0.35,1.55
2026-06-23,7.28,7.32,7.50,7.25,765594,572504155.88,3.43,0.55,0.04,1.75
2026-06-24,7.30,7.40,7.78,7.26,1007864,764770375.61,7.10,1.09,0.08,2.31
2026-06-25,7.49,7.58,7.67,7.28,976788,744806689.26,5.27,2.43,0.18,2.24
2026-06-26,7.50,7.66,8.02,7.46,1325386,1024827547.12,7.39,1.06,0.08,3.04