2026-01-05,10.30,10.42,10.44,10.18,393004,405667130.00,2.54,1.96,0.20,4.34
2026-01-06,10.33,10.49,10.49,10.28,330942,343825614.00,2.02,0.67,0.07,3.65
2026-01-07,10.45,10.33,10.46,10.26,286315,296346936.00,1.91,-1.53,-0.16,3.16
2026-01-08,10.64,10.64,10.83,10.52,544360,580975086.00,3.00,3.00,0.31,6.01
2026-01-09,10.59,11.15,11.15,10.55,665756,726996798.00,5.64,4.79,0.51,7.35
2026-01-12,11.20,11.91,12.07,11.19,884791,1031783109.00,7.89,6.82,0.76,9.77
2026-01-13,12.00,11.47,12.03,11.43,796048,930197076.00,5.04,-3.69,-0.44,8.79
2026-01-14,12.36,12.07,12.79,11.80,1547033,1910599839.00,8.63,5.23,0.60,17.08
2026-01-15,11.76,11.78,12.09,11.60,822164,971795307.00,4.06,-2.40,-0.29,9.08
2026-01-16,11.68,11.35,11.71,11.23,635495,726815119.00,4.07,-3.65,-0.43,7.02
2026-01-19,11.21,11.08,11.39,11.02,384408,429973345.00,3.26,-2.38,-0.27,4.24
2026-01-20,11.17,10.85,11.25,10.71,370538,404429770.00,4.87,-2.08,-0.23,4.09
2026-01-21,10.72,10.75,10.97,10.67,281484,303994029.00,2.76,-0.92,-0.10,3.11
2026-01-22,10.81,10.95,11.01,10.73,317973,346404873.00,2.60,1.86,0.20,3.51
2026-01-23,10.93,11.11,11.15,10.85,334269,369680817.00,2.74,1.46,0.16,3.69
2026-01-26,11.16,11.15,11.39,10.85,517648,575115534.00,4.86,0.36,0.04,5.72
2026-01-27,11.01,11.02,11.24,10.75,389325,425297024.00,4.39,-1.17,-0.13,4.30
2026-01-28,11.21,11.07,11.58,11.04,625207,707730896.00,4.90,0.45,0.05,6.90
2026-01-29,10.96,11.14,11.55,10.70,682085,768704939.00,7.68,0.63,0.07,7.53
2026-01-30,11.02,10.82,11.16,10.75,406898,443052578.00,3.68,-2.87,-0.32,4.49
2026-02-02,10.71,10.48,10.92,10.48,371504,397066451.00,4.07,-3.14,-0.34,4.10
2026-02-03,10.65,10.92,10.95,10.61,375995,407136418.00,3.24,4.20,0.44,4.15
2026-02-04,10.90,10.55,10.90,10.39,421655,445143671.00,4.67,-3.39,-0.37,4.66
2026-02-05,10.43,10.54,10.67,10.35,274849,288928908.00,3.03,-0.09,-0.01,3.03
2026-02-06,10.40,10.34,10.55,10.23,349981,364023577.00,3.04,-1.90,-0.20,3.86
2026-02-09,10.69,12.07,12.41,10.59,2126902,2533687291.00,17.60,16.73,1.73,23.48
2026-02-10,12.28,12.83,13.18,11.85,2371466,2970702264.00,11.02,6.30,0.76,26.18
2026-02-11,12.86,13.90,14.49,12.73,2397655,3285810818.00,13.72,8.34,1.07,26.47
2026-02-12,15.00,15.31,15.77,14.50,2409717,3635338945.00,9.14,10.14,1.41,26.60
2026-02-13,15.31,14.38,15.72,14.10,2197952,3246344461.00,10.58,-6.07,-0.93,24.27
2026-02-24,14.58,13.49,14.76,13.34,1428960,1951242201.00,9.87,-6.19,-0.89,15.78
2026-02-25,13.55,13.13,13.71,13.05,1053625,1395745783.00,4.89,-2.67,-0.36,11.63
2026-02-26,13.20,13.38,13.77,12.98,1444059,1934635552.00,6.02,1.90,0.25,15.94
2026-02-27,13.21,13.72,14.28,13.06,1432935,1964086111.00,9.12,2.54,0.34,15.82
2026-03-02,13.49,12.83,13.66,12.78,1097679,1431795850.00,6.41,-6.49,-0.89,12.12
2026-03-03,12.98,12.05,13.01,11.97,936869,1149575525.00,8.11,-6.08,-0.78,10.34
2026-03-04,12.00,12.10,12.28,11.91,707614,856334576.00,3.07,0.41,0.05,7.81
2026-03-05,12.60,12.02,12.60,11.92,823056,997432895.00,5.62,-0.66,-0.08,9.09
2026-03-06,11.86,12.70,12.98,11.75,1229417,1534743827.00,10.23,5.66,0.68,13.57
2026-03-09,12.40,13.23,13.44,12.18,1283999,1646589297.00,9.92,4.17,0.53,14.18
2026-03-10,13.39,13.25,13.72,12.91,1049833,1388085913.00,6.12,0.15,0.02,11.59
2026-03-11,13.18,13.14,13.90,13.06,1029527,1381567828.00,6.34,-0.83,-0.11,11.37
2026-03-12,13.29,13.12,13.60,13.01,941182,1251000310.00,4.49,-0.15,-0.02,10.39
2026-03-13,12.94,12.10,12.97,12.06,915550,1131248160.00,6.94,-7.77,-1.02,10.11
2026-03-16,12.27,12.58,12.63,11.89,749250,915233048.00,6.12,3.97,0.48,8.27
2026-03-17,12.76,13.45,14.18,12.62,1732525,2335780303.00,12.40,6.92,0.87,19.13
2026-03-18,14.00,15.65,16.14,14.00,3370731,5173146294.00,15.91,16.36,2.20,37.21
2026-03-19,15.22,16.36,17.33,15.04,3117038,5089371480.00,14.63,4.54,0.71,34.41
2026-03-20,16.07,14.38,16.36,14.26,2367924,3592336039.00,12.84,-12.10,-1.98,26.14
2026-03-23,14.21,14.05,14.85,13.79,1632645,2338395944.00,7.37,-2.29,-0.33,18.03
2026-03-24,14.18,14.34,14.43,13.49,1894122,2659323812.00,6.69,2.06,0.29,20.91
2026-03-25,14.57,15.62,16.15,14.51,2066690,3214721809.00,11.44,8.93,1.28,22.82
2026-03-26,15.45,14.50,15.57,14.42,1261572,1867413208.00,7.36,-7.17,-1.12,13.93
2026-03-27,14.10,14.27,14.80,13.87,966971,1391990637.00,6.41,-1.59,-0.23,10.68
2026-03-30,13.72,14.61,14.75,13.35,1127575,1592417343.00,9.81,2.38,0.34,12.45
2026-03-31,14.41,14.15,14.68,14.02,801679,1148491290.00,4.52,-3.15,-0.46,8.85
2026-04-01,14.85,14.92,15.94,14.55,1564190,2368949618.00,9.82,5.44,0.77,17.27
2026-04-02,14.94,13.92,15.00,13.74,1249290,1754549384.00,8.45,-6.70,-1.00,13.79
2026-04-03,14.30,14.90,15.66,14.02,1886546,2822027271.00,11.78,7.04,0.98,20.83
2026-04-07,15.10,14.72,15.55,14.64,1465415,2202327138.00,6.11,-1.21,-0.18,16.18
2026-04-08,15.65,16.93,17.25,15.55,2188595,3658995611.00,11.55,15.01,2.21,24.16
2026-04-09,16.01,16.03,16.30,15.71,1826696,2926833466.00,3.48,-5.32,-0.90,20.17
2026-04-10,16.70,15.89,17.18,15.86,1793203,2948314796.00,8.23,-0.87,-0.14,19.80
2026-04-13,16.01,17.00,17.85,15.71,2177608,3681529159.00,13.47,6.99,1.11,24.04
2026-04-14,17.70,17.18,17.79,16.82,1830589,3135164924.00,5.71,1.06,0.18,20.21
2026-04-15,16.88,16.56,17.00,16.22,1456779,2422999371.00,4.54,-3.61,-0.62,16.08
2026-04-16,16.87,16.90,17.74,16.66,2048313,3500425515.00,6.52,2.05,0.34,22.61
2026-04-17,16.45,16.66,17.26,16.13,1655304,2745661809.00,6.69,-1.42,-0.24,18.28
2026-04-20,16.50,16.30,17.19,16.14,1675392,2766453255.00,6.30,-2.16,-0.36,18.50
2026-04-21,15.98,15.64,15.98,15.21,1300279,2027502717.00,4.72,-4.05,-0.66,14.36
2026-04-22,15.60,16.75,17.05,15.08,2107586,3356867475.00,12.60,7.10,1.11,23.27
2026-04-23,16.22,16.23,16.80,16.03,1279318,2087249379.00,4.60,-3.10,-0.52,14.12
2026-04-24,16.34,16.53,17.25,15.00,2309437,3743359376.00,13.86,1.85,0.30,25.50
2026-04-27,16.23,15.96,16.39,15.57,1277342,2048862230.00,4.96,-3.45,-0.57,14.10
2026-04-28,16.06,15.41,16.19,15.25,1281693,1991308001.00,5.89,-3.45,-0.55,14.15
2026-04-29,15.27,15.46,15.99,15.02,1065974,1665932767.00,6.29,0.32,0.05,11.77
2026-04-30,15.41,15.44,16.13,14.70,1563901,2401642207.00,9.25,-0.13,-0.02,17.27
2026-05-06,16.47,18.53,18.53,16.47,2785586,5000446929.00,13.34,20.01,3.09,30.75
2026-05-07,19.28,19.03,19.37,18.40,2401417,4524982454.00,5.23,2.70,0.50,26.51
2026-05-08,19.09,19.35,20.18,18.90,2021722,3944720509.00,6.73,1.68,0.32,22.32
2026-05-11,20.11,19.08,20.36,18.68,1728016,3323580674.00,8.68,-1.40,-0.27,19.08
2026-05-12,19.01,18.74,19.26,18.48,1075873,2018482176.00,4.09,-1.78,-0.34,11.88
2026-05-13,18.86,20.19,21.00,18.60,2192142,4344358645.00,12.81,7.74,1.45,24.20
2026-05-14,20.60,19.00,20.60,18.98,1556984,3044696868.00,8.02,-5.89,-1.19,17.19
2026-05-15,19.43,18.87,19.99,18.52,1467952,2829505700.00,7.74,-0.68,-0.13,16.21
2026-05-18,19.63,19.50,20.94,19.32,1913895,3852715549.00,8.59,3.34,0.63,21.13
2026-05-19,20.01,21.44,21.98,19.66,2426466,5094726629.00,11.90,9.95,1.94,26.79
2026-05-20,21.73,20.35,22.12,20.26,2042029,4256331410.00,8.68,-5.08,-1.09,22.54
2026-05-21,20.65,18.62,20.69,18.50,1968881,3824099771.00,10.76,-8.50,-1.73,21.74
2026-05-22,18.88,19.17,19.35,18.41,1346547,2557588457.00,5.05,2.95,0.55,14.87
2026-05-25,19.39,18.87,19.68,18.38,1370197,2578229356.00,6.78,-1.56,-0.30,15.13
2026-05-26,18.22,17.68,18.28,17.40,1324403,2354638878.00,4.66,-6.31,-1.19,14.62
2026-05-27,17.56,16.97,17.69,16.70,1009988,1728222466.00,5.60,-4.02,-0.71,11.15
2026-05-28,18.01,17.71,18.36,17.06,1123962,1983933184.00,7.66,4.36,0.74,12.41
2026-05-29,17.40,16.41,17.64,16.24,1047047,1755229569.00,7.91,-7.34,-1.30,11.56
2026-06-01,16.42,16.55,17.15,16.41,796299,1330699077.00,4.51,0.85,0.14,8.79
2026-06-02,16.72,16.22,16.81,15.55,830824,1329742672.00,7.61,-1.99,-0.33,9.17
2026-06-03,15.93,16.36,16.86,15.72,915538,1502758990.00,7.03,0.86,0.14,10.11
2026-06-04,16.01,17.08,17.08,15.77,1137701,1870686305.00,8.01,4.40,0.72,12.56
2026-06-05,16.72,16.56,17.08,16.50,757785,1270465259.00,3.40,-3.04,-0.52,8.37
2026-06-08,15.50,15.52,16.20,15.41,683927,1079080772.00,4.77,-6.28,-1.04,7.55
2026-06-09,15.70,15.78,16.05,15.28,661607,1033588216.00,4.96,1.68,0.26,7.30
2026-06-10,15.54,15.78,16.41,15.50,705380,1125664378.00,5.77,0.00,0.00,7.79
2026-06-11,15.55,14.65,15.57,14.51,872914,1294091921.00,6.72,-7.16,-1.13,9.64
2026-06-12,14.94,14.40,15.09,14.30,711641,1047659516.00,5.39,-1.71,-0.25,7.86
2026-06-15,14.79,15.34,15.39,14.71,713121,1076140819.00,4.72,6.53,0.94,7.87
2026-06-16,15.30,15.49,15.55,14.93,591538,905375266.00,4.04,0.98,0.15,6.53
2026-06-17,15.28,15.58,15.88,15.12,560809,871799510.00,4.91,0.58,0.09,6.19
2026-06-18,15.65,18.70,18.70,15.65,1972749,3487301555.00,19.58,20.03,3.12,21.78
2026-06-22,18.50,19.62,19.80,18.39,2189103,4205550184.00,7.54,4.92,0.92,24.17
2026-06-23,19.22,18.67,19.72,18.52,1303253,2488545582.00,6.12,-4.84,-0.95,14.39
2026-06-24,18.76,18.53,18.92,17.83,1057676,1939781419.00,5.84,-0.75,-0.14,11.68
2026-06-25,18.90,17.86,18.93,17.72,960562,1739421049.00,6.53,-3.62,-0.67,10.61
2026-06-26,17.60,17.05,17.85,16.88,771399,1331499988.00,5.43,-4.54,-0.81,8.52
2026-06-29,17.15,16.22,17.70,15.79,1144748,1903532324.00,11.20,-4.87,-0.83,12.64
2026-06-30,16.35,17.71,18.29,16.10,978278,1697977761.00,13.50,9.19,1.49,10.80
2026-07-01,18.02,18.90,19.68,17.50,1775380,3303855116.00,12.31,6.72,1.19,19.60
2026-07-02,18.46,17.50,18.75,17.39,1132805,2058951153.00,7.20,-7.41,-1.40,12.51
2026-07-03,17.66,16.95,18.05,16.93,982907,1715909913.00,6.40,-3.14,-0.55,10.85
2026-07-06,17.22,16.27,17.32,16.10,616331,1020427185.00,7.20,-4.01,-0.68,6.80
2026-07-07,16.44,15.79,17.00,15.55,696709,1126501475.00,8.91,-2.95,-0.48,7.69
2026-07-08,15.88,15.94,16.42,15.58,828277,1333299376.00,5.32,0.95,0.15,9.14
2026-07-09,16.30,16.20,16.60,15.23,873940,1393826193.00,8.59,1.63,0.26,9.65
2026-07-10,15.97,16.00,16.96,15.72,980061,1613550228.00,7.65,-1.23,-0.20,10.82
2026-07-13,15.88,14.66,16.33,14.50,838373,1277888813.00,11.44,-8.38,-1.34,9.26
2026-07-14,14.68,14.27,15.10,13.58,708513,999908140.00,10.37,-2.66,-0.39,7.82
2026-07-15,14.31,13.95,14.50,13.79,478763,674813288.00,4.98,-2.24,-0.32,5.29
2026-07-16,13.75,13.95,14.47,13.57,552499,776411528.00,6.45,0.00,0.00,6.10
2026-07-17,13.75,12.90,13.95,12.71,674963,894981427.00,8.89,-7.53,-1.05,7.45
2026-07-20,13.30,13.15,13.72,12.48,725788,955437223.00,9.61,1.94,0.25,8.01
2026-07-21,13.12,13.67,13.68,12.05,835045,1091156442.00,12.40,3.95,0.52,9.22
2026-07-22,14.11,13.51,14.20,13.42,915453,1270073434.00,5.71,-1.17,-0.16,10.11
2026-07-23,13.21,13.58,13.88,13.18,544086,737533828.00,5.18,0.52,0.07,6.01
2026-07-24,13.20,12.99,13.42,12.90,383617,505413906.00,3.83,-4.34,-0.59,4.24
2026-07-27,12.80,13.29,13.29,12.76,342712,448560822.00,4.08,2.31,0.30,3.78
2026-07-28,13.00,12.66,13.15,12.58,429850,551823230.00,4.29,-4.74,-0.63,4.75
2026-07-29,12.61,12.55,12.77,11.92,487492,600438943.80,6.71,-0.87,-0.11,5.38