2026-01-05,8.69,8.74,8.76,8.63,637718,558035836.00,1.50,0.81,0.07,1.37
2026-01-06,8.68,9.00,9.04,8.66,1155009,1039292693.00,4.35,2.97,0.26,2.49
2026-01-07,8.98,8.92,8.99,8.84,703470,629549135.00,1.67,-0.89,-0.08,1.51
2026-01-08,8.88,8.66,8.89,8.62,798731,700165908.00,3.03,-2.91,-0.26,1.72
2026-01-09,8.66,8.85,9.01,8.65,836309,742261127.00,4.16,2.19,0.19,1.80
2026-01-12,8.83,9.00,9.00,8.78,789814,708635946.00,2.49,1.69,0.15,1.70
2026-01-13,9.03,8.93,9.12,8.88,697057,631007221.00,2.67,-0.78,-0.07,1.50
2026-01-14,8.93,8.97,9.33,8.89,1240256,1133198818.00,4.93,0.45,0.04,2.67
2026-01-15,8.92,8.79,9.01,8.74,692683,616017512.00,3.01,-2.01,-0.18,1.49
2026-01-16,8.86,8.61,8.91,8.61,658274,576356515.00,3.41,-2.05,-0.18,1.42
2026-01-19,8.59,8.69,8.78,8.56,459697,401626639.00,2.56,0.93,0.08,0.99
2026-01-20,8.71,8.72,8.75,8.62,373827,326406624.00,1.50,0.35,0.03,0.81
2026-01-21,8.71,8.66,8.74,8.63,363033,316705195.00,1.26,-0.69,-0.06,0.78
2026-01-22,8.67,8.91,9.11,8.67,945027,847317451.00,5.08,2.89,0.25,2.04
2026-01-23,8.91,9.02,9.14,8.89,755759,685346355.00,2.81,1.23,0.11,1.63
2026-01-26,9.00,9.41,9.85,8.96,2176095,2076259130.00,9.87,4.32,0.39,4.69
2026-01-27,9.31,9.21,9.40,9.13,1224136,1135309578.00,2.87,-2.13,-0.20,2.64
2026-01-28,9.17,9.18,9.37,9.14,889033,824774249.00,2.50,-0.33,-0.03,1.91
2026-01-29,9.13,9.41,9.48,9.00,1360312,1269572197.00,5.23,2.51,0.23,2.93
2026-01-30,9.35,9.26,9.45,9.10,1118155,1041873960.00,3.72,-1.59,-0.15,2.41
2026-02-02,9.20,8.84,9.30,8.82,1074097,975095792.00,5.18,-4.54,-0.42,2.31
2026-02-03,8.92,8.83,8.96,8.73,657403,583789210.00,2.60,-0.11,-0.01,1.42
2026-02-04,8.81,8.96,9.06,8.78,649137,582517429.00,3.17,1.47,0.13,1.40
2026-02-05,8.95,8.98,9.10,8.86,712342,642914589.00,2.68,0.22,0.02,1.53
2026-02-06,8.88,8.82,8.95,8.81,515201,459812803.00,1.56,-1.78,-0.16,1.11
2026-02-09,8.90,9.00,9.17,8.88,663582,602254222.00,3.29,2.04,0.18,1.43
2026-02-10,9.03,8.86,9.03,8.85,491623,440133727.00,2.00,-1.56,-0.14,1.06
2026-02-11,8.86,8.89,8.95,8.83,330567,295637655.00,1.35,0.34,0.03,0.71
2026-02-12,8.89,8.80,8.90,8.75,410410,363098964.00,1.69,-1.01,-0.09,0.88
2026-02-13,8.81,8.61,8.82,8.61,449597,394094769.00,2.39,-2.16,-0.19,0.97
2026-02-24,8.72,8.62,8.72,8.59,310128,269665498.00,1.51,0.12,0.01,0.67
2026-02-25,8.62,8.71,8.81,8.61,458032,403032023.00,2.32,1.04,0.09,0.99
2026-02-26,8.71,8.59,8.74,8.57,435121,377326584.00,1.95,-1.38,-0.12,0.94
2026-02-27,8.57,8.64,8.67,8.56,301374,261378883.00,1.28,0.58,0.05,0.65
2026-03-02,8.55,8.51,8.60,8.40,503730,430883983.00,2.31,-1.50,-0.13,1.08
2026-03-03,8.50,8.37,8.60,8.33,604226,513313219.00,3.17,-1.65,-0.14,1.30
2026-03-04,8.30,8.21,8.36,8.19,441039,366870058.00,2.03,-1.91,-0.16,0.95
2026-03-05,8.31,8.21,8.32,8.19,324267,269254155.00,1.58,0.00,0.00,0.70
2026-03-06,8.20,8.33,8.37,8.18,334326,279505255.00,2.31,1.46,0.12,0.72
2026-03-09,8.23,8.20,8.25,8.13,399575,329521138.00,1.44,-1.56,-0.13,0.86
2026-03-10,8.25,8.35,8.35,8.23,308300,257627497.00,1.46,1.83,0.15,0.66
2026-03-11,8.33,8.35,8.39,8.29,280334,234962531.00,1.20,0.00,0.00,0.60
2026-03-12,8.34,8.35,8.44,8.31,344160,289906752.00,1.56,0.00,0.00,0.74
2026-03-13,8.32,8.25,8.36,8.22,389680,324986589.00,1.68,-1.20,-0.10,0.84
2026-03-16,8.25,8.23,8.26,8.18,259950,214965383.00,0.97,-0.24,-0.02,0.56
2026-03-17,8.24,8.25,8.41,8.22,449273,376186197.00,2.31,0.24,0.02,0.97
2026-03-18,8.28,8.25,8.29,8.21,264915,219688630.00,0.97,0.00,0.00,0.57
2026-03-19,8.19,8.14,8.24,8.12,321740,264558091.00,1.45,-1.33,-0.11,0.69
2026-03-20,8.17,7.96,8.19,7.96,388159,315078092.00,2.83,-2.21,-0.18,0.84
2026-03-23,7.87,7.49,7.88,7.43,674650,518944167.00,5.65,-5.90,-0.47,1.45
2026-03-24,7.57,7.56,7.62,7.48,483293,367119123.00,1.87,0.93,0.07,1.04
2026-03-25,7.59,7.67,7.71,7.55,433413,333157249.00,2.12,1.46,0.11,0.93
2026-03-26,7.66,7.55,7.71,7.53,348661,267082362.00,2.35,-1.56,-0.12,0.75
2026-03-27,7.51,7.62,7.65,7.48,261086,199404686.00,2.25,0.93,0.07,0.56
2026-03-30,7.53,7.60,7.61,7.48,323153,245791169.00,1.71,-0.26,-0.02,0.70
2026-03-31,7.57,7.57,7.69,7.57,248504,190561997.00,1.58,-0.39,-0.03,0.54
2026-04-01,7.67,7.77,7.80,7.62,427909,332029636.00,2.38,2.64,0.20,0.92
2026-04-02,7.73,7.66,7.74,7.62,282635,218600796.00,1.54,-1.42,-0.11,0.61
2026-04-03,7.67,7.65,7.72,7.63,225807,174465701.00,1.17,-0.13,-0.01,0.49
2026-04-07,7.63,7.72,7.77,7.62,239957,186430224.00,1.96,0.92,0.07,0.52
2026-04-08,7.85,8.26,8.29,7.84,981655,802762460.00,5.83,6.99,0.54,2.11
2026-04-09,8.18,8.08,8.24,8.05,483582,396297354.00,2.30,-2.18,-0.18,1.04
2026-04-10,8.14,8.20,8.38,8.14,653614,544056691.00,2.97,1.49,0.12,1.41
2026-04-13,8.17,8.33,8.41,8.15,552019,462932380.00,3.17,1.59,0.13,1.19
2026-04-14,8.34,8.38,8.39,8.27,448432,375738628.00,1.44,0.60,0.05,0.97
2026-04-15,8.38,8.31,8.41,8.30,275473,231426560.00,1.31,-0.84,-0.07,0.59
2026-04-16,8.35,8.26,8.38,8.26,374553,313255264.00,1.44,-0.60,-0.05,0.81
2026-04-17,8.25,8.26,8.30,8.20,284391,236021727.00,1.21,0.00,0.00,0.61
2026-04-20,8.27,8.24,8.29,8.19,312264,259120920.00,1.21,-0.24,-0.02,0.67
2026-04-21,8.23,8.16,8.28,8.15,248200,204407401.00,1.58,-0.97,-0.08,0.53
2026-04-22,8.14,8.29,8.37,8.13,357096,297508687.00,2.94,1.59,0.13,0.77
2026-04-23,8.27,8.19,8.30,8.18,256575,212314538.00,1.45,-1.21,-0.10,0.55
2026-04-24,8.17,8.25,8.29,8.15,349687,289046975.00,1.71,0.73,0.06,0.75
2026-04-27,8.24,8.13,8.29,8.10,452094,371051825.00,2.30,-1.45,-0.12,0.97
2026-04-28,8.14,8.17,8.29,8.13,505957,418465915.00,1.97,0.49,0.04,1.09
2026-04-29,8.19,8.17,8.21,8.08,446604,366112903.00,1.59,0.00,0.00,0.96
2026-04-30,8.19,8.22,8.42,8.13,577844,480499844.00,3.55,0.61,0.05,1.24
2026-05-06,8.24,8.28,8.36,8.23,593361,495108223.00,1.58,0.73,0.06,1.28
2026-05-07,8.35,8.47,8.48,8.21,857779,721785841.00,3.26,2.29,0.19,1.85
2026-05-08,8.40,8.35,8.46,8.35,530996,448032616.00,1.30,-1.42,-0.12,1.14
2026-05-11,8.34,8.58,8.62,8.25,912581,774676815.00,4.43,2.75,0.23,1.97
2026-05-12,8.60,8.76,8.96,8.52,1279771,1128404471.00,5.13,2.10,0.18,2.76
2026-05-13,8.69,8.67,8.79,8.57,664767,578239642.00,2.51,-1.03,-0.09,1.43
2026-05-14,8.68,8.43,8.68,8.43,610144,524798824.00,2.88,-2.77,-0.24,1.31
2026-05-15,8.44,8.19,8.49,8.14,596559,497591960.00,4.15,-2.85,-0.24,1.28
2026-05-18,8.16,8.13,8.27,8.05,373465,306394448.00,2.69,-0.73,-0.06,0.80
2026-05-19,8.15,8.27,8.30,8.11,411307,340109379.00,2.34,1.72,0.14,0.89
2026-05-20,8.22,8.13,8.25,8.08,405076,332546295.00,2.06,-1.69,-0.14,0.87
2026-05-21,8.14,7.99,8.41,7.98,932095,773747331.00,5.29,-1.72,-0.14,2.01
2026-05-22,8.06,7.87,8.10,7.85,531678,423704839.00,3.13,-1.50,-0.12,1.14
2026-05-25,7.94,7.96,8.06,7.87,424245,339939492.00,2.41,1.14,0.09,0.91
2026-05-26,7.95,8.00,8.11,7.91,468368,377528037.00,2.51,0.50,0.04,1.01
2026-05-27,7.97,7.89,8.13,7.86,422832,338782345.00,3.38,-1.38,-0.11,0.91
2026-05-28,7.91,7.74,8.01,7.65,462984,362175188.00,4.56,-1.90,-0.15,1.00
2026-05-29,7.75,7.80,8.03,7.75,542230,429318416.00,3.62,0.78,0.06,1.17
2026-06-01,7.78,7.81,7.84,7.69,472810,369719074.00,1.92,0.13,0.01,1.02
2026-06-02,7.80,7.85,7.89,7.72,471523,370480516.00,2.18,0.51,0.04,1.02
2026-06-03,7.82,7.84,7.92,7.74,414724,326442307.00,2.29,-0.13,-0.01,0.89
2026-06-04,7.78,7.63,7.84,7.56,432253,334037072.00,3.57,-2.68,-0.21,0.93
2026-06-05,7.61,7.59,7.73,7.57,373090,287712216.00,2.10,-0.52,-0.04,0.80
2026-06-08,7.51,7.39,7.58,7.34,447556,335615755.00,3.16,-2.64,-0.20,0.96
2026-06-09,7.38,7.40,7.42,7.32,268143,199013391.00,1.35,0.14,0.01,0.58
2026-06-10,7.36,7.45,7.49,7.34,320828,239693571.00,2.03,0.68,0.05,0.69
2026-06-11,7.45,7.28,7.54,7.24,373189,275474929.00,4.03,-2.28,-0.17,0.80
2026-06-12,7.34,7.64,7.66,7.26,774709,584731416.00,5.49,4.95,0.36,1.67
2026-06-15,7.68,7.90,8.16,7.67,942483,754733998.00,6.41,3.40,0.26,2.03
2026-06-16,7.83,7.87,7.94,7.76,545554,431333050.00,2.28,-0.38,-0.03,1.17
2026-06-17,7.85,7.83,7.96,7.78,334752,264350621.00,2.29,-0.51,-0.04,0.72
2026-06-18,7.82,7.47,7.83,7.47,638770,489097332.00,4.60,-4.60,-0.36,1.38
2026-06-22,7.47,8.22,8.22,7.43,1294788,1027599146.00,10.58,10.04,0.75,2.79
2026-06-23,8.18,8.44,8.60,8.13,1768522,1506138287.00,5.72,2.68,0.22,3.81
2026-06-24,8.38,8.36,8.68,8.30,1055747,895356049.00,4.50,-0.95,-0.08,2.27
2026-06-25,8.30,8.57,8.66,8.19,1408740,1203287805.00,5.62,2.51,0.21,3.03
2026-06-26,8.50,8.36,8.72,8.34,1228659,1056760111.00,4.43,-2.45,-0.21,2.65
2026-06-29,8.40,8.55,8.71,8.28,1117909,958356622.00,5.14,2.27,0.19,2.41
2026-06-30,8.48,8.60,8.65,8.41,776931,665261242.00,2.81,0.58,0.05,1.67
2026-07-01,8.53,9.16,9.26,8.46,1819681,1636711595.00,9.30,6.51,0.56,3.92
2026-07-02,9.03,8.88,9.19,8.76,1136831,1016491333.00,4.69,-3.06,-0.28,2.45
2026-07-03,8.88,9.07,9.15,8.85,999072,903912335.00,3.38,2.14,0.19,2.15
2026-07-06,9.21,9.13,9.21,8.93,799860,725685177.00,3.09,0.66,0.06,1.72
2026-07-07,9.07,8.60,9.12,8.57,886418,773522799.00,6.02,-5.81,-0.53,1.91
2026-07-08,8.60,8.49,8.72,8.47,504500,432447380.00,2.91,-1.28,-0.11,1.09
2026-07-09,8.50,8.72,8.77,8.42,606664,521478143.00,4.12,2.71,0.23,1.31
2026-07-10,8.81,8.53,8.96,8.50,849260,739708304.00,5.28,-2.18,-0.19,1.83
2026-07-13,8.45,8.50,8.64,8.43,600716,511886550.00,2.46,-0.35,-0.03,1.29
2026-07-14,8.47,8.74,8.83,8.42,768893,667580073.00,4.82,2.82,0.24,1.66
2026-07-15,8.65,9.01,9.04,8.64,894295,795247565.00,4.58,3.09,0.27,1.93
2026-07-16,8.92,8.84,9.00,8.77,616205,544582776.00,2.55,-1.89,-0.17,1.33
2026-07-17,8.79,8.56,8.89,8.56,789143,688490228.00,3.73,-3.17,-0.28,1.70
2026-07-20,8.57,8.68,8.71,8.46,663787,570960145.00,2.92,1.40,0.12,1.43
2026-07-21,8.61,8.61,8.81,8.55,634347,548185604.00,3.00,-0.81,-0.07,1.37
2026-07-22,8.54,8.46,8.57,8.42,449193,381057013.00,1.74,-1.74,-0.15,0.97
2026-07-23,8.46,8.57,8.61,8.43,437867,374043390.00,2.13,1.30,0.11,0.94
2026-07-24,8.48,8.22,8.54,8.21,593856,494979108.00,3.85,-4.08,-0.35,1.28
2026-07-27,8.27,8.33,8.41,8.19,488107,406820435.00,2.68,1.34,0.11,1.05
2026-07-28,8.27,7.97,8.30,7.93,711903,572228419.00,4.44,-4.32,-0.36,1.53
2026-07-29,7.97,8.20,8.25,7.96,491155,399573331.00,3.64,2.89,0.23,1.06
2026-07-30,8.15,8.21,8.30,8.08,429844,352175702.00,2.68,0.12,0.01,0.93
2026-07-31,8.30,8.38,8.49,8.26,605218,507782794.00,2.80,2.07,0.17,1.30
2026-08-03,8.28,8.50,8.57,8.27,442847,375560722.00,3.58,1.43,0.12,0.95
2026-08-04,8.52,8.52,8.61,8.48,414370,354199041.00,1.53,0.24,0.02,0.89
2026-08-05,8.50,8.54,8.64,8.50,374854,321388898.00,1.64,0.23,0.02,0.81