2026-01-05,10.77,10.69,10.92,10.65,41981,45675420.00,2.51,-0.74,-0.08,1.76
2026-01-06,10.73,10.77,11.00,10.64,40441,44024162.00,3.37,0.75,0.08,1.69
2026-01-07,10.79,10.85,10.92,10.74,48169,52716112.00,1.67,0.74,0.08,2.02
2026-01-08,10.92,11.40,11.50,10.87,113929,129796040.00,5.81,5.07,0.55,4.77
2026-01-09,11.41,11.72,11.88,11.41,113166,133270984.00,4.12,2.81,0.32,4.74
2026-01-12,11.72,11.29,11.74,11.19,94182,107818699.00,4.69,-3.67,-0.43,3.95
2026-01-13,11.31,11.16,11.45,11.14,85268,97267225.00,2.75,-1.15,-0.13,3.57
2026-01-14,11.17,11.16,11.25,11.00,70805,79661281.00,2.24,0.00,0.00,2.97
2026-01-15,11.05,11.07,11.23,10.95,47612,53281475.00,2.51,-0.81,-0.09,1.99
2026-01-16,11.08,11.25,11.29,11.00,58834,66148437.00,2.62,1.63,0.18,2.46
2026-01-19,11.26,11.60,11.72,11.21,65670,76581430.00,4.53,3.11,0.35,2.75
2026-01-20,11.64,11.65,11.75,11.50,54548,64005580.00,2.16,0.43,0.05,2.29
2026-01-21,11.58,11.80,11.88,11.48,65433,77690251.00,3.43,1.29,0.15,2.74
2026-01-22,11.78,11.96,12.18,11.71,67124,81253059.00,3.98,1.36,0.16,2.81
2026-01-23,11.96,12.39,12.68,11.83,139361,172654566.00,7.11,3.60,0.43,5.84
2026-01-26,12.48,13.22,13.53,12.45,233581,310372515.00,8.72,6.70,0.83,9.79
2026-01-27,13.15,13.21,13.38,12.99,126977,168622268.00,2.95,-0.08,-0.01,5.32
2026-01-28,13.01,11.88,13.06,11.88,239285,289220826.00,8.93,-10.07,-1.33,10.03
2026-01-29,11.89,12.14,12.79,11.76,200765,248735071.00,8.67,2.19,0.26,8.41
2026-01-30,12.05,12.25,12.52,11.98,124508,152932648.00,4.45,0.91,0.11,5.22
2026-02-02,12.38,11.88,12.38,11.88,84974,103850808.00,4.08,-3.02,-0.37,3.56
2026-02-03,12.03,12.26,12.32,11.85,78543,95728662.00,3.96,3.20,0.38,3.29
2026-02-04,12.27,12.30,12.47,12.14,54904,68084065.00,2.69,0.33,0.04,2.30
2026-02-05,12.31,12.25,12.35,12.14,46695,57629697.00,1.71,-0.41,-0.05,1.96
2026-02-06,12.27,12.87,13.21,12.22,135757,175732526.00,8.08,5.06,0.62,5.69
2026-02-09,12.87,13.09,13.20,12.75,101845,133690312.00,3.50,1.71,0.22,4.27
2026-02-10,13.09,13.18,13.20,12.97,66232,87431362.00,1.76,0.69,0.09,2.77
2026-02-11,13.14,12.93,13.20,12.90,59360,77876279.00,2.28,-1.90,-0.25,2.49
2026-02-12,12.93,13.17,13.40,12.91,84207,112025467.00,3.79,1.86,0.24,3.53
2026-02-13,13.17,13.08,13.29,12.98,52654,69667054.00,2.35,-0.68,-0.09,2.21
2026-02-24,13.15,13.32,13.52,13.13,92639,124520474.00,2.98,1.83,0.24,3.88
2026-02-25,13.30,13.10,13.32,13.05,55653,73865332.00,2.03,-1.65,-0.22,2.33
2026-02-26,13.10,13.06,13.25,12.91,42918,56404159.00,2.60,-0.31,-0.04,1.80
2026-02-27,13.00,12.99,13.05,12.72,53475,69569679.00,2.53,-0.54,-0.07,2.24
2026-03-02,13.03,12.94,13.27,12.72,86083,112111290.00,4.23,-0.38,-0.05,3.61
2026-03-03,12.91,12.57,13.26,12.55,89117,116061506.00,5.49,-2.86,-0.37,3.73
2026-03-04,12.49,12.74,12.86,12.28,67988,86931679.00,4.61,1.35,0.17,2.85
2026-03-05,12.78,12.50,12.85,12.47,66127,84080359.00,2.98,-1.88,-0.24,2.77
2026-03-06,12.49,12.79,12.80,12.31,61880,79295476.00,3.92,2.32,0.29,2.59
2026-03-09,12.79,12.60,12.80,12.42,67524,85366369.00,2.97,-1.49,-0.19,2.83
2026-03-10,12.48,12.80,12.98,12.42,72224,93170310.00,4.44,1.59,0.20,3.03
2026-03-11,12.86,12.45,12.90,12.43,61080,77237652.00,3.67,-2.73,-0.35,2.56
2026-03-12,12.55,12.17,12.56,12.07,77008,95191603.00,3.94,-2.25,-0.28,3.23
2026-03-13,12.27,12.21,12.63,12.10,70578,88213578.00,4.35,0.33,0.04,2.96
2026-03-16,12.17,12.10,12.35,11.97,58300,71169071.00,3.11,-0.90,-0.11,2.44
2026-03-17,12.10,11.88,12.27,11.85,49958,60425736.00,3.47,-1.82,-0.22,2.09
2026-03-18,11.88,11.80,12.10,11.65,69868,83329858.00,3.79,-0.67,-0.08,2.93
2026-03-19,11.81,11.69,11.94,11.61,68054,80568110.00,2.80,-0.93,-0.11,2.85
2026-03-20,11.70,11.81,12.08,11.62,96975,115893121.00,3.93,1.03,0.12,4.06
2026-03-23,11.55,10.71,11.58,10.62,118747,132530902.00,8.13,-9.31,-1.10,4.98
2026-03-24,10.89,11.33,11.33,10.50,114951,126713581.00,7.75,5.79,0.62,4.82
2026-03-25,11.50,11.80,11.86,11.30,66564,78428561.00,4.94,4.15,0.47,2.79
2026-03-26,11.79,11.84,12.13,11.65,60330,72265191.00,4.07,0.34,0.04,2.53
2026-03-27,11.78,12.07,12.14,11.61,64136,77369438.00,4.48,1.94,0.23,2.69
2026-03-30,11.98,12.08,12.27,11.78,53125,64701812.00,4.06,0.08,0.01,2.23
2026-03-31,12.08,11.78,12.20,11.76,45750,55154378.00,3.64,-2.48,-0.30,1.92
2026-04-01,12.01,11.96,12.04,11.72,61979,74057273.00,2.72,1.53,0.18,2.60
2026-04-02,12.05,11.70,12.05,11.68,46563,55461304.00,3.09,-2.17,-0.26,1.95
2026-04-03,11.83,11.47,11.83,11.40,43800,50921540.00,3.68,-1.97,-0.23,1.84
2026-04-07,12.38,12.63,12.63,12.09,72359,91388083.00,4.71,10.11,1.16,3.03
2026-04-08,12.77,13.48,13.77,12.60,327986,434439419.00,9.26,6.73,0.85,13.74
2026-04-09,13.52,14.21,14.39,13.38,272416,382668416.00,7.49,5.42,0.73,11.41
2026-04-10,14.12,14.31,14.87,14.12,222697,325654833.00,5.28,0.70,0.10,9.33
2026-04-13,14.21,13.82,14.29,13.75,170557,238848887.00,3.77,-3.42,-0.49,7.15
2026-04-14,13.80,13.75,14.04,13.65,102236,141985763.00,2.82,-0.51,-0.07,4.28
2026-04-15,13.76,14.08,14.58,13.74,119036,170759969.00,6.11,2.40,0.33,4.99
2026-04-16,14.08,14.93,15.00,13.78,169316,244857332.00,8.66,6.04,0.85,7.09
2026-04-17,15.00,14.54,15.41,14.34,171189,253582206.00,7.17,-2.61,-0.39,7.17
2026-04-20,14.59,15.32,15.39,14.36,161553,243527638.00,7.08,5.36,0.78,6.77
2026-04-21,15.20,15.17,15.58,15.05,117727,181260561.00,3.46,-0.98,-0.15,4.93
2026-04-22,15.08,16.70,16.70,15.08,278382,456416774.00,10.68,10.09,1.53,11.66
2026-04-23,16.70,16.40,16.78,16.15,219822,364528533.00,3.77,-1.80,-0.30,9.21
2026-04-24,16.51,16.26,16.51,15.40,208919,334449699.00,6.77,-0.85,-0.14,8.75
2026-04-27,16.12,16.18,16.63,15.60,148684,239312146.00,6.33,-0.49,-0.08,6.23
2026-04-28,16.04,16.19,16.40,15.96,81428,132282051.00,2.72,0.06,0.01,3.41
2026-04-29,16.15,15.97,16.20,15.70,90391,145184087.00,3.09,-1.36,-0.22,3.79
2026-04-30,15.96,16.78,17.02,15.88,165355,276102394.00,7.14,5.07,0.81,6.93
2026-05-06,17.81,16.72,17.86,16.67,167446,288837725.00,7.09,-0.36,-0.06,7.02
2026-05-07,16.92,17.06,17.22,16.56,90914,155556969.00,3.95,2.03,0.34,3.81
2026-05-08,16.95,18.43,18.65,16.92,168502,304570614.00,10.14,8.03,1.37,7.06
2026-05-11,18.51,18.05,18.70,17.90,122560,224610273.00,4.34,-2.06,-0.38,5.13
2026-05-12,18.13,17.52,18.14,17.43,91081,161994591.00,3.93,-2.94,-0.53,3.82
2026-05-13,17.28,17.57,17.95,17.28,81449,144152748.00,3.82,0.29,0.05,3.41
2026-05-14,17.56,17.61,18.00,17.15,97060,171334483.00,4.84,0.23,0.04,4.07
2026-05-15,17.79,17.18,17.79,16.86,93400,162160878.00,5.28,-2.44,-0.43,3.91
2026-05-18,17.13,17.66,18.00,16.98,100629,178594868.00,5.94,2.79,0.48,4.22
2026-05-19,17.88,17.38,18.27,17.20,71932,126418941.00,6.06,-1.59,-0.28,3.01
2026-05-20,17.27,18.07,18.25,17.10,101411,182309929.00,6.62,3.97,0.69,4.25
2026-05-21,18.15,17.47,18.46,17.35,94804,171541122.00,6.14,-3.32,-0.60,3.97
2026-05-22,17.59,18.12,18.30,17.17,85732,154969294.00,6.47,3.72,0.65,3.59
2026-05-25,18.10,18.94,19.85,18.10,122451,234017424.00,9.66,4.53,0.82,5.13
2026-05-26,19.24,19.03,19.50,18.68,121874,233433368.00,4.33,0.48,0.09,5.11
2026-05-27,18.69,19.88,20.94,18.69,299672,611142188.00,11.82,4.47,0.85,12.56
2026-05-28,19.76,20.30,20.47,19.43,177157,358125759.00,5.23,2.11,0.42,7.42
2026-05-29,20.01,20.69,21.39,20.01,164456,344028338.00,6.80,1.92,0.39,6.89
2026-06-01,20.50,22.05,22.05,20.15,228337,489769757.00,9.18,6.57,1.36,9.57
2026-06-02,21.63,19.84,22.04,19.84,97711,202408051.00,9.98,-10.02,-2.21,4.09
2026-06-03,19.76,18.50,19.90,17.85,309709,581945400.00,10.33,-6.75,-1.34,12.98
2026-06-04,18.10,16.88,18.10,16.71,225621,388525787.00,7.51,-8.76,-1.62,9.45
2026-06-05,16.90,17.86,18.58,16.90,229021,415028833.00,9.95,5.81,0.98,9.60
2026-06-08,17.35,17.84,18.88,17.02,149285,270423538.00,10.41,-0.11,-0.02,6.25
2026-06-09,18.10,18.06,18.20,17.14,118546,211028657.00,5.94,1.23,0.22,4.97
2026-06-10,17.75,17.92,18.26,17.52,73251,131509014.00,4.10,-0.78,-0.14,3.07
2026-06-11,17.94,17.19,18.16,16.91,84453,147041333.00,6.98,-4.07,-0.73,3.54
2026-06-12,17.20,18.00,18.25,16.90,121486,214060574.00,7.85,4.71,0.81,5.09
2026-06-15,17.65,16.52,18.06,16.19,183154,306274924.00,10.39,-8.22,-1.48,7.67
2026-06-16,16.52,16.51,16.89,16.00,112567,186152367.00,5.39,-0.06,-0.01,4.72
2026-06-17,16.56,18.17,18.17,16.30,91603,162183395.00,11.33,10.05,1.66,3.84
2026-06-18,18.17,18.62,19.10,18.17,183362,344050363.00,5.12,2.48,0.45,7.68
2026-06-22,18.62,20.12,20.22,18.60,165966,324273875.00,8.70,8.06,1.50,6.95
2026-06-23,19.82,19.30,20.65,19.21,107189,212568035.00,7.16,-4.08,-0.82,4.49
2026-06-24,19.23,19.20,19.51,18.30,89868,171706810.00,6.27,-0.52,-0.10,3.77
2026-06-25,19.40,19.23,19.59,18.69,79445,151492613.00,4.69,0.16,0.03,3.33
2026-06-26,18.97,18.49,19.33,18.40,90215,169620423.00,4.84,-3.85,-0.74,3.78