2026-01-05,4.44,4.47,4.48,4.43,620786,300034020.00,1.13,0.68,0.03,0.74
2026-01-06,4.47,4.93,4.96,4.46,4126325,2156412603.00,11.19,10.29,0.46,4.89
2026-01-07,4.87,4.92,5.02,4.83,2726795,1452556402.00,3.85,-0.20,-0.01,3.23
2026-01-08,4.96,4.86,5.00,4.83,1627453,863501552.00,3.46,-1.22,-0.06,1.93
2026-01-09,4.87,4.81,4.91,4.80,1404267,733528580.00,2.26,-1.03,-0.05,1.66
2026-01-12,4.82,4.79,4.82,4.75,1205120,621844599.00,1.46,-0.42,-0.02,1.43
2026-01-13,4.83,4.77,4.90,4.75,1193017,618472665.00,3.13,-0.42,-0.02,1.41
2026-01-14,4.76,5.29,5.29,4.75,5943024,3316634615.00,11.32,10.90,0.52,7.04
2026-01-15,5.12,5.08,5.28,5.01,3907507,2143757507.00,5.10,-3.97,-0.21,4.63
2026-01-16,5.10,4.92,5.11,4.90,1882458,1007308454.00,4.13,-3.15,-0.16,2.23
2026-01-19,4.92,5.38,5.45,4.87,4229614,2373057627.00,11.79,9.35,0.46,5.01
2026-01-20,5.35,5.53,5.66,5.32,3602470,2105445988.00,6.32,2.79,0.15,4.27
2026-01-21,5.49,5.45,5.56,5.37,2155294,1257977607.00,3.44,-1.45,-0.08,2.55
2026-01-22,5.45,5.43,5.52,5.38,1475808,858816443.00,2.57,-0.37,-0.02,1.75
2026-01-23,5.42,5.45,5.52,5.41,1471200,858069456.00,2.03,0.37,0.02,1.74
2026-01-26,5.48,5.43,5.53,5.38,1536112,894159800.00,2.75,-0.37,-0.02,1.82
2026-01-27,5.40,5.50,5.63,5.38,2163143,1270340927.00,4.60,1.29,0.07,2.56
2026-01-28,5.47,5.55,5.65,5.42,1956827,1161056172.00,4.18,0.91,0.05,2.32
2026-01-29,5.51,5.67,5.79,5.51,2226659,1348571477.00,5.05,2.16,0.12,2.64
2026-01-30,5.69,5.53,5.69,5.33,2214570,1298929768.00,6.35,-2.47,-0.14,2.62
2026-02-02,5.43,5.15,5.52,5.14,2018529,1146358855.00,6.87,-6.87,-0.38,2.39
2026-02-03,5.27,5.26,5.28,5.13,1143061,640770778.00,2.91,2.14,0.11,1.35
2026-02-04,5.27,5.33,5.35,5.19,1025365,581849484.00,3.04,1.33,0.07,1.22
2026-02-05,5.32,5.23,5.41,5.20,842291,476095702.00,3.94,-1.88,-0.10,1.00
2026-02-06,5.12,5.32,5.42,5.07,1186258,674392078.00,6.69,1.72,0.09,1.41
2026-02-09,5.37,5.34,5.39,5.29,909132,519585916.00,1.88,0.38,0.02,1.08
2026-02-10,5.34,5.30,5.34,5.20,826230,466359246.00,2.62,-0.75,-0.04,0.98
2026-02-11,5.30,5.52,5.69,5.25,1905269,1127184621.00,8.30,4.15,0.22,2.26
2026-02-12,5.52,5.49,5.55,5.43,902094,529661404.00,2.17,-0.54,-0.03,1.07
2026-02-13,5.46,5.31,5.48,5.30,871685,501316674.00,3.28,-3.28,-0.18,1.03
2026-02-24,5.40,5.50,5.56,5.34,1130153,661360472.00,4.14,3.58,0.19,1.34
2026-02-25,5.50,5.61,5.76,5.49,1649993,994842978.00,4.91,2.00,0.11,1.96
2026-02-26,5.62,5.55,5.65,5.54,972128,579085222.00,1.96,-1.07,-0.06,1.15
2026-02-27,5.53,5.63,5.65,5.52,890075,532286984.00,2.34,1.44,0.08,1.05
2026-03-02,5.78,5.66,5.83,5.56,1314486,793049006.00,4.80,0.53,0.03,1.56
2026-03-03,5.68,5.58,5.77,5.49,1715399,1030411190.00,4.95,-1.41,-0.08,2.03
2026-03-04,5.53,5.69,5.95,5.48,2599896,1604965896.00,8.42,1.97,0.11,3.08
2026-03-05,5.70,5.71,5.87,5.60,1349143,817985100.00,4.75,0.35,0.02,1.60
2026-03-06,5.72,5.95,6.01,5.63,2246317,1396928269.00,6.65,4.20,0.24,2.66
2026-03-09,6.01,6.09,6.37,5.97,3081073,2018050062.00,6.72,2.35,0.14,3.65
2026-03-10,5.84,5.76,5.97,5.74,2054613,1275234273.00,3.78,-5.42,-0.33,2.43
2026-03-11,5.74,6.06,6.22,5.65,2179432,1369418761.00,9.90,5.21,0.30,2.58
2026-03-12,6.23,6.30,6.37,6.03,2715622,1802294010.00,5.61,3.96,0.24,3.22
2026-03-13,6.32,6.02,6.35,6.01,1834088,1198633588.00,5.40,-4.44,-0.28,2.17
2026-03-16,6.06,5.91,6.16,5.87,1309908,833775097.00,4.82,-1.83,-0.11,1.55
2026-03-17,5.94,5.75,6.09,5.73,1203764,747772496.00,6.09,-2.71,-0.16,1.43
2026-03-18,5.72,5.58,5.74,5.43,1614158,957688839.00,5.39,-2.96,-0.17,1.91
2026-03-19,5.58,5.37,5.62,5.33,1176164,683531334.00,5.20,-3.76,-0.21,1.39
2026-03-20,5.32,5.26,5.43,5.22,1056477,599621521.00,3.91,-2.05,-0.11,1.25
2026-03-23,5.21,5.15,5.38,5.11,1401658,784647464.00,5.13,-2.09,-0.11,1.66
2026-03-24,5.20,5.16,5.22,5.00,874609,478987196.00,4.27,0.19,0.01,1.04
2026-03-25,5.11,5.14,5.22,5.08,1013797,560951682.00,2.71,-0.39,-0.02,1.20
2026-03-26,5.14,5.09,5.25,5.06,1002077,554752172.00,3.70,-0.97,-0.05,1.19
2026-03-27,5.04,5.17,5.27,5.01,1023061,569778083.00,5.11,1.57,0.08,1.21
2026-03-30,5.16,5.21,5.24,5.09,722589,400907595.00,2.90,0.77,0.04,0.86
2026-03-31,5.20,5.13,5.32,5.13,695960,387705763.00,3.65,-1.54,-0.08,0.82
2026-04-01,5.18,5.14,5.26,5.12,744872,413937199.00,2.73,0.19,0.01,0.88
2026-04-02,5.12,4.94,5.15,4.91,988234,532398306.00,4.67,-3.89,-0.20,1.17
2026-04-03,4.96,4.74,4.97,4.71,852136,438943974.00,5.26,-4.05,-0.20,1.01
2026-04-07,4.74,5.19,5.24,4.73,1659447,900445763.00,10.76,9.49,0.45,1.97
2026-04-08,5.04,5.15,5.16,4.98,1203289,656819865.00,3.47,-0.77,-0.04,1.43
2026-04-09,5.15,5.16,5.25,5.12,719089,399430450.00,2.52,0.19,0.01,0.85
2026-04-10,5.29,5.17,5.32,5.15,846911,474436107.00,3.29,0.19,0.01,1.00
2026-04-13,5.11,5.16,5.19,5.05,756892,416042674.00,2.71,-0.19,-0.01,0.90
2026-04-14,5.15,5.15,5.17,5.08,529953,290989095.00,1.74,-0.19,-0.01,0.63
2026-04-15,5.14,5.03,5.15,5.02,632096,344035477.00,2.52,-2.33,-0.12,0.75
2026-04-16,5.04,4.97,5.06,4.95,744143,399882473.00,2.19,-1.19,-0.06,0.88
2026-04-17,4.96,4.85,4.96,4.83,798234,419290072.00,2.62,-2.41,-0.12,0.95
2026-04-20,4.85,4.86,4.91,4.81,489462,256886642.00,2.06,0.21,0.01,0.58
2026-04-21,4.86,4.91,4.95,4.83,588892,310557562.00,2.47,1.03,0.05,0.70
2026-04-22,4.89,4.84,4.92,4.82,651658,340790979.00,2.04,-1.43,-0.07,0.77
2026-04-23,4.83,4.86,4.91,4.80,509013,266437948.00,2.27,0.41,0.02,0.60
2026-04-24,4.84,4.95,4.98,4.84,850086,451565384.00,2.88,1.85,0.09,1.01
2026-04-27,4.95,5.15,5.21,4.85,1663531,906459407.00,7.27,4.04,0.20,1.97
2026-04-28,5.12,5.17,5.22,5.09,822222,455510600.00,2.52,0.39,0.02,0.97
2026-04-29,5.14,5.27,5.31,5.12,935423,526778921.00,3.68,1.93,0.10,1.11
2026-04-30,5.25,5.21,5.30,5.19,628504,352460279.00,2.09,-1.14,-0.06,0.74
2026-05-06,5.21,5.29,5.32,5.19,1028076,579496739.00,2.50,1.54,0.08,1.22
2026-05-07,5.31,5.13,5.31,5.11,1052687,582532368.00,3.78,-3.02,-0.16,1.25
2026-05-08,5.12,5.20,5.24,5.11,693817,386447471.00,2.53,1.36,0.07,0.82
2026-05-11,5.19,5.17,5.28,5.14,784959,437629268.00,2.69,-0.58,-0.03,0.93
2026-05-12,5.16,5.11,5.20,5.05,775406,426001975.00,2.90,-1.16,-0.06,0.92
2026-05-13,5.10,5.16,5.24,5.09,775156,430947240.00,2.94,0.98,0.05,0.92
2026-05-14,5.16,5.18,5.37,5.15,1072554,603703393.00,4.26,0.39,0.02,1.27
2026-05-15,5.17,5.20,5.33,5.15,1017648,571157187.00,3.47,0.39,0.02,1.21
2026-05-18,5.19,5.16,5.29,5.03,1126392,621673459.00,5.00,-0.77,-0.04,1.33
2026-05-19,5.17,5.10,5.20,5.07,619625,340028386.00,2.52,-1.16,-0.06,0.73
2026-05-20,5.07,5.06,5.14,5.00,541335,294228366.00,2.75,-0.78,-0.04,0.64
2026-05-21,5.05,4.94,5.21,4.94,742031,404560248.00,5.34,-2.37,-0.12,0.88
2026-05-22,4.93,5.05,5.10,4.93,578151,312742697.00,3.44,2.23,0.11,0.69
2026-05-25,5.05,4.99,5.08,4.95,482330,259969082.00,2.57,-1.19,-0.06,0.57
2026-05-26,4.97,4.99,4.99,4.90,463346,246655884.00,1.80,0.00,0.00,0.55
2026-05-27,4.97,4.82,5.01,4.78,706841,370001733.00,4.61,-3.41,-0.17,0.84
2026-05-28,4.81,4.75,4.86,4.70,487368,250854605.00,3.32,-1.45,-0.07,0.58
2026-05-29,4.75,4.74,4.80,4.72,448109,230193945.00,1.68,-0.21,-0.01,0.53
2026-06-01,4.73,4.83,4.84,4.73,434382,224952149.00,2.32,1.90,0.09,0.51
2026-06-02,4.83,4.81,4.85,4.76,427134,221201624.00,1.86,-0.41,-0.02,0.51
2026-06-03,4.79,4.77,4.83,4.74,395049,203295664.00,1.87,-0.83,-0.04,0.47
2026-06-04,4.76,4.65,4.76,4.63,677289,341952562.00,2.73,-2.52,-0.12,0.80
2026-06-05,4.63,4.71,4.80,4.62,638331,325519170.00,3.87,1.29,0.06,0.76
2026-06-08,4.66,4.60,4.68,4.57,697659,348321849.00,2.34,-2.34,-0.11,0.83
2026-06-09,4.61,4.72,4.74,4.60,624969,316347847.00,3.04,2.61,0.12,0.74
2026-06-10,4.68,4.72,4.91,4.67,922780,476543348.00,5.08,0.00,0.00,1.09
2026-06-11,4.72,4.66,4.78,4.54,616391,309388724.00,5.08,-1.27,-0.06,0.73
2026-06-12,4.66,4.88,4.91,4.63,1116541,579595040.00,6.01,4.72,0.22,1.32
2026-06-15,4.83,4.83,4.98,4.80,725163,381302103.00,3.69,-1.02,-0.05,0.86
2026-06-16,4.81,4.76,4.84,4.73,606124,312093208.00,2.28,-1.45,-0.07,0.72
2026-06-17,4.73,4.69,4.74,4.63,541971,273915880.00,2.31,-1.47,-0.07,0.64
2026-06-18,4.67,4.59,4.69,4.57,524253,261307094.00,2.56,-2.13,-0.10,0.62
2026-06-22,4.59,4.68,4.68,4.46,865875,427937616.00,4.79,1.96,0.09,1.03
2026-06-23,4.68,4.55,4.76,4.52,621589,310741252.00,5.13,-2.78,-0.13,0.74
2026-06-24,4.56,4.50,4.69,4.47,743583,367031230.00,4.84,-1.10,-0.05,0.88
2026-06-25,4.51,4.42,4.51,4.35,807307,388278671.00,3.56,-1.78,-0.08,0.96
2026-06-26,4.45,4.20,4.45,4.18,863271,401326051.00,6.11,-4.98,-0.22,1.02
2026-06-29,4.17,4.16,4.21,4.10,639844,290219898.00,2.62,-0.95,-0.04,0.76
2026-06-30,4.15,4.08,4.16,4.03,789737,350893190.00,3.13,-1.92,-0.08,0.94
2026-07-01,4.13,4.19,4.24,4.07,786955,357574682.00,4.17,2.70,0.11,0.93
2026-07-02,4.18,4.36,4.43,4.15,1034598,489418432.00,6.68,4.06,0.17,1.23
2026-07-03,4.38,4.33,4.42,4.29,625174,295538083.00,2.98,-0.69,-0.03,0.74
2026-07-06,4.35,4.41,4.47,4.32,638793,306024725.00,3.46,1.85,0.08,0.76
2026-07-07,4.42,4.40,4.46,4.32,828945,395201658.00,3.17,-0.23,-0.01,0.98
2026-07-08,4.41,4.36,4.47,4.32,702800,308917037.00,3.41,-0.91,-0.04,0.83
2026-07-09,4.37,4.42,4.44,4.33,521525,228834729.00,2.52,1.38,0.06,0.62
2026-07-10,4.41,4.35,4.44,4.32,569423,249243985.00,2.71,-1.58,-0.07,0.67
2026-07-13,4.35,4.31,4.39,4.30,447796,194111484.00,2.07,-0.92,-0.04,0.53
2026-07-14,4.32,4.44,4.47,4.31,707922,311997741.00,3.71,3.02,0.13,0.84
2026-07-15,4.43,4.49,4.52,4.40,538869,240968997.00,2.70,1.13,0.05,0.64
2026-07-16,4.47,4.41,4.50,4.39,557724,246923096.00,2.45,-1.78,-0.08,0.66
2026-07-17,4.41,4.46,4.54,4.41,869462,389871055.00,2.95,1.13,0.05,1.03
2026-07-20,4.46,4.55,4.57,4.45,730657,331013830.00,2.69,2.02,0.09,0.87
2026-07-21,4.53,4.60,4.71,4.52,897620,415880770.00,4.18,1.10,0.05,1.06
2026-07-22,4.58,4.57,4.62,4.50,594471,270909898.00,2.61,-0.65,-0.03,0.70
2026-07-23,4.57,4.74,4.76,4.56,827370,387595039.00,4.38,3.72,0.17,0.98
2026-07-24,4.70,4.64,4.79,4.63,454137,213288810.00,3.38,-2.11,-0.10,0.54
2026-07-27,4.64,4.63,4.66,4.58,494813,228409678.00,1.72,-0.22,-0.01,0.59
2026-07-28,4.61,4.61,4.63,4.54,436171,199553759.00,1.94,-0.43,-0.02,0.52
2026-07-29,4.61,4.74,4.92,4.59,965695,456306244.00,7.16,2.82,0.13,1.14
2026-07-30,4.60,4.75,4.78,4.59,865775,406838345.00,4.01,0.21,0.01,1.03
2026-07-31,4.71,4.74,4.78,4.70,527038,249318732.00,1.68,-0.21,-0.01,0.62
2026-08-03,4.72,4.75,4.78,4.71,448436,213222486.00,1.48,0.21,0.01,0.53
2026-08-04,4.75,4.71,4.76,4.68,488383,230125959.00,1.68,-0.84,-0.04,0.58
2026-08-05,4.70,4.66,4.71,4.62,553016,257173978.00,1.91,-1.06,-0.05,0.66