2026-01-05,32.39,32.53,33.09,31.55,503868,1635439181.71,4.99,5.48,1.69,7.56
2026-01-06,33.16,33.84,34.38,32.32,495561,1655814569.95,6.33,4.03,1.31,7.43
2026-01-07,34.19,33.90,35.37,33.38,445002,1529544526.05,5.88,0.18,0.06,6.67
2026-01-08,33.84,32.59,33.93,32.29,338884,1128512108.19,4.84,-3.86,-1.31,5.08
2026-01-09,32.43,34.58,34.82,31.96,392255,1318139882.79,8.78,6.11,1.99,5.88
2026-01-12,37.56,37.43,37.58,35.74,377040,1386918505.05,5.32,8.24,2.85,5.66
2026-01-13,37.44,38.40,39.68,37.13,382137,1482205631.60,6.81,2.59,0.97,5.73
2026-01-14,39.40,40.80,41.06,38.90,482257,1936557105.27,5.63,6.25,2.40,7.23
2026-01-15,40.44,40.07,42.01,39.14,432511,1750965337.95,7.03,-1.79,-0.73,6.49
2026-01-16,40.53,40.32,41.98,40.08,334478,1372838408.42,4.74,0.62,0.25,5.02
2026-01-19,41.04,40.19,41.28,38.91,297415,1203680638.88,5.88,-0.32,-0.13,4.46
2026-01-20,41.07,41.86,42.26,38.48,431139,1753852316.52,9.41,4.16,1.67,6.47
2026-01-21,41.76,45.88,46.04,41.08,460878,2012367614.32,11.85,9.60,4.02,6.91
2026-01-22,43.10,46.70,48.97,43.10,508469,2317671576.88,12.79,1.79,0.82,7.63
2026-01-23,48.88,51.38,51.38,48.58,396669,2001132402.49,6.00,10.02,4.68,5.95
2026-01-26,56.37,56.53,56.53,55.38,142903,808481038.91,2.24,10.02,5.15,2.14
2026-01-27,56.74,61.04,62.20,56.74,844935,5112805926.85,9.66,7.98,4.51,12.67
2026-01-28,62.67,67.16,67.16,60.38,690833,4431012157.02,11.11,10.03,6.12,10.36
2026-01-29,69.88,67.68,73.47,62.89,862187,5883779542.15,15.75,0.77,0.52,12.93
2026-01-30,60.90,60.90,62.88,60.90,252806,1544675955.48,2.93,-10.02,-6.78,3.79
2026-02-02,54.80,54.80,54.80,54.80,10295,56540140.00,0.00,-10.02,-6.10,0.15
2026-02-03,49.31,49.34,51.38,49.31,652366,3237114126.14,3.78,-9.96,-5.46,9.78
2026-02-04,51.88,50.87,51.88,48.97,580228,2933254950.13,5.90,3.10,1.53,8.70
2026-02-05,49.43,48.21,51.63,45.88,664298,3231006825.66,11.30,-5.23,-2.66,9.96
2026-02-06,43.38,47.43,48.52,43.38,511977,2389025950.45,10.66,-1.62,-0.78,7.68
2026-02-09,48.49,48.76,49.18,47.68,385530,1877574302.86,3.16,2.80,1.33,5.78
2026-02-10,48.95,47.05,49.15,46.88,286937,1377021138.90,4.66,-3.51,-1.71,4.30
2026-02-11,47.08,47.54,48.18,46.72,241619,1148707314.74,3.10,1.04,0.49,3.62
2026-02-12,47.32,46.68,48.15,46.66,231638,1101113924.50,3.13,-1.81,-0.86,3.47
2026-02-13,45.24,45.08,46.43,44.98,271027,1239105869.49,3.11,-3.43,-1.60,4.07
2026-02-24,47.75,49.60,49.60,47.11,425977,2079964205.92,5.52,10.03,4.52,6.39
2026-02-25,49.88,50.42,51.44,48.73,455599,2295446174.53,5.46,1.65,0.82,6.83
2026-02-26,50.88,49.96,51.08,49.51,296532,1491619391.70,3.11,-0.91,-0.46,4.45
2026-02-27,49.56,51.88,52.24,49.49,367605,1886130121.70,5.50,3.84,1.92,5.51
2026-03-02,53.68,56.45,56.84,50.42,626812,3340804284.93,12.37,8.81,4.57,9.40
2026-03-03,53.49,50.79,54.60,50.79,442888,2335976690.53,6.75,-10.03,-5.66,6.64
2026-03-04,47.03,48.88,50.10,47.01,342101,1672739034.65,6.08,-3.76,-1.91,5.13
2026-03-05,49.43,47.82,49.78,47.10,267799,1295160397.98,5.48,-2.17,-1.06,4.02
2026-03-06,46.74,47.54,48.86,46.44,211647,1009838909.26,5.06,-0.59,-0.28,3.17
2026-03-09,47.54,46.71,47.54,44.46,326026,1504865714.26,6.48,-1.75,-0.83,4.89
2026-03-10,48.18,48.08,49.05,47.79,196252,950829152.48,2.70,2.93,1.37,2.94
2026-03-11,48.47,46.64,48.54,46.48,174695,825733474.86,4.28,-3.00,-1.44,2.62
2026-03-12,46.38,45.49,46.53,44.78,186608,853791241.27,3.75,-2.47,-1.15,2.80
2026-03-13,45.10,44.18,46.68,44.13,191502,870526522.87,5.61,-2.88,-1.31,2.87
2026-03-16,42.90,42.50,44.38,41.26,262831,1119134207.55,7.06,-3.80,-1.68,3.94
2026-03-17,42.80,42.53,43.79,42.42,167306,721287642.44,3.22,0.07,0.03,2.51
2026-03-18,42.53,42.91,43.56,41.89,185055,792805150.36,3.93,0.89,0.38,2.78
2026-03-19,41.28,39.51,42.06,39.33,304225,1230904572.69,6.36,-7.92,-3.40,4.56
2026-03-20,40.30,38.87,41.18,38.78,320291,1288772864.09,6.07,-1.62,-0.64,4.80
2026-03-23,38.17,34.97,38.47,34.97,390007,1422143001.16,9.00,-10.03,-3.90,5.85
2026-03-24,36.27,36.56,36.66,34.97,348040,1251233225.98,4.83,4.55,1.59,5.22
2026-03-25,38.51,38.34,39.53,38.00,359758,1397289102.82,4.18,4.87,1.78,5.40
2026-03-26,38.34,37.80,38.63,37.38,179282,681909365.41,3.26,-1.41,-0.54,2.69
2026-03-27,37.14,38.36,38.73,36.66,176392,673950206.63,5.48,1.48,0.56,2.65
2026-03-30,38.12,38.68,38.86,37.37,178071,682422187.00,3.88,0.83,0.32,2.67
2026-03-31,39.16,38.68,40.48,38.64,234875,928336154.89,4.76,0.00,0.00,3.52
2026-04-01,40.08,39.83,40.63,39.23,214867,856933563.19,3.62,2.97,1.15,3.22
2026-04-02,39.38,38.53,39.41,38.00,221779,859222477.28,3.54,-3.26,-1.30,3.33
2026-04-03,38.93,38.50,39.18,37.75,118452,456131956.79,3.71,-0.08,-0.03,1.78
2026-04-07,38.50,38.92,39.33,38.36,133547,521684514.65,2.52,1.09,0.42,2.00
2026-04-08,41.19,41.96,42.37,40.99,296204,1243372832.95,3.55,7.81,3.04,4.44
2026-04-09,40.19,40.98,41.31,40.00,182194,745050814.87,3.12,-2.34,-0.98,2.73
2026-04-10,41.28,40.39,41.58,40.35,151045,619307735.72,3.00,-1.44,-0.59,2.27
2026-04-13,40.01,40.72,41.00,39.81,135813,549226911.23,2.95,0.82,0.33,2.04
2026-04-14,41.13,41.01,41.67,40.40,152188,626817010.80,3.12,0.71,0.29,2.28
2026-04-15,42.15,40.02,42.36,39.89,248189,1027058307.26,6.02,-2.41,-0.99,3.72
2026-04-16,40.48,41.05,41.47,40.00,185217,757709308.29,3.67,2.57,1.03,2.78
2026-04-17,40.59,40.92,41.48,40.42,160519,658081480.75,2.58,-0.32,-0.13,2.41
2026-04-20,41.18,41.07,42.17,40.81,216268,899786355.96,3.32,0.37,0.15,3.24
2026-04-21,40.88,40.95,41.27,39.98,135815,554894877.44,3.14,-0.29,-0.12,2.04
2026-04-22,40.57,41.07,41.33,39.60,166209,680865433.27,4.22,0.29,0.12,2.49
2026-04-23,41.23,38.31,41.41,37.78,352512,1369650425.34,8.84,-6.72,-2.76,5.29
2026-04-24,37.72,37.59,38.27,36.68,203967,763970791.09,4.15,-1.88,-0.72,3.06
2026-04-27,37.27,37.64,38.16,36.99,149443,564963728.33,3.11,0.13,0.05,2.24
2026-04-28,37.43,36.58,37.56,36.33,147321,542119126.30,3.27,-2.82,-1.06,2.21
2026-04-29,35.78,37.38,37.43,35.38,169543,624154185.47,5.60,2.19,0.80,2.54
2026-04-30,36.97,36.36,37.48,36.05,204113,749380867.77,3.83,-2.73,-1.02,3.06
2026-05-06,36.73,37.67,37.83,36.26,243526,907469950.95,4.32,3.60,1.31,3.65
2026-05-07,38.87,38.83,39.86,37.88,349958,1358891475.52,5.26,3.08,1.16,5.25
2026-05-08,38.89,40.05,40.56,38.88,330169,1318042305.71,4.33,3.14,1.22,4.95
2026-05-11,39.88,39.34,40.25,38.89,247631,983947232.04,3.40,-1.77,-0.71,3.71
2026-05-12,40.88,38.98,41.19,38.96,341113,1371841080.32,5.67,-0.92,-0.36,5.12
2026-05-13,39.88,38.67,40.03,38.47,214177,836914878.28,4.00,-0.80,-0.31,3.21
2026-05-14,39.27,37.31,39.37,37.18,217786,837179328.78,5.66,-3.52,-1.36,3.27
2026-05-15,36.64,34.90,36.76,34.46,274368,973083266.52,6.16,-6.46,-2.41,4.12
2026-05-18,34.27,34.06,34.42,33.35,170476,580277776.04,3.07,-2.41,-0.84,2.56
2026-05-19,34.05,33.44,34.06,32.86,170342,569017328.46,3.52,-1.82,-0.62,2.55
2026-05-20,32.52,32.92,33.49,32.18,186753,612718655.72,3.92,-1.56,-0.52,2.80
2026-05-21,33.54,32.28,33.87,32.18,171342,571270625.19,5.13,-1.94,-0.64,2.57
2026-05-22,32.41,32.93,33.37,31.79,138265,453616928.88,4.89,2.01,0.65,2.07
2026-05-25,33.58,33.90,33.93,32.76,167101,561789883.40,3.55,2.95,0.97,2.51
2026-05-26,33.38,34.40,34.60,32.95,185162,628708092.75,4.87,1.47,0.50,2.78
2026-05-27,34.17,32.12,34.46,31.88,170695,561335665.06,7.50,-6.63,-2.28,2.56
2026-05-28,31.38,31.81,32.06,30.69,197190,619640857.72,4.27,-0.97,-0.31,2.96
2026-05-29,32.48,30.78,33.14,30.60,172874,543808904.05,7.98,-3.24,-1.03,2.59
2026-06-01,30.62,30.75,31.33,30.17,133672,415358396.41,3.77,-0.10,-0.03,2.00
2026-06-02,30.93,31.65,31.93,29.88,165120,515855682.30,6.67,2.93,0.90,2.48
2026-06-03,31.11,31.14,31.94,30.70,145410,457390463.07,3.92,-1.61,-0.51,2.18
2026-06-04,30.82,30.00,30.98,29.93,156466,475381927.27,3.37,-3.66,-1.14,2.35
2026-06-05,30.00,29.59,30.27,29.34,138920,415524162.95,3.10,-1.37,-0.41,2.08
2026-06-08,28.00,27.47,28.68,26.88,193401,540608490.02,6.08,-7.16,-2.12,2.90
2026-06-09,27.80,27.94,28.08,26.90,149609,412099072.79,4.30,1.71,0.47,2.24
2026-06-10,27.51,27.20,27.66,26.62,179639,487171392.58,3.72,-2.65,-0.74,2.69
2026-06-11,27.20,27.90,28.45,26.99,222654,618349089.54,5.37,2.57,0.70,3.34
2026-06-12,28.72,29.17,29.88,28.24,237762,692408898.54,5.88,4.55,1.27,3.57
2026-06-15,30.48,30.79,31.14,29.77,296573,907094485.73,4.70,5.55,1.62,4.45
2026-06-16,28.32,27.71,28.76,27.71,170110,476356194.62,3.41,-10.00,-3.08,2.55
2026-06-17,26.11,26.52,27.45,25.71,849593,2249294108.93,6.28,-4.29,-1.19,12.74
2026-06-18,26.04,26.34,27.85,25.83,484735,1294268165.79,7.62,-0.68,-0.18,7.27
2026-06-22,26.64,27.55,27.68,25.76,414999,1108932071.09,7.29,4.59,1.21,6.22
2026-06-23,27.29,24.80,27.29,24.80,373682,957384389.27,9.04,-9.98,-2.75,5.60
2026-06-24,24.49,24.34,24.75,23.60,346915,834863929.02,4.64,-1.85,-0.46,5.20
2026-06-25,23.76,23.11,23.95,22.96,298130,694045769.19,4.07,-5.05,-1.23,4.47
2026-06-26,23.25,21.17,23.28,20.91,263010,569446232.96,10.26,-8.39,-1.94,3.94
2026-06-29,21.18,21.00,21.57,20.43,272861,569544039.47,5.38,-0.80,-0.17,4.09
2026-06-30,23.10,23.10,23.10,23.10,74714,172589016.60,0.00,10.00,2.10,1.12