2026-01-05,56.88,58.10,59.72,56.00,309393,1799311280.00,6.54,2.13,1.21,10.76
2026-01-06,57.10,58.18,59.65,57.01,318666,1857305286.00,4.54,0.14,0.08,11.08
2026-01-07,59.28,61.59,65.20,58.66,517916,3167879996.00,11.24,5.86,3.41,18.01
2026-01-08,60.56,59.73,61.40,59.60,346657,2085730724.00,2.92,-3.02,-1.86,12.05
2026-01-09,59.00,59.14,59.85,58.30,258704,1527190820.00,2.60,-0.99,-0.59,8.99
2026-01-12,59.14,58.54,59.15,57.85,269697,1573990061.00,2.20,-1.01,-0.60,9.38
2026-01-13,58.42,56.54,59.65,56.20,267422,1547284065.00,5.89,-3.42,-2.00,9.30
2026-01-14,56.30,56.90,58.50,56.29,238018,1365589821.00,3.91,0.64,0.36,8.27
2026-01-15,56.38,59.50,59.50,56.01,296724,1729962914.00,6.13,4.57,2.60,10.32
2026-01-16,60.00,60.98,64.68,59.20,435902,2694961382.00,9.21,2.49,1.48,15.15
2026-01-19,61.96,59.88,62.98,59.81,271807,1654960532.00,5.20,-1.80,-1.10,9.45
2026-01-20,59.87,61.50,61.50,57.87,316818,1889280097.00,6.06,2.71,1.62,11.01
2026-01-21,60.35,63.55,64.57,59.00,384756,2386909600.00,9.06,3.33,2.05,13.38
2026-01-22,63.58,61.80,64.00,61.54,247717,1541437492.00,3.87,-2.75,-1.75,8.61
2026-01-23,61.42,62.01,62.36,60.61,221698,1362997762.00,2.83,0.34,0.21,7.71
2026-01-26,61.39,57.78,61.39,57.78,224507,1335715098.00,5.82,-6.82,-4.23,7.81
2026-01-27,57.30,57.63,58.55,55.71,160408,917517955.00,4.92,-0.26,-0.15,5.58
2026-01-28,57.40,57.68,58.67,56.32,164021,941789991.00,4.08,0.09,0.05,5.70
2026-01-29,57.00,54.55,57.48,54.50,160272,901786818.00,5.17,-5.43,-3.13,5.57
2026-01-30,54.00,53.53,54.85,52.20,143349,765237440.00,4.86,-1.87,-1.02,4.98
2026-02-02,53.30,52.62,54.03,52.60,84928,453185892.00,2.67,-1.70,-0.91,2.95
2026-02-03,53.20,54.10,54.17,53.20,88804,477483922.00,1.84,2.81,1.48,3.09
2026-02-04,53.60,53.25,53.95,52.30,88531,469658267.00,3.05,-1.57,-0.85,3.08
2026-02-05,52.05,52.20,52.86,51.71,78118,407793221.00,2.16,-1.97,-1.05,2.72
2026-02-06,52.10,52.55,53.39,51.80,78689,415768769.00,3.05,0.67,0.35,2.74
2026-02-09,53.54,53.73,53.92,53.25,79555,426887457.00,1.27,2.25,1.18,2.77
2026-02-10,53.54,53.38,54.35,53.20,74571,400768474.00,2.14,-0.65,-0.35,2.59
2026-02-11,53.13,52.70,53.83,52.70,61351,326206061.00,2.12,-1.27,-0.68,2.13
2026-02-12,52.92,53.50,54.17,52.70,84677,453600707.00,2.79,1.52,0.80,2.94
2026-02-13,53.25,55.35,56.70,53.13,216471,1201432687.00,6.67,3.46,1.85,7.53
2026-02-24,55.37,56.55,56.97,54.36,159791,891320889.00,4.72,2.17,1.20,5.56
2026-02-25,56.20,56.62,57.27,55.72,156662,886814160.00,2.74,0.12,0.07,5.45
2026-02-26,56.56,58.14,58.55,55.15,228081,1305128959.00,6.00,2.68,1.52,7.93
2026-02-27,57.00,57.43,58.10,56.80,128756,739430609.00,2.24,-1.22,-0.71,4.48
2026-03-02,56.10,55.73,57.40,55.73,137936,775412082.00,2.91,-2.96,-1.70,4.80
2026-03-03,55.86,53.73,56.84,53.53,148537,818893697.00,5.94,-3.59,-2.00,5.16
2026-03-04,53.47,53.07,54.58,52.99,93306,500605090.00,2.96,-1.23,-0.66,3.24
2026-03-05,54.20,53.22,54.84,52.88,99216,535606900.00,3.69,0.28,0.15,3.45
2026-03-06,53.06,53.31,54.12,52.83,77497,414772548.00,2.42,0.17,0.09,2.69
2026-03-09,52.00,51.20,52.78,49.46,143713,726771613.00,6.23,-3.96,-2.11,5.00
2026-03-10,52.00,52.31,52.70,51.55,88956,464774377.00,2.25,2.17,1.11,3.09
2026-03-11,52.33,52.08,53.15,51.91,80176,420640526.00,2.37,-0.44,-0.23,2.79
2026-03-12,51.81,51.32,52.39,50.98,70072,361403013.00,2.71,-1.46,-0.76,2.44
2026-03-13,50.98,50.55,51.70,50.45,60490,308432176.00,2.44,-1.50,-0.77,2.10
2026-03-16,50.56,51.77,52.22,49.37,101360,514850967.00,5.64,2.41,1.22,3.52
2026-03-17,51.39,49.83,51.39,49.79,81212,410747360.00,3.09,-3.75,-1.94,2.82
2026-03-18,49.97,50.57,50.66,49.58,63754,319869818.00,2.17,1.49,0.74,2.22
2026-03-19,49.74,49.20,50.09,48.95,74379,367800361.00,2.25,-2.71,-1.37,2.59
2026-03-20,49.68,48.55,50.46,48.51,74275,369363522.00,3.96,-1.32,-0.65,2.58
2026-03-23,47.69,46.59,48.80,46.20,91249,433049502.00,5.36,-4.04,-1.96,3.17
2026-03-24,47.48,48.50,48.54,46.48,104331,497048655.00,4.42,4.10,1.91,3.63
2026-03-25,49.36,48.32,50.39,48.04,108254,529864741.00,4.85,-0.37,-0.18,3.76
2026-03-26,47.95,47.05,48.25,46.87,70688,335754506.00,2.86,-2.63,-1.27,2.46
2026-03-27,46.37,47.68,48.46,46.20,72869,346602389.00,4.80,1.34,0.63,2.53
2026-03-30,46.72,47.24,47.49,46.62,49771,234162447.00,1.82,-0.92,-0.44,1.73
2026-03-31,46.97,45.72,47.26,45.66,69673,323104987.00,3.39,-3.22,-1.52,2.42
2026-04-01,46.76,47.61,47.88,46.60,96689,456984238.00,2.80,4.13,1.89,3.36
2026-04-02,47.20,45.35,47.21,45.24,78828,362974056.00,4.14,-4.75,-2.26,2.74
2026-04-03,45.85,45.94,46.40,45.30,64210,294659926.00,2.43,1.30,0.59,2.23
2026-04-07,46.10,46.28,46.93,46.10,56633,263533470.00,1.81,0.74,0.34,1.97
2026-04-08,47.55,48.33,48.41,47.00,96718,464107597.00,3.05,4.43,2.05,3.36
2026-04-09,47.74,48.75,49.49,47.60,110725,541228053.00,3.91,0.87,0.42,3.85
2026-04-10,49.57,48.98,50.35,48.96,131049,650949454.00,2.85,0.47,0.23,4.56
2026-04-13,48.30,48.76,49.39,48.23,79626,389092290.00,2.37,-0.45,-0.22,2.77
2026-04-14,48.93,49.63,50.00,48.93,98019,485622220.00,2.19,1.78,0.87,3.41
2026-04-15,49.86,48.45,49.86,48.00,92896,455761882.00,3.75,-2.38,-1.18,3.23
2026-04-16,48.60,48.97,49.10,48.01,75311,366953022.00,2.25,1.07,0.52,2.62
2026-04-17,48.78,49.87,50.75,48.18,125984,622490041.00,5.25,1.84,0.90,4.38
2026-04-20,49.51,51.55,52.78,49.05,214500,1093873979.00,7.48,3.37,1.68,7.46
2026-04-21,50.72,50.88,51.62,50.49,141614,720491679.00,2.19,-1.30,-0.67,4.92
2026-04-22,50.49,50.90,51.23,50.28,97364,494421468.00,1.87,0.04,0.02,3.38
2026-04-23,51.00,49.25,51.44,49.20,118579,592541865.00,4.40,-3.24,-1.65,4.12
2026-04-24,48.77,48.84,50.36,48.70,90918,449903305.00,3.37,-0.83,-0.41,3.16
2026-04-27,49.07,49.60,50.70,49.07,119767,599430456.00,3.34,1.56,0.76,4.16
2026-04-28,49.31,50.29,51.13,49.22,123827,623059361.00,3.85,1.39,0.69,4.30
2026-04-29,50.50,49.87,50.94,49.14,102690,513701219.00,3.58,-0.84,-0.42,3.57
2026-04-30,50.38,51.78,51.97,50.28,179320,920806041.00,3.39,3.83,1.91,6.23
2026-05-06,52.82,54.11,55.44,52.25,265045,1427475850.00,6.16,4.50,2.33,9.21
2026-05-07,54.64,54.76,55.18,53.47,174965,951843795.00,3.16,1.20,0.65,6.08
2026-05-08,54.00,53.12,54.39,53.10,155147,831004857.00,2.36,-2.99,-1.64,5.39
2026-05-11,53.89,54.65,55.86,53.80,204069,1117978592.00,3.88,2.88,1.53,7.09
2026-05-12,54.57,59.68,59.95,54.40,488516,2839561375.00,10.16,9.20,5.03,16.98
2026-05-13,58.50,59.20,59.49,57.52,261878,1532639040.00,3.30,-0.80,-0.48,9.10
2026-05-14,60.55,62.91,65.00,58.98,500747,3108149437.00,10.17,6.27,3.71,17.41
2026-05-15,62.90,63.43,67.90,61.61,451341,2901227194.00,10.00,0.83,0.52,15.69
2026-05-18,63.44,61.89,64.99,61.39,335499,2109047397.00,5.68,-2.43,-1.54,11.66
2026-05-19,61.50,67.11,68.80,61.27,396251,2597609451.00,12.17,8.43,5.22,13.78
2026-05-20,66.57,68.68,68.96,65.18,352446,2383268467.00,5.63,2.34,1.57,12.25
2026-05-21,67.67,63.40,68.80,63.18,347829,2295234812.00,8.18,-7.69,-5.28,12.09
2026-05-22,63.95,66.80,68.50,63.21,276901,1803541255.00,8.34,5.36,3.40,9.63
2026-05-25,66.80,67.94,69.00,64.11,374699,2514781411.00,7.32,1.71,1.14,13.03
2026-05-26,65.96,61.36,66.00,60.00,376633,2339122129.00,8.83,-9.69,-6.58,13.09
2026-05-27,60.54,57.06,61.49,56.75,290231,1693272486.00,7.72,-7.01,-4.30,10.09
2026-05-28,56.83,61.21,62.00,56.70,262481,1587091288.00,9.29,7.27,4.15,9.13
2026-05-29,61.20,56.24,61.20,55.80,201389,1162976946.00,8.82,-8.12,-4.97,7.00
2026-06-01,56.00,54.25,57.18,54.00,123490,685302889.00,5.65,-3.54,-1.99,4.29
2026-06-02,54.32,53.83,55.58,53.13,143100,775308005.00,4.52,-0.77,-0.42,4.98
2026-06-03,53.51,54.20,55.85,53.50,146819,804828290.00,4.37,0.69,0.37,5.10
2026-06-04,53.50,60.70,61.98,53.10,358418,2130232911.00,16.38,11.99,6.50,12.46
2026-06-05,63.00,64.29,68.50,60.72,465623,3031264821.00,12.82,5.91,3.59,16.19
2026-06-08,61.78,61.58,65.02,60.66,254679,1597653760.00,6.78,-4.22,-2.71,8.85
2026-06-09,63.90,73.90,73.90,63.10,408194,2826449741.00,17.54,20.01,12.32,14.19
2026-06-10,74.00,72.90,74.89,71.78,352765,2585338560.00,4.21,-1.35,-1.00,12.26
2026-06-11,71.70,72.78,76.60,71.42,347668,2595806869.00,7.11,-0.16,-0.12,12.09
2026-06-12,79.21,73.14,82.48,73.00,378515,2938237127.10,13.03,0.49,0.36,13.16