2026-01-05,23.58,23.34,23.59,23.20,29034,69628310.00,1.66,-0.55,-0.13,0.41
2026-01-06,23.20,23.98,24.40,23.11,68480,168484904.00,5.53,2.74,0.64,0.97
2026-01-07,23.97,23.82,23.98,23.62,28785,70536672.00,1.50,-0.67,-0.16,0.41
2026-01-08,23.51,23.82,23.93,23.51,28809,70372416.00,1.76,0.00,0.00,0.41
2026-01-09,23.86,23.82,24.18,23.44,42608,103867736.00,3.11,0.00,0.00,0.60
2026-01-12,23.82,23.50,23.82,23.13,36991,89147418.00,2.90,-1.34,-0.32,0.52
2026-01-13,23.46,22.98,23.46,22.90,42872,102141588.00,2.38,-2.21,-0.52,0.61
2026-01-14,23.17,22.54,23.22,22.31,52627,123656834.00,3.96,-1.91,-0.44,0.74
2026-01-15,22.56,22.63,22.93,22.50,28987,67694438.00,1.91,0.40,0.09,0.41
2026-01-16,22.76,22.84,22.99,22.54,26641,62529368.00,1.99,0.93,0.21,0.38
2026-01-19,22.60,23.11,23.24,22.60,35181,83556060.00,2.80,1.18,0.27,0.50
2026-01-20,23.05,22.96,23.15,22.75,26417,62358820.00,1.73,-0.65,-0.15,0.37
2026-01-21,22.85,22.88,23.18,22.68,30750,72675484.00,2.18,-0.35,-0.08,0.43
2026-01-22,22.92,23.42,23.60,22.69,62777,150108899.00,3.98,2.36,0.54,0.89
2026-01-23,23.54,23.31,23.62,23.14,34800,83410172.00,2.05,-0.47,-0.11,0.49
2026-01-26,23.30,23.63,23.76,22.95,67075,162260851.00,3.47,1.37,0.32,0.95
2026-01-27,23.55,23.06,23.65,22.91,48316,115252409.00,3.13,-2.41,-0.57,0.68
2026-01-28,23.06,23.33,23.44,22.75,47548,113559088.00,2.99,1.17,0.27,0.67
2026-01-29,23.35,23.42,23.98,23.25,70220,170956217.00,3.13,0.39,0.09,0.99
2026-01-30,23.42,23.85,23.91,23.15,60682,147792673.00,3.25,1.84,0.43,0.86
2026-02-02,23.88,22.58,24.16,22.46,77579,185076534.00,7.13,-5.32,-1.27,1.10
2026-02-03,22.83,23.20,23.25,22.68,36986,87622869.00,2.52,2.75,0.62,0.52
2026-02-04,23.12,23.85,23.87,23.02,63903,155347828.00,3.66,2.80,0.65,0.90
2026-02-05,23.78,23.85,23.95,23.45,31280,76438089.00,2.10,0.00,0.00,0.44
2026-02-06,23.60,23.87,24.18,23.42,39492,97335591.00,3.19,0.08,0.02,0.56
2026-02-09,23.98,23.84,23.98,23.53,38989,95250797.00,1.89,-0.13,-0.03,0.55
2026-02-10,23.84,23.77,23.99,23.56,22206,54409651.00,1.80,-0.29,-0.07,0.31
2026-02-11,23.79,24.22,24.60,23.71,77392,192936788.00,3.74,1.89,0.45,1.09
2026-02-12,24.29,23.98,24.79,23.86,52867,131885067.00,3.84,-0.99,-0.24,0.75
2026-02-13,24.00,23.80,24.24,23.72,34846,85953560.00,2.17,-0.75,-0.18,0.49
2026-02-24,24.08,23.90,24.34,23.59,38093,94195880.00,3.15,0.42,0.10,0.54
2026-02-25,23.98,23.98,24.58,23.87,61456,153471751.00,2.97,0.33,0.08,0.87
2026-02-26,24.13,24.55,24.68,24.07,71110,178493408.00,2.54,2.38,0.57,1.00
2026-02-27,24.51,24.10,24.59,24.02,52143,130012539.00,2.32,-1.83,-0.45,0.74
2026-03-02,23.96,24.26,24.53,23.54,60345,149353365.00,4.11,0.66,0.16,0.85
2026-03-03,24.18,23.51,24.58,23.42,68901,168857444.00,4.78,-3.09,-0.75,0.97
2026-03-04,23.51,23.50,23.96,23.30,48555,117731288.00,2.81,-0.04,-0.01,0.69
2026-03-05,23.56,23.52,23.89,23.38,40915,99386163.00,2.17,0.09,0.02,0.58
2026-03-06,23.52,23.86,24.00,23.44,30245,74098608.00,2.38,1.45,0.34,0.43
2026-03-09,23.76,23.39,23.76,23.03,70042,167928035.00,3.06,-1.97,-0.47,0.99
2026-03-10,23.64,23.61,23.74,23.38,23047,55837279.00,1.54,0.94,0.22,0.33
2026-03-11,23.61,23.92,24.00,23.54,37643,92489471.00,1.95,1.31,0.31,0.53
2026-03-12,23.90,23.72,23.92,23.55,28942,70617031.00,1.55,-0.84,-0.20,0.41
2026-03-13,23.68,23.34,23.99,23.31,31704,77451456.00,2.87,-1.60,-0.38,0.45
2026-03-16,23.79,23.25,23.79,22.90,44028,104713258.00,3.81,-0.39,-0.09,0.62
2026-03-17,23.25,22.62,23.27,22.60,39289,92653963.00,2.88,-2.71,-0.63,0.56
2026-03-18,22.62,22.58,22.85,22.26,45350,104887512.00,2.61,-0.18,-0.04,0.64
2026-03-19,22.55,21.81,22.55,21.68,37863,85811337.00,3.85,-3.41,-0.77,0.53
2026-03-20,21.63,21.53,22.00,21.50,27691,62004516.00,2.29,-1.28,-0.28,0.39
2026-03-23,21.19,21.82,22.39,21.19,86432,196166679.00,5.57,1.35,0.29,1.22
2026-03-24,22.42,21.87,22.50,21.41,46709,104815457.00,5.00,0.23,0.05,0.66
2026-03-25,21.82,22.17,22.66,21.74,50794,116983211.00,4.21,1.37,0.30,0.72
2026-03-26,22.46,22.08,22.51,21.92,23335,53355978.00,2.66,-0.41,-0.09,0.33
2026-03-27,22.07,22.70,22.70,21.87,33982,78168052.00,3.76,2.81,0.62,0.48
2026-03-30,22.24,21.78,22.38,21.65,44880,101230509.00,3.22,-4.05,-0.92,0.63
2026-03-31,21.78,21.71,21.79,21.58,21707,48562857.00,0.96,-0.32,-0.07,0.31
2026-04-01,21.90,21.75,22.18,21.75,23711,53726008.00,1.98,0.18,0.04,0.34
2026-04-02,21.68,21.19,21.73,21.10,37200,81756164.00,2.90,-2.57,-0.56,0.53
2026-04-03,21.24,21.35,21.49,21.11,24046,52946264.00,1.79,0.76,0.16,0.34
2026-04-07,20.63,21.34,21.52,20.22,43691,94801109.00,6.09,-0.05,-0.01,0.62
2026-04-08,21.56,21.77,22.05,21.53,57156,128210217.00,2.44,2.01,0.43,0.81
2026-04-09,21.67,21.52,21.76,21.20,30425,67768836.00,2.57,-1.15,-0.25,0.43
2026-04-10,21.76,21.82,22.07,21.54,31791,71483555.00,2.46,1.39,0.30,0.45
2026-04-13,21.75,21.43,21.75,21.33,20734,45977325.00,1.92,-1.79,-0.39,0.29
2026-04-14,21.50,21.15,21.54,21.01,34737,76158509.00,2.47,-1.31,-0.28,0.49
2026-04-15,21.28,20.96,21.29,20.86,32329,70172132.00,2.03,-0.90,-0.19,0.46
2026-04-16,20.73,20.87,21.12,20.73,21623,46839863.00,1.86,-0.43,-0.09,0.31
2026-04-17,20.98,20.77,21.03,20.75,24136,52101734.00,1.34,-0.48,-0.10,0.34
2026-04-20,20.70,20.77,20.95,20.56,34668,74459139.00,1.88,0.00,0.00,0.49
2026-04-21,20.77,21.62,21.69,20.77,38822,85234567.00,4.43,4.09,0.85,0.55
2026-04-22,21.62,21.89,22.03,21.42,27415,61601524.00,2.82,1.25,0.27,0.39
2026-04-23,22.02,21.90,22.02,21.69,23319,52580944.00,1.51,0.05,0.01,0.33
2026-04-24,21.81,21.37,21.97,21.36,22943,51188595.00,2.79,-2.42,-0.53,0.32
2026-04-27,21.37,21.27,21.58,21.13,22139,48775631.00,2.11,-0.47,-0.10,0.31
2026-04-28,21.25,21.35,21.55,21.06,27551,60782397.00,2.30,0.38,0.08,0.39
2026-04-29,21.38,21.97,22.00,21.16,47497,105724701.00,3.93,2.90,0.62,0.67
2026-04-30,21.85,21.33,21.93,21.15,45202,99676456.00,3.55,-2.91,-0.64,0.64
2026-05-06,21.35,21.40,21.64,21.11,45364,100162752.00,2.48,0.33,0.07,0.64
2026-05-07,21.62,21.50,21.62,21.20,27470,60685815.00,1.96,0.47,0.10,0.39
2026-05-08,21.58,21.37,21.78,21.30,30408,67354243.00,2.23,-0.60,-0.13,0.43
2026-05-11,21.39,21.14,21.39,20.95,31895,69681417.00,2.06,-1.08,-0.23,0.45
2026-05-12,21.16,20.89,21.16,20.85,22714,49207649.00,1.47,-1.18,-0.25,0.32
2026-05-13,20.88,21.11,21.19,20.68,26112,56392534.00,2.44,1.05,0.22,0.37
2026-05-14,21.11,20.68,21.59,20.59,40487,87806958.00,4.74,-2.04,-0.43,0.57
2026-05-15,20.68,20.36,20.80,19.96,32692,68684331.00,4.06,-1.55,-0.32,0.46
2026-05-18,20.31,19.94,20.35,19.74,28451,58658292.00,3.00,-2.06,-0.42,0.40
2026-05-19,20.28,20.22,20.28,19.93,17696,36834177.00,1.76,1.40,0.28,0.25
2026-05-20,20.22,20.29,20.36,19.97,17849,37217204.00,1.93,0.35,0.07,0.25
2026-05-21,20.22,20.04,20.64,19.96,26082,54820273.00,3.35,-1.23,-0.25,0.37
2026-05-22,20.29,20.07,20.29,19.96,27132,56538495.00,1.65,0.15,0.03,0.38
2026-05-25,19.95,20.22,20.30,19.95,22084,45994032.00,1.74,0.75,0.15,0.31
2026-05-26,20.12,21.35,21.89,20.01,80513,176835386.00,9.30,5.59,1.13,1.14
2026-05-27,21.34,23.09,23.43,21.19,162431,379667661.00,10.49,8.15,1.74,2.30
2026-05-28,23.10,22.92,23.96,22.20,167307,393910747.00,7.62,-0.74,-0.17,2.36
2026-05-29,22.97,22.15,23.18,22.11,93409,216383102.00,4.67,-3.36,-0.77,1.32
2026-06-01,22.06,23.63,23.86,21.87,122825,292912246.00,8.98,6.68,1.48,1.74
2026-06-02,23.64,23.87,24.64,23.42,114911,284793348.00,5.16,1.02,0.24,1.62
2026-06-03,23.73,24.72,24.95,23.52,127856,321240915.00,5.99,3.56,0.85,1.81
2026-06-04,24.17,25.30,25.47,23.72,137682,352215016.00,7.08,2.35,0.58,1.95
2026-06-05,25.33,25.49,26.09,25.09,156311,413223847.00,3.95,0.75,0.19,2.21
2026-06-08,25.11,25.29,25.80,24.65,115658,299128552.00,4.51,-0.78,-0.20,1.63
2026-06-09,25.18,26.36,27.00,25.17,168658,451935462.00,7.24,4.23,1.07,2.38
2026-06-10,26.27,26.12,26.48,25.70,78435,210006299.00,2.96,-0.91,-0.24,1.11
2026-06-11,25.80,26.42,26.98,25.11,147667,392948712.00,7.16,1.15,0.30,2.09
2026-06-12,26.30,28.26,29.13,26.10,309794,895974429.00,11.47,6.96,1.84,4.38
2026-06-15,27.69,26.58,28.17,25.36,301513,820720293.00,9.94,-5.94,-1.68,4.26
2026-06-16,26.30,28.43,28.79,26.10,221272,631772575.00,10.12,6.96,1.85,3.13
2026-06-17,27.79,28.42,29.04,27.18,174957,503088102.00,6.54,-0.04,-0.01,2.47
2026-06-18,28.43,26.01,28.80,26.01,209032,575476527.00,9.82,-8.48,-2.41,2.95
2026-06-22,26.14,26.26,26.75,25.51,150077,402617441.00,4.77,0.96,0.25,2.12
2026-06-23,25.89,24.34,26.88,24.29,197957,512537160.00,9.86,-7.31,-1.92,2.73
2026-06-24,24.80,24.04,25.38,23.83,121569,302869187.00,6.37,-1.23,-0.30,1.68
2026-06-25,24.25,26.51,26.51,23.91,193504,503138415.00,10.82,10.27,2.47,2.67
2026-06-26,26.25,26.06,26.90,25.30,208756,559998840.00,6.04,-1.70,-0.45,2.88
2026-06-29,26.05,25.96,26.67,24.91,157949,418587957.00,6.75,-0.38,-0.10,2.18
2026-06-30,25.80,26.31,26.88,25.49,122179,327404318.00,5.35,1.35,0.35,1.69
2026-07-01,26.31,27.75,28.27,25.30,183704,506171025.00,11.29,5.47,1.44,2.54
2026-07-02,26.90,27.55,28.95,26.60,182688,510347553.00,8.47,-0.72,-0.20,2.52
2026-07-03,26.77,24.80,26.80,24.80,193704,493810192.00,7.26,-9.98,-2.75,2.67
2026-07-06,24.26,23.30,24.62,23.20,171103,407638303.00,5.73,-6.05,-1.50,2.36
2026-07-07,23.36,22.65,23.68,22.57,113944,261920790.00,4.76,-2.79,-0.65,1.57
2026-07-08,22.60,22.05,22.71,21.95,85040,188820892.00,3.36,-2.65,-0.60,1.17
2026-07-09,22.44,22.50,22.69,21.81,78377,173823545.00,3.99,2.04,0.45,1.08
2026-07-10,22.43,21.37,22.58,21.35,100113,218463035.00,5.47,-5.02,-1.13,1.38
2026-07-13,21.10,21.15,21.50,20.80,113945,240936994.00,3.28,-1.03,-0.22,1.57
2026-07-14,21.15,20.88,21.55,20.79,88161,185689918.00,3.59,-1.28,-0.27,1.22
2026-07-15,20.54,19.94,20.85,19.86,148537,301037857.00,4.74,-4.50,-0.94,2.05
2026-07-16,20.00,19.06,20.00,18.88,138193,265663587.00,5.62,-4.41,-0.88,1.91
2026-07-17,19.06,18.56,19.19,18.42,118065,222537519.00,4.04,-2.62,-0.50,1.63
2026-07-20,18.70,18.82,19.28,18.47,155379,292165967.00,4.36,1.40,0.26,2.14