2026-01-12,8.80,8.80,8.80,8.80,4901,4312484.00,0.00,5.01,0.42,0.08
2026-01-13,9.24,9.24,9.24,9.24,1534,1417037.00,0.00,5.00,0.44,0.03
2026-01-14,9.70,9.70,9.70,9.70,3433,3329564.00,0.00,4.98,0.46,0.06
2026-01-15,9.67,9.22,9.67,9.22,129112,120565347.00,4.64,-4.95,-0.48,2.17
2026-01-16,8.82,8.76,9.07,8.76,74529,65627351.00,3.36,-4.99,-0.46,1.25
2026-01-19,8.42,8.32,8.55,8.32,35465,29630568.00,2.63,-5.02,-0.44,0.60
2026-01-20,7.90,7.90,8.18,7.90,189455,150634978.00,3.37,-5.05,-0.42,3.18
2026-01-21,7.78,7.51,7.79,7.51,140030,106063415.00,3.54,-4.94,-0.39,2.35
2026-01-22,7.51,7.42,7.56,7.15,115207,84794310.00,5.46,-1.20,-0.09,1.93
2026-01-23,7.44,7.21,7.65,7.11,118972,87107328.00,7.28,-2.83,-0.21,2.00
2026-01-26,7.27,7.38,7.46,7.04,117614,85016738.00,5.83,2.36,0.17,1.97
2026-01-27,7.25,7.75,7.75,7.25,109514,83818237.00,6.78,5.01,0.37,1.84
2026-01-28,7.75,7.36,7.91,7.36,113815,85723933.00,7.10,-5.03,-0.39,1.91
2026-01-29,7.23,6.99,7.32,6.99,88070,62519038.00,4.48,-5.03,-0.37,1.48
2026-01-30,6.90,6.92,7.12,6.66,72793,50106767.00,6.58,-1.00,-0.07,1.22
2026-02-02,7.00,7.03,7.08,6.80,62553,43390842.00,4.05,1.59,0.11,1.05
2026-02-03,7.03,6.95,7.09,6.87,47510,33043012.00,3.13,-1.14,-0.08,0.80
2026-02-04,7.04,6.84,7.04,6.82,29228,20113719.00,3.17,-1.58,-0.11,0.49
2026-02-05,6.89,6.87,6.99,6.68,32878,22356854.00,4.53,0.44,0.03,0.55
2026-02-06,6.75,6.87,6.92,6.75,21006,14381262.00,2.47,0.00,0.00,0.35
2026-02-09,6.85,6.86,6.99,6.82,35329,24343742.00,2.47,-0.15,-0.01,0.59
2026-02-10,6.86,6.82,6.94,6.80,27506,18876212.00,2.04,-0.58,-0.04,0.46
2026-02-11,6.76,6.67,6.80,6.59,61584,41042095.00,3.08,-2.20,-0.15,1.03
2026-02-12,6.73,6.50,6.73,6.41,76894,50252696.00,4.80,-2.55,-0.17,1.29
2026-02-13,6.59,6.74,6.76,6.50,46073,30639847.00,4.00,3.69,0.24,0.77
2026-02-24,6.76,6.94,6.95,6.73,54787,37656438.00,3.26,2.97,0.20,0.92
2026-02-25,6.96,7.17,7.17,6.92,62385,44178536.00,3.60,3.31,0.23,1.05
2026-02-26,7.16,7.19,7.30,7.00,47339,33869790.00,4.18,0.28,0.02,0.79
2026-02-27,7.19,7.27,7.43,7.16,43229,31474435.00,3.76,1.11,0.08,0.73
2026-03-02,7.21,7.05,7.34,7.03,48125,34348389.00,4.26,-3.03,-0.22,0.81
2026-03-03,6.85,6.73,7.18,6.71,50248,34496228.00,6.67,-4.54,-0.32,0.84
2026-03-04,6.61,6.86,6.86,6.59,35820,24116939.00,4.01,1.93,0.13,0.60
2026-03-05,6.95,6.87,6.99,6.80,25320,17396797.00,2.77,0.15,0.01,0.42
2026-03-06,6.87,6.86,6.94,6.83,19915,13675196.00,1.60,-0.15,-0.01,0.33
2026-03-09,6.86,6.80,6.86,6.65,25322,17037656.00,3.06,-0.87,-0.06,0.42
2026-03-10,6.82,6.86,6.90,6.79,23963,16369113.00,1.62,0.88,0.06,0.40
2026-03-11,6.86,6.98,7.10,6.83,62350,43410128.00,3.94,1.75,0.12,1.05
2026-03-12,6.95,6.73,6.98,6.70,49885,33890582.00,4.01,-3.58,-0.25,0.84
2026-03-13,6.76,6.66,6.80,6.64,24951,16703228.00,2.38,-1.04,-0.07,0.42
2026-03-16,6.71,6.68,6.80,6.48,35162,23187226.00,4.80,0.30,0.02,0.59
2026-03-17,6.35,6.35,6.35,6.35,11392,7233920.00,0.00,-4.94,-0.33,0.19
2026-03-18,6.03,6.03,6.03,6.03,24987,15067161.00,0.00,-5.04,-0.32,0.42
2026-03-19,5.79,6.21,6.25,5.79,197670,118208627.00,7.63,2.99,0.18,3.32
2026-03-20,5.96,6.05,6.36,5.94,136145,83846988.00,6.76,-2.58,-0.16,2.28
2026-03-23,6.10,5.86,6.11,5.75,82304,48252566.00,5.95,-3.14,-0.19,1.38
2026-03-24,5.97,5.99,6.00,5.83,54039,32059984.00,2.90,2.22,0.13,0.91
2026-03-25,6.18,6.29,6.29,6.05,24992,15542845.00,4.01,5.01,0.30,0.42
2026-03-26,6.47,6.50,6.60,6.32,76798,49460241.00,4.45,3.34,0.21,1.29
2026-03-27,6.41,6.37,6.47,6.30,46803,29904863.00,2.62,-2.00,-0.13,0.79
2026-03-30,6.31,6.19,6.40,6.17,34473,21497484.00,3.61,-2.83,-0.18,0.58
2026-03-31,6.19,6.12,6.30,6.06,22465,13860768.00,3.88,-1.13,-0.07,0.38
2026-04-01,6.17,6.07,6.25,5.97,36758,22300983.00,4.58,-0.82,-0.05,0.62
2026-04-02,6.07,6.04,6.15,6.00,16795,10165199.00,2.47,-0.49,-0.03,0.28
2026-04-03,6.04,5.88,6.09,5.86,23491,13920763.00,3.81,-2.65,-0.16,0.39
2026-04-07,5.82,5.71,5.89,5.59,57188,32528314.00,5.10,-2.89,-0.17,0.96
2026-04-08,5.70,5.89,5.89,5.70,33604,19591059.00,3.33,3.15,0.18,0.56
2026-04-09,5.80,5.75,5.97,5.75,28566,16686606.00,3.74,-2.38,-0.14,0.48
2026-04-10,5.77,5.78,5.87,5.75,12645,7350450.00,2.09,0.52,0.03,0.21
2026-04-13,5.78,6.07,6.07,5.76,36306,21630747.00,5.36,5.02,0.29,0.61
2026-04-14,6.13,6.12,6.33,6.03,44970,27651189.00,4.94,0.82,0.05,0.75
2026-04-15,6.10,5.92,6.14,5.91,20519,12317534.00,3.76,-3.27,-0.20,0.34
2026-04-16,5.92,6.01,6.05,5.92,20593,12349949.00,2.20,1.52,0.09,0.35
2026-04-17,6.01,5.87,6.04,5.86,30506,18076538.00,3.00,-2.33,-0.14,0.51
2026-04-20,5.88,5.77,5.90,5.72,39229,22838817.00,3.07,-1.70,-0.10,0.66
2026-04-21,5.77,5.62,5.88,5.50,61707,34680010.00,6.59,-2.60,-0.15,1.04
2026-04-22,5.37,5.51,5.59,5.37,52820,28857864.00,3.91,-1.96,-0.11,0.89
2026-04-23,5.43,5.23,5.51,5.23,64469,34005234.00,5.08,-5.08,-0.28,1.08
2026-04-24,5.22,5.05,5.49,4.97,133847,70319263.00,9.94,-3.44,-0.18,2.25
2026-04-27,4.80,4.80,4.83,4.80,69588,33406995.00,0.59,-4.95,-0.25,1.17
2026-04-29,4.56,4.56,4.56,4.56,11216,5114496.00,0.00,-5.00,-0.24,0.19
2026-04-30,4.33,4.79,4.79,4.33,125294,55788638.00,10.09,5.04,0.23,2.10
2026-05-06,4.62,5.03,5.03,4.60,108244,52330387.00,8.98,5.01,0.24,1.82
2026-05-07,5.28,5.28,5.28,5.19,19187,10129272.00,1.79,4.97,0.25,0.32
2026-05-08,5.54,5.54,5.54,5.27,127464,70060873.00,5.11,4.92,0.26,2.14
2026-05-11,5.82,5.82,5.82,5.67,45449,26352149.00,2.71,5.05,0.28,0.76
2026-05-12,5.96,5.89,6.10,5.57,168237,98825208.00,9.11,1.20,0.07,2.82
2026-05-13,5.82,5.60,5.82,5.60,74479,42168050.00,3.74,-4.92,-0.29,1.25
2026-05-14,5.59,5.88,5.88,5.59,36765,21452149.00,5.18,5.00,0.28,0.62
2026-05-15,6.10,5.85,6.15,5.80,99649,59873204.00,5.95,-0.51,-0.03,1.67
2026-05-18,5.67,5.82,5.93,5.60,60946,34976828.00,5.64,-0.51,-0.03,1.02
2026-05-19,5.82,5.95,6.03,5.70,46536,27560827.00,5.67,2.23,0.13,0.78
2026-05-20,6.05,5.87,6.05,5.83,32682,19326655.00,3.70,-1.34,-0.08,0.55
2026-05-21,5.82,5.84,6.05,5.80,40025,23696527.00,4.26,-0.51,-0.03,0.67
2026-05-22,5.84,5.71,5.96,5.66,45712,26380955.00,5.14,-2.23,-0.13,0.77
2026-05-25,5.72,5.75,5.96,5.72,64927,37877048.00,4.20,0.70,0.04,1.09
2026-05-26,5.72,5.92,5.94,5.62,49942,28844562.00,5.57,2.96,0.17,0.84
2026-05-27,6.03,5.89,6.03,5.80,45413,26819368.00,3.89,-0.51,-0.03,0.76
2026-05-28,5.97,6.15,6.18,5.89,89816,55020941.00,4.92,4.41,0.26,1.51
2026-05-29,6.10,5.95,6.33,5.91,58794,35534626.00,6.83,-3.25,-0.20,0.99
2026-06-01,6.10,5.68,6.10,5.65,55054,31485172.00,7.56,-4.54,-0.27,0.92
2026-06-02,5.61,5.48,5.80,5.40,56785,31178317.00,7.04,-3.52,-0.20,0.95
2026-06-03,5.58,5.40,5.58,5.28,33709,18365423.00,5.47,-1.46,-0.08,0.57
2026-06-04,5.45,5.42,5.47,5.31,18980,10255585.00,2.96,0.37,0.02,0.32
2026-06-05,5.36,5.24,5.47,5.19,34179,18034261.00,5.17,-3.32,-0.18,0.57
2026-06-08,5.24,5.20,5.43,5.02,33200,17430544.00,7.82,-0.76,-0.04,0.56
2026-06-09,5.36,5.12,5.36,5.10,31613,16312612.00,5.00,-1.54,-0.08,0.53
2026-06-10,5.11,4.96,5.11,4.90,67873,33657286.00,4.10,-3.13,-0.16,1.14
2026-06-11,4.99,4.84,4.99,4.77,39469,18976089.00,4.44,-2.42,-0.12,0.66
2026-06-12,4.75,4.76,4.95,4.68,46101,21894018.00,5.58,-1.65,-0.08,0.77
2026-06-15,4.77,4.82,4.90,4.74,30728,14774365.00,3.36,1.26,0.06,0.52
2026-06-16,4.82,4.66,4.89,4.63,27393,12837529.00,5.39,-3.32,-0.16,0.46
2026-06-17,4.70,4.51,4.71,4.48,33942,15532116.00,4.94,-3.22,-0.15,0.57
2026-06-18,4.56,4.48,4.71,4.47,43577,19934223.00,5.32,-0.67,-0.03,0.73
2026-06-22,4.40,4.49,4.58,4.26,59972,26219183.00,7.14,0.22,0.01,1.01
2026-06-23,4.49,4.43,4.66,4.41,39674,17878477.00,5.57,-1.34,-0.06,0.67
2026-06-24,4.42,4.29,4.43,4.26,29108,12541543.00,3.84,-3.16,-0.14,0.49
2026-06-25,4.34,4.15,4.35,4.10,57014,23768192.00,5.83,-3.26,-0.14,0.96
2026-06-26,4.17,4.20,4.35,4.00,64035,26571593.00,8.43,1.20,0.05,1.07
2026-06-29,4.18,4.21,4.29,4.05,35830,15023874.00,5.71,0.24,0.01,0.60
2026-06-30,4.14,4.01,4.32,4.00,63176,26015319.00,7.60,-4.75,-0.20,1.06
2026-07-01,4.05,4.21,4.21,3.96,31047,12922641.00,6.23,4.99,0.20,0.52
2026-07-02,4.42,4.42,4.42,4.21,16893,7448000.00,4.99,4.99,0.21,0.28
2026-07-03,4.64,4.64,4.64,4.64,3906,1812384.00,0.00,4.98,0.22,0.07
2026-07-06,5.10,4.61,5.10,4.58,106504,51594613.00,11.21,-0.65,-0.03,1.79
2026-07-07,4.71,4.28,4.80,4.23,46188,20211386.00,12.36,-7.16,-0.33,0.78
2026-07-08,4.36,4.56,4.65,4.20,54658,24642450.00,10.51,6.54,0.28,0.92
2026-07-09,4.61,4.40,4.75,4.37,46632,20937097.00,8.33,-3.51,-0.16,0.78
2026-07-10,4.40,4.33,4.46,4.27,22365,9697497.00,4.32,-1.59,-0.07,0.38
2026-07-13,4.39,4.29,4.42,4.27,22449,9733172.00,3.46,-0.92,-0.04,0.38
2026-07-14,4.17,4.33,4.33,4.17,22853,9719660.00,3.73,0.93,0.04,0.38
2026-07-15,4.33,4.30,4.35,4.21,19392,8286673.00,3.23,-0.69,-0.03,0.33
2026-07-16,4.60,4.30,4.60,4.27,25350,11083871.00,7.67,0.00,0.00,0.43
2026-07-17,4.29,4.18,4.33,4.10,18370,7733394.00,5.35,-2.79,-0.12,0.31
2026-07-20,4.14,4.13,4.23,4.06,21726,9000385.00,4.07,-1.20,-0.05,0.36
2026-07-21,4.06,4.20,4.21,3.95,33620,13641064.00,6.30,1.69,0.07,0.56
2026-07-22,4.20,4.15,4.24,4.06,15296,6312443.00,4.29,-1.19,-0.05,0.26
2026-07-23,4.22,4.11,4.23,4.06,16049,6582513.00,4.10,-0.96,-0.04,0.27
2026-07-24,4.15,4.11,4.21,4.06,13634,5626292.00,3.65,0.00,0.00,0.23
2026-07-27,4.02,4.15,4.18,4.02,12066,4974993.00,3.89,0.97,0.04,0.20
2026-07-28,4.16,4.10,4.21,4.06,14850,6124422.00,3.61,-1.20,-0.05,0.25
2026-07-29,4.11,4.07,4.11,4.05,12501,5093595.00,1.46,-0.73,-0.03,0.21
2026-07-30,4.05,4.05,4.10,4.02,14075,5698632.00,1.97,-0.49,-0.02,0.24
2026-07-31,4.10,4.15,4.18,4.00,29227,11883384.00,4.44,2.47,0.10,0.49
2026-08-03,4.15,4.06,4.15,4.01,22519,9136453.00,3.37,-2.17,-0.09,0.38
2026-08-04,4.06,4.14,4.23,4.03,27132,11181440.00,4.93,1.97,0.08,0.46
2026-08-05,4.12,4.20,4.38,4.10,27852,11855941.00,6.76,1.45,0.06,0.47