2026-01-05,4748.40,4911.21,4911.21,4748.40,72709639,131157110241.00,3.45,3.95,186.78,2.35
2026-01-06,4941.15,4947.14,4962.06,4915.36,70029221,120424413621.00,0.95,0.73,35.93,2.27
2026-01-07,4952.58,4953.44,4980.61,4942.90,66991355,130442068933.00,0.76,0.13,6.30,2.17
2026-01-08,4955.96,5017.54,5033.95,4955.96,72474350,130945268749.00,1.57,1.29,64.10,2.35
2026-01-09,5016.70,5102.65,5103.19,5014.10,81110649,152306994606.00,1.78,1.70,85.11,2.63
2026-01-12,5124.99,5164.06,5165.29,5094.78,89131164,169173232311.00,1.38,1.20,61.41,2.88
2026-01-13,5205.33,5246.30,5322.84,5186.10,126604563,228831430964.00,2.65,1.59,82.24,4.10
2026-01-14,5230.43,5255.42,5339.42,5181.94,138781371,240924257844.00,3.00,0.17,9.12,4.49
2026-01-15,5214.93,5175.50,5235.91,5153.04,99699766,154178130566.00,1.58,-1.52,-79.92,3.23
2026-01-16,5179.26,5108.75,5191.80,5093.68,84168324,136809317272.00,1.90,-1.29,-66.75,2.72
2026-01-19,5097.14,5115.42,5130.85,5092.16,68141923,112800942094.00,0.76,0.13,6.67,2.21
2026-01-20,5120.36,5089.69,5128.09,5063.00,68510069,111681502219.00,1.27,-0.50,-25.73,2.22
2026-01-21,5075.43,5117.42,5147.44,5061.24,63904680,105838337894.00,1.69,0.54,27.73,2.07
2026-01-22,5122.32,5122.64,5132.79,5106.83,59014275,98864049573.00,0.51,0.10,5.22,1.91
2026-01-23,5147.49,5202.42,5202.42,5141.93,78345701,130375682453.00,1.18,1.56,79.78,2.54
2026-01-26,5222.25,5247.61,5267.51,5168.44,112342724,176402106777.00,1.90,0.87,45.19,3.64
2026-01-27,5239.50,5189.91,5239.50,5076.44,102171431,154644500071.00,3.11,-1.10,-57.70,3.31
2026-01-28,5171.05,5086.61,5172.45,5081.90,76813817,127085707934.00,1.74,-1.99,-103.30,2.49
2026-01-29,5068.54,5047.36,5117.93,5016.48,72842546,126497186318.00,1.99,-0.77,-39.25,2.36
2026-01-30,5041.91,5011.37,5078.25,4975.31,67159809,110151697514.00,2.04,-0.71,-35.99,2.17
2026-02-02,4984.46,4903.59,5024.27,4903.53,61375651,102132392047.00,2.41,-2.15,-107.78,1.99
2026-02-03,4936.46,4984.93,4984.93,4914.13,50315841,84967581984.00,1.44,1.66,81.34,1.63
2026-02-04,4979.73,5019.82,5021.07,4961.79,51614212,89447508798.00,1.19,0.70,34.89,1.67
2026-02-05,5012.19,5019.90,5045.18,5011.79,50743566,93157139261.00,0.67,0.00,0.08,1.64
2026-02-06,5037.69,5038.18,5086.92,5030.96,71706998,110724223701.00,1.11,0.36,18.28,2.32
2026-02-09,5059.56,5077.38,5079.06,5053.35,60037171,95752065059.00,0.51,0.78,39.20,1.94
2026-02-10,5080.63,5086.52,5117.88,5063.56,53960029,92166636487.00,1.07,0.18,9.14,1.75
2026-02-11,5086.36,5059.55,5093.31,5059.55,43314416,72551681927.00,0.66,-0.53,-26.97,1.40
2026-02-12,5059.74,5015.73,5059.74,5012.17,45497502,76322074815.00,0.94,-0.87,-43.82,1.47
2026-02-13,5016.31,4982.42,5039.61,4981.59,40330995,70261195836.00,1.16,-0.66,-33.31,1.31
2026-02-24,5019.24,5014.06,5023.99,4990.56,44049385,74264375822.00,0.67,0.64,31.64,1.43
2026-02-25,5021.54,5055.62,5060.52,5017.48,50445013,80660005756.00,0.86,0.83,41.56,1.63
2026-02-26,5060.37,5019.66,5062.01,5008.48,51454860,83295926791.00,1.06,-0.71,-35.96,1.67
2026-02-27,5013.21,5054.26,5054.87,5004.48,44423008,74732180616.00,1.00,0.69,34.60,1.44
2026-03-02,4997.27,4928.07,5012.96,4896.24,63885044,105763135322.00,2.31,-2.50,-126.19,2.07
2026-03-03,4931.81,4787.89,4955.46,4785.27,63888025,105191210260.00,3.45,-2.84,-140.18,2.07
2026-03-04,4757.25,4744.08,4799.16,4718.27,48125330,79503008236.00,1.69,-0.92,-43.81,1.56
2026-03-05,4802.93,4793.26,4830.35,4775.49,42439376,72056771042.00,1.16,1.04,49.18,1.37
2026-03-06,4781.63,4916.60,4918.24,4776.77,51013987,86216352537.00,2.95,2.57,123.34,1.65
2026-03-09,4864.49,4884.43,4897.31,4822.56,53363437,87034935287.00,1.52,-0.65,-32.17,1.73
2026-03-10,4917.40,4983.64,4983.76,4917.40,44606577,81002288110.00,1.36,2.03,99.21,1.44
2026-03-11,4992.27,4964.73,4992.44,4952.31,45092226,79763364079.00,0.81,-0.38,-18.91,1.46
2026-03-12,4962.77,4927.24,4965.59,4911.84,47323172,78470912203.00,1.08,-0.76,-37.49,1.53
2026-03-13,4918.91,4924.74,4968.30,4904.45,51341901,86148313685.00,1.30,-0.05,-2.50,1.66
2026-03-16,4921.89,4942.70,4954.99,4914.06,47193392,83434676670.00,0.83,0.36,17.96,1.53
2026-03-17,4947.94,4894.87,4992.14,4894.87,53052383,90479995770.00,1.97,-0.97,-47.83,1.72
2026-03-18,4900.42,4941.58,4943.03,4877.45,44976556,77131168351.00,1.34,0.95,46.71,1.46
2026-03-19,4906.09,4820.49,4918.91,4805.96,49075822,82053609194.00,2.29,-2.45,-121.09,1.59
2026-03-20,4830.21,4713.26,4861.81,4713.26,51096777,82347179912.00,3.08,-2.22,-107.23,1.65
2026-03-23,4647.77,4442.05,4647.77,4418.04,68859070,102912630330.00,4.87,-5.75,-271.21,2.23
2026-03-24,4522.01,4616.25,4616.33,4489.57,56702981,87290120784.00,2.85,3.92,174.20,1.84
2026-03-25,4641.85,4670.75,4687.47,4636.82,47483173,76876245480.00,1.10,1.18,54.50,1.54
2026-03-26,4672.35,4620.94,4732.15,4605.92,48987241,76542267758.00,2.70,-1.07,-49.81,1.59
2026-03-27,4583.75,4781.02,4784.18,4579.95,63260070,108576679933.00,4.42,3.46,160.08,2.05
2026-03-30,4747.28,4824.57,4825.77,4746.30,65348774,113869514636.00,1.66,0.91,43.55,2.11
2026-03-31,4827.01,4796.08,4896.35,4793.02,64815543,119131525804.00,2.14,-0.59,-28.49,2.10
2026-04-01,4849.32,4981.71,4981.71,4813.70,85410297,161556729692.00,3.50,3.87,185.63,2.76
2026-04-02,4976.09,5002.03,5047.32,4960.28,102053436,171104933019.00,1.75,0.41,20.32,3.30
2026-04-03,4962.39,4874.02,4970.27,4871.48,93358974,142966328272.00,1.97,-2.56,-128.01,3.02
2026-04-07,4875.53,4909.83,4947.63,4808.68,87424840,127665353898.00,2.85,0.73,35.81,2.83
2026-04-08,4975.54,4990.88,5012.19,4927.03,91857649,144489387877.00,1.73,1.65,81.05,2.97
2026-04-09,4963.24,4890.60,5016.40,4881.08,89954146,136587885250.00,2.71,-2.01,-100.28,2.91
2026-04-10,4902.46,4925.62,4980.29,4881.78,82753738,126674208435.00,2.01,0.72,35.02,2.68
2026-04-13,4908.06,4876.21,4908.06,4854.47,68228582,112813130443.00,1.09,-1.00,-49.41,2.21
2026-04-14,4899.19,4911.06,4911.16,4837.88,67853341,113207680638.00,1.50,0.71,34.85,2.20
2026-04-15,4956.94,4987.34,5011.52,4896.89,103105504,158051436555.00,2.33,1.55,76.28,3.34
2026-04-16,4978.92,4990.66,4993.46,4929.99,90203418,130620833208.00,1.27,0.07,3.32,2.92
2026-04-17,4976.12,4932.05,4976.12,4893.80,74807114,120536614540.00,1.65,-1.17,-58.61,2.42
2026-04-20,4923.17,4938.67,4945.94,4905.33,65717729,107133567913.00,0.82,0.13,6.62,2.13
2026-04-21,4930.63,4899.01,4957.28,4878.53,59531979,95504312717.00,1.59,-0.80,-39.66,1.93
2026-04-22,4885.14,4926.57,4926.80,4867.44,58116628,97515080948.00,1.21,0.56,27.56,1.88
2026-04-23,4918.28,4861.84,4918.28,4846.52,65258436,114553347791.00,1.46,-1.31,-64.73,2.11
2026-04-24,4842.71,4846.54,4863.50,4800.27,63572998,106745910481.00,1.30,-0.31,-15.30,2.06
2026-04-27,4832.60,4854.76,4858.33,4793.11,63695760,105733729535.00,1.35,0.17,8.22,2.06
2026-04-28,4851.52,4830.07,4905.19,4814.98,66270996,122036414061.00,1.86,-0.51,-24.69,2.14
2026-04-29,4812.71,4856.57,4872.26,4797.22,63804644,120674058121.00,1.55,0.55,26.50,2.07
2026-04-30,4854.14,4864.39,4897.00,4840.27,62648819,112859179464.00,1.17,0.16,7.82,2.03
2026-05-06,4867.57,4886.33,4897.69,4866.93,63920768,123802786179.00,0.63,0.45,21.94,2.07
2026-05-07,4888.84,4898.12,4902.43,4878.10,62949839,114308293463.00,0.50,0.24,11.79,2.04
2026-05-08,4900.97,4924.43,4934.30,4898.33,63494787,112796236133.00,0.73,0.54,26.31,2.05
2026-05-11,4931.53,5009.02,5015.97,4902.14,88483689,158678822529.00,2.31,1.72,84.59,2.86
2026-05-12,4993.41,4931.91,4993.41,4917.63,78160912,146642451721.00,1.51,-1.54,-77.11,2.53
2026-05-13,4929.55,4916.41,4931.89,4890.16,66628224,121092974449.00,0.85,-0.31,-15.50,2.16
2026-05-14,4914.61,4822.79,4918.06,4822.79,66619306,119779043231.00,1.94,-1.90,-93.62,2.16
2026-05-15,4819.19,4782.79,4839.53,4755.89,59394273,108341935611.00,1.73,-0.83,-40.00,1.92
2026-05-18,4774.89,4736.50,4774.89,4708.59,54505362,97971063556.00,1.39,-0.97,-46.29,1.76
2026-05-19,4740.34,4770.82,4791.20,4722.95,52141678,92974054182.00,1.44,0.72,34.32,1.69
2026-05-20,4759.94,4727.07,4762.03,4688.97,58141566,98468498073.00,1.53,-0.92,-43.75,1.88
2026-05-21,4731.09,4648.70,4793.26,4645.44,65367766,129108748347.00,3.13,-1.66,-78.37,2.12
2026-05-22,4670.10,4667.86,4685.25,4617.48,53445244,101645726354.00,1.46,0.41,19.16,1.73
2026-05-25,4672.76,4630.36,4694.12,4589.11,58271076,101499011043.00,2.25,-0.80,-37.50,1.89
2026-05-26,4619.98,4562.89,4619.98,4519.87,54511036,95268189778.00,2.16,-1.46,-67.47,1.76
2026-05-27,4557.31,4502.92,4557.91,4457.85,54826573,96735108173.00,2.19,-1.31,-59.97,1.77
2026-05-28,4498.96,4479.82,4505.92,4418.35,50773042,89168931377.00,1.94,-0.51,-23.10,1.64
2026-05-29,4487.59,4473.46,4517.93,4446.97,61015334,113029913316.00,1.58,-0.14,-6.36,1.97
2026-06-01,4468.31,4501.21,4523.02,4461.19,52866459,100554122178.00,1.38,0.62,27.75,1.71
2026-06-02,4497.63,4427.72,4499.00,4405.09,47221896,84534190146.00,2.09,-1.63,-73.49,1.53
2026-06-03,4422.69,4371.54,4422.69,4349.85,49350313,81930923304.00,1.65,-1.27,-56.18,1.60
2026-06-04,4359.87,4298.55,4366.73,4275.12,45793753,73598140451.00,2.10,-1.67,-72.99,1.48
2026-06-05,4320.35,4314.71,4353.27,4286.93,47229542,83323878296.00,1.54,0.38,16.16,1.53
2026-06-08,4250.73,4201.12,4310.00,4151.37,50790270,81281210405.00,3.68,-2.63,-113.59,1.64
2026-06-09,4221.28,4216.06,4243.34,4165.11,43092920,74095152480.00,1.86,0.36,14.94,1.39
2026-06-10,4197.89,4198.10,4216.45,4131.82,44138805,71347412015.00,2.01,-0.43,-17.96,1.43
2026-06-11,4175.98,4153.43,4194.80,4110.64,43135978,69013596647.00,2.00,-1.06,-44.67,1.40
2026-06-12,4178.92,4231.66,4237.91,4143.50,55133389,97635450289.00,2.27,1.88,78.23,1.78
2026-06-15,4234.85,4234.57,4279.33,4204.79,50409845,82038693040.00,1.76,0.07,2.91,1.63
2026-06-16,4228.89,4209.04,4228.89,4166.14,46628666,75202729626.00,1.48,-0.60,-25.53,1.51
2026-06-17,4203.07,4174.28,4203.28,4156.22,44744026,70827039954.00,1.12,-0.83,-34.76,1.45
2026-06-18,4169.85,4202.50,4250.31,4141.21,57236509,96536053636.00,2.61,0.68,28.22,1.85
2026-06-22,4187.46,4195.10,4196.98,4049.66,65089543,108531290501.00,3.51,-0.18,-7.40,2.11
2026-06-23,4185.55,4306.19,4358.84,4183.37,73347103,121693443710.00,4.18,2.65,111.09,2.37
2026-06-24,4310.61,4255.66,4351.51,4244.81,71942769,129207831602.00,2.48,-1.17,-50.53,2.33
2026-06-25,4225.46,4186.89,4225.46,4103.64,68363662,120718028188.00,2.86,-1.62,-68.77,2.21
2026-06-26,4168.18,4034.89,4175.95,4034.89,57869254,102393065793.00,3.37,-3.63,-152.00,1.87
2026-06-29,4032.78,4234.31,4241.52,3962.37,83636779,159048567815.00,6.92,4.94,199.42,2.71
2026-06-30,4215.67,4174.28,4236.60,4135.04,70156259,130812587559.00,2.40,-1.42,-60.03,2.27
2026-07-01,4165.44,4361.35,4363.01,4121.14,88566841,167730292922.00,5.79,4.48,187.07,2.87
2026-07-02,4354.86,4374.67,4466.77,4351.31,84328875,159889365720.00,2.65,0.31,13.32,2.73
2026-07-03,4403.92,4453.61,4470.84,4349.38,77966006,148523024417.00,2.78,1.80,78.94,2.52
2026-07-06,4440.16,4482.06,4561.06,4423.44,87882098,183604081381.00,3.09,0.64,28.45,2.84
2026-07-07,4447.11,4312.61,4447.11,4306.52,68318298,134706216655.00,3.14,-3.78,-169.45,2.21
2026-07-08,4312.81,4269.90,4363.33,4265.16,62257289,113473044371.00,2.28,-0.99,-42.71,2.01
2026-07-09,4243.56,4260.22,4351.75,4197.08,67061498,116789143093.00,3.62,-0.23,-9.68,2.17
2026-07-10,4244.05,4380.40,4438.77,4201.65,87734345,152505204692.00,5.57,2.82,120.18,2.84
2026-07-13,4373.51,4347.90,4416.45,4330.85,89502358,146729734230.00,1.95,-0.74,-32.50,2.90
2026-07-14,4336.11,4463.35,4463.35,4302.41,97187614,158747454369.00,3.70,2.66,115.45,3.15
2026-07-15,4430.80,4607.42,4673.73,4428.48,120034953,226934075458.00,5.49,3.23,144.07,3.88
2026-07-16,4562.58,4660.54,4707.41,4507.92,122285298,221051152687.00,4.33,1.15,53.12,3.96
2026-07-17,4622.33,4365.24,4645.04,4353.94,116275368,194746786097.00,6.25,-6.34,-295.30,3.76
2026-07-20,4336.20,4345.09,4444.13,4277.71,100554528,176119644387.00,3.81,-0.46,-20.15,3.25
2026-07-21,4322.08,4296.72,4322.08,4146.45,97836718,167558670353.00,4.04,-1.11,-48.37,3.17
2026-07-22,4267.70,4287.00,4390.29,4264.59,84664829,153648365532.00,2.93,-0.23,-9.72,2.74
2026-07-23,4260.57,4313.55,4331.12,4233.33,72865714,123078688273.00,2.28,0.62,26.55,2.36
2026-07-24,4281.26,4162.82,4297.60,4162.82,69357653,116353676608.00,3.12,-3.49,-150.73,2.24
2026-07-27,4150.67,4311.01,4312.10,4144.95,70494891,116352320612.00,4.02,3.56,148.19,2.28
2026-07-28,4291.96,4277.73,4359.66,4261.89,65992437,105445753832.00,2.27,-0.77,-33.28,2.14
2026-07-29,4286.10,4304.98,4326.76,4260.00,68219166,116212930187.00,1.56,0.64,27.25,2.21