2026-01-05,13.63,14.34,14.41,13.60,91191,182519480.00,5.94,5.21,0.71,4.22
2026-01-06,14.33,14.39,14.43,14.20,54976,111073762.00,1.60,0.35,0.05,2.54
2026-01-07,14.38,14.52,14.71,14.36,62958,129489307.00,2.43,0.90,0.13,2.91
2026-01-08,14.46,14.88,15.05,14.46,92470,193339559.00,4.06,2.48,0.36,4.28
2026-01-09,14.87,14.96,14.99,14.66,71487,149326794.00,2.22,0.54,0.08,3.31
2026-01-12,14.97,15.01,15.10,14.85,71029,149855873.00,1.67,0.33,0.05,3.29
2026-01-13,15.04,15.02,15.50,14.93,110413,237070904.00,3.80,0.07,0.01,5.11
2026-01-14,14.95,14.84,15.26,14.65,95736,202168985.00,4.06,-1.20,-0.18,4.43
2026-01-15,14.73,14.78,14.91,14.68,43985,91664537.00,1.55,-0.40,-0.06,2.03
2026-01-16,14.81,14.67,14.87,14.52,49207,101614037.00,2.37,-0.74,-0.11,2.28
2026-01-19,14.60,14.58,14.71,14.55,35039,72226965.00,1.09,-0.61,-0.09,1.62
2026-01-20,14.66,14.62,14.82,14.51,43761,90406446.00,2.13,0.27,0.04,2.02
2026-01-21,14.62,14.65,14.78,14.51,35182,72757701.00,1.85,0.21,0.03,1.63
2026-01-22,14.66,14.73,14.76,14.63,33668,69832564.00,0.89,0.55,0.08,1.56
2026-01-23,14.78,15.75,15.88,14.76,191388,419035355.00,7.60,6.92,1.02,8.85
2026-01-26,15.75,15.95,16.18,15.67,140834,315679864.00,3.24,1.27,0.20,6.51
2026-01-27,15.96,15.78,16.07,15.07,115142,252116513.00,6.27,-1.07,-0.17,5.33
2026-01-28,15.82,15.43,15.98,15.42,63217,138918204.00,3.55,-2.22,-0.35,2.92
2026-01-29,15.39,15.10,15.57,15.07,61554,132651151.00,3.24,-2.14,-0.33,2.85
2026-01-30,15.19,15.12,15.36,14.89,60420,128572840.00,3.11,0.13,0.02,2.79
2026-02-02,15.04,14.41,15.20,14.35,59417,123481669.00,5.62,-4.70,-0.71,2.75
2026-02-03,14.54,14.66,14.67,14.33,41181,84336537.00,2.36,1.73,0.25,1.90
2026-02-04,14.66,14.80,15.07,14.61,43265,90237737.00,3.14,0.95,0.14,2.00
2026-02-05,14.75,14.90,15.18,14.75,53848,113459026.00,2.91,0.68,0.10,2.49
2026-02-06,14.88,15.23,15.37,14.75,68714,146987471.00,4.16,2.21,0.33,3.18
2026-02-09,15.23,15.12,15.36,15.02,40699,86724167.00,2.23,-0.72,-0.11,1.88
2026-02-10,15.12,15.18,15.36,15.03,33396,71654112.00,2.18,0.40,0.06,1.54
2026-02-11,15.11,15.12,15.22,15.11,26334,56287702.00,0.72,-0.40,-0.06,1.22
2026-02-12,15.08,15.00,15.12,14.97,24352,51724545.00,0.99,-0.79,-0.12,1.13
2026-02-13,15.05,15.02,15.48,15.00,37449,80548549.00,3.20,0.13,0.02,1.73
2026-02-24,15.10,15.23,15.39,15.05,30942,66441693.00,2.26,1.40,0.21,1.43
2026-02-25,15.23,15.25,15.28,15.10,28741,61731335.00,1.18,0.13,0.02,1.33
2026-02-26,15.25,15.20,15.36,15.09,41744,89488753.00,1.77,-0.33,-0.05,1.93
2026-02-27,15.18,15.88,15.93,15.14,103581,228353727.00,5.20,4.47,0.68,4.79
2026-03-02,15.71,15.67,15.92,15.59,73544,163001408.00,2.08,-1.32,-0.21,3.40
2026-03-03,15.67,14.84,15.78,14.80,78626,169157697.00,6.25,-5.30,-0.83,3.64
2026-03-04,14.70,14.40,14.93,14.33,52981,108766766.00,4.04,-2.96,-0.44,2.45
2026-03-05,14.70,14.59,14.85,14.40,46077,94873251.00,3.13,1.32,0.19,2.13
2026-03-06,14.60,15.83,15.95,14.48,154944,342517708.00,10.08,8.50,1.24,7.17
2026-03-09,15.68,16.02,16.30,15.53,118817,267632315.00,4.86,1.20,0.19,5.50
2026-03-10,16.09,16.51,16.80,15.93,120724,279999195.00,5.43,3.06,0.49,5.58
2026-03-11,16.48,16.60,16.73,16.38,108204,251792747.00,2.12,0.55,0.09,5.00
2026-03-12,16.45,16.36,16.64,16.24,64001,147843239.00,2.41,-1.45,-0.24,2.96
2026-03-13,16.38,18.01,18.01,16.02,227271,556436233.00,12.16,10.09,1.65,10.51
2026-03-16,18.01,17.84,18.53,17.51,315909,804173337.00,5.66,-0.94,-0.17,14.61
2026-03-17,17.82,18.72,19.00,17.43,336168,863868956.00,8.80,4.93,0.88,15.55
2026-03-18,18.55,18.72,19.10,18.04,278023,727468291.00,5.66,0.00,0.00,12.86
2026-03-19,18.32,17.97,18.44,17.03,202660,511852107.00,7.53,-4.01,-0.75,9.37
2026-03-20,19.09,19.78,19.78,18.47,307429,846766043.00,7.29,10.07,1.81,14.22
2026-03-23,19.83,19.00,20.93,18.79,463847,1279936762.00,10.82,-3.94,-0.78,21.45
2026-03-24,19.68,20.92,20.92,19.42,189040,546583598.00,7.89,10.11,1.92,8.74
2026-03-25,22.43,23.02,23.02,22.10,291691,939005756.00,4.40,10.04,2.10,13.49
2026-03-26,23.94,25.33,25.33,23.94,287843,1013602040.00,6.04,10.03,2.31,13.31
2026-03-27,26.99,27.88,27.88,26.44,212182,819590153.00,5.68,10.07,2.55,9.81
2026-03-30,30.68,30.68,30.68,30.18,89063,383676550.00,1.79,10.04,2.80,4.12
2026-03-31,31.30,29.10,31.31,27.76,858450,3510838044.00,11.57,-5.15,-1.58,39.70
2026-04-01,29.10,28.31,29.69,26.18,875325,3427266121.00,12.06,-2.71,-0.79,40.48
2026-04-02,27.40,30.12,31.15,26.83,947049,3905407481.00,15.26,6.39,1.81,43.80
2026-04-03,28.60,28.46,31.63,28.46,896797,3819879919.00,10.52,-5.51,-1.66,41.47
2026-04-07,29.03,27.97,30.44,27.13,656666,2627425122.00,11.63,-1.72,-0.49,30.37
2026-04-08,30.78,30.78,30.78,30.78,168674,729347803.00,0.00,10.05,2.81,7.80
2026-04-09,33.10,32.39,33.86,28.44,992019,4381780191.00,17.61,5.23,1.61,45.88
2026-04-10,33.79,35.31,35.64,31.68,905061,4310800423.00,12.23,9.02,2.92,41.86
2026-04-13,35.25,34.23,35.75,33.30,694795,3345082849.00,6.94,-3.06,-1.08,32.13
2026-04-14,34.23,36.29,36.88,33.32,642920,3186533496.00,10.40,6.02,2.06,29.73
2026-04-15,36.25,39.53,39.93,35.73,699440,3752929490.00,11.57,8.93,3.24,32.35
2026-04-16,39.53,39.89,40.81,38.61,657203,3660562447.00,5.57,0.91,0.36,30.39
2026-04-17,39.89,37.39,40.03,37.25,589756,3161728619.00,6.97,-6.27,-2.50,27.27
2026-04-20,37.99,36.61,38.11,36.14,488199,2533657507.00,5.27,-2.09,-0.78,21.72
2026-04-21,36.52,37.41,38.63,35.96,553560,2914467039.00,7.29,2.19,0.80,24.62
2026-04-22,36.68,35.96,38.46,34.67,573053,2927346161.00,10.13,-3.88,-1.45,25.49
2026-04-23,36.25,39.57,39.57,35.52,624543,3291295602.00,11.26,10.04,3.61,27.78
2026-04-24,39.18,41.02,42.32,38.53,593760,3397002038.00,9.58,3.66,1.45,25.55
2026-04-27,40.25,40.18,42.30,39.03,541288,3085778494.00,7.97,-2.05,-0.84,23.29
2026-04-28,39.89,42.83,43.82,39.47,572294,3376076868.00,10.83,6.60,2.65,24.63
2026-04-29,43.65,46.53,46.53,42.64,621092,3875454998.00,9.08,8.64,3.70,26.73
2026-04-30,44.88,44.50,45.21,42.13,594098,3658236615.00,6.62,-4.36,-2.03,25.57
2026-05-06,46.07,48.82,48.97,44.65,561796,3769046579.00,9.71,9.71,4.32,24.18
2026-05-07,49.18,43.93,50.17,43.93,755961,4937022135.00,12.78,-10.02,-4.89,31.69
2026-05-08,43.46,45.39,45.85,40.60,629242,3815089659.00,11.95,3.32,1.46,26.38
2026-05-11,44.18,40.84,45.25,40.84,623011,3708269243.00,9.72,-10.02,-4.55,26.12
2026-05-12,39.90,38.47,40.25,37.11,605760,3281288767.00,7.69,-5.80,-2.37,25.39
2026-05-13,38.57,39.89,40.71,38.15,468010,2600153887.00,6.65,3.69,1.42,19.62
2026-05-14,39.20,37.48,40.60,37.48,437610,2387757882.00,7.82,-6.04,-2.41,18.34
2026-05-15,36.32,36.18,37.75,35.26,366289,1864265575.00,6.64,-3.47,-1.30,15.35
2026-05-18,36.33,35.70,37.25,35.46,294399,1492433488.00,4.95,-1.33,-0.48,12.34
2026-05-19,35.74,36.16,37.20,35.11,327302,1669718493.00,5.85,1.29,0.46,13.72
2026-05-20,35.98,37.76,38.13,35.63,368640,1936818744.00,6.91,4.42,1.60,15.45
2026-05-21,37.24,37.85,39.04,37.18,436330,2336322039.00,4.93,0.24,0.09,18.29
2026-05-22,37.35,35.92,38.10,35.25,374205,1899580231.00,7.53,-5.10,-1.93,15.69
2026-05-25,35.02,32.75,35.02,32.32,471977,2179423293.00,7.52,-8.83,-3.17,19.79
2026-05-26,32.03,30.06,32.32,29.89,436726,1884901763.00,7.42,-8.21,-2.69,18.31
2026-05-27,30.91,33.08,33.08,30.91,316929,1421631523.00,7.22,10.05,3.02,13.29
2026-05-28,33.46,32.39,33.89,31.83,319239,1459785618.00,6.23,-2.09,-0.69,13.38
2026-05-29,32.70,32.09,34.03,31.68,285534,1321024805.00,7.26,-0.93,-0.30,11.97
2026-06-01,30.98,33.17,33.80,30.98,294374,1360870913.00,8.79,3.37,1.08,12.34
2026-06-02,33.05,31.35,34.10,31.34,292504,1324293591.00,8.32,-5.49,-1.82,12.26
2026-06-03,30.38,30.80,31.79,29.85,276362,1192792873.00,6.19,-1.75,-0.55,11.56
2026-06-04,30.61,30.05,31.46,29.87,197488,840822161.00,5.16,-2.44,-0.75,8.26
2026-06-05,31.33,28.22,31.75,28.06,282001,1149508087.00,12.28,-6.09,-1.83,11.79
2026-06-08,27.75,27.63,29.03,26.93,243164,956765200.00,7.44,-2.09,-0.59,10.17
2026-06-09,27.80,28.18,28.25,27.05,189097,736736025.00,4.34,1.99,0.55,7.91
2026-06-10,27.54,27.39,28.16,27.17,163498,632819290.00,3.51,-2.80,-0.79,6.84
2026-06-11,27.39,26.31,27.60,26.23,215109,804579904.00,5.00,-3.94,-1.08,8.99
2026-06-12,26.84,27.32,27.79,26.35,194340,743283796.00,5.47,3.84,1.01,8.13
2026-06-15,27.03,27.76,27.78,26.79,163022,628298212.00,3.62,1.61,0.44,6.82
2026-06-16,27.75,27.05,27.89,26.60,149034,566104613.00,4.65,-2.56,-0.71,6.23
2026-06-17,26.88,26.89,27.23,26.63,133051,502945415.00,2.22,-0.59,-0.16,5.56
2026-06-18,26.72,26.98,27.41,26.33,172595,652775182.00,4.02,0.33,0.09,7.22
2026-06-22,26.34,26.52,26.68,25.55,200777,736534754.00,4.19,-1.70,-0.46,8.40
2026-06-23,26.52,26.77,28.08,26.52,258813,990251417.00,5.88,0.94,0.25,10.82
2026-06-24,26.00,25.25,26.63,25.25,238898,866377877.00,5.16,-5.68,-1.52,9.99
2026-06-25,25.26,24.33,25.45,24.18,215204,745873579.00,5.03,-3.64,-0.92,9.00
2026-06-26,24.18,22.80,24.40,22.78,172305,565617997.00,6.66,-6.29,-1.53,7.16
2026-06-29,23.46,24.36,25.03,22.49,310023,1048458989.00,11.14,6.84,1.56,12.88
2026-06-30,23.88,23.14,24.07,23.04,209753,689726609.00,4.23,-5.01,-1.22,8.72
2026-07-01,23.18,25.47,25.47,23.07,144587,493560073.00,10.37,10.07,2.33,6.01
2026-07-02,27.21,28.03,28.03,26.95,99274,386970234.00,4.24,10.05,2.56,4.13
2026-07-03,30.38,27.61,30.39,26.47,739766,2861246673.00,13.99,-1.50,-0.42,30.74
2026-07-06,26.75,29.59,30.38,26.75,719400,2935460071.00,13.15,7.17,1.98,29.89
2026-07-07,30.39,31.10,32.56,30.39,799850,3530538715.00,7.33,5.10,1.51,33.24
2026-07-08,30.98,27.98,31.10,27.98,537776,2177828509.00,10.03,-10.03,-3.12,22.35
2026-07-09,26.21,28.07,29.79,25.23,788617,2205085596.00,16.30,0.32,0.09,23.41
2026-07-10,27.80,30.88,30.88,27.31,715335,2134658734.00,12.72,10.01,2.81,21.23
2026-07-13,31.00,33.00,33.00,29.86,1015253,3235533493.00,10.17,6.87,2.12,30.13
2026-07-14,31.20,35.45,35.90,29.80,1060552,3515050760.00,18.48,7.42,2.45,31.48
2026-07-15,34.05,39.00,39.00,34.05,1025246,3865780275.00,13.96,10.01,3.55,30.43
2026-07-16,37.80,38.35,42.79,37.50,1180777,4722823497.00,13.56,-1.67,-0.65,35.05
2026-07-17,37.00,34.52,37.88,34.52,456941,1631562098.00,8.76,-9.99,-3.83,13.56
2026-07-20,31.07,31.07,34.20,31.07,711330,2260425291.00,9.07,-9.99,-3.45,21.11
2026-07-21,28.08,27.96,29.37,27.96,711032,2006674026.00,4.54,-10.01,-3.11,21.10
2026-07-22,27.40,29.23,30.50,27.20,829937,2419724878.00,11.80,4.54,1.27,24.63
2026-07-23,28.52,28.86,30.25,27.82,750605,2173270074.00,8.31,-1.27,-0.37,22.28
2026-07-24,28.12,26.17,28.68,26.16,733475,1989744934.00,8.73,-9.32,-2.69,21.77
2026-07-27,26.31,27.71,28.28,25.58,672202,1829899577.00,10.32,5.88,1.54,19.95
2026-07-28,27.21,26.70,29.06,26.50,522762,1443706169.00,9.24,-3.64,-1.01,15.52
2026-07-29,26.71,25.06,26.90,24.69,547629,1392531470.00,8.28,-6.14,-1.64,16.25