2026-01-05,88.80,98.33,98.33,86.42,122919,1150849320.00,14.54,20.02,16.40,10.07
2026-01-06,106.57,98.71,114.42,98.30,239255,2540717342.00,16.39,0.39,0.38,19.60
2026-01-07,96.79,89.90,97.92,89.44,165813,1535584293.00,8.59,-8.93,-8.81,13.58
2026-01-08,89.18,88.17,91.52,87.60,103610,924324677.00,4.36,-1.92,-1.73,8.49
2026-01-09,87.92,86.26,87.95,85.38,84247,729208609.00,2.91,-2.17,-1.91,6.90
2026-01-12,85.92,94.91,98.00,85.92,140390,1278739399.00,14.00,10.03,8.65,11.50
2026-01-13,97.97,95.33,102.66,95.33,123678,1212582528.00,7.72,0.44,0.42,10.13
2026-01-14,93.94,100.75,106.06,93.94,113243,1132358326.00,12.71,5.69,5.42,9.27
2026-01-15,98.03,96.63,100.70,94.93,65432,635012880.00,5.73,-4.09,-4.12,5.36
2026-01-16,97.86,97.63,99.28,95.43,64347,628338976.00,3.98,1.03,1.00,5.27
2026-01-19,96.93,97.22,99.22,95.03,47597,460939107.00,4.29,-0.42,-0.41,3.90
2026-01-20,97.22,93.72,98.19,92.30,49746,472929548.00,6.06,-3.60,-3.50,4.07
2026-01-21,91.18,98.79,100.92,91.18,70928,686992661.00,10.39,5.41,5.07,5.81
2026-01-22,99.14,100.27,100.87,94.99,62168,606642964.00,5.95,1.50,1.48,5.09
2026-01-23,99.81,98.67,101.42,96.10,57071,563601195.00,5.31,-1.60,-1.60,4.67
2026-01-26,96.68,93.51,97.92,92.64,48527,459502493.00,5.35,-5.23,-5.16,3.97
2026-01-27,92.73,101.53,102.92,89.45,85701,837041153.00,14.40,8.58,8.02,7.02
2026-01-28,101.53,102.60,104.69,98.94,61023,621413883.00,5.66,1.05,1.07,5.00
2026-01-29,101.90,97.44,103.72,97.42,43018,430638709.00,6.14,-5.03,-5.16,3.52
2026-01-30,94.25,102.74,105.42,94.25,69189,702697340.00,11.46,5.44,5.30,5.67
2026-02-02,100.62,93.58,100.75,92.92,68367,655416691.00,7.62,-8.92,-9.16,5.60
2026-02-03,95.52,94.22,97.72,93.52,58430,555550705.00,4.49,0.68,0.64,4.79
2026-02-04,93.02,90.92,94.62,88.92,46592,423659714.00,6.05,-3.50,-3.30,3.82
2026-02-05,88.92,89.67,91.80,88.10,33544,300357731.00,4.07,-1.37,-1.25,2.75
2026-02-06,87.93,87.61,89.61,87.42,28347,250421696.00,2.44,-2.30,-2.06,2.32
2026-02-09,89.90,90.93,92.56,88.03,31546,285236716.00,5.17,3.79,3.32,2.58
2026-02-10,91.42,89.66,91.72,89.32,19705,177739467.00,2.64,-1.40,-1.27,1.61
2026-02-11,88.50,88.62,89.83,87.48,26965,238629024.00,2.62,-1.16,-1.04,2.21
2026-02-12,88.69,95.07,95.44,88.69,51251,479117252.00,7.62,7.28,6.45,4.20
2026-02-13,94.56,98.04,100.80,93.42,54788,534583230.00,7.76,3.12,2.97,4.49
2026-02-24,98.82,95.37,99.52,93.42,42591,408203157.00,6.22,-2.72,-2.67,3.49
2026-02-25,96.82,101.22,101.42,93.94,47155,463157581.00,7.84,6.13,5.85,3.86
2026-02-26,100.53,102.82,103.59,98.60,41624,421440955.00,4.93,1.58,1.60,3.41
2026-02-27,101.04,100.74,103.13,99.80,38308,387830050.00,3.24,-2.02,-2.08,3.14
2026-03-02,96.92,100.88,102.42,96.72,47395,476304497.00,5.66,0.14,0.14,3.88
2026-03-03,102.50,90.34,102.50,88.72,74530,696729625.00,13.66,-10.45,-10.54,6.10
2026-03-04,87.92,89.23,92.23,87.92,33157,297482768.00,4.77,-1.23,-1.11,2.72
2026-03-05,91.94,89.83,92.92,88.43,39990,363182723.00,5.03,0.67,0.60,3.28
2026-03-06,88.92,91.84,95.26,88.54,45474,422870329.00,7.48,2.24,2.01,3.72
2026-03-09,89.14,88.88,90.00,83.95,45175,391140200.00,6.59,-3.22,-2.96,3.70
2026-03-10,90.24,92.40,92.42,89.24,38093,347686071.00,3.58,3.96,3.52,3.12
2026-03-11,92.40,90.03,94.11,90.01,32828,301207987.00,4.44,-2.56,-2.37,2.69
2026-03-12,89.91,86.97,91.03,85.57,34484,302159942.00,6.06,-3.40,-3.06,2.82
2026-03-13,86.06,85.33,87.22,84.17,26224,225060431.00,3.51,-1.89,-1.64,2.15
2026-03-16,84.94,84.44,85.30,82.07,32187,269311619.00,3.79,-1.04,-0.89,2.64
2026-03-17,85.47,80.05,85.51,80.02,32400,265602901.00,6.50,-5.20,-4.39,2.65
2026-03-18,80.90,81.72,81.77,79.43,24299,196339115.00,2.92,2.09,1.67,1.99
2026-03-19,79.92,77.66,80.24,76.73,34844,273523327.00,4.30,-4.97,-4.06,2.85
2026-03-20,78.92,75.94,79.52,75.94,29674,231969836.00,4.61,-2.21,-1.72,2.43
2026-03-23,71.27,69.92,76.43,69.45,58070,421068802.00,9.19,-7.93,-6.02,4.76
2026-03-24,71.82,73.95,74.09,69.22,45189,323536319.00,6.97,5.76,4.03,3.70
2026-03-25,75.92,73.98,77.42,73.30,47708,359245337.00,5.57,0.04,0.03,3.91
2026-03-26,73.88,71.71,74.21,71.32,30253,219871861.00,3.91,-3.07,-2.27,2.48
2026-03-27,70.09,71.17,72.59,69.78,27175,193827490.00,3.92,-0.75,-0.54,2.23
2026-03-30,69.57,70.27,70.72,68.81,24746,173062399.00,2.68,-1.26,-0.90,2.03
2026-03-31,70.72,68.31,70.72,67.97,22517,155919857.00,3.91,-2.79,-1.96,1.84
2026-04-01,69.80,70.03,70.80,69.63,25671,180467355.00,1.71,2.52,1.72,2.10
2026-04-02,70.75,67.70,70.75,66.79,31814,217440965.00,5.65,-3.33,-2.33,2.61
2026-04-03,67.92,67.88,69.66,67.34,18819,128513797.00,3.43,0.27,0.18,1.54
2026-04-07,67.72,67.22,68.85,67.03,21985,149247737.00,2.68,-0.97,-0.66,1.80
2026-04-08,70.20,73.03,73.13,69.72,43451,311772725.00,5.07,8.64,5.81,3.56
2026-04-09,72.57,72.83,74.82,71.18,39788,291249922.00,4.98,-0.27,-0.20,3.26
2026-04-10,73.28,73.94,75.49,73.19,42756,318304337.00,3.16,1.52,1.11,3.50
2026-04-13,72.89,73.16,75.01,72.72,31138,229772688.00,3.10,-1.05,-0.78,2.55
2026-04-14,74.66,75.21,75.50,73.77,36007,268975932.00,2.36,2.80,2.05,2.95
2026-04-15,76.58,73.21,76.58,72.72,36167,268949975.00,5.13,-2.66,-2.00,2.96
2026-04-16,72.94,74.09,74.81,72.94,27727,205295965.00,2.55,1.20,0.88,2.27
2026-04-17,73.62,74.88,75.71,73.32,33287,249551761.00,3.23,1.07,0.79,2.73
2026-04-20,74.92,74.52,75.86,73.42,30619,228699362.00,3.26,-0.48,-0.36,2.51
2026-04-21,73.94,75.03,75.80,72.45,38871,288619446.00,4.50,0.68,0.51,3.18
2026-04-22,74.55,75.88,76.00,73.92,33973,255662208.00,2.77,1.13,0.85,2.78
2026-04-23,76.40,72.97,76.42,72.12,44798,329967327.00,5.67,-3.84,-2.91,3.67
2026-04-24,73.07,72.90,74.15,71.75,32384,236953575.00,3.29,-0.10,-0.07,2.65
2026-04-27,73.08,74.39,74.92,71.63,35571,263282143.00,4.51,2.04,1.49,2.91
2026-04-28,73.93,71.74,75.31,71.22,38635,282298193.00,5.50,-3.56,-2.65,3.16
2026-04-29,71.22,71.87,72.46,69.71,36284,259208698.00,3.83,0.18,0.13,2.97
2026-04-30,70.87,73.38,73.80,68.95,53811,383190967.00,6.75,2.10,1.51,4.41
2026-05-06,74.92,74.82,77.47,74.52,57367,435704758.00,4.02,1.96,1.44,4.70
2026-05-07,74.45,75.92,76.14,73.92,39443,297764334.00,2.97,1.47,1.10,3.23
2026-05-08,74.92,76.70,77.65,74.19,47166,357357182.00,4.56,1.03,0.78,3.86
2026-05-11,78.47,78.91,80.28,77.80,69764,551775690.00,3.23,2.88,2.21,5.71
2026-05-12,78.86,82.72,84.06,76.67,92832,750796658.00,9.37,4.83,3.81,7.60
2026-05-13,81.52,87.80,89.80,79.80,103628,889574055.00,12.09,6.14,5.08,8.49
2026-05-14,90.64,88.91,93.62,87.92,102100,929508902.00,6.49,1.26,1.11,8.36
2026-05-15,87.86,83.18,91.42,82.12,104677,907060002.00,10.46,-6.44,-5.73,8.57
2026-05-18,81.12,83.55,84.32,79.60,60513,498817245.00,5.67,0.44,0.37,4.96
2026-05-19,82.64,86.80,86.97,80.02,70875,597888554.00,8.32,3.89,3.25,5.80
2026-05-20,85.93,85.22,87.82,84.48,55332,474235341.00,3.85,-1.82,-1.58,4.53
2026-05-21,86.62,77.62,86.91,77.62,80527,664111579.00,10.90,-8.92,-7.60,6.60
2026-05-22,79.07,78.71,79.57,76.60,52223,408400139.00,3.83,1.40,1.09,4.28
2026-05-25,77.89,91.17,91.92,74.84,150589,1300230487.00,21.70,15.83,12.46,12.33
2026-05-26,89.80,88.42,90.12,85.10,101824,891409607.00,5.51,-3.02,-2.75,8.34
2026-05-27,87.54,93.40,98.91,86.36,147644,1384189342.00,14.19,5.63,4.98,12.09
2026-05-28,91.67,102.12,104.92,91.32,144122,1406999950.00,14.56,9.34,8.72,11.80
2026-05-29,99.96,93.45,102.12,90.56,119421,1150714029.00,11.32,-8.49,-8.67,9.78
2026-06-01,91.31,84.36,93.52,83.93,91478,800729752.00,10.26,-9.73,-9.09,7.49
2026-06-02,84.61,81.72,85.20,80.04,72905,603919893.00,6.12,-3.13,-2.64,5.97
2026-06-03,83.90,88.61,92.57,82.92,98068,863961939.00,11.81,8.43,6.89,8.03
2026-06-04,87.63,88.90,90.82,85.91,65602,586542137.00,5.54,0.33,0.29,5.37
2026-06-05,86.92,80.52,86.92,80.12,87615,726384958.00,7.65,-9.43,-8.38,7.18
2026-06-08,72.99,71.34,76.24,70.22,81351,596637222.00,7.48,-11.40,-9.18,6.66
2026-06-09,73.12,78.81,79.45,72.35,77511,587833881.00,9.95,10.47,7.47,6.35
2026-06-10,77.03,77.34,80.12,76.65,52913,414647246.00,4.40,-1.87,-1.47,4.33
2026-06-11,76.72,80.32,82.92,76.62,52877,426805700.00,8.15,3.85,2.98,4.33
2026-06-12,83.84,75.77,84.16,75.28,54300,431020992.00,11.06,-5.66,-4.55,4.45
2026-06-15,77.77,87.72,87.77,76.73,92152,764834319.00,14.57,15.77,11.95,7.55
2026-06-16,89.10,87.92,90.74,86.64,83438,739936805.00,4.67,0.23,0.20,6.83
2026-06-17,87.92,95.42,98.32,87.17,118945,1116585561.00,12.68,8.53,7.50,9.74
2026-06-18,93.51,93.62,96.15,92.64,85341,803103317.00,3.68,-1.89,-1.80,6.99
2026-06-22,97.67,97.42,103.02,94.73,121109,1194546833.00,8.85,4.06,3.80,9.92
2026-06-23,97.42,99.20,104.32,93.92,104621,1042342440.00,10.68,1.83,1.78,8.57
2026-06-24,98.21,98.36,101.12,94.92,92796,915208904.00,6.25,-0.85,-0.84,7.60
2026-06-25,99.88,97.92,99.94,93.58,85364,828513732.00,6.47,-0.45,-0.44,6.99
2026-06-26,95.92,92.42,100.41,91.55,78665,745630343.00,9.05,-5.62,-5.50,6.44
2026-06-29,97.04,96.57,101.91,89.92,107851,1042252361.00,12.97,4.49,4.15,8.83
2026-06-30,99.47,104.85,106.68,95.91,133921,1359720005.00,11.15,8.57,8.28,10.97
2026-07-01,107.07,103.30,114.22,101.86,130904,1404751116.00,11.79,-1.48,-1.55,10.72
2026-07-02,97.94,92.74,102.15,92.12,109356,1058549283.00,9.71,-10.22,-10.56,8.96
2026-07-03,93.52,85.93,94.90,85.20,97042,857998487.00,10.46,-7.34,-6.81,7.95
2026-07-06,86.90,85.09,89.70,82.80,80104,692147885.00,8.03,-0.98,-0.84,6.56
2026-07-07,88.31,99.00,102.12,88.31,193266,1902863506.00,16.23,16.35,13.91,15.83
2026-07-08,99.00,92.18,101.39,90.20,153232,1452373560.00,11.30,-6.89,-6.82,12.55
2026-07-09,93.65,96.10,96.20,88.83,120456,1116074473.00,8.00,4.25,3.92,9.87
2026-07-10,96.82,88.01,99.80,87.50,128130,1209038711.00,12.80,-8.42,-8.09,10.49
2026-07-13,87.97,92.25,101.37,87.57,148810,1416132869.00,15.68,4.82,4.24,12.19
2026-07-14,91.00,90.79,94.50,84.68,111382,996803167.00,10.64,-1.58,-1.46,9.12
2026-07-15,90.00,80.48,91.38,79.00,107055,894631515.00,13.64,-11.36,-10.31,8.77
2026-07-16,78.17,74.01,81.50,73.37,73638,570202636.00,10.10,-8.04,-6.47,6.03
2026-07-17,73.96,62.99,74.19,62.89,84698,573125942.00,15.27,-14.89,-11.02,6.94
2026-07-20,66.00,59.84,67.09,58.00,78655,496744638.00,14.43,-5.00,-3.15,6.44
2026-07-21,62.45,71.81,71.81,55.14,121498,798975497.00,27.86,20.00,11.97,9.95
2026-07-22,71.80,73.81,77.29,71.10,123099,920391368.00,8.62,2.79,2.00,10.08
2026-07-23,74.18,73.45,75.75,72.60,61928,458450975.00,4.27,-0.49,-0.36,5.07
2026-07-24,70.84,70.20,73.99,70.20,56553,407609821.00,5.16,-4.42,-3.25,4.63
2026-07-27,69.80,71.46,71.70,67.08,46272,323620666.00,6.58,1.79,1.26,3.79
2026-07-28,69.60,66.83,71.85,66.18,47810,329964941.00,7.93,-6.48,-4.63,3.92
2026-07-29,66.81,68.35,69.00,62.00,65191,422230896.00,10.47,2.27,1.52,5.34
2026-07-30,66.35,62.60,68.25,61.00,59177,381594190.00,10.61,-8.41,-5.75,4.85
2026-07-31,69.05,64.92,69.49,64.50,65096,436400127.00,7.97,3.71,2.32,5.33
2026-08-03,64.00,64.28,66.20,63.80,38144,247964486.00,3.70,-0.99,-0.64,3.12
2026-08-04,65.00,67.81,68.74,64.68,49679,333100296.00,6.32,5.49,3.53,4.07
2026-08-05,68.99,70.94,72.71,67.83,58410,414244568.00,7.20,4.62,3.13,4.78