2026-01-05,97.54,97.70,99.45,96.65,61919,608205649.00,2.84,-0.84,-0.83,2.90
2026-01-06,97.96,95.45,99.64,94.01,63234,607632390.00,5.76,-2.30,-2.25,2.95
2026-01-07,92.16,95.71,98.65,92.16,67466,645221911.00,6.80,0.27,0.26,3.15
2026-01-08,95.05,94.22,96.47,93.15,53050,502272163.00,3.47,-1.56,-1.49,2.48
2026-01-09,95.51,98.22,99.65,94.15,82580,806601392.00,5.84,4.25,4.00,3.86
2026-01-12,97.23,103.50,107.03,92.65,107057,1068317241.00,14.64,5.38,5.28,5.00
2026-01-13,103.54,105.68,106.26,100.77,92471,965158561.00,5.30,2.11,2.18,4.32
2026-01-14,104.65,98.87,106.09,97.75,84574,860375604.00,7.89,-6.44,-6.81,3.95
2026-01-15,96.99,95.83,99.26,94.26,50810,490428868.00,5.06,-3.07,-3.04,2.37
2026-01-16,96.54,98.48,102.65,96.54,71854,718709992.00,6.38,2.77,2.65,3.36
2026-01-19,99.61,102.85,107.65,96.45,77332,791454140.00,11.37,4.44,4.37,3.61
2026-01-20,103.65,99.50,105.53,97.66,61610,618559360.00,7.65,-3.26,-3.35,2.88
2026-01-21,99.83,107.93,109.10,98.84,109312,1153805087.00,10.31,8.47,8.43,5.11
2026-01-22,107.65,106.29,108.53,103.65,62593,661626694.00,4.52,-1.52,-1.64,2.92
2026-01-23,107.34,110.65,113.23,105.34,70714,780223012.00,7.42,4.10,4.36,3.30
2026-01-26,109.65,100.25,110.73,99.31,82216,852338764.00,10.32,-9.40,-10.40,3.84
2026-01-27,98.63,100.32,100.85,95.53,68495,672974301.00,5.31,0.07,0.07,3.20
2026-01-28,100.60,92.85,100.63,91.77,78599,742708748.00,8.83,-7.45,-7.47,3.67
2026-01-29,92.83,89.84,93.94,89.67,51575,474859590.00,4.60,-3.24,-3.01,2.41
2026-01-30,89.62,94.33,96.15,88.85,67792,631510912.00,8.13,5.00,4.49,3.17
2026-02-02,93.65,89.82,96.10,89.82,54536,506773553.00,6.66,-4.78,-4.51,2.55
2026-02-03,92.10,90.35,92.63,87.18,58011,518965750.00,6.07,0.59,0.53,2.71
2026-02-04,90.15,88.86,91.24,87.17,42274,377263163.00,4.50,-1.65,-1.49,1.98
2026-02-05,88.53,88.68,89.85,87.15,34868,309627431.00,3.04,-0.20,-0.18,1.63
2026-02-06,88.02,91.11,94.25,86.65,54957,502458988.00,8.57,2.74,2.43,2.57
2026-02-09,92.62,92.11,92.63,89.91,38352,352358054.00,2.99,1.10,1.00,1.79
2026-02-10,91.61,93.80,95.15,91.32,48970,460439774.00,4.16,1.83,1.69,2.29
2026-02-11,93.45,86.53,93.45,86.52,71159,634361706.00,7.39,-7.75,-7.27,3.32
2026-02-12,86.35,89.85,92.31,86.25,48840,439646370.00,7.00,3.84,3.32,2.28
2026-02-13,88.33,87.34,89.33,86.45,40408,356203709.00,3.21,-2.79,-2.51,1.89
2026-02-24,88.53,83.40,88.63,82.36,57293,481332573.00,7.18,-4.51,-3.94,2.68
2026-02-25,83.25,85.15,86.01,82.68,37860,321806898.00,3.99,2.10,1.75,1.77
2026-02-26,85.65,85.17,86.51,83.85,31008,265339623.00,3.12,0.02,0.02,1.45
2026-02-27,84.16,84.77,86.05,83.85,27631,235493075.00,2.58,-0.47,-0.40,1.29
2026-03-02,83.15,81.26,83.65,80.03,72720,593603644.00,4.27,-4.14,-3.51,3.40
2026-03-03,81.79,76.53,81.79,76.45,61950,485940135.00,6.57,-5.82,-4.73,2.89
2026-03-04,75.45,74.49,76.93,74.26,51435,389335126.00,3.49,-2.67,-2.04,2.40
2026-03-05,75.65,74.45,76.15,73.35,58246,436721489.00,3.76,-0.05,-0.04,2.72
2026-03-06,73.85,75.46,76.70,73.73,50964,386682636.00,3.99,1.36,1.01,2.38
2026-03-09,73.15,74.35,75.46,71.65,53226,392742160.00,5.05,-1.47,-1.11,2.49
2026-03-10,76.41,76.17,76.53,74.77,52993,403087813.00,2.37,2.45,1.82,2.48
2026-03-11,76.56,74.19,76.65,74.03,45770,345604936.00,3.44,-2.60,-1.98,2.14
2026-03-12,74.55,72.55,74.95,72.17,31558,232215019.00,3.75,-2.21,-1.64,1.47
2026-03-13,72.04,71.01,73.18,71.00,32238,233052051.00,3.00,-2.12,-1.54,1.51
2026-03-16,71.15,70.63,71.52,68.67,32305,227193444.00,4.01,-0.54,-0.38,1.51
2026-03-17,71.00,69.57,71.42,69.46,24444,173231276.00,2.78,-1.50,-1.06,1.14
2026-03-18,69.65,70.27,70.43,69.15,20971,146993471.00,1.84,1.01,0.70,0.98
2026-03-19,68.91,67.54,69.54,67.35,27817,190725494.00,3.12,-3.89,-2.73,1.30
2026-03-20,67.99,66.34,68.80,66.34,37600,256088412.00,3.64,-1.78,-1.20,1.76
2026-03-23,65.45,64.06,68.14,63.35,49926,330363892.00,7.22,-3.44,-2.28,2.33
2026-03-24,65.30,64.05,65.63,62.27,35200,225397193.00,5.25,-0.02,-0.01,1.64
2026-03-25,64.30,67.92,68.31,64.30,70608,474366140.00,6.26,6.04,3.87,3.30
2026-03-26,67.75,67.03,69.45,66.66,45989,314336614.00,4.11,-1.31,-0.89,2.15
2026-03-27,66.12,68.93,70.10,65.21,53243,365250016.00,7.30,2.83,1.90,2.49
2026-03-30,67.65,67.65,68.45,66.75,41881,284290657.00,2.47,-1.86,-1.28,1.96
2026-03-31,67.67,66.32,69.24,66.32,34097,231254607.00,4.32,-1.97,-1.33,1.59
2026-04-01,67.91,67.72,68.75,67.33,39896,272371774.00,2.14,2.11,1.40,1.86
2026-04-02,67.37,64.30,67.45,63.86,50724,332237267.00,5.30,-5.05,-3.42,2.37
2026-04-03,64.65,62.93,64.91,62.65,31942,204645561.00,3.51,-2.13,-1.37,1.49
2026-04-07,62.35,63.43,65.37,62.35,31729,204133512.00,4.80,0.79,0.50,1.48
2026-04-08,65.85,68.98,69.06,65.72,49587,338626739.00,5.27,8.75,5.55,2.32
2026-04-09,68.14,66.75,68.14,66.63,38054,257111498.00,2.19,-3.23,-2.23,1.78
2026-04-10,68.19,68.34,70.55,67.45,44605,309417634.00,4.64,2.38,1.59,2.08
2026-04-13,67.65,67.75,69.14,67.46,32546,222694818.00,2.46,-0.86,-0.59,1.52
2026-04-14,68.52,70.53,72.22,67.77,63176,446003890.00,6.57,4.10,2.78,2.95
2026-04-15,71.42,69.93,72.83,69.77,63871,458677472.00,4.34,-0.85,-0.60,2.98
2026-04-16,72.59,70.26,72.65,69.29,78385,555908996.00,4.80,0.47,0.33,3.66
2026-04-17,69.15,68.78,69.64,68.03,52102,360007146.00,2.29,-2.11,-1.48,2.43
2026-04-20,68.90,68.35,70.05,67.56,45884,317202825.00,3.62,-0.63,-0.43,2.14
2026-04-21,68.12,68.70,70.53,66.94,62056,425202765.00,5.25,0.51,0.35,2.90
2026-04-22,67.85,69.08,69.34,67.15,44743,307605254.00,3.19,0.55,0.38,2.09
2026-04-23,68.80,66.27,68.94,65.35,63297,422815756.00,5.20,-4.07,-2.81,2.96
2026-04-24,65.15,65.57,66.64,64.80,36885,243450923.00,2.78,-1.06,-0.70,1.72
2026-04-27,65.63,66.49,67.25,64.16,41245,274071687.00,4.71,1.40,0.92,1.93
2026-04-28,65.93,63.86,65.93,63.51,36975,239633428.00,3.64,-3.96,-2.63,1.73
2026-04-29,63.45,65.38,66.15,63.32,29939,196195412.00,4.43,2.38,1.52,1.40
2026-04-30,65.53,67.89,68.65,64.95,53498,362110226.00,5.66,3.84,2.51,2.50
2026-05-06,67.65,70.35,71.53,67.25,63898,448128027.00,6.30,3.62,2.46,2.99
2026-05-07,70.43,72.63,73.38,69.56,70900,514707436.00,5.43,3.24,2.28,3.31
2026-05-08,72.22,73.89,75.49,71.86,91633,682255503.00,5.00,1.73,1.26,4.28
2026-05-11,73.60,72.88,73.89,71.86,65750,480609824.00,2.75,-1.37,-1.01,3.07
2026-05-12,73.31,72.13,74.00,71.66,50622,369412290.00,3.21,-1.03,-0.75,2.37
2026-05-13,71.41,71.36,72.18,70.31,50999,366371294.00,2.59,-1.07,-0.77,2.38
2026-05-14,71.74,68.53,72.55,68.53,45472,320138658.00,5.63,-3.97,-2.83,2.12
2026-05-15,68.65,75.21,78.55,68.17,149554,1117439926.00,15.15,9.75,6.68,6.99
2026-05-18,75.22,76.59,78.06,74.15,108024,830575199.00,5.20,1.83,1.38,5.05
2026-05-19,76.24,77.75,80.01,76.17,97776,768336931.00,5.01,1.51,1.16,4.57
2026-05-20,76.25,81.24,82.07,75.53,117487,936182975.00,8.41,4.49,3.49,5.49
2026-05-21,80.65,83.89,86.90,78.83,142877,1194264613.00,9.93,3.26,2.65,6.68
2026-05-22,83.19,85.05,85.33,81.35,106510,891186008.00,4.74,1.38,1.16,4.98
2026-05-25,82.81,78.61,82.91,78.16,127829,1027352374.00,5.58,-7.57,-6.44,5.97
2026-05-26,80.13,80.12,82.40,78.95,86275,699695200.00,4.39,1.92,1.51,4.03
2026-05-27,78.65,75.54,79.89,74.93,85633,663526962.00,6.19,-5.72,-4.58,4.00
2026-05-28,75.65,72.82,75.77,71.37,73673,539182329.00,5.82,-3.60,-2.72,3.44
2026-05-29,72.95,67.15,73.44,66.66,70840,492015936.00,9.31,-7.79,-5.67,3.31
2026-06-01,67.14,64.44,69.01,64.22,61660,410936422.00,7.13,-4.04,-2.71,2.88
2026-06-02,65.13,64.56,66.65,63.74,54142,354010139.00,4.52,0.19,0.12,2.53
2026-06-03,64.05,64.19,66.92,63.48,52638,345719327.00,5.33,-0.57,-0.37,2.46
2026-06-04,63.48,64.03,66.53,62.66,47436,309154770.00,6.03,-0.25,-0.16,2.22
2026-06-05,64.03,66.16,69.53,60.34,101843,664334798.00,14.35,3.33,2.13,4.76
2026-06-08,63.66,65.44,68.50,63.38,69880,464181940.00,7.74,-1.09,-0.72,3.27
2026-06-09,65.75,64.67,65.79,63.01,49343,317901236.00,4.25,-1.18,-0.77,2.31
2026-06-10,64.00,59.75,64.51,59.06,70685,430668949.00,8.43,-7.61,-4.92,3.30
2026-06-11,59.10,57.70,59.51,56.34,64087,369466216.00,5.31,-3.43,-2.05,2.99
2026-06-12,58.12,59.20,61.18,57.67,77725,459853652.00,6.08,2.60,1.50,3.63