2026-01-05,18.43,18.49,18.50,18.23,1063532,1958453795.00,1.48,1.59,0.29,1.40
2026-01-06,18.49,18.83,18.88,18.45,1479925,2771718349.00,2.33,1.84,0.34,1.95
2026-01-07,18.83,18.65,18.85,18.56,1471045,2746859052.00,1.54,-0.96,-0.18,1.94
2026-01-08,18.53,18.77,18.93,18.39,1536377,2873301340.00,2.90,0.64,0.12,2.03
2026-01-09,18.61,18.39,18.77,18.28,2290187,4231356213.00,2.61,-2.02,-0.38,3.02
2026-01-12,18.10,19.23,19.45,18.02,3643823,6919241186.00,7.78,4.57,0.84,4.81
2026-01-13,19.23,18.50,19.23,18.42,2785582,5201821676.00,4.21,-3.80,-0.73,3.68
2026-01-14,18.43,18.59,19.07,18.37,2553127,4786478140.00,3.78,0.49,0.09,3.37
2026-01-15,18.50,18.50,18.99,18.40,1601094,2981575224.00,3.17,-0.48,-0.09,2.11
2026-01-16,18.61,18.73,18.95,18.47,1948506,3645110363.00,2.59,1.24,0.23,2.57
2026-01-19,18.40,18.32,18.59,17.80,2287426,4184561250.00,4.22,-2.19,-0.41,3.02
2026-01-20,18.23,17.38,18.39,17.30,3165550,5578437512.00,5.95,-5.13,-0.94,4.18
2026-01-21,17.31,17.22,17.47,17.10,1535783,2658057827.00,2.13,-0.92,-0.16,2.03
2026-01-22,17.20,17.59,17.93,17.15,1915604,3360706958.00,4.53,2.15,0.37,2.53
2026-01-23,17.61,19.35,19.35,17.61,4985971,9394050972.00,9.89,10.01,1.76,6.58
2026-01-26,19.83,19.09,20.05,18.98,5367875,10439391593.00,5.53,-1.34,-0.26,7.08
2026-01-27,18.80,19.20,19.39,18.36,3864283,7306070379.00,5.40,0.58,0.11,5.10
2026-01-28,19.16,18.82,19.44,18.80,2584340,4916577972.00,3.33,-1.98,-0.38,3.41
2026-01-29,18.68,18.77,19.30,18.60,2754552,5210968053.00,3.72,-0.27,-0.05,3.63
2026-01-30,18.58,17.88,18.82,17.71,2916513,5264912030.00,5.91,-4.74,-0.89,3.85
2026-02-02,18.16,17.64,18.25,17.61,1710968,3067558742.00,3.58,-1.34,-0.24,2.26
2026-02-03,17.83,18.57,18.58,17.83,2831263,5170147381.00,4.25,5.27,0.93,3.74
2026-02-04,18.40,19.31,19.44,18.30,4094587,7779064977.00,6.14,3.98,0.74,5.40
2026-02-05,19.01,18.23,19.01,18.16,3258250,6013712042.00,4.40,-5.59,-1.08,4.30
2026-02-06,18.05,18.36,18.67,18.00,2111974,3887739122.00,3.68,0.71,0.13,2.79
2026-02-09,18.78,19.18,19.75,18.74,4288200,8275472542.00,5.50,4.47,0.82,5.66
2026-02-10,19.00,18.81,19.28,18.77,2262494,4280477047.00,2.66,-1.93,-0.37,2.99
2026-02-11,18.80,18.59,18.99,18.55,1581104,2959090907.00,2.34,-1.17,-0.22,2.09
2026-02-12,18.59,18.49,18.65,18.40,1429808,2647753652.00,1.34,-0.54,-0.10,1.89
2026-02-13,18.40,18.13,18.44,18.10,1484024,2707298690.00,1.84,-1.95,-0.36,1.96
2026-02-24,18.35,18.28,18.43,18.19,1304719,2391080125.00,1.32,0.83,0.15,1.72
2026-02-25,18.32,18.57,18.62,18.29,1423625,2628915859.00,1.81,1.59,0.29,1.88
2026-02-26,18.54,18.27,18.54,18.16,1354565,2475716261.00,2.05,-1.62,-0.30,1.79
2026-02-27,18.17,18.32,18.50,18.16,1156079,2120773487.00,1.86,0.27,0.05,1.53
2026-03-02,17.97,18.12,18.55,17.90,1636287,2976079934.00,3.55,-1.09,-0.20,2.16
2026-03-03,18.20,17.99,18.73,17.90,2277338,4166800912.00,4.58,-0.72,-0.13,3.01
2026-03-04,17.61,17.66,18.06,17.58,1559401,2771722872.00,2.67,-1.83,-0.33,2.06
2026-03-05,17.93,17.76,18.00,17.71,1194523,2130166382.00,1.64,0.57,0.10,1.58
2026-03-06,17.76,18.00,18.08,17.58,1203234,2154129920.00,2.82,1.35,0.24,1.59
2026-03-09,18.01,18.39,18.49,17.92,2062755,3764605465.00,3.17,2.17,0.39,2.72
2026-03-10,18.25,18.56,18.62,18.10,1828340,3357305878.00,2.83,0.92,0.17,2.41
2026-03-11,18.55,18.79,18.95,18.39,2311936,4333875458.00,3.02,1.24,0.23,3.05
2026-03-12,18.74,18.94,19.07,18.46,2500821,4690086895.00,3.25,0.80,0.15,3.30
2026-03-13,18.92,18.87,19.47,18.78,3419483,6538240298.00,3.64,-0.37,-0.07,4.51
2026-03-16,18.95,18.68,19.19,18.61,2013163,3784642047.00,3.07,-1.01,-0.19,2.66
2026-03-17,18.77,18.79,19.43,18.76,2710532,5173834238.00,3.59,0.59,0.11,3.58
2026-03-18,18.76,18.54,18.97,18.29,1835009,3402104019.00,3.62,-1.33,-0.25,2.42
2026-03-19,18.35,18.52,18.79,18.31,1718597,3195484336.00,2.59,-0.11,-0.02,2.27
2026-03-20,18.50,18.99,19.60,18.42,4469588,8522747284.00,6.37,2.54,0.47,5.90
2026-03-23,19.05,18.81,19.40,18.69,4026907,7694518391.00,3.74,-0.95,-0.18,5.31
2026-03-24,18.94,19.04,19.20,17.77,3900516,7216531581.00,7.60,1.22,0.23,5.15
2026-03-25,18.81,18.89,19.18,18.73,2632037,4980370423.00,2.36,-0.79,-0.15,3.47
2026-03-26,18.89,18.37,19.06,18.31,2458952,4577231092.00,3.97,-2.75,-0.52,3.24
2026-03-27,18.10,18.52,18.74,18.08,2075887,3819551092.00,3.59,0.82,0.15,2.74
2026-03-30,18.40,17.96,18.57,17.80,2173172,3916247299.00,4.16,-3.02,-0.56,2.87
2026-03-31,17.90,17.54,18.02,17.53,1600191,2842679053.00,2.73,-2.34,-0.42,2.11
2026-04-01,17.72,17.89,18.03,17.54,1349022,2398083291.00,2.79,2.00,0.35,1.78
2026-04-02,17.80,17.36,17.80,17.31,1348218,2361042861.00,2.74,-2.96,-0.53,1.78
2026-04-03,17.30,16.66,17.35,16.61,1811129,3057167201.00,4.26,-4.03,-0.70,2.39
2026-04-07,16.66,16.70,16.74,16.39,1120803,1858517890.00,2.10,0.24,0.04,1.48
2026-04-08,16.92,17.32,17.42,16.83,1659255,2846702533.00,3.53,3.71,0.62,2.19
2026-04-09,17.06,16.92,17.22,16.87,1119971,1901557997.00,2.02,-2.31,-0.40,1.48
2026-04-10,17.06,17.12,17.27,16.96,1170602,2007435124.00,1.83,1.18,0.20,1.54
2026-04-13,17.00,17.68,18.02,16.95,2163953,3790707315.00,6.25,3.27,0.56,2.86
2026-04-14,17.59,17.55,17.63,17.35,1316761,2303441650.00,1.58,-0.74,-0.13,1.74
2026-04-15,17.59,17.38,17.66,17.36,989936,1732878734.00,1.71,-0.97,-0.17,1.31
2026-04-16,17.45,17.51,17.54,17.35,907077,1584881031.00,1.09,0.75,0.13,1.20
2026-04-17,17.45,17.44,17.52,17.23,1073344,1866684287.00,1.66,-0.40,-0.07,1.42
2026-04-20,17.44,17.65,17.80,17.35,1351470,2376243054.00,2.58,1.20,0.21,1.78
2026-04-21,17.65,17.59,17.79,17.48,905297,1593667052.00,1.76,-0.34,-0.06,1.19
2026-04-22,17.50,17.55,17.66,17.40,788201,1382718187.00,1.48,-0.23,-0.04,1.04
2026-04-23,17.69,17.53,17.79,17.37,1255806,2208322354.00,2.39,-0.11,-0.02,1.66
2026-04-24,17.51,17.39,17.56,17.26,975037,1695872844.00,1.71,-0.80,-0.14,1.29
2026-04-27,17.30,17.14,17.43,17.12,1090042,1875866995.00,1.78,-1.44,-0.25,1.44
2026-04-28,17.03,16.95,17.21,16.89,977873,1664112757.00,1.87,-1.11,-0.19,1.29
2026-04-29,16.28,16.55,16.59,15.82,2455954,3992226560.00,4.54,-2.36,-0.40,3.24
2026-04-30,16.37,16.46,16.68,16.37,1315054,2167954847.00,1.87,-0.54,-0.09,1.74
2026-05-06,16.53,16.55,16.65,16.39,1459022,2408376086.00,1.58,0.55,0.09,1.93
2026-05-07,16.54,16.55,16.82,16.51,1475967,2453039029.00,1.87,0.00,0.00,1.95
2026-05-08,16.54,16.36,16.55,16.22,1602816,2621482231.00,1.99,-1.15,-0.19,2.12
2026-05-11,16.35,16.61,16.75,16.33,1809608,3002893118.00,2.57,1.53,0.25,2.39
2026-05-12,16.65,16.70,16.91,16.38,1973452,3281304288.00,3.19,0.54,0.09,2.60
2026-05-13,16.51,16.78,16.82,16.45,1433680,2393881568.00,2.22,0.48,0.08,1.89
2026-05-14,16.79,16.30,17.04,16.30,2094691,3490763287.00,4.41,-2.86,-0.48,2.76
2026-05-15,16.28,15.60,16.28,15.55,2457676,3870130809.00,4.48,-4.29,-0.70,3.24
2026-05-18,15.45,15.14,15.46,15.05,1553263,2364623510.00,2.63,-2.95,-0.46,2.05
2026-05-19,15.15,15.24,15.32,15.01,1188545,1798613429.00,2.05,0.66,0.10,1.57
2026-05-20,15.26,15.35,15.65,15.08,1373087,2109013586.00,3.74,0.72,0.11,1.81
2026-05-21,15.36,14.79,15.46,14.74,1518486,2300599121.00,4.69,-3.65,-0.56,2.00
2026-05-22,14.95,15.04,15.10,14.73,1084894,1617887906.00,2.50,1.69,0.25,1.43
2026-05-25,15.04,14.85,15.08,14.73,1124445,1667808837.00,2.33,-1.26,-0.19,1.48
2026-05-26,14.77,14.60,14.84,14.39,1464137,2131353894.00,3.03,-1.68,-0.25,1.93
2026-05-27,14.61,14.36,15.12,14.31,1835594,2691220296.00,5.55,-1.64,-0.24,2.42
2026-05-28,14.26,14.35,14.42,14.10,1233381,1758281784.00,2.23,-0.07,-0.01,1.63
2026-05-29,14.33,13.89,14.33,13.85,1614465,2265276517.00,3.34,-3.21,-0.46,2.13
2026-06-01,13.86,13.68,14.08,13.65,1394094,1924818824.00,3.10,-1.51,-0.21,1.84
2026-06-02,13.70,13.48,13.76,13.25,1455342,1950269645.00,3.73,-1.46,-0.20,1.92
2026-06-03,13.48,13.42,13.81,13.38,1437242,1957606911.00,3.19,-0.45,-0.06,1.90
2026-06-04,13.33,13.34,13.52,13.19,1060962,1416611361.00,2.46,-0.60,-0.08,1.40
2026-06-05,13.34,13.13,13.43,13.03,1259114,1666002901.00,3.00,-1.57,-0.21,1.66
2026-06-08,12.90,12.44,13.05,12.39,1793661,2275619620.00,5.03,-5.26,-0.69,2.37
2026-06-09,12.67,12.94,12.96,12.22,1714808,2169128577.00,5.95,4.02,0.50,2.26
2026-06-10,12.72,14.08,14.22,12.65,2554960,3396036389.00,12.13,8.81,1.14,3.37
2026-06-11,13.75,13.64,13.90,13.42,2419388,3297899977.00,3.41,-3.13,-0.44,3.19
2026-06-12,13.63,13.46,13.87,13.42,1869736,2557192087.00,3.30,-1.32,-0.18,2.47
2026-06-15,13.42,13.38,13.48,13.20,1296218,1731258228.00,2.08,-0.59,-0.08,1.71
2026-06-16,13.30,13.30,13.52,13.23,1191302,1591257809.00,2.17,-0.60,-0.08,1.57
2026-06-17,13.35,13.07,13.45,13.01,1259561,1655192956.00,3.31,-1.73,-0.23,1.66
2026-06-18,13.00,12.84,13.07,12.71,1337774,1725873116.00,2.75,-1.76,-0.23,1.77
2026-06-22,12.77,13.23,13.34,12.56,1754736,2265816111.00,6.07,3.04,0.39,2.32
2026-06-23,13.18,12.61,13.20,12.60,1356821,1746654003.00,4.54,-4.69,-0.62,1.79
2026-06-24,12.58,12.45,12.67,12.31,1084906,1351641792.00,2.85,-1.27,-0.16,1.43
2026-06-25,12.41,12.61,12.90,12.31,1499162,1886012644.00,4.74,1.29,0.16,1.98
2026-06-26,12.80,12.67,13.43,12.63,2263439,2940941957.00,6.34,0.48,0.06,2.99
2026-06-29,12.51,12.81,12.93,12.44,1563830,1990323021.00,3.87,1.10,0.14,2.06
2026-06-30,12.73,13.12,13.34,12.70,1683359,2209286829.00,5.00,2.42,0.31,2.22
2026-07-01,13.13,13.19,13.54,12.76,2046392,2682552381.00,5.95,0.53,0.07,2.70
2026-07-02,13.01,12.78,13.21,12.76,1541651,2000344024.00,3.41,-3.11,-0.41,2.03
2026-07-03,12.80,12.55,12.85,12.53,1245429,1573591667.00,2.50,-1.80,-0.23,1.64
2026-07-06,12.50,12.35,12.63,12.34,988767,1231836358.00,2.31,-1.59,-0.20,1.30
2026-07-07,12.36,12.21,12.42,12.21,859203,1057095839.00,1.70,-1.13,-0.14,1.13
2026-07-08,12.15,11.74,12.19,11.73,1239336,1471499816.00,3.77,-3.85,-0.47,1.64
2026-07-09,11.70,11.83,11.85,11.51,1033902,1209059724.00,2.90,0.77,0.09,1.36
2026-07-10,11.89,12.11,12.42,11.80,1376751,1668151008.00,5.24,2.37,0.28,1.82
2026-07-13,12.14,11.63,12.14,11.62,1051808,1237628893.00,4.29,-3.96,-0.48,1.39
2026-07-14,11.62,11.73,11.73,11.45,792765,916370359.00,2.41,0.86,0.10,1.05
2026-07-15,11.55,12.00,12.18,11.41,1480984,1764738187.00,6.56,2.30,0.27,1.95
2026-07-16,11.88,11.86,12.02,11.80,936401,1112805160.00,1.83,-1.17,-0.14,1.24
2026-07-17,11.81,11.75,11.98,11.70,1034578,1225036456.00,2.36,-0.93,-0.11,1.37
2026-07-20,11.75,12.00,12.03,11.70,1231704,1462382005.00,2.81,2.13,0.25,1.63
2026-07-21,12.14,11.93,12.14,11.80,1048630,1247505506.00,2.83,-0.58,-0.07,1.38
2026-07-22,11.87,12.57,12.69,11.80,2499703,3111244121.00,7.46,5.36,0.64,3.30
2026-07-23,12.60,12.80,12.82,12.45,1411502,1786328167.00,2.94,1.83,0.23,1.86
2026-07-24,12.82,12.42,12.82,12.38,1044716,1309127985.00,3.44,-2.97,-0.38,1.38
2026-07-27,12.69,12.64,12.69,12.37,856526,1076114956.00,2.58,1.77,0.22,1.13
2026-07-28,12.52,12.68,12.75,12.49,771746,974959555.00,2.06,0.32,0.04,1.02
2026-07-29,12.86,12.81,13.06,12.51,1468053,1884320497.00,4.34,1.03,0.13,1.94
2026-07-30,12.70,13.02,13.28,12.69,1534032,1998593358.00,4.61,1.64,0.21,2.02
2026-07-31,12.88,12.99,13.09,12.85,943520,1227218726.00,1.84,-0.23,-0.03,1.25
2026-08-03,13.00,13.28,13.37,12.98,1477367,1951928118.00,3.00,2.23,0.29,1.95
2026-08-04,13.18,13.07,13.24,13.04,1104881,1449150810.00,1.51,-1.58,-0.21,1.46
2026-08-05,13.05,12.97,13.09,12.86,1116056,1448337042.00,1.76,-0.77,-0.10,1.47