2026-01-05,83.09,87.92,92.38,83.04,84658,896513824.00,10.95,3.11,2.65,22.59
2026-01-06,86.61,84.93,88.87,84.76,54069,559210376.00,4.67,-3.40,-2.99,14.42
2026-01-07,84.80,84.58,87.69,83.86,45994,471577973.00,4.51,-0.41,-0.35,12.27
2026-01-08,83.58,85.55,91.04,83.58,54243,570315477.00,8.82,1.15,0.97,14.47
2026-01-09,84.79,88.59,90.01,83.46,53160,555947989.00,7.66,3.55,3.04,14.18
2026-01-12,88.05,85.00,88.87,84.46,43419,447960105.00,4.98,-4.05,-3.59,11.58
2026-01-13,85.00,81.81,86.85,81.62,41145,414779644.00,6.15,-3.75,-3.19,10.98
2026-01-14,81.83,81.42,83.88,80.25,36831,363764448.00,4.44,-0.48,-0.39,9.83
2026-01-15,77.33,77.72,81.40,76.94,33993,319247929.00,5.48,-4.54,-3.70,9.07
2026-01-16,78.37,89.11,93.31,78.37,98358,1052769142.00,19.22,14.66,11.39,26.24
2026-01-19,89.02,91.02,93.37,88.23,58811,644670851.00,5.77,2.14,1.91,15.69
2026-01-20,90.56,88.79,94.68,86.82,41501,444348376.00,8.64,-2.45,-2.23,11.07
2026-01-21,87.94,89.43,90.75,86.89,36018,385724101.00,4.35,0.72,0.64,9.61
2026-01-22,89.44,86.66,90.10,85.44,31307,327636173.00,5.21,-3.10,-2.77,8.35
2026-01-23,86.57,85.44,88.50,83.97,37993,389655697.00,5.23,-1.41,-1.22,10.14
2026-01-26,86.30,79.95,86.36,78.82,47992,467679787.00,8.82,-6.43,-5.49,12.80
2026-01-27,79.78,79.54,79.78,76.96,28597,270181108.00,3.53,-0.51,-0.41,7.63
2026-01-28,79.62,77.51,79.67,77.09,30870,288555241.00,3.24,-2.55,-2.03,8.24
2026-01-29,77.29,75.06,77.84,74.73,24438,223707056.00,4.01,-3.16,-2.45,6.52
2026-01-30,74.50,73.96,75.52,72.30,23925,212834694.00,4.29,-1.47,-1.10,6.38
2026-02-02,73.96,72.26,75.02,72.04,28379,250130708.00,4.03,-2.30,-1.70,7.57
2026-02-03,72.71,74.41,74.59,71.96,26343,233394516.00,3.64,2.98,2.15,7.03
2026-02-04,74.37,74.78,75.87,73.62,25131,225496467.00,3.02,0.50,0.37,6.70
2026-02-05,74.26,73.46,74.26,72.86,14851,131440947.00,1.87,-1.77,-1.32,3.96
2026-02-06,72.65,74.31,75.21,72.36,31074,276863615.00,3.88,1.16,0.85,8.29
2026-02-09,74.79,74.45,75.59,73.67,26799,239996063.00,2.58,0.19,0.14,7.15
2026-02-10,74.36,76.37,77.67,73.63,39902,364075836.00,5.43,2.58,1.92,10.65
2026-02-11,75.54,74.77,75.69,74.55,21054,190002920.00,1.49,-2.10,-1.60,5.62
2026-02-12,74.56,75.60,76.62,74.27,22900,209056445.00,3.14,1.11,0.83,6.11
2026-02-13,75.54,74.90,76.17,74.39,19805,180048177.00,2.35,-0.93,-0.70,5.28
2026-02-24,76.12,72.52,76.45,72.11,26490,232259497.00,5.79,-3.18,-2.38,7.07
2026-02-25,72.28,73.11,73.52,72.02,15877,139176612.00,2.07,0.81,0.59,4.24
2026-02-26,73.11,72.98,73.57,72.56,15292,134486595.00,1.38,-0.18,-0.13,4.08
2026-02-27,72.57,72.69,72.92,71.57,18361,159638447.00,1.85,-0.40,-0.29,4.90
2026-03-02,70.99,70.28,72.12,69.94,20163,171483948.00,3.00,-3.32,-2.41,5.38
2026-03-03,70.51,67.31,71.11,67.31,18402,152579799.00,5.41,-4.23,-2.97,4.91
2026-03-04,66.87,66.93,67.87,66.04,11911,96392405.00,2.72,-0.56,-0.38,3.18
2026-03-05,68.54,67.37,68.78,66.71,12270,100094607.00,3.09,0.66,0.44,3.27
2026-03-06,66.92,68.59,69.10,66.48,13283,109250691.00,3.89,1.81,1.22,3.54
2026-03-09,67.28,67.37,67.87,65.71,16904,135695127.00,3.15,-1.78,-1.22,4.51
2026-03-10,68.54,69.35,69.37,68.12,14399,119354188.00,1.86,2.94,1.98,3.84
2026-03-11,69.29,68.73,70.52,68.38,14922,124493953.00,3.09,-0.89,-0.62,3.98
2026-03-12,68.37,68.54,70.21,68.27,17326,144290279.00,2.82,-0.28,-0.19,4.62
2026-03-13,68.13,66.80,68.63,66.62,14289,116304781.00,2.93,-2.54,-1.74,3.81
2026-03-16,66.64,68.13,69.51,66.28,16138,132484166.00,4.84,1.99,1.33,4.31
2026-03-17,68.20,66.86,68.75,66.50,11083,90284217.00,3.30,-1.86,-1.27,2.96
2026-03-18,67.04,68.11,68.11,66.74,9253,75290318.00,2.05,1.87,1.25,2.47
2026-03-19,67.30,68.49,68.68,66.75,15508,126234817.00,2.83,0.56,0.38,4.14
2026-03-20,68.52,65.12,69.26,64.79,18114,145121358.00,6.53,-4.92,-3.37,4.83
2026-03-23,64.79,63.02,66.36,61.86,17046,131640308.00,6.91,-3.22,-2.10,4.55
2026-03-24,64.92,63.44,65.23,61.63,12518,94950893.00,5.71,0.67,0.42,3.34
2026-03-25,63.54,66.49,66.97,63.54,20830,164868626.00,5.41,4.81,3.05,5.56
2026-03-26,66.49,64.74,67.32,64.37,13680,108208340.00,4.44,-2.63,-1.75,3.65
2026-03-27,63.58,64.84,65.79,63.54,9992,78165020.00,3.48,0.15,0.10,2.67
2026-03-30,63.79,64.40,64.91,63.55,8844,68448522.00,2.10,-0.68,-0.44,2.36
2026-03-31,64.40,62.92,64.95,62.92,10145,77914253.00,3.15,-2.30,-1.48,2.71
2026-04-01,64.42,64.21,65.01,63.72,10821,83710126.00,2.05,2.05,1.29,2.89
2026-04-02,63.76,62.37,64.60,61.67,9984,75513585.00,4.56,-2.87,-1.84,2.66
2026-04-03,62.42,60.63,62.65,60.60,8742,64421602.00,3.29,-2.79,-1.74,2.33
2026-04-07,60.67,60.62,61.70,60.12,6722,49228194.00,2.61,-0.02,-0.01,1.79
2026-04-08,62.96,64.05,64.26,62.29,18989,144772335.00,3.25,5.66,3.43,5.07
2026-04-09,63.74,63.43,64.16,62.47,10997,83864514.00,2.64,-0.97,-0.62,2.93
2026-04-10,63.80,63.52,64.91,63.52,13768,106312196.00,2.19,0.14,0.09,3.67
2026-04-13,63.40,63.37,64.07,62.62,9282,70692712.00,2.28,-0.24,-0.15,2.48
2026-04-14,63.38,63.82,64.12,63.14,9836,75363529.00,1.55,0.71,0.45,2.62
2026-04-15,63.95,63.60,64.95,63.43,11834,91381740.00,2.38,-0.34,-0.22,3.16
2026-04-16,64.04,64.46,64.96,63.87,12518,96913930.00,1.71,1.35,0.86,3.34
2026-04-17,64.37,64.71,64.96,63.34,15469,119533571.00,2.51,0.39,0.25,4.13
2026-04-20,64.52,64.08,65.01,63.71,12370,95836595.00,2.01,-0.97,-0.63,3.30
2026-04-21,64.75,64.08,64.87,62.90,11863,90887891.00,3.07,0.00,0.00,3.16
2026-04-22,63.62,64.22,64.36,62.17,16705,127607864.00,3.42,0.22,0.14,4.46
2026-04-23,64.22,62.05,64.22,61.70,18111,136338389.00,3.92,-3.38,-2.17,4.83
2026-04-24,61.55,61.36,62.11,60.43,9548,70239157.00,2.71,-1.11,-0.69,2.55
2026-04-27,61.36,62.12,62.68,60.11,15705,116640006.00,4.19,1.24,0.76,4.19
2026-04-28,73.84,74.59,74.59,73.84,58597,525346437.00,1.21,20.07,12.47,15.63
2026-04-29,78.22,73.40,78.22,71.54,105622,932968996.00,8.96,-1.60,-1.19,28.18
2026-04-30,72.47,72.11,73.39,70.25,60933,527644981.00,4.28,-1.76,-1.29,16.26
2026-05-06,72.12,73.19,73.83,71.19,56407,494698949.00,3.66,1.50,1.08,15.05
2026-05-07,72.87,74.29,75.56,72.37,63531,569143033.00,4.36,1.50,1.10,16.95
2026-05-08,73.33,80.27,83.04,73.33,96354,910769004.00,13.07,8.05,5.98,25.71
2026-05-11,78.67,80.46,81.98,77.46,71488,688512504.00,5.63,0.24,0.19,19.07
2026-05-12,81.36,78.60,82.92,78.02,50787,486085402.00,6.09,-2.31,-1.86,13.55
2026-05-13,77.69,78.20,78.84,76.58,33879,317071966.00,2.88,-0.51,-0.40,9.04
2026-05-14,79.77,75.80,79.79,75.62,35319,327388095.00,5.33,-3.07,-2.40,9.42
2026-05-15,75.62,81.89,86.09,74.79,84566,822461329.00,14.91,8.03,6.09,22.56
2026-05-18,80.21,80.78,82.29,79.60,51526,500855146.00,3.28,-1.36,-1.11,13.75
2026-05-19,79.97,82.94,84.97,79.79,67733,675809389.00,6.41,2.67,2.16,18.07
2026-05-20,83.40,81.92,83.79,80.62,50563,498569545.00,3.82,-1.23,-1.02,13.49
2026-05-21,81.09,81.91,85.62,81.09,70487,709565227.00,5.53,-0.01,-0.01,18.81
2026-05-22,81.21,84.65,86.92,78.96,67305,679650690.00,9.72,3.35,2.74,17.96
2026-05-25,84.92,83.44,85.62,81.46,51680,515490793.00,4.91,-1.43,-1.21,13.79
2026-05-26,83.50,84.10,85.15,80.86,56487,565661208.00,5.14,0.79,0.66,15.07
2026-05-27,82.44,80.71,86.22,79.79,44355,438713116.00,7.65,-4.03,-3.39,11.83
2026-05-28,80.21,80.18,82.15,77.29,47134,451787844.00,6.02,-0.66,-0.53,12.57
2026-05-29,79.80,75.68,80.66,75.15,40402,374809557.00,6.87,-5.61,-4.50,10.78
2026-06-01,74.79,72.79,76.26,72.75,27006,241524029.00,4.64,-3.82,-2.89,7.20
2026-06-02,74.31,70.91,75.02,70.52,30986,268859034.00,6.18,-2.58,-1.88,8.27
2026-06-03,70.16,69.32,72.75,68.39,35176,298989486.00,6.15,-2.24,-1.59,9.38
2026-06-04,68.27,68.47,70.93,67.86,27151,225981429.00,4.43,-1.23,-0.85,7.24
2026-06-05,68.45,73.63,77.28,64.44,62875,537274156.00,18.75,7.54,5.16,16.77
2026-06-08,71.04,74.47,76.35,70.65,47883,429634580.00,7.74,1.14,0.84,12.77
2026-06-09,74.60,75.07,75.52,72.88,34423,306706955.00,3.55,0.81,0.60,9.18
2026-06-10,73.74,72.40,75.36,70.79,28718,251127032.00,6.09,-3.56,-2.67,7.66
2026-06-11,71.04,70.04,71.87,68.96,25859,218423626.00,4.02,-3.26,-2.36,6.90
2026-06-12,70.58,68.97,72.09,68.47,26063,219208038.00,5.17,-1.53,-1.07,6.95
2026-06-15,70.22,70.62,71.22,68.99,22734,191873716.00,3.23,2.39,1.65,6.07
2026-06-16,70.62,72.62,74.46,69.87,34496,302489186.00,6.50,2.83,2.00,9.20
2026-06-17,72.27,73.25,74.38,70.99,25080,219579248.00,4.67,0.87,0.63,6.69
2026-06-18,73.22,75.54,76.57,72.97,42759,386415156.00,4.91,3.13,2.29,11.41
2026-06-22,75.06,70.83,75.53,69.48,40155,347389930.00,8.01,-6.24,-4.71,10.71
2026-06-23,70.67,69.79,73.03,69.50,27158,231908449.00,4.98,-1.47,-1.04,7.25
2026-06-24,69.79,68.99,70.16,67.30,24457,202146234.00,4.10,-1.15,-0.80,6.52
2026-06-25,68.55,65.92,69.92,65.35,33091,266525184.00,6.62,-4.45,-3.07,8.83
2026-06-26,65.39,63.22,65.42,61.96,29214,223287789.00,5.25,-4.10,-2.70,7.79
2026-06-29,62.39,61.91,62.76,59.98,30182,223428149.00,4.40,-2.07,-1.31,8.05
2026-06-30,62.28,64.87,65.34,61.46,28193,216456753.00,6.27,4.78,2.96,7.52
2026-07-01,64.87,67.16,68.02,64.22,31257,250062748.00,5.86,3.53,2.29,8.34
2026-07-02,66.17,68.66,72.12,65.80,39388,330400978.00,9.41,2.23,1.50,10.51
2026-07-03,69.79,74.94,77.79,69.57,68255,608169113.00,11.97,9.15,6.28,18.21
2026-07-06,74.10,70.72,74.71,70.17,43077,372015895.00,6.06,-5.63,-4.22,11.49
2026-07-07,69.72,67.02,72.53,66.62,36548,303176465.00,8.36,-5.23,-3.70,9.74
2026-07-08,67.13,63.12,68.02,62.61,32137,247026551.00,8.07,-5.82,-3.90,8.56
2026-07-09,63.12,64.65,64.78,61.04,28606,216914454.00,5.93,2.42,1.53,7.62
2026-07-10,64.66,65.64,68.54,64.34,32052,257062114.00,6.50,1.53,0.99,3.68
2026-07-13,65.53,62.35,65.53,62.19,22325,171039172.00,5.09,-5.01,-3.29,2.56
2026-07-14,62.19,61.71,62.44,59.79,22039,162513714.00,4.25,-1.03,-0.64,2.53
2026-07-15,61.94,61.24,63.07,60.58,21441,158978842.00,4.04,-0.76,-0.47,2.46
2026-07-16,60.57,60.52,62.12,59.37,17283,126412344.00,4.49,-1.18,-0.72,1.98
2026-07-17,60.54,54.89,61.04,54.37,29599,203886940.00,11.02,-9.30,-5.63,3.40
2026-07-20,55.44,52.17,56.74,50.00,31353,167455159.00,12.28,-4.96,-2.72,3.00
2026-07-21,51.65,53.59,53.69,48.95,30568,158692242.00,9.09,2.72,1.42,2.92
2026-07-22,53.00,52.60,53.66,52.19,21122,111548779.00,2.74,-1.85,-0.99,2.02
2026-07-23,52.10,53.62,53.93,51.83,15929,84764566.00,3.99,1.94,1.02,1.52
2026-07-24,53.00,51.59,53.52,51.30,14379,74936357.00,4.14,-3.79,-2.03,1.37
2026-07-27,51.64,53.30,53.84,51.64,14233,75421097.00,4.26,3.31,1.71,1.36
2026-07-28,52.51,52.06,53.78,51.71,14831,77962948.00,3.88,-2.33,-1.24,1.42
2026-07-29,52.00,51.33,52.55,50.60,17981,92636366.40,3.75,-1.40,-0.73,1.72