2026-01-05,78.77,91.78,91.78,78.24,83631,724249000.00,17.71,20.02,15.31,6.90
2026-01-06,91.78,100.01,100.36,91.70,106066,1011222821.00,9.44,8.97,8.23,8.76
2026-01-07,94.90,94.38,97.99,92.12,86545,822539973.00,5.87,-5.63,-5.63,7.14
2026-01-08,95.23,95.00,97.39,92.67,75998,721500640.00,5.00,0.66,0.62,6.27
2026-01-09,94.68,109.80,109.80,93.90,105160,1058768914.00,16.74,15.58,14.80,8.68
2026-01-12,119.90,131.78,131.78,118.90,79757,1013094420.00,11.73,20.02,21.98,6.58
2026-01-13,158.16,149.10,158.16,138.90,162481,2427347384.00,14.62,13.14,17.32,13.41
2026-01-14,149.11,163.90,178.94,142.90,180908,2988499396.00,24.17,9.93,14.80,14.93
2026-01-15,144.86,131.10,144.90,131.10,113813,1531028990.00,8.42,-20.01,-32.80,9.40
2026-01-16,130.32,123.88,135.90,120.90,92131,1178512452.00,11.44,-5.51,-7.22,7.61
2026-01-19,121.89,128.97,133.54,121.70,65577,847142388.00,9.56,4.11,5.09,5.41
2026-01-20,133.29,129.90,136.88,123.90,77025,1014223395.00,10.06,0.72,0.93,6.36
2026-01-21,128.93,131.90,135.88,123.90,69845,918955658.00,9.22,1.54,2.00,5.77
2026-01-22,130.90,136.92,143.80,128.90,68890,937543126.00,11.30,3.81,5.02,5.69
2026-01-23,137.94,148.98,152.90,135.00,82113,1205474428.00,13.07,8.81,12.06,6.78
2026-01-26,153.90,160.50,162.56,143.55,80594,1243990730.00,12.76,7.73,11.52,6.65
2026-01-27,156.49,160.98,164.90,148.43,65569,1030730490.00,10.26,0.30,0.48,5.41
2026-01-28,159.89,141.10,159.90,139.91,69005,1040929949.00,12.42,-12.35,-19.88,5.70
2026-01-29,143.90,155.10,169.34,142.90,133705,2144742446.00,18.74,9.92,14.00,11.04
2026-01-30,154.90,152.23,155.90,146.89,88326,1338864377.00,5.81,-1.85,-2.87,7.29
2026-02-02,149.80,142.90,154.90,142.50,69465,1028457970.00,8.15,-6.13,-9.33,5.73
2026-02-03,147.88,146.99,150.40,141.88,72513,1058867955.00,5.96,2.86,4.09,5.99
2026-02-04,144.90,132.20,146.90,128.40,106497,1431748415.00,12.59,-10.06,-14.79,8.79
2026-02-05,129.90,132.05,133.90,128.90,48875,642464534.00,3.78,-0.11,-0.15,4.03
2026-02-06,128.90,126.68,132.48,126.68,46179,594660906.00,4.39,-4.07,-5.37,3.81
2026-02-09,132.36,139.90,142.80,127.98,70247,950886847.00,11.70,10.44,13.22,5.80
2026-02-10,139.91,137.84,141.90,135.56,52379,725726546.00,4.53,-1.47,-2.06,4.32
2026-02-11,139.40,140.12,142.21,136.71,52392,730396449.00,3.99,1.65,2.28,4.32
2026-02-12,142.92,137.25,144.89,133.20,71359,989808148.00,8.34,-2.05,-2.87,5.89
2026-02-13,142.23,127.55,142.90,125.90,84490,1114313735.00,12.39,-7.07,-9.70,6.97
2026-02-24,129.90,130.71,132.70,123.13,65846,840443057.00,7.50,2.48,3.16,5.44
2026-02-25,130.71,125.10,130.90,122.18,71266,887540299.00,6.67,-4.29,-5.61,5.88
2026-02-26,126.89,127.71,128.78,121.91,50318,638277204.00,5.49,2.09,2.61,4.15
2026-02-27,129.90,135.10,141.48,128.90,79806,1084358968.00,9.85,5.79,7.39,6.59
2026-03-02,126.56,131.08,134.55,126.56,57425,750499703.00,5.91,-2.98,-4.02,4.74
2026-03-03,129.95,125.40,131.83,123.62,44241,558896127.00,6.26,-4.33,-5.68,3.65
2026-03-04,122.50,122.10,125.40,119.60,37290,454021668.00,4.63,-2.63,-3.30,3.08
2026-03-05,125.10,126.01,127.21,123.31,38131,479462155.00,3.19,3.20,3.91,3.15
2026-03-06,121.91,131.90,133.69,121.91,48603,635110545.00,9.35,4.67,5.89,4.01
2026-03-09,126.90,136.31,138.32,122.91,65022,853017687.00,11.68,3.34,4.41,5.37
2026-03-10,140.98,131.53,141.29,128.70,64926,858341834.00,9.24,-3.51,-4.78,5.36
2026-03-11,131.40,128.69,131.68,127.50,39881,514763836.00,3.18,-2.16,-2.84,3.29
2026-03-12,130.90,122.68,135.40,121.90,48345,615203824.00,10.49,-4.67,-6.01,3.99
2026-03-13,122.90,118.11,122.90,117.73,43674,521321862.00,4.21,-3.73,-4.57,3.61
2026-03-16,117.18,119.10,120.70,115.46,29075,343632142.00,4.44,0.84,0.99,2.40
2026-03-17,119.91,115.50,120.63,114.90,26179,307837177.00,4.81,-3.02,-3.60,2.16
2026-03-18,116.40,117.90,117.90,114.53,28911,336951489.00,2.92,2.08,2.40,2.39
2026-03-19,114.06,112.80,115.80,111.90,26151,297587806.00,3.31,-4.33,-5.10,2.16
2026-03-20,114.90,108.90,114.97,108.71,26217,292343454.00,5.55,-3.46,-3.90,2.16
2026-03-23,106.90,99.20,108.47,97.90,68856,707100704.00,9.71,-8.91,-9.70,5.68
2026-03-24,102.90,105.29,105.57,100.58,54036,557117982.00,5.03,6.14,6.09,4.46
2026-03-25,105.90,107.50,109.78,105.90,33449,360615508.00,3.69,2.10,2.21,2.76
2026-03-26,111.40,108.07,111.48,105.40,32205,348559057.00,5.66,0.53,0.57,2.66
2026-03-27,106.32,109.58,110.30,105.70,29354,318302760.00,4.26,1.40,1.51,2.42
2026-03-30,107.90,108.39,109.27,105.75,24698,265887832.00,3.21,-1.09,-1.19,2.04
2026-03-31,106.90,106.34,111.40,106.00,27595,300048432.00,4.98,-1.89,-2.05,2.28
2026-04-01,111.42,112.80,115.65,108.92,47615,536016928.00,6.33,6.07,6.46,3.93
2026-04-02,111.84,108.93,112.70,107.90,31577,345305839.00,4.26,-3.43,-3.87,2.61
2026-04-03,108.90,108.56,110.40,105.91,26240,284853446.00,4.12,-0.34,-0.37,2.17
2026-04-07,108.20,106.50,110.40,106.15,31778,342658838.00,3.91,-1.90,-2.06,2.62
2026-04-08,112.70,119.17,120.40,110.72,53926,631770602.00,9.09,11.90,12.67,4.45
2026-04-09,115.90,111.21,116.90,110.50,49832,559607853.00,5.37,-6.68,-7.96,4.11
2026-04-10,110.90,112.20,115.18,110.73,34722,390974702.00,4.00,0.89,0.99,2.87
2026-04-13,110.72,107.10,111.89,105.29,48821,525789536.00,5.88,-4.55,-5.10,4.03
2026-04-14,109.90,109.75,113.59,108.90,44134,491706629.00,4.38,2.47,2.65,3.64
2026-04-15,110.50,106.40,110.85,105.80,33062,357471890.00,4.60,-3.05,-3.35,2.73
2026-04-16,107.90,114.00,116.20,107.88,61406,696522209.00,7.82,7.14,7.60,5.07
2026-04-17,115.09,113.42,115.20,111.68,37103,420719477.00,3.09,-0.51,-0.58,3.06
2026-04-20,114.07,115.99,119.70,111.91,46529,543361058.00,6.87,2.27,2.57,3.84
2026-04-21,116.50,118.83,121.70,111.93,61700,730439959.00,8.42,2.45,2.84,5.09
2026-04-22,124.89,125.54,128.68,119.90,89459,1122087806.00,7.39,5.65,6.71,7.38
2026-04-23,122.90,118.94,126.97,116.90,50797,613618421.00,8.02,-5.26,-6.60,4.19
2026-04-24,120.90,127.12,130.71,117.69,80150,1000157695.00,10.95,6.88,8.18,6.62
2026-04-27,129.90,130.85,133.61,126.28,76777,1002375956.00,5.77,2.93,3.73,6.34
2026-04-28,131.40,119.40,131.40,116.08,75961,918796711.00,11.71,-8.75,-11.45,6.27
2026-04-29,118.90,118.70,121.70,115.50,47699,568545589.00,5.19,-0.59,-0.70,3.94
2026-04-30,118.46,120.31,122.02,116.28,46520,553075041.00,4.84,1.36,1.61,3.84
2026-05-06,129.90,144.39,144.39,129.90,76760,1078231139.00,12.04,20.01,24.08,6.34
2026-05-07,148.40,150.30,152.06,141.95,122758,1828975654.00,7.00,4.09,5.91,10.13
2026-05-08,154.29,148.40,156.07,144.28,113530,1698393794.00,7.84,-1.26,-1.90,9.37
2026-05-11,151.90,147.58,156.90,142.68,96185,1423884722.00,9.58,-0.55,-0.82,7.94
2026-05-12,144.90,138.90,145.75,134.40,103322,1429293963.00,7.69,-5.88,-8.68,8.53
2026-05-13,135.90,141.76,142.76,133.80,70395,977413334.00,6.45,2.06,2.86,5.81
2026-05-14,141.20,131.90,143.09,131.90,69666,949900054.00,7.89,-6.96,-9.86,5.75
2026-05-15,131.40,133.92,139.78,131.40,59673,810592228.00,6.35,1.53,2.02,4.93
2026-05-18,132.90,135.68,138.86,132.33,43848,595224801.00,4.88,1.31,1.76,3.62
2026-05-19,137.67,139.93,139.95,135.71,60884,843468177.00,3.13,3.13,4.25,5.03
2026-05-20,140.03,133.70,141.40,133.06,55379,748612964.00,5.96,-4.45,-6.23,4.57
2026-05-21,136.78,126.89,139.26,126.06,58134,776898033.00,9.87,-5.09,-6.81,4.80
2026-05-22,127.02,130.99,132.92,125.90,40373,521674245.00,5.53,3.23,4.10,3.33
2026-05-25,132.40,138.86,139.77,127.01,89555,1195064098.00,9.74,6.01,7.87,7.39
2026-05-26,136.91,140.82,142.75,131.90,72789,1002612716.00,7.81,1.41,1.96,6.01
2026-05-27,139.90,131.80,140.72,131.50,55704,758543319.00,6.55,-6.41,-9.02,4.60
2026-05-28,132.84,141.90,144.55,128.60,82360,1138838290.00,12.10,7.66,10.10,6.80
2026-05-29,146.89,137.41,147.70,135.91,95336,1365565391.00,8.31,-3.16,-4.49,7.87
2026-06-01,144.90,144.11,150.90,140.70,112629,1648193073.00,7.42,4.88,6.70,9.30
2026-06-02,147.90,149.62,150.86,136.08,101361,1456050123.00,10.26,3.82,5.51,8.37
2026-06-03,147.38,144.45,148.04,140.40,76494,1106421878.00,5.11,-3.46,-5.17,6.31
2026-06-04,140.40,134.69,142.45,131.90,75179,1026675374.00,7.30,-6.76,-9.76,6.21
2026-06-05,132.23,126.30,133.07,126.30,50013,642256687.00,5.03,-6.23,-8.39,4.13
2026-06-08,117.90,122.90,128.78,115.09,36650,449703271.00,10.84,-2.69,-3.40,3.03
2026-06-09,125.23,127.80,129.12,121.90,30970,392670555.00,5.87,3.99,4.90,2.56
2026-06-10,124.78,122.16,125.90,119.49,41579,507070119.00,5.02,-4.41,-5.64,3.43
2026-06-11,120.90,119.70,122.79,116.76,29508,351358944.00,4.94,-2.01,-2.46,2.44
2026-06-12,121.90,121.50,125.44,120.64,29768,366594875.00,4.01,1.50,1.80,2.46
2026-06-15,123.91,127.20,128.20,121.14,42357,528083950.00,5.81,4.69,5.70,3.50
2026-06-16,126.90,121.99,126.90,121.50,41076,508356970.00,4.25,-4.10,-5.21,3.39
2026-06-17,125.01,128.00,133.40,123.05,55776,717428565.00,8.48,4.93,6.01,4.60
2026-06-18,129.56,128.53,133.58,128.21,49848,650930047.00,4.20,0.41,0.53,4.11
2026-06-22,129.28,130.07,131.10,125.18,45824,588408696.00,4.61,1.20,1.54,3.78
2026-06-23,128.00,121.52,128.00,120.40,44569,551104222.00,5.84,-6.57,-8.55,3.68
2026-06-24,122.01,122.43,123.12,117.00,35462,426728818.00,5.04,0.75,0.91,2.93
2026-06-25,121.29,121.37,123.12,115.92,43135,517967003.00,5.88,-0.87,-1.06,3.56
2026-06-26,119.48,113.14,119.90,113.14,35064,406738473.00,5.57,-6.78,-8.23,2.89
2026-06-29,111.70,110.49,115.80,109.41,34485,385264492.00,5.65,-2.34,-2.65,2.85
2026-06-30,109.90,118.44,120.60,109.00,42548,496239692.00,10.50,7.20,7.95,3.51
2026-07-01,118.44,121.45,122.47,117.88,37525,451477812.00,3.88,2.54,3.01,3.10
2026-07-02,123.80,119.10,125.72,118.99,50502,618589538.00,5.54,-1.93,-2.35,4.17
2026-07-03,118.35,118.81,120.80,114.28,34548,406968460.00,5.47,-0.24,-0.29,2.85
2026-07-06,117.74,116.36,122.43,115.20,27822,329057817.00,6.09,-2.06,-2.45,2.30
2026-07-07,115.10,117.38,120.22,114.11,30186,356406289.00,5.25,0.88,1.02,2.49
2026-07-08,118.38,123.48,129.88,114.51,68346,837633226.00,13.09,5.20,6.10,5.64
2026-07-09,121.20,137.99,138.80,121.10,92900,1218622715.00,14.33,11.75,14.51,7.67
2026-07-10,135.00,135.71,143.69,132.94,86749,1209698041.00,7.79,-1.65,-2.28,7.16
2026-07-13,136.93,137.80,142.99,134.07,77003,1070774283.00,6.57,1.54,2.09,6.36
2026-07-14,145.00,122.99,147.35,114.86,96120,1189061268.00,23.58,-10.75,-14.81,7.93
2026-07-15,121.38,126.82,133.83,119.40,72990,936179930.00,11.73,3.11,3.83,6.03
2026-07-16,124.99,124.90,130.49,121.55,47435,601084387.00,7.05,-1.51,-1.92,3.92
2026-07-17,123.50,106.88,125.98,105.52,68122,777922297.00,16.38,-14.43,-18.02,5.62
2026-07-20,108.06,100.00,109.29,95.96,51024,519194079.00,12.47,-6.44,-6.88,4.21
2026-07-21,100.00,107.73,109.00,88.01,66586,658521230.00,20.99,7.73,7.73,5.50
2026-07-22,107.90,102.35,108.57,101.80,35695,374608544.00,6.28,-4.99,-5.38,2.95
2026-07-23,103.99,99.68,103.99,97.22,29749,297102751.00,6.61,-2.61,-2.67,2.46
2026-07-24,98.00,94.13,99.54,93.71,30987,297734928.00,5.85,-5.57,-5.55,2.56
2026-07-27,93.85,98.85,99.25,91.39,28430,273202144.00,8.35,5.01,4.72,2.35