2026-01-05,7.02,6.96,7.06,6.91,237516,167211205.00,2.14,-0.57,-0.04,2.72
2026-01-06,6.99,7.06,7.14,6.95,281093,200629553.77,2.73,1.44,0.10,3.22
2026-01-07,7.05,6.98,7.06,6.94,200433,141860451.00,1.70,-1.13,-0.08,2.30
2026-01-08,6.95,7.02,7.06,6.92,236253,166594241.80,2.01,0.57,0.04,2.71
2026-01-09,7.01,7.10,7.21,6.98,284758,204811624.50,3.28,1.14,0.08,3.27
2026-01-12,7.17,7.21,7.24,7.05,344867,249462750.75,2.68,1.55,0.11,3.96
2026-01-13,7.21,6.99,7.21,6.97,279421,199698728.88,3.33,-3.05,-0.22,3.21
2026-01-14,7.03,7.05,7.14,6.94,313800,223454031.00,2.86,0.86,0.06,3.60
2026-01-15,7.07,7.19,7.25,7.05,384003,278409587.95,2.84,1.99,0.14,4.40
2026-01-16,7.24,7.13,7.33,7.10,275281,200055645.55,3.20,-0.83,-0.06,3.16
2026-01-19,7.10,7.33,7.37,7.04,357027,262052302.65,4.63,2.81,0.20,4.10
2026-01-20,7.33,7.32,7.39,7.16,246897,181415393.25,3.14,-0.14,-0.01,2.83
2026-01-21,7.27,7.37,7.44,7.20,230741,170958318.14,3.28,0.68,0.05,2.65
2026-01-22,7.31,7.56,7.59,7.30,317346,240657900.98,3.93,2.58,0.19,3.64
2026-01-23,7.59,7.83,7.91,7.47,543564,424111839.65,5.82,3.57,0.27,6.24
2026-01-26,7.82,7.72,7.86,7.64,387761,303350810.93,2.81,-1.40,-0.11,4.45
2026-01-27,7.67,7.70,7.78,7.45,313653,241125556.98,4.27,-0.26,-0.02,3.60
2026-01-28,7.68,7.92,8.00,7.55,502814,399140001.81,5.84,2.86,0.22,5.77
2026-01-29,7.99,7.82,8.00,7.68,465938,368722335.00,4.04,-1.26,-0.10,5.34
2026-01-30,7.69,7.66,7.74,7.41,392732,301449445.75,4.22,-2.05,-0.16,4.50
2026-02-02,7.48,7.32,7.61,7.31,278958,210182841.50,3.92,-4.44,-0.34,3.20
2026-02-03,7.40,7.41,7.44,7.22,210865,156573550.00,3.01,1.23,0.09,2.42
2026-02-04,7.43,7.64,7.65,7.40,250682,190470924.50,3.37,3.10,0.23,2.88
2026-02-05,7.56,7.29,7.58,7.28,230997,172372573.00,3.93,-4.58,-0.35,2.65
2026-02-06,7.19,7.38,7.55,7.15,205108,153230153.00,5.49,1.23,0.09,2.35
2026-02-09,7.45,7.41,7.50,7.36,145385,108979669.00,1.90,0.41,0.03,1.67
2026-02-10,7.43,7.29,7.43,7.28,151251,111873601.00,2.02,-1.62,-0.12,1.73
2026-02-11,7.30,7.35,7.42,7.29,141130,105217805.00,1.78,0.82,0.06,1.62
2026-02-12,7.38,7.28,7.41,7.24,139240,103168283.00,2.31,-0.95,-0.07,1.60
2026-02-13,7.24,7.13,7.28,7.11,153320,111435725.07,2.34,-2.06,-0.15,1.76
2026-02-24,7.23,7.30,7.34,7.20,142198,105033501.00,1.96,2.38,0.17,1.63
2026-02-25,7.29,7.48,7.59,7.29,243993,184613375.58,4.11,2.47,0.18,2.80
2026-02-26,7.49,7.52,7.55,7.44,149008,113023738.98,1.47,0.53,0.04,1.71
2026-02-27,7.52,7.62,7.67,7.49,193344,148700356.30,2.39,1.33,0.10,2.22
2026-03-02,7.60,7.60,7.65,7.46,224632,171809400.40,2.49,-0.26,-0.02,2.58
2026-03-03,7.53,7.34,7.67,7.33,219041,165442168.00,4.47,-3.42,-0.26,2.51
2026-03-04,7.28,7.34,7.51,7.23,175451,131216309.70,3.81,0.00,0.00,2.01
2026-03-05,7.45,7.49,7.59,7.42,190412,144547027.02,2.32,2.04,0.15,2.18
2026-03-06,7.42,7.35,7.44,7.28,176179,131204177.94,2.14,-1.87,-0.14,2.02
2026-03-09,7.27,7.09,7.32,6.98,279500,200739661.02,4.63,-3.54,-0.26,3.21
2026-03-10,7.14,7.16,7.17,7.07,139396,100295379.00,1.41,0.99,0.07,1.60
2026-03-11,7.16,7.19,7.22,7.12,124314,90147797.72,1.40,0.42,0.03,1.43
2026-03-12,7.17,7.25,7.37,7.15,212699,156246295.58,3.06,0.83,0.06,2.44
2026-03-13,7.20,7.04,7.25,7.02,189922,136992755.00,3.17,-2.90,-0.21,2.18
2026-03-16,7.02,6.92,7.11,6.80,213272,149506570.50,4.40,-1.70,-0.12,2.45
2026-03-17,6.95,6.75,7.00,6.74,130972,90917189.71,3.76,-2.46,-0.17,1.50
2026-03-18,6.74,6.72,6.80,6.61,133955,90568190.00,2.81,-0.44,-0.03,1.54
2026-03-19,6.64,6.42,6.64,6.39,169947,111672516.90,3.72,-4.46,-0.30,1.95
2026-03-20,6.42,6.27,6.46,6.27,138542,88966730.00,2.96,-2.34,-0.15,1.59
2026-03-23,6.17,5.92,6.20,5.86,211273,129415324.00,5.42,-5.58,-0.35,2.42
2026-03-24,6.11,6.18,6.20,5.97,153715,94559390.92,3.89,4.39,0.26,1.76
2026-03-25,6.21,6.29,6.31,6.21,135552,85988458.00,1.62,1.78,0.11,1.55
2026-03-26,6.28,6.23,6.36,6.21,108532,68951543.50,2.38,-0.95,-0.06,1.24
2026-03-27,6.17,6.36,6.40,6.16,142790,91492171.00,3.85,2.09,0.13,1.64
2026-03-30,6.49,6.53,6.57,6.42,200741,131879257.00,2.36,2.67,0.17,2.30
2026-03-31,6.52,6.41,6.53,6.39,157966,103147615.00,2.14,-1.84,-0.12,1.81
2026-04-01,6.51,6.51,6.55,6.44,141454,93016105.00,1.72,1.56,0.10,1.62
2026-04-02,6.51,6.50,6.55,6.43,100672,66151833.07,1.84,-0.15,-0.01,1.15
2026-04-03,6.45,6.40,6.60,6.38,117301,76910328.50,3.38,-1.54,-0.10,1.34
2026-04-07,6.40,6.46,6.49,6.33,72873,47520436.00,2.50,0.94,0.06,0.83
2026-04-08,6.58,6.72,6.72,6.53,120323,80826503.50,2.94,4.02,0.26,1.38
2026-04-09,6.67,6.75,6.81,6.63,111249,75976195.00,2.68,0.45,0.03,1.27
2026-04-10,6.79,6.74,6.83,6.72,95866,65705271.60,1.63,-0.15,-0.01,1.10
2026-04-13,6.68,6.75,6.78,6.68,83097,56652690.00,1.48,0.15,0.01,0.95
2026-04-14,6.80,6.79,6.82,6.72,76565,52391653.44,1.48,0.59,0.04,0.88
2026-04-15,6.77,6.73,6.82,6.71,68408,46766339.79,1.62,-0.88,-0.06,0.78
2026-04-16,6.75,6.82,6.83,6.72,71035,48875801.40,1.63,1.34,0.09,0.81
2026-04-17,6.82,6.80,6.86,6.77,59352,40844774.00,1.32,-0.29,-0.02,0.68
2026-04-20,6.79,6.84,6.87,6.76,91155,63036615.12,1.62,0.59,0.04,1.04
2026-04-21,6.61,6.29,6.61,6.22,342849,218855921.06,5.70,-8.04,-0.55,3.92
2026-04-22,6.25,6.21,6.28,6.14,178919,112322250.37,2.23,-1.27,-0.08,2.05
2026-04-23,6.19,6.08,6.23,6.06,133596,82535090.22,2.74,-2.09,-0.13,1.53
2026-04-24,6.08,6.12,6.15,6.00,90128,55329399.82,2.47,0.66,0.04,1.03
2026-04-27,6.12,6.10,6.14,6.01,93489,57536312.00,2.12,-0.33,-0.02,1.07
2026-04-28,6.11,5.99,6.11,5.95,91811,55829385.47,2.62,-1.80,-0.11,1.07
2026-04-29,5.98,6.01,6.03,5.94,90620,55180311.00,1.50,0.33,0.02,1.06
2026-04-30,6.01,5.96,6.02,5.92,94272,56931897.00,1.66,-0.83,-0.05,1.10
2026-05-06,5.94,5.93,5.97,5.85,199592,119314966.74,2.01,-0.50,-0.03,2.33
2026-05-07,5.94,5.95,5.97,5.88,114577,68870427.00,1.52,0.34,0.02,1.34
2026-05-08,5.95,6.00,6.03,5.90,137030,82770686.80,2.18,0.84,0.05,1.60
2026-05-11,6.03,5.90,6.03,5.86,218823,131033962.73,2.83,-1.67,-0.10,2.55
2026-05-12,5.94,5.73,5.95,5.68,205753,120525353.82,4.58,-2.88,-0.17,2.40
2026-05-13,5.72,5.79,5.83,5.72,105967,62183270.39,1.92,1.05,0.06,1.23
2026-05-14,5.80,5.69,5.82,5.68,114172,66196895.30,2.42,-1.73,-0.10,1.33
2026-05-15,5.68,5.63,5.72,5.59,96546,55348410.58,2.28,-1.05,-0.06,1.12
2026-05-18,5.61,5.61,5.63,5.49,84662,47703775.00,2.49,-0.36,-0.02,0.99
2026-05-19,5.63,5.67,5.68,5.56,73228,41706537.50,2.14,1.07,0.06,0.85
2026-05-20,5.67,5.64,5.70,5.57,69115,39350281.00,2.29,-0.53,-0.03,0.81
2026-05-21,5.64,5.47,5.70,5.46,111126,62963555.02,4.26,-3.01,-0.17,1.29
2026-05-22,5.50,5.52,5.59,5.45,97564,54684189.20,2.56,0.91,0.05,1.14
2026-05-25,5.57,5.62,5.72,5.53,130350,74366739.66,3.44,1.81,0.10,1.52
2026-05-26,5.63,5.60,5.63,5.47,114388,64214790.20,2.85,-0.36,-0.02,1.33
2026-05-27,5.58,5.41,5.59,5.37,128242,70824158.00,3.93,-3.39,-0.19,1.49
2026-05-28,5.37,5.49,5.50,5.37,107553,59416781.00,2.40,1.48,0.08,1.25
2026-05-29,5.51,5.41,5.54,5.40,101167,56088723.00,2.55,-1.46,-0.08,1.18
2026-06-01,5.39,5.50,5.54,5.35,101812,56718000.86,3.51,1.66,0.09,1.19
2026-06-02,5.54,5.50,5.55,5.43,86315,48103873.68,2.18,0.00,0.00,1.01
2026-06-03,5.46,5.37,5.47,5.33,86526,47416975.00,2.55,-2.36,-0.13,1.01
2026-06-04,5.34,5.22,5.37,5.13,112078,59734031.00,4.47,-2.79,-0.15,1.31
2026-06-05,5.23,5.26,5.34,5.18,109963,58879751.50,3.07,0.77,0.04,1.28
2026-06-08,5.12,5.08,5.23,5.01,105820,54943415.00,4.18,-3.42,-0.18,1.23
2026-06-09,5.10,5.08,5.14,5.02,83897,43138540.50,2.36,0.00,0.00,0.98
2026-06-10,5.06,5.00,5.06,4.93,82615,41873184.00,2.56,-1.57,-0.08,0.96
2026-06-11,4.95,4.98,5.03,4.90,93456,47043812.00,2.60,-0.40,-0.02,1.09
2026-06-12,5.05,5.08,5.15,4.89,124524,63759894.00,5.22,2.01,0.10,1.45
2026-06-15,5.12,5.17,5.26,5.10,111434,58701747.00,3.15,1.77,0.09,1.30
2026-06-16,5.12,5.11,5.17,5.07,88113,45665880.00,1.93,-1.16,-0.06,1.03
2026-06-17,5.08,4.96,5.11,4.95,78428,39926786.00,3.13,-2.94,-0.15,0.91
2026-06-18,4.96,5.00,5.03,4.89,79230,40064646.00,2.82,0.81,0.04,0.92
2026-06-22,4.98,5.00,5.01,4.84,133279,66877741.66,3.40,0.00,0.00,1.55
2026-06-23,4.98,4.91,5.07,4.89,111515,56429369.96,3.60,-1.80,-0.09,1.30
2026-06-24,4.91,4.89,4.92,4.79,100792,49735776.00,2.65,-0.41,-0.02,1.17
2026-06-25,4.83,4.80,4.87,4.76,94113,45944262.71,2.25,-1.84,-0.09,1.10
2026-06-26,4.75,4.61,4.81,4.60,128520,61132331.50,4.38,-3.96,-0.19,1.50
2026-06-29,4.62,4.63,4.68,4.53,118744,55801658.26,3.25,0.43,0.02,1.38
2026-06-30,4.60,4.59,4.65,4.56,116586,54531058.50,1.94,-0.86,-0.04,1.36
2026-07-01,4.59,4.72,4.79,4.54,141794,67528315.96,5.45,2.83,0.13,1.65
2026-07-02,4.72,4.74,4.83,4.65,110465,53590968.38,3.81,0.42,0.02,1.29
2026-07-03,4.76,4.83,4.87,4.74,122244,60129995.50,2.74,1.90,0.09,1.42
2026-07-06,4.85,4.89,5.00,4.84,138533,68098170.68,3.31,1.24,0.06,1.61
2026-07-07,4.89,4.81,4.89,4.76,102755,49444219.94,2.66,-1.64,-0.08,1.20
2026-07-08,4.79,4.77,4.85,4.74,74083,35479229.28,2.29,-0.83,-0.04,0.86
2026-07-09,4.77,4.73,4.80,4.61,94204,44126843.00,3.98,-0.84,-0.04,1.10
2026-07-10,4.72,4.76,4.85,4.62,96499,45748032.00,4.86,0.63,0.03,1.12
2026-07-13,4.76,4.61,4.76,4.61,120994,56236196.00,3.15,-3.15,-0.15,1.41
2026-07-14,4.59,4.74,4.74,4.59,101905,47592655.50,3.25,2.82,0.13,1.19
2026-07-15,4.70,4.79,4.81,4.66,102402,48938141.00,3.16,1.05,0.05,1.19
2026-07-16,4.72,4.82,4.88,4.72,92185,44524549.00,3.34,0.63,0.03,1.07
2026-07-17,4.80,4.72,4.87,4.68,125085,59772707.00,3.94,-2.07,-0.10,1.46
2026-07-20,4.73,4.71,4.82,4.64,126112,59684679.00,3.81,-0.21,-0.01,1.47
2026-07-21,4.72,4.67,4.79,4.66,129786,61076322.67,2.76,-0.85,-0.04,1.51
2026-07-22,4.69,4.58,4.70,4.52,148065,67919670.28,3.85,-1.93,-0.09,1.73
2026-07-23,4.59,4.74,4.75,4.57,124357,58288507.00,3.93,3.49,0.16,1.45
2026-07-24,4.75,4.53,4.76,4.53,120882,55645792.62,4.85,-4.43,-0.21,1.41
2026-07-27,4.53,4.75,4.80,4.53,182727,85926325.74,5.96,4.86,0.22,2.13
2026-07-28,4.75,4.90,5.05,4.72,156884,76844462.08,6.95,3.16,0.15,1.83
2026-07-29,4.87,4.94,4.99,4.85,146138,72144955.00,2.86,0.82,0.04,1.70
2026-07-30,4.93,4.97,5.02,4.90,105755,52549931.55,2.43,0.61,0.03,1.23
2026-07-31,5.03,5.01,5.03,4.93,100009,49829641.92,2.01,0.80,0.04,1.17
2026-08-03,5.01,5.23,5.26,5.01,171800,88646730.35,4.99,4.39,0.22,2.00
2026-08-04,5.24,5.22,5.30,5.17,94996,49625680.52,2.49,-0.19,-0.01,1.11
2026-08-05,5.23,5.16,5.26,5.14,85503,44256096.35,2.30,-1.15,-0.06,1.00