2026-01-05,4.48,4.48,4.49,4.45,230548,116269843.00,0.89,0.00,0.00,1.14
2026-01-06,4.49,4.51,4.51,4.47,257533,130383735.00,0.89,0.67,0.03,1.28
2026-01-07,4.51,4.48,4.52,4.48,214623,108695167.00,0.89,-0.67,-0.03,1.06
2026-01-08,4.49,4.46,4.50,4.46,174063,87745106.00,0.89,-0.45,-0.02,0.86
2026-01-09,4.46,4.47,4.48,4.45,167828,84502459.00,0.67,0.22,0.01,0.83
2026-01-12,4.47,4.49,4.50,4.46,204851,103505582.00,0.89,0.45,0.02,1.01
2026-01-13,4.49,4.50,4.53,4.48,248810,126316769.00,1.11,0.22,0.01,1.23
2026-01-14,4.49,4.45,4.50,4.45,344917,174122366.00,1.11,-1.11,-0.05,1.71
2026-01-15,4.45,4.44,4.46,4.43,171064,85645484.00,0.67,-0.22,-0.01,0.85
2026-01-16,4.44,4.40,4.44,4.39,245869,122252317.00,1.13,-0.90,-0.04,1.22
2026-01-19,4.39,4.38,4.42,4.38,194117,96138234.00,0.91,-0.45,-0.02,0.96
2026-01-20,4.39,4.43,4.44,4.38,232075,115417252.00,1.37,1.14,0.05,1.15
2026-01-21,4.42,4.39,4.45,4.37,243280,120714254.00,1.81,-0.90,-0.04,1.21
2026-01-22,4.41,4.44,4.46,4.39,306481,153210403.00,1.59,1.14,0.05,1.52
2026-01-23,4.45,4.45,4.48,4.44,281393,141464361.00,0.90,0.23,0.01,1.39
2026-01-26,4.45,4.45,4.47,4.42,246142,123317893.00,1.12,0.00,0.00,1.22
2026-01-27,4.45,4.42,4.45,4.40,288618,143916975.00,1.12,-0.67,-0.03,1.43
2026-01-28,4.42,4.42,4.45,4.39,308811,154151805.00,1.36,0.00,0.00,1.53
2026-01-29,4.41,4.49,4.50,4.40,420843,211799723.00,2.26,1.58,0.07,2.08
2026-01-30,4.49,4.45,4.51,4.45,288941,145582717.00,1.34,-0.89,-0.04,1.43
2026-02-02,4.45,4.41,4.49,4.40,298905,149794255.00,2.02,-0.90,-0.04,1.48
2026-02-03,4.43,4.37,4.44,4.35,354320,174977268.00,2.04,-0.91,-0.04,1.76
2026-02-04,4.37,4.43,4.44,4.36,260628,129397895.00,1.83,1.37,0.06,1.29
2026-02-05,4.43,4.53,4.54,4.43,566690,286683027.00,2.48,2.26,0.10,2.81
2026-02-06,4.54,4.55,4.57,4.49,403790,206771673.00,1.77,0.44,0.02,2.00
2026-02-09,4.56,4.58,4.58,4.52,280710,144193623.00,1.32,0.66,0.03,1.39
2026-02-10,4.57,4.58,4.60,4.55,214770,110797702.00,1.09,0.00,0.00,1.06
2026-02-11,4.59,4.61,4.64,4.56,314077,162693189.00,1.75,0.66,0.03,1.56
2026-02-12,4.61,4.55,4.62,4.53,295301,151638890.00,1.95,-1.30,-0.06,1.46
2026-02-13,4.55,4.50,4.57,4.49,226522,115678239.00,1.76,-1.10,-0.05,1.12
2026-02-24,4.53,4.48,4.53,4.48,229952,116463462.00,1.11,-0.44,-0.02,1.14
2026-02-25,4.49,4.48,4.53,4.47,340983,172889393.00,1.34,0.00,0.00,1.69
2026-02-26,4.48,4.48,4.51,4.45,261219,131728182.00,1.34,0.00,0.00,1.29
2026-02-27,4.48,4.48,4.51,4.47,210625,106589104.00,0.89,0.00,0.00,1.04
2026-03-02,4.46,4.47,4.51,4.45,294725,148754370.00,1.34,-0.22,-0.01,1.46
2026-03-03,4.49,4.45,4.51,4.44,438471,221098032.00,1.57,-0.45,-0.02,2.17
2026-03-04,4.44,4.33,4.45,4.32,514806,253486135.00,2.92,-2.70,-0.12,2.55
2026-03-05,4.35,4.37,4.40,4.35,294238,145089229.00,1.15,0.92,0.04,1.46
2026-03-06,4.37,4.39,4.40,4.35,238042,117496955.00,1.14,0.46,0.02,1.18
2026-03-09,4.37,4.37,4.40,4.35,272072,134315887.00,1.14,-0.46,-0.02,1.35
2026-03-10,4.39,4.39,4.40,4.36,194100,95889201.00,0.92,0.46,0.02,0.96
2026-03-11,4.39,4.43,4.43,4.36,233361,115720311.00,1.59,0.91,0.04,1.16
2026-03-12,4.42,4.50,4.50,4.41,375981,189630881.00,2.03,1.58,0.07,1.86
2026-03-13,4.50,4.50,4.54,4.46,305524,154968840.00,1.78,0.00,0.00,1.51
2026-03-16,4.48,4.52,4.54,4.48,291978,148419116.00,1.33,0.44,0.02,1.45
2026-03-17,4.53,4.54,4.57,4.51,293020,150163356.00,1.33,0.44,0.02,1.45
2026-03-18,4.54,4.50,4.55,4.48,246262,124996477.00,1.54,-0.88,-0.04,1.22
2026-03-19,4.49,4.46,4.53,4.46,229350,116215149.00,1.56,-0.89,-0.04,1.14
2026-03-20,4.47,4.44,4.51,4.43,271224,136653767.00,1.79,-0.45,-0.02,1.34
2026-03-23,4.41,4.19,4.42,4.16,672972,323942144.00,5.86,-5.63,-0.25,3.33
2026-03-24,4.22,4.29,4.31,4.19,367071,176083527.00,2.86,2.39,0.10,1.82
2026-03-25,4.31,4.38,4.39,4.28,301100,147508806.00,2.56,2.10,0.09,1.49
2026-03-26,4.37,4.39,4.43,4.36,254026,125917547.00,1.60,0.23,0.01,1.26
2026-03-27,4.37,4.34,4.38,4.30,288717,141336565.00,1.82,-1.14,-0.05,1.43
2026-03-30,4.31,4.33,4.35,4.27,220654,107380188.00,1.84,-0.23,-0.01,1.09
2026-03-31,4.34,4.35,4.40,4.34,263229,129734932.00,1.39,0.46,0.02,1.30
2026-04-01,4.37,4.35,4.39,4.34,248311,122200997.00,1.15,0.00,0.00,1.23
2026-04-02,4.35,4.35,4.39,4.33,236601,116322453.00,1.38,0.00,0.00,1.17
2026-04-03,4.35,4.28,4.35,4.26,231541,112092604.00,2.07,-1.61,-0.07,1.15
2026-04-07,4.29,4.25,4.29,4.24,172878,83105493.00,1.17,-0.70,-0.03,0.86
2026-04-08,4.28,4.33,4.33,4.27,208025,100867361.00,1.41,1.88,0.08,1.03
2026-04-09,4.31,4.25,4.32,4.25,209131,100786083.00,1.62,-1.85,-0.08,1.04
2026-04-10,4.27,4.26,4.30,4.25,162835,78582395.00,1.18,0.24,0.01,0.81
2026-04-13,4.26,4.24,4.26,4.23,140340,67132476.00,0.70,-0.47,-0.02,0.70
2026-04-14,4.25,4.26,4.27,4.24,151881,72946639.00,0.71,0.47,0.02,0.75
2026-04-15,4.27,4.31,4.32,4.26,234074,113449557.00,1.41,1.17,0.05,1.16
2026-04-16,4.30,4.31,4.32,4.28,164085,79634759.00,0.93,0.00,0.00,0.81
2026-04-17,4.31,4.30,4.33,4.30,157789,76726646.00,0.70,-0.23,-0.01,0.78
2026-04-20,4.30,4.33,4.34,4.29,181701,88488410.00,1.16,0.70,0.03,0.90
2026-04-21,4.33,4.38,4.39,4.32,231468,113923682.00,1.62,1.15,0.05,1.15
2026-04-22,4.37,4.41,4.44,4.36,237572,118055311.00,1.83,0.68,0.03,1.18
2026-04-23,4.40,4.46,4.48,4.40,317053,159090103.00,1.81,1.13,0.05,1.57
2026-04-24,4.45,4.37,4.46,4.34,308135,152268363.00,2.69,-2.02,-0.09,1.53
2026-04-27,4.37,4.35,4.41,4.35,231182,113925181.00,1.37,-0.46,-0.02,1.15
2026-04-28,4.35,4.34,4.35,4.32,214073,104645890.00,0.69,-0.23,-0.01,1.06
2026-04-29,4.34,4.38,4.42,4.34,288931,142527088.00,1.84,0.92,0.04,1.43
2026-04-30,4.45,4.41,4.48,4.41,503256,252149344.00,1.60,0.68,0.03,2.49
2026-05-06,4.42,4.37,4.43,4.36,378232,186832258.00,1.59,-0.91,-0.04,1.87
2026-05-07,4.39,4.36,4.40,4.35,247347,121798741.00,1.14,-0.23,-0.01,1.23
2026-05-08,4.36,4.36,4.38,4.35,204298,100446510.00,0.69,0.00,0.00,1.01
2026-05-11,4.35,4.35,4.36,4.33,274356,134376096.00,0.69,-0.23,-0.01,1.36
2026-05-12,4.35,4.32,4.35,4.31,222138,108480590.00,0.92,-0.69,-0.03,1.10
2026-05-13,4.32,4.31,4.33,4.30,157879,76732703.00,0.69,-0.23,-0.01,0.78
2026-05-14,4.31,4.29,4.32,4.28,184780,89580813.00,0.93,-0.46,-0.02,0.92
2026-05-15,4.29,4.25,4.30,4.23,253933,122128500.00,1.63,-0.93,-0.04,1.26
2026-05-18,4.24,4.22,4.25,4.20,159719,76126843.00,1.18,-0.71,-0.03,0.79
2026-05-19,4.23,4.25,4.27,4.22,146332,70146712.00,1.18,0.71,0.03,0.72
2026-05-20,4.25,4.24,4.25,4.21,131453,62750518.00,0.94,-0.24,-0.01,0.65
2026-05-21,4.24,4.24,4.27,4.22,194305,93103740.00,1.18,0.00,0.00,0.96
2026-05-22,4.24,4.22,4.25,4.20,160422,76513785.00,1.18,-0.47,-0.02,0.79
2026-05-25,4.23,4.19,4.23,4.18,176543,83746908.00,1.18,-0.71,-0.03,0.87
2026-05-26,4.19,4.20,4.22,4.17,143033,67685174.00,1.19,0.24,0.01,0.71
2026-05-27,4.19,4.17,4.21,4.15,171141,80738172.00,1.43,-0.71,-0.03,0.85
2026-05-28,4.16,4.14,4.18,4.13,205791,96343044.00,1.20,-0.72,-0.03,1.02
2026-05-29,4.14,4.20,4.21,4.11,235742,111045189.00,2.42,1.45,0.06,1.17
2026-06-01,4.21,4.28,4.31,4.18,352954,169122214.00,3.10,1.90,0.08,1.75
2026-06-02,4.30,4.28,4.35,4.28,277354,134853704.00,1.64,0.00,0.00,1.37
2026-06-03,4.26,4.25,4.28,4.22,262196,125511854.00,1.40,-0.70,-0.03,1.30
2026-06-04,4.25,4.16,4.26,4.15,261933,124073557.00,2.59,-2.12,-0.09,1.30
2026-06-05,4.17,4.18,4.23,4.16,240967,114086365.00,1.68,0.48,0.02,1.19
2026-06-08,4.19,4.18,4.20,4.15,233870,110002535.00,1.20,0.00,0.00,1.16
2026-06-09,4.17,4.17,4.21,4.15,251361,118762752.00,1.44,-0.24,-0.01,1.25
2026-06-10,4.16,4.25,4.25,4.15,330302,157124353.00,2.40,1.92,0.08,1.64
2026-06-11,4.25,4.22,4.26,4.21,241959,115529818.00,1.18,-0.71,-0.03,1.20
2026-06-12,4.22,4.34,4.35,4.21,401518,194206456.00,3.32,2.84,0.12,1.99
2026-06-15,4.34,4.34,4.36,4.31,314717,153925844.00,1.15,0.00,0.00,1.56
2026-06-16,4.33,4.25,4.34,4.25,291953,140842495.00,2.07,-2.07,-0.09,1.45
2026-06-17,4.26,4.25,4.28,4.23,202346,96930270.00,1.18,0.00,0.00,1.00
2026-06-18,4.26,4.14,4.28,4.11,335571,140550681.00,4.00,-2.59,-0.11,1.51
2026-06-22,4.13,4.15,4.16,4.03,269749,110601843.00,3.14,0.24,0.01,1.21
2026-06-23,4.14,4.20,4.23,4.13,269768,113219399.00,2.41,1.20,0.05,1.21
2026-06-24,4.19,4.08,4.21,4.07,300721,123781300.00,3.33,-2.86,-0.12,1.35
2026-06-25,4.06,4.04,4.09,4.03,205424,83273387.00,1.47,-0.98,-0.04,0.93
2026-06-26,4.04,3.94,4.07,3.93,302647,120532342.00,3.47,-2.48,-0.10,1.36
2026-06-29,3.93,3.95,3.98,3.81,334529,130696720.00,4.31,0.25,0.01,1.51