2026-01-05,5.49,5.51,5.52,5.48,65918,36846611.00,0.73,0.55,0.03,0.70
2026-01-06,5.50,5.56,5.56,5.49,55883,31452885.00,1.27,0.91,0.05,0.60
2026-01-07,5.56,5.55,5.58,5.54,39882,22527165.00,0.72,-0.18,-0.01,0.43
2026-01-08,5.56,5.55,5.56,5.53,45614,25710187.00,0.54,0.00,0.00,0.49
2026-01-09,5.56,5.59,5.59,5.54,57263,32390628.00,0.90,0.72,0.04,0.61
2026-01-12,5.59,5.62,5.62,5.55,82367,46718016.00,1.25,0.54,0.03,0.88
2026-01-13,5.61,5.60,5.63,5.58,80793,46040389.00,0.89,-0.36,-0.02,0.86
2026-01-14,5.60,5.56,5.63,5.53,87738,49852782.00,1.79,-0.71,-0.04,0.94
2026-01-15,5.56,5.58,5.60,5.55,45933,26023660.00,0.90,0.36,0.02,0.49
2026-01-16,5.58,5.58,5.62,5.56,66616,37841871.00,1.08,0.00,0.00,0.71
2026-01-19,5.59,5.65,5.66,5.57,82143,46965873.00,1.61,1.25,0.07,0.88
2026-01-20,5.65,5.77,5.77,5.65,140596,81818575.00,2.12,2.12,0.12,1.50
2026-01-21,5.75,5.72,5.75,5.69,89871,52163703.00,1.04,-0.87,-0.05,0.96
2026-01-22,5.73,5.85,5.86,5.73,105649,61997151.00,2.27,2.27,0.13,1.13
2026-01-23,5.85,5.88,5.89,5.81,91938,54526880.00,1.37,0.51,0.03,0.98
2026-01-26,5.88,5.90,5.96,5.81,136168,81308463.00,2.55,0.34,0.02,1.46
2026-01-27,5.88,5.87,5.92,5.78,117754,70032205.00,2.37,-0.51,-0.03,1.26
2026-01-28,5.85,5.83,5.90,5.81,72446,42966066.00,1.53,-0.68,-0.04,0.77
2026-01-29,5.83,5.78,5.84,5.75,63631,37485738.00,1.54,-0.86,-0.05,0.68
2026-01-30,5.74,5.83,5.84,5.72,88985,52422954.00,2.08,0.87,0.05,0.95
2026-02-02,5.85,5.75,5.86,5.73,67219,39629287.00,2.23,-1.37,-0.08,0.72
2026-02-03,5.74,5.76,5.80,5.72,51427,30051334.00,1.39,0.17,0.01,0.55
2026-02-04,5.76,5.84,5.84,5.75,61743,36500487.00,1.56,1.39,0.08,0.66
2026-02-05,5.83,5.85,5.86,5.80,56375,33416534.00,1.03,0.17,0.01,0.60
2026-02-06,5.82,5.80,5.86,5.79,53458,31612103.00,1.20,-0.85,-0.05,0.57
2026-02-09,5.81,5.83,5.85,5.78,61645,36400678.00,1.21,0.52,0.03,0.66
2026-02-10,5.85,5.81,5.87,5.80,52349,31003008.00,1.20,-0.34,-0.02,0.56
2026-02-11,5.81,5.80,5.83,5.76,53330,31385502.00,1.20,-0.17,-0.01,0.57
2026-02-12,5.80,5.80,5.81,5.75,62953,36943913.00,1.03,0.00,0.00,0.67
2026-02-13,5.79,5.79,5.85,5.76,82261,48457202.00,1.55,-0.17,-0.01,0.88
2026-02-24,5.80,5.95,5.98,5.79,130213,78058904.00,3.28,2.76,0.16,1.39
2026-02-25,5.94,5.98,6.01,5.92,87422,53012407.00,1.51,0.50,0.03,0.93
2026-02-26,5.98,6.09,6.13,5.96,132662,81582309.00,2.84,1.84,0.11,1.42
2026-02-27,6.09,6.09,6.12,6.04,85777,52906055.00,1.31,0.00,0.00,0.92
2026-03-02,6.06,6.06,6.10,6.01,104409,64157412.00,1.48,-0.49,-0.03,1.12
2026-03-03,6.03,5.98,6.14,5.95,139816,85917680.00,3.14,-1.32,-0.08,1.50
2026-03-04,5.96,6.00,6.06,5.88,115608,70316443.00,3.01,0.33,0.02,1.24
2026-03-05,6.03,6.03,6.10,5.99,97422,59770062.00,1.83,0.50,0.03,1.04
2026-03-06,6.02,6.10,6.11,6.01,90757,55974178.00,1.66,1.16,0.07,0.97
2026-03-09,6.11,6.06,6.12,6.04,75263,46392978.00,1.31,-0.66,-0.04,0.80
2026-03-10,6.09,6.05,6.12,6.03,92010,56708896.00,1.49,-0.17,-0.01,0.98
2026-03-11,6.05,6.04,6.06,5.96,95721,58410772.00,1.65,-0.17,-0.01,1.02
2026-03-12,6.04,6.03,6.11,6.01,87228,53572572.00,1.66,-0.17,-0.01,0.93
2026-03-13,6.01,5.94,6.05,5.92,111395,67760676.00,2.16,-1.49,-0.09,1.19
2026-03-16,5.93,5.86,5.98,5.81,116201,69092277.00,2.86,-1.35,-0.08,1.24
2026-03-17,5.87,5.85,5.90,5.81,86243,51237579.00,1.54,-0.17,-0.01,0.92
2026-03-18,5.83,5.88,5.89,5.83,66731,39689520.00,1.03,0.51,0.03,0.71
2026-03-19,5.84,5.88,5.93,5.83,92138,55162389.00,1.70,0.00,0.00,0.99
2026-03-20,5.87,5.87,5.95,5.82,112638,67108043.00,2.21,-0.17,-0.01,1.20
2026-03-23,5.76,5.42,5.77,5.36,184794,104469451.00,6.98,-7.67,-0.45,1.98
2026-03-24,5.51,5.73,5.74,5.50,156620,89912592.00,4.43,5.72,0.31,1.67
2026-03-25,5.71,5.88,5.94,5.66,137453,81710062.00,4.89,2.62,0.15,1.47
2026-03-26,5.85,5.84,5.94,5.83,96093,57337057.00,1.87,-0.68,-0.04,1.03
2026-03-27,5.79,5.81,5.88,5.77,73445,43391584.00,1.88,-0.51,-0.03,0.79
2026-03-30,5.77,5.71,5.82,5.65,76515,44431562.00,2.93,-1.72,-0.10,0.82
2026-03-31,5.73,5.64,5.75,5.63,59126,34191130.00,2.10,-1.23,-0.07,0.63
2026-04-01,5.71,5.64,5.72,5.60,65538,37643735.00,2.13,0.00,0.00,0.70
2026-04-02,5.61,5.61,5.69,5.58,71926,41073178.00,1.95,-0.53,-0.03,0.77
2026-04-03,5.59,5.47,5.61,5.42,92550,51609326.00,3.39,-2.50,-0.14,0.99
2026-04-07,5.48,5.44,5.49,5.38,79190,43709372.00,2.01,-0.55,-0.03,0.85
2026-04-08,5.49,5.57,5.58,5.49,114766,64634388.00,1.65,2.39,0.13,1.23
2026-04-09,5.56,5.46,5.56,5.44,85175,47481948.00,2.15,-1.97,-0.11,0.91
2026-04-10,5.47,5.51,5.57,5.46,74914,42119402.00,2.01,0.92,0.05,0.80
2026-04-13,5.51,5.57,5.58,5.48,60555,34045186.00,1.81,1.09,0.06,0.65
2026-04-14,5.59,5.57,5.60,5.52,47389,26742144.00,1.44,0.00,0.00,0.51
2026-04-15,5.57,5.57,5.58,5.54,35408,20008621.00,0.72,0.00,0.00,0.38
2026-04-16,5.58,5.60,5.61,5.55,41148,23317062.00,1.08,0.54,0.03,0.44
2026-04-17,5.59,5.51,5.59,5.50,43457,24443979.00,1.61,-1.61,-0.09,0.46
2026-04-20,5.51,5.51,5.54,5.49,38988,21843912.00,0.91,0.00,0.00,0.42
2026-04-21,5.50,5.55,5.55,5.48,44814,25118316.00,1.27,0.73,0.04,0.48
2026-04-22,5.54,5.55,5.56,5.50,44246,24894715.00,1.08,0.00,0.00,0.47
2026-04-23,5.53,5.57,5.59,5.51,66375,37504546.00,1.44,0.36,0.02,0.71
2026-04-24,5.52,5.24,5.53,5.22,230524,123930947.00,5.57,-5.92,-0.33,2.46
2026-04-27,5.23,5.12,5.23,5.08,176079,91773148.00,2.86,-2.29,-0.12,1.88
2026-04-28,5.11,5.19,5.20,5.11,87997,46172144.00,1.76,1.37,0.07,0.94
2026-04-29,5.18,5.26,5.27,5.17,73244,39024883.00,1.93,1.35,0.07,0.78
2026-04-30,5.26,5.22,5.27,5.18,68401,36326613.00,1.71,-0.76,-0.04,0.73
2026-05-06,5.23,5.54,5.65,5.22,318241,177456546.00,8.24,6.13,0.32,3.40
2026-05-07,5.56,6.00,6.10,5.53,576943,348289672.00,10.29,8.30,0.46,6.17
2026-05-08,5.94,6.19,6.32,5.92,541897,339128683.00,6.67,3.17,0.19,5.79
2026-05-11,6.12,6.30,6.37,6.07,338137,212866439.00,4.85,1.78,0.11,3.62
2026-05-12,6.29,6.35,6.51,6.19,276256,178161014.00,5.08,0.79,0.05,2.95
2026-05-13,6.31,6.25,6.36,6.18,233555,148254917.00,2.83,-1.57,-0.10,2.50
2026-05-14,6.26,6.09,6.29,6.07,181608,113864019.00,3.52,-2.56,-0.16,1.94
2026-05-15,6.13,6.02,6.17,5.98,143926,88446519.00,3.12,-1.15,-0.07,1.54
2026-05-18,6.04,5.85,6.16,5.77,202937,121836599.00,6.48,-2.82,-0.17,2.17
2026-05-19,5.85,5.86,5.88,5.68,227598,133825799.00,3.42,0.17,0.01,2.43
2026-05-20,5.86,6.00,6.07,5.58,319986,189357582.00,8.36,2.39,0.14,3.42
2026-05-21,6.09,5.75,6.09,5.72,193471,115625762.00,6.17,-4.17,-0.25,2.07
2026-05-22,5.76,5.87,6.05,5.71,163976,97942620.00,5.91,2.09,0.12,1.75
2026-05-25,5.88,6.03,6.15,5.86,239837,146689062.00,4.94,2.73,0.16,2.56
2026-05-26,5.97,5.98,6.11,5.81,181663,109797189.00,4.98,-0.83,-0.05,1.94
2026-05-27,5.99,5.93,6.33,5.88,253314,155579581.00,7.53,-0.84,-0.05,2.71
2026-05-28,5.93,5.85,6.01,5.78,142209,84901487.00,3.88,-1.35,-0.08,1.52
2026-05-29,5.85,5.79,5.94,5.72,130585,77256889.00,3.76,-1.03,-0.06,1.40
2026-06-01,5.75,5.79,5.81,5.64,126420,73631098.00,2.94,0.00,0.00,1.35
2026-06-02,5.78,5.62,5.79,5.58,115300,66284482.00,3.63,-2.94,-0.17,1.23
2026-06-03,5.61,5.57,5.63,5.46,137745,77397945.00,3.02,-0.89,-0.05,1.47
2026-06-04,5.54,5.44,5.57,5.38,103637,57391210.00,3.41,-2.33,-0.13,1.11
2026-06-05,5.43,5.41,5.51,5.31,112375,61767753.00,3.68,-0.55,-0.03,1.20
2026-06-08,5.30,5.53,5.71,5.26,200534,112891196.00,8.32,2.22,0.12,2.14
2026-06-09,5.56,5.53,5.58,5.39,127724,70972182.00,3.44,0.00,0.00,1.37
2026-06-10,5.50,5.54,5.56,5.37,107760,59888688.00,3.44,0.18,0.01,1.15
2026-06-11,5.47,5.49,5.49,5.33,100838,55289693.00,2.89,-0.90,-0.05,1.08
2026-06-12,5.45,5.49,5.59,5.35,133815,74504793.00,4.37,0.00,0.00,1.43
2026-06-15,5.50,5.56,5.68,5.47,137671,77921246.00,3.83,1.28,0.07,1.47
2026-06-16,5.56,5.59,5.65,5.47,86069,48624560.00,3.24,0.54,0.03,0.92
2026-06-17,5.58,5.75,5.75,5.54,104115,60007398.00,3.76,2.86,0.16,1.11
2026-06-18,5.75,5.80,5.91,5.66,130650,76932506.00,4.35,0.87,0.05,1.40
2026-06-22,5.80,5.83,5.88,5.69,117035,68611841.00,3.28,0.52,0.03,1.25
2026-06-23,5.82,5.93,6.09,5.80,128999,77646578.00,4.97,1.72,0.10,1.38
2026-06-24,5.89,5.80,6.00,5.72,112118,65104494.00,4.72,-2.19,-0.13,1.20
2026-06-25,5.78,5.70,5.80,5.61,101255,57648987.00,3.28,-1.72,-0.10,1.08
2026-06-26,5.66,5.48,5.69,5.41,131695,72595959.00,4.91,-3.86,-0.22,1.41
2026-06-29,5.40,5.60,5.66,5.32,115120,63649982.00,6.20,2.19,0.12,1.23