2026-01-05,51.69,50.85,51.86,50.46,52063,265437315.00,2.72,-1.19,-0.61,3.25
2026-01-06,50.84,49.77,50.84,48.60,78000,387413356.00,4.41,-2.12,-1.08,4.87
2026-01-07,49.77,49.96,50.29,49.20,54289,270705456.00,2.19,0.38,0.19,3.39
2026-01-08,50.19,48.85,50.19,48.62,62532,307706437.00,3.14,-2.22,-1.11,3.90
2026-01-09,48.60,50.08,51.06,47.90,84428,420304835.00,6.47,2.52,1.23,5.27
2026-01-12,50.00,50.35,50.48,48.91,70187,349215000.00,3.13,0.54,0.27,4.38
2026-01-13,50.37,48.01,50.37,47.94,79101,387583089.00,4.83,-4.65,-2.34,4.93
2026-01-14,48.22,49.41,50.07,48.01,71992,354761806.00,4.29,2.92,1.40,4.49
2026-01-15,49.41,49.58,50.05,48.68,59770,296078839.00,2.77,0.34,0.17,3.73
2026-01-16,49.63,50.28,50.41,49.20,76271,381829153.00,2.44,1.41,0.70,4.76
2026-01-19,50.02,49.52,50.02,48.87,49539,245468994.00,2.29,-1.51,-0.76,3.09
2026-01-20,49.20,48.69,50.93,47.93,65099,319666895.00,6.06,-1.68,-0.83,4.06
2026-01-21,48.21,49.88,50.55,48.13,58249,289670605.00,4.97,2.44,1.19,3.63
2026-01-22,49.76,51.95,52.75,49.30,112519,577052888.00,6.92,4.15,2.07,7.02
2026-01-23,51.90,51.68,52.08,50.97,75907,391879222.00,2.14,-0.52,-0.27,4.74
2026-01-26,51.60,50.23,51.63,49.40,56840,286756261.00,4.32,-2.81,-1.45,3.55
2026-01-27,50.13,53.03,53.07,48.50,115649,597089422.00,9.10,5.57,2.80,7.22
2026-01-28,52.54,52.38,53.90,51.35,75747,397850251.00,4.81,-1.23,-0.65,4.73
2026-01-29,52.00,49.50,52.54,49.40,74358,378330905.00,5.99,-5.50,-2.88,4.64
2026-01-30,49.50,50.26,51.46,48.81,52114,262432086.00,5.35,1.54,0.76,3.25
2026-02-02,49.81,47.57,50.10,47.37,49102,239950907.00,5.43,-5.35,-2.69,3.06
2026-02-03,48.10,54.40,55.82,48.08,213435,1152690198.00,16.27,14.36,6.83,13.32
2026-02-04,53.31,56.17,57.40,53.31,152237,858473009.00,7.52,3.25,1.77,9.50
2026-02-05,55.74,54.18,56.49,53.31,73566,400373171.00,5.66,-3.54,-1.99,4.59
2026-02-06,53.84,58.06,60.90,53.26,172414,994898132.00,14.10,7.16,3.88,10.76
2026-02-09,58.90,59.22,60.10,57.65,121817,720374471.00,4.22,2.00,1.16,7.60
2026-02-10,58.54,58.04,59.10,57.79,67396,393285227.00,2.21,-1.99,-1.18,4.20
2026-02-11,57.75,55.86,57.90,55.28,74526,418951561.00,4.51,-3.76,-2.18,4.65
2026-02-12,56.40,58.95,60.10,56.40,100519,591850057.00,6.62,5.53,3.09,6.27
2026-02-13,58.40,57.54,58.55,56.94,53304,308656884.00,2.73,-2.39,-1.41,3.33
2026-02-24,59.29,57.60,60.80,56.90,63659,370572889.00,6.78,0.10,0.06,3.97
2026-02-25,57.70,59.04,61.66,57.50,103481,618661354.00,7.22,2.50,1.44,6.46
2026-02-26,58.72,61.65,62.23,57.60,124930,756537695.00,7.84,4.42,2.61,7.79
2026-02-27,59.90,57.94,59.98,56.80,113472,655953213.00,5.16,-6.02,-3.71,7.08
2026-03-02,55.85,59.75,61.40,55.65,127066,763172531.00,9.92,3.12,1.81,7.93
2026-03-03,59.40,54.85,59.60,54.48,91724,516763729.00,8.57,-8.20,-4.90,5.72
2026-03-04,53.90,53.64,56.28,53.41,58957,322294275.00,5.23,-2.21,-1.21,3.68
2026-03-05,54.91,52.85,54.91,52.03,64991,347979414.00,5.37,-1.47,-0.79,4.05
2026-03-06,52.55,54.59,55.25,51.56,89387,479667803.00,6.98,3.29,1.74,5.58
2026-03-09,51.40,53.87,54.39,49.51,81492,421640939.00,8.94,-1.32,-0.72,5.08
2026-03-10,54.40,58.80,59.78,54.18,131033,752445742.00,10.40,9.15,4.93,8.17
2026-03-11,58.57,61.66,63.14,57.82,203494,1248220656.00,9.05,4.86,2.86,12.70
2026-03-12,61.66,59.28,61.66,57.82,79967,473417384.00,6.23,-3.86,-2.38,4.99
2026-03-13,58.37,58.08,59.12,57.45,65247,380235702.00,2.82,-2.02,-1.20,4.07
2026-03-16,57.74,57.43,58.07,55.90,42491,242894022.00,3.74,-1.12,-0.65,2.65
2026-03-17,57.64,54.70,58.10,54.50,64977,363930940.00,6.27,-4.75,-2.73,4.05
2026-03-18,55.41,56.50,57.25,54.10,57850,324438884.00,5.76,3.29,1.80,3.61
2026-03-19,55.60,53.49,56.07,53.05,51157,278232939.00,5.35,-5.33,-3.01,3.19
2026-03-20,54.31,52.42,55.36,52.40,53911,290119299.00,5.53,-2.00,-1.07,3.36
2026-03-23,51.00,48.50,52.41,48.10,75232,375795895.00,8.22,-7.48,-3.92,4.69
2026-03-24,49.74,50.10,50.55,47.79,55965,274800448.00,5.69,3.30,1.60,3.49
2026-03-25,49.97,52.39,54.16,49.95,61183,321962198.00,8.40,4.57,2.29,3.82
2026-03-26,52.98,52.75,55.00,51.40,64842,347534633.00,6.87,0.69,0.36,4.05
2026-03-27,52.43,52.79,53.58,51.41,37866,199285533.00,4.11,0.08,0.04,2.36
2026-03-30,51.72,52.35,52.95,51.42,39725,207623721.00,2.90,-0.83,-0.44,2.48
2026-03-31,52.00,53.15,55.70,51.43,66361,356498359.00,8.16,1.53,0.80,4.13
2026-04-01,54.02,55.54,55.78,53.80,87433,482095603.00,3.73,4.50,2.39,5.45
2026-04-02,53.89,54.55,56.78,53.09,89836,498002743.00,6.64,-1.78,-0.99,5.60
2026-04-03,55.65,57.37,59.47,54.90,100957,585402517.00,8.38,5.17,2.82,6.29
2026-04-07,57.38,57.27,58.56,56.42,55449,319555774.00,3.73,-0.17,-0.10,3.45
2026-04-08,58.80,60.73,60.78,57.75,77506,464359179.00,5.29,6.04,3.46,4.83
2026-04-09,59.91,69.51,71.67,59.50,172256,1156856777.00,20.04,14.46,8.78,10.73
2026-04-10,69.78,67.23,70.00,66.90,108989,747194048.00,4.46,-3.28,-2.28,6.79
2026-04-13,66.89,66.30,67.88,65.40,77726,517272917.00,3.69,-1.38,-0.93,4.84
2026-04-14,67.90,66.39,68.05,65.90,72601,485629327.00,3.24,0.14,0.09,4.52
2026-04-15,66.90,64.46,67.39,64.00,82782,543566016.00,5.11,-2.91,-1.93,5.16
2026-04-16,65.40,67.88,69.10,64.90,103672,699359433.00,6.52,5.31,3.42,6.46
2026-04-17,68.40,69.07,71.61,66.50,112516,777593051.00,7.53,1.75,1.19,7.01
2026-04-20,69.07,68.54,69.89,67.34,80472,552683189.00,3.69,-0.77,-0.53,5.01
2026-04-21,67.80,67.60,69.25,67.19,58773,399976538.00,3.01,-1.37,-0.94,3.66
2026-04-22,67.24,72.13,73.09,66.71,98216,698217563.00,9.44,6.70,4.53,6.12
2026-04-23,71.90,68.95,72.55,68.25,86570,604149679.00,5.96,-4.41,-3.18,5.39
2026-04-24,68.70,68.17,72.80,68.00,75702,529359733.00,6.96,-1.13,-0.78,4.72
2026-04-27,71.10,70.84,75.58,69.94,110850,804107240.00,8.27,3.92,2.67,6.91
2026-04-28,70.89,72.17,74.05,70.00,98722,710797209.00,5.72,1.88,1.33,6.15
2026-04-29,71.30,72.91,75.20,71.11,93011,679776626.00,5.67,1.03,0.74,5.80
2026-04-30,76.20,82.24,84.90,76.20,144597,1186007268.00,11.93,12.80,9.33,9.01
2026-05-06,83.53,83.21,84.38,80.02,93710,774419821.00,5.30,1.18,0.97,5.84
2026-05-07,83.00,86.75,87.18,82.37,74303,636159028.00,5.78,4.25,3.54,4.63
2026-05-08,85.10,83.80,87.40,83.50,71473,607835498.00,4.50,-3.40,-2.95,4.45
2026-05-11,83.80,92.40,93.91,82.15,106276,942080929.00,14.03,10.26,8.60,6.62
2026-05-12,90.81,90.16,95.32,89.20,76662,701284401.00,6.62,-2.42,-2.24,4.78
2026-05-13,88.90,95.33,95.70,86.22,87478,805828967.00,10.51,5.73,5.17,5.45
2026-05-14,96.10,96.90,102.82,93.50,97039,956859935.00,9.78,1.65,1.57,6.05
2026-05-15,96.89,94.89,99.48,92.90,79449,763662310.00,6.79,-2.07,-2.01,4.95
2026-05-18,94.10,97.45,99.40,92.61,61244,590349037.00,7.16,2.70,2.56,3.82
2026-05-19,97.90,103.32,104.08,96.01,79883,804348397.00,8.28,6.02,5.87,4.98
2026-05-20,103.70,106.91,109.89,98.66,99620,1037300578.00,10.87,3.47,3.59,6.21
2026-05-21,107.60,93.40,109.00,93.05,133989,1339851894.00,14.92,-12.64,-13.51,8.35
2026-05-22,95.79,98.70,102.90,94.40,81593,801615627.00,9.10,5.67,5.30,5.08
2026-05-25,99.86,95.20,99.86,93.39,78469,748039174.00,6.56,-3.55,-3.50,4.89
2026-05-26,93.90,93.47,96.28,90.90,58477,545363322.00,5.65,-1.82,-1.73,3.64
2026-05-27,93.47,93.32,95.90,91.20,56719,530885870.00,5.03,-0.16,-0.15,3.53
2026-05-28,92.90,95.96,97.88,91.48,51274,487292196.00,6.86,2.83,2.64,3.19
2026-05-29,96.20,90.52,96.55,89.56,53107,491583581.00,7.28,-5.67,-5.44,3.31
2026-06-01,92.33,85.75,93.00,85.72,65909,581196614.00,8.04,-5.27,-4.77,4.11
2026-06-02,85.95,86.78,87.80,84.00,43014,370922071.00,4.43,1.20,1.03,2.68
2026-06-03,87.64,86.01,89.90,84.88,62034,545378078.00,5.78,-0.89,-0.77,3.86
2026-06-04,85.00,90.37,92.39,84.10,70453,626361215.00,9.64,5.07,4.36,4.39
2026-06-05,89.49,89.12,93.09,87.86,60561,548339959.00,5.79,-1.38,-1.25,3.77
2026-06-08,87.00,84.60,92.88,83.02,59716,517200228.00,11.06,-5.07,-4.52,3.72
2026-06-09,86.84,87.15,90.62,84.99,48301,422129689.00,6.65,3.01,2.55,3.01
2026-06-10,85.50,84.61,86.50,83.31,36700,311120771.00,3.66,-2.91,-2.54,2.29
2026-06-11,84.00,89.52,89.52,82.90,64120,550322541.00,7.82,5.80,4.91,3.99
2026-06-12,93.00,93.11,100.90,89.61,130258,1248355711.00,12.61,4.01,3.59,8.12
2026-06-15,96.00,98.02,98.25,94.00,76514,737820201.00,4.56,5.27,4.91,4.77
2026-06-16,98.00,117.62,117.62,97.09,108020,1192039145.00,20.94,20.00,19.60,6.73
2026-06-17,119.50,120.60,121.98,115.00,106956,1276851029.00,5.93,2.53,2.98,6.66
2026-06-18,121.63,126.80,128.88,118.27,90338,1120284177.00,8.80,5.14,6.20,5.63
2026-06-22,128.68,133.89,137.88,128.68,97261,1297774252.00,7.26,5.59,7.09,6.06
2026-06-23,136.72,131.80,137.29,128.83,101590,1342949161.00,6.32,-1.56,-2.09,6.33
2026-06-24,129.50,144.25,147.50,129.00,92961,1300996717.00,14.04,9.45,12.45,5.79
2026-06-25,144.00,140.99,145.72,140.51,75134,1071974313.00,3.61,-2.26,-3.26,4.68
2026-06-26,140.51,137.37,142.68,133.88,67934,939208700.00,6.24,-2.57,-3.62,4.23
2026-06-29,136.58,140.72,147.86,134.50,70512,993235492.00,9.73,2.44,3.35,4.39
2026-06-30,140.60,156.25,158.00,138.08,82551,1238784151.05,14.16,11.04,15.53,5.14