2026-01-05,35.86,35.62,36.70,35.40,83291,298632821.00,3.68,0.76,0.27,1.97
2026-01-06,35.68,35.96,36.13,35.37,73299,262520658.00,2.13,0.95,0.34,1.73
2026-01-07,36.10,36.59,36.88,35.79,117798,430151077.00,3.03,1.75,0.63,2.79
2026-01-08,36.50,35.99,36.99,35.90,115338,420625893.00,2.98,-1.64,-0.60,2.73
2026-01-09,35.81,36.67,37.53,35.81,138876,513198590.00,4.78,1.89,0.68,3.28
2026-01-12,36.67,37.20,37.30,35.91,135189,496559191.00,3.79,1.45,0.53,3.20
2026-01-13,37.90,36.51,39.50,36.37,200258,753901062.00,8.41,-1.85,-0.69,4.74
2026-01-14,36.70,36.18,38.00,35.65,137052,503585180.00,6.44,-0.90,-0.33,3.24
2026-01-15,36.32,37.91,37.97,36.18,147992,552285513.00,4.95,4.78,1.73,3.50
2026-01-16,37.70,37.89,38.98,37.08,107789,411683123.00,5.01,-0.05,-0.02,2.55
2026-01-19,37.88,37.25,38.36,37.02,79514,297687136.00,3.54,-1.69,-0.64,1.88
2026-01-20,37.49,35.93,37.53,35.60,91905,332375694.00,5.18,-3.54,-1.32,2.17
2026-01-21,35.85,38.23,38.30,35.70,142589,536683632.00,7.24,6.40,2.30,3.37
2026-01-22,38.23,37.56,38.24,37.38,76187,287057780.00,2.25,-1.75,-0.67,1.80
2026-01-23,37.75,38.72,38.78,37.66,96259,370386611.00,2.98,3.09,1.16,2.28
2026-01-26,38.80,37.70,38.90,37.33,90335,341600417.00,4.05,-2.63,-1.02,2.14
2026-01-27,38.18,41.47,41.47,38.00,228793,925571454.00,9.20,10.00,3.77,5.41
2026-01-28,42.30,44.30,44.74,42.01,341195,1478903389.00,6.58,6.82,2.83,8.07
2026-01-29,44.77,42.18,45.27,42.00,238830,1028726330.00,7.38,-4.79,-2.12,5.65
2026-01-30,42.00,42.19,43.35,39.40,180010,741758555.00,9.36,0.02,0.01,4.26
2026-02-02,41.00,39.76,42.29,39.67,114139,467285979.00,6.21,-5.76,-2.43,2.70
2026-02-03,40.45,40.19,40.53,39.38,82198,328375390.00,2.89,1.08,0.43,1.94
2026-02-04,39.95,39.84,40.18,39.31,71606,283720658.00,2.16,-0.87,-0.35,1.69
2026-02-05,39.66,39.03,40.58,38.86,89579,353513590.00,4.32,-2.03,-0.81,2.12
2026-02-06,38.75,42.93,42.93,38.19,155090,637719563.00,12.14,9.99,3.90,3.67
2026-02-09,42.94,46.01,47.01,42.08,204367,915236416.00,11.48,7.17,3.08,4.83
2026-02-10,46.05,45.97,47.18,44.52,168743,776395412.00,5.78,-0.09,-0.04,3.99
2026-02-11,46.00,46.27,47.74,46.00,107952,504390531.00,3.79,0.65,0.30,2.55
2026-02-12,46.61,45.94,47.01,45.40,87899,406594087.00,3.48,-0.71,-0.33,2.08
2026-02-13,45.65,45.14,46.55,45.09,62804,287332836.00,3.18,-1.74,-0.80,1.49
2026-02-24,45.14,44.56,45.66,43.84,112703,501315451.00,4.03,-1.28,-0.58,2.67
2026-02-25,44.36,44.57,45.40,44.16,92562,414045305.00,2.78,0.02,0.01,2.19
2026-02-26,44.60,45.60,46.10,44.18,95933,434276848.00,4.31,2.31,1.03,2.27
2026-02-27,45.58,47.83,48.10,45.30,121535,571064020.00,6.14,4.89,2.23,2.87
2026-03-02,47.36,49.63,50.35,46.86,165432,807866275.00,7.30,3.76,1.80,3.91
2026-03-03,51.13,52.66,54.59,51.13,254893,1366529687.00,6.97,6.11,3.03,6.03
2026-03-04,52.66,55.41,56.90,52.23,177156,970606065.00,8.87,5.22,2.75,4.19
2026-03-05,54.50,53.27,54.50,52.45,134210,713793608.00,3.70,-3.86,-2.14,3.17
2026-03-06,52.69,52.90,53.63,51.69,90290,476288073.00,3.64,-0.69,-0.37,2.14
2026-03-09,51.00,50.93,51.50,49.20,145697,733204674.00,4.35,-3.72,-1.97,3.45
2026-03-10,50.92,52.32,52.57,50.90,76035,394270079.00,3.28,2.73,1.39,1.80
2026-03-11,52.45,52.29,53.13,51.77,83075,435105820.00,2.60,-0.06,-0.03,1.96
2026-03-12,52.37,50.65,52.75,50.12,78021,399710605.00,5.03,-3.14,-1.64,1.85
2026-03-13,50.50,50.09,51.18,49.86,59561,300595460.00,2.61,-1.11,-0.56,1.41
2026-03-16,49.90,47.55,50.66,46.46,145440,692789261.00,8.38,-5.07,-2.54,3.44
2026-03-17,48.50,46.39,48.58,46.31,76760,362001461.00,4.77,-2.44,-1.16,1.82
2026-03-18,46.39,46.15,46.73,45.73,59636,275211720.00,2.16,-0.52,-0.24,1.41
2026-03-19,46.01,43.20,46.01,42.82,104932,460543617.00,6.91,-6.39,-2.95,2.48
2026-03-20,43.58,43.11,44.80,43.04,68975,302776090.00,4.07,-0.21,-0.09,1.63
2026-03-23,42.50,40.49,42.98,40.23,108824,450178865.00,6.38,-6.08,-2.62,2.57
2026-03-24,42.00,41.11,42.00,39.14,120954,485117451.00,7.06,1.53,0.62,2.86
2026-03-25,41.43,41.98,42.30,41.35,74684,312638827.00,2.31,2.12,0.87,1.77
2026-03-26,42.26,41.04,42.29,40.80,48254,199823807.00,3.55,-2.24,-0.94,1.14
2026-03-27,40.52,41.28,42.30,40.18,75733,313689727.00,5.17,0.58,0.24,1.79
2026-03-30,41.13,41.56,42.22,40.40,65870,271653752.00,4.41,0.68,0.28,1.56
2026-03-31,41.73,40.98,42.00,40.60,43897,181083940.00,3.37,-1.40,-0.58,1.04
2026-04-01,41.70,42.59,43.00,41.06,76691,322262292.00,4.73,3.93,1.61,1.81
2026-04-02,42.41,40.72,42.55,40.50,90804,375169691.00,4.81,-4.39,-1.87,2.15
2026-04-03,40.80,40.26,41.26,40.06,54124,219285234.00,2.95,-1.13,-0.46,1.28
2026-04-07,40.47,40.34,41.18,40.15,42429,172293059.00,2.56,0.20,0.08,1.00
2026-04-08,41.50,42.75,42.88,41.33,87498,369005680.00,3.84,5.97,2.41,2.07
2026-04-09,42.88,41.90,42.89,41.78,62421,263475793.00,2.60,-1.99,-0.85,1.48
2026-04-10,42.80,42.99,43.60,42.08,86797,372367435.00,3.63,2.60,1.09,2.05
2026-04-13,42.81,42.59,43.33,41.86,74018,315284126.00,3.42,-0.93,-0.40,1.75
2026-04-14,43.44,43.64,43.72,42.33,85396,368478519.00,3.26,2.47,1.05,2.02
2026-04-15,43.70,43.28,44.39,43.10,90594,396205911.00,2.96,-0.82,-0.36,2.14
2026-04-16,43.50,44.51,44.69,43.12,73335,323581217.00,3.63,2.84,1.23,1.73
2026-04-17,44.49,45.61,45.93,44.28,97931,444358268.00,3.71,2.47,1.10,2.32
2026-04-20,45.64,48.70,49.37,45.62,138894,665323939.00,8.22,6.77,3.09,3.28
2026-04-21,48.30,47.92,48.70,47.55,80080,384340414.00,2.36,-1.60,-0.78,1.89
2026-04-22,48.40,48.42,48.77,47.63,81522,393762154.00,2.38,1.04,0.50,1.93
2026-04-23,48.20,48.73,49.37,47.23,92403,446563750.00,4.42,0.64,0.31,2.19
2026-04-24,48.90,48.65,49.00,47.50,88032,424107459.00,3.08,-0.16,-0.08,2.08
2026-04-27,48.90,48.73,49.48,47.79,93187,453142689.00,3.47,0.16,0.08,2.20
2026-04-28,48.42,47.00,48.42,46.73,91282,432607348.00,3.47,-3.55,-1.73,2.16
2026-04-29,46.79,47.21,47.61,46.76,55194,260734473.00,1.81,0.45,0.21,1.31
2026-04-30,47.50,46.35,47.70,46.32,61473,287469520.00,2.92,-1.82,-0.86,1.45
2026-05-06,47.00,45.90,47.25,45.60,104524,482123080.00,3.56,-0.97,-0.45,2.47
2026-05-07,46.10,45.89,46.30,45.07,79395,362659451.00,2.68,-0.02,-0.01,1.88
2026-05-08,46.00,45.30,46.46,45.00,68293,311209964.00,3.18,-1.29,-0.59,1.62
2026-05-11,45.30,45.34,46.06,44.44,88728,402036421.00,3.58,0.09,0.04,2.10
2026-05-12,45.45,44.07,45.87,43.76,118555,527085372.00,4.65,-2.80,-1.27,2.80
2026-05-13,44.08,44.02,44.60,43.70,84968,373939156.00,2.04,-0.11,-0.05,2.01
2026-05-14,43.83,41.81,44.00,41.78,115085,490036684.00,5.04,-5.02,-2.21,2.72
2026-05-15,41.96,42.89,44.35,41.20,134337,576238727.00,7.53,2.58,1.08,3.18
2026-05-18,42.69,42.87,44.09,42.60,85247,369124503.00,3.47,-0.05,-0.02,2.02
2026-05-19,42.86,41.57,43.04,41.35,87648,365744116.00,3.94,-3.03,-1.30,2.07
2026-05-20,41.30,45.73,45.73,40.96,179355,787861151.00,11.47,10.01,4.16,4.24
2026-05-21,48.00,45.90,48.24,45.58,195147,920154206.00,5.82,0.37,0.17,4.62
2026-05-22,46.20,50.49,50.49,45.80,215882,1036780194.00,10.22,10.00,4.59,5.11
2026-05-25,53.00,55.54,55.54,51.12,305219,1629108338.00,8.75,10.00,5.05,7.22
2026-05-26,55.54,58.30,60.26,55.54,358407,2087124777.00,8.50,4.97,2.76,8.48
2026-05-27,58.80,64.13,64.13,58.73,211408,1322340965.00,9.26,10.00,5.83,5.00
2026-05-28,64.68,63.70,66.06,59.36,391070,2436982199.00,10.45,-0.67,-0.43,9.25
2026-05-29,64.77,58.87,64.78,58.45,335935,2042377034.00,9.94,-7.58,-4.83,7.95
2026-06-01,58.50,59.53,62.87,58.11,219586,1329434489.00,8.09,1.12,0.66,5.19
2026-06-02,60.04,61.79,62.60,59.88,209137,1281935586.00,4.57,3.80,2.26,4.95
2026-06-03,61.79,67.97,67.97,61.79,195963,1318117930.00,10.00,10.00,6.18,4.63
2026-06-04,69.05,66.90,71.20,65.00,375852,2544332488.00,9.12,-1.57,-1.07,8.89
2026-06-05,65.00,65.27,67.33,63.28,227766,1485379026.00,6.05,-2.44,-1.63,5.39
2026-06-08,60.06,63.45,65.72,60.06,166584,1052549399.00,8.67,-2.79,-1.82,3.94
2026-06-09,65.48,69.80,69.80,64.00,256456,1763753078.00,9.14,10.01,6.35,6.07
2026-06-10,71.20,74.79,75.09,70.20,356548,2597220030.00,7.01,7.15,4.99,8.43
2026-06-11,73.86,74.39,76.26,71.25,291838,2158902096.00,6.70,-0.53,-0.40,6.90
2026-06-12,76.00,72.60,79.50,71.70,265904,1999271378.00,10.49,-2.41,-1.79,6.29
2026-06-15,75.43,75.44,76.18,69.90,230709,1699004414.00,8.65,3.91,2.84,5.46
2026-06-16,76.00,82.98,82.98,73.49,191907,1535609188.00,12.58,9.99,7.54,4.54
2026-06-17,83.00,79.54,86.00,77.31,294793,2344520538.00,10.47,-4.15,-3.44,6.97
2026-06-18,83.26,87.49,87.49,83.23,186814,1624257923.00,5.36,9.99,7.95,4.42
2026-06-22,91.86,96.24,96.24,90.15,268160,2547006671.00,6.96,10.00,8.75,6.34
2026-06-23,100.00,101.07,105.86,96.30,485240,4943636314.00,9.93,5.02,4.83,11.47
2026-06-24,102.00,103.81,105.85,96.80,304704,3082370322.00,8.95,2.71,2.74,7.20
2026-06-25,104.07,100.48,105.00,95.80,287173,2866031993.00,8.86,-3.21,-3.33,6.79
2026-06-26,98.43,94.53,98.80,92.90,222874,2125338761.00,5.87,-5.92,-5.95,5.27
2026-06-29,96.22,95.98,98.68,89.00,256039,2405810713.00,10.24,1.53,1.45,6.05