2026-01-05,19.29,19.36,19.55,19.23,8599,16761861.00,1.67,1.10,0.21,0.66
2026-01-06,19.30,19.41,19.48,19.30,8474,16516113.00,0.93,0.26,0.05,0.65
2026-01-07,19.41,19.84,19.93,19.35,19750,39162980.00,2.99,2.22,0.43,1.52
2026-01-08,19.91,20.66,20.80,19.91,25328,52249236.00,4.49,4.13,0.82,1.95
2026-01-09,20.65,20.73,20.78,20.45,13789,28597073.00,1.60,0.34,0.07,1.06
2026-01-12,20.79,20.97,21.63,20.79,22749,48498630.00,4.05,1.16,0.24,1.75
2026-01-13,20.94,20.63,21.16,20.62,16297,34046582.00,2.58,-1.62,-0.34,1.25
2026-01-14,20.47,20.82,21.10,20.42,16460,34304014.00,3.30,0.92,0.19,1.27
2026-01-15,20.95,21.41,21.41,20.82,21060,44854473.00,2.83,2.83,0.59,1.62
2026-01-16,21.64,22.48,22.48,21.64,60416,135543705.00,3.92,5.00,1.07,4.65
2026-01-19,22.26,21.41,22.26,21.35,65279,140909652.00,4.05,-4.76,-1.07,5.02
2026-01-20,21.42,20.91,21.44,20.75,27562,58240959.00,3.22,-2.34,-0.50,2.12
2026-01-21,20.82,20.68,20.99,20.60,17053,35544620.00,1.87,-1.10,-0.23,1.31
2026-01-22,20.55,20.66,20.82,20.03,23374,48167626.00,3.82,-0.10,-0.02,1.80
2026-01-23,20.72,20.82,20.95,20.52,15879,32976215.00,2.08,0.77,0.16,1.22
2026-01-26,20.90,20.88,20.91,20.57,14250,29726251.00,1.63,0.29,0.06,1.10
2026-01-27,20.81,20.70,20.90,20.40,14048,29057480.00,2.39,-0.86,-0.18,1.08
2026-01-28,20.60,20.15,20.82,20.12,14334,29313520.00,3.38,-2.66,-0.55,1.10
2026-01-29,20.21,20.37,20.68,20.00,14270,29231884.00,3.37,1.09,0.22,1.10
2026-01-30,20.12,20.56,20.67,20.03,10968,22398668.00,3.14,0.93,0.19,0.84
2026-02-02,20.62,20.31,20.82,20.21,14627,30247121.00,2.97,-1.22,-0.25,1.13
2026-02-03,20.30,20.56,20.68,20.30,9544,19661810.00,1.87,1.23,0.25,0.73
2026-02-04,20.40,20.50,20.67,20.40,7066,14539971.00,1.31,-0.29,-0.06,0.54
2026-02-05,20.51,20.71,20.95,20.50,14846,30990646.00,2.20,1.02,0.21,1.14
2026-02-06,20.59,20.72,20.97,20.43,12458,25938666.00,2.61,0.05,0.01,0.96
2026-02-09,20.91,21.05,21.18,20.82,19669,41491661.00,1.74,1.59,0.33,1.51
2026-02-10,21.42,22.11,22.11,21.42,51961,114454202.00,3.28,5.04,1.06,4.00
2026-02-11,22.26,21.92,22.54,21.63,44112,97558083.00,4.12,-0.86,-0.19,3.39
2026-02-12,21.79,21.30,21.87,21.28,22858,49351358.00,2.69,-2.83,-0.62,1.76
2026-02-13,21.26,21.27,21.63,21.22,13934,29899807.00,1.92,-0.14,-0.03,1.07
2026-02-24,21.49,21.24,21.70,21.09,18450,39542594.00,2.87,-0.14,-0.03,1.42
2026-02-25,21.27,21.61,21.61,21.15,20329,43756336.00,2.17,1.74,0.37,1.56
2026-02-26,21.61,21.83,21.90,21.49,12859,27994730.00,1.90,1.02,0.22,0.99
2026-02-27,21.65,22.14,22.17,21.62,15547,34247343.00,2.52,1.42,0.31,1.20
2026-03-02,21.77,21.86,22.13,21.69,19332,42378641.00,1.99,-1.26,-0.28,1.49
2026-03-03,21.86,20.81,21.93,20.76,23232,49358995.00,5.35,-4.80,-1.05,1.79
2026-03-04,20.57,20.81,21.16,20.57,8599,18001500.00,2.84,0.00,0.00,0.66
2026-03-05,21.08,20.51,21.12,20.37,16898,35151978.00,3.60,-1.44,-0.30,1.30
2026-03-06,20.51,20.69,20.87,20.44,10142,21034625.00,2.10,0.88,0.18,0.78
2026-03-09,20.39,20.69,20.75,20.21,10990,22562075.00,2.61,0.00,0.00,0.85
2026-03-10,20.80,20.89,21.02,20.67,10065,20999401.00,1.69,0.97,0.20,0.77
2026-03-11,20.91,20.90,20.94,20.72,5635,11776928.00,1.05,0.05,0.01,0.43
2026-03-12,20.86,20.70,20.87,20.63,5229,10871993.00,1.15,-0.96,-0.20,0.40
2026-03-13,20.50,20.51,20.72,20.38,9768,20146816.00,1.64,-0.92,-0.19,0.75
2026-03-16,20.51,20.60,20.81,20.43,14110,29070275.00,1.85,0.44,0.09,1.09
2026-03-17,20.71,20.49,20.71,20.42,8406,17358431.00,1.41,-0.53,-0.11,0.65
2026-03-18,20.43,20.74,20.75,20.35,8308,17145491.00,1.95,1.22,0.25,0.64
2026-03-19,20.53,20.33,20.68,20.04,13122,26769079.00,3.09,-1.98,-0.41,1.01
2026-03-20,20.31,19.65,20.60,19.63,11491,23170086.00,4.77,-3.34,-0.68,0.88
2026-03-23,19.17,18.66,19.30,18.66,13647,25858241.00,3.26,-5.04,-0.99,1.05
2026-03-24,18.82,18.84,18.85,17.92,13856,25683827.00,4.98,0.96,0.18,1.07
2026-03-25,18.92,19.31,19.36,18.72,7945,15305160.00,3.40,2.49,0.47,0.61
2026-03-26,19.49,19.22,19.50,18.83,10837,20934203.00,3.47,-0.47,-0.09,0.83
2026-03-27,19.10,19.45,19.49,18.96,7390,14347176.00,2.76,1.20,0.23,0.57
2026-03-30,19.07,19.46,19.47,19.07,4770,9264929.00,2.06,0.05,0.01,0.37
2026-03-31,19.39,19.41,19.70,19.17,6538,12761903.00,2.72,-0.26,-0.05,0.50
2026-04-01,19.41,19.55,19.58,19.39,7589,14824016.00,0.98,0.72,0.14,0.58
2026-04-02,19.45,19.27,19.47,19.01,9373,18061695.00,2.35,-1.43,-0.28,0.72
2026-04-03,19.35,18.96,19.36,18.95,5367,10277773.00,2.13,-1.61,-0.31,0.41
2026-04-07,18.91,18.77,19.08,18.68,8305,15690277.00,2.11,-1.00,-0.19,0.64
2026-04-08,19.02,19.53,19.55,19.02,16849,32551439.00,2.82,4.05,0.76,1.30
2026-04-09,19.44,20.00,20.07,19.41,15900,31625839.00,3.38,2.41,0.47,1.22
2026-04-10,19.97,20.00,20.22,19.87,12780,25711639.00,1.75,0.00,0.00,0.98
2026-04-13,20.12,21.00,21.00,20.12,16696,34907196.00,4.40,5.00,1.00,1.28
2026-04-14,21.92,21.57,21.92,21.32,45067,97876706.00,2.86,2.71,0.57,3.47
2026-04-15,21.57,21.66,21.82,21.39,20828,45097949.00,1.99,0.42,0.09,1.60
2026-04-16,21.92,22.02,22.57,21.90,26954,59881007.00,3.09,1.66,0.36,2.07
2026-04-17,21.75,22.12,22.37,21.75,28058,62237749.00,2.82,0.45,0.10,2.16
2026-04-20,22.08,21.29,22.08,21.02,44800,95769730.00,4.79,-3.75,-0.83,3.45
2026-04-21,21.29,21.93,21.94,21.29,23958,52023106.00,3.05,3.01,0.64,1.84
2026-04-22,21.94,22.34,22.44,21.92,26645,59613370.00,2.37,1.87,0.41,2.05
2026-04-23,22.32,21.71,22.48,21.67,22235,48985703.00,3.63,-2.82,-0.63,1.71
2026-04-24,21.61,21.96,22.02,21.19,21165,45988820.00,3.82,1.15,0.25,1.63
2026-04-27,22.24,23.06,23.06,21.74,37881,86195447.00,6.01,5.01,1.10,2.91
2026-04-28,23.08,23.91,24.08,23.08,47507,112647808.00,4.34,3.69,0.85,3.65
2026-04-29,24.17,23.76,24.37,23.70,33289,80132792.00,2.80,-0.63,-0.15,2.56
2026-04-30,23.32,24.55,24.80,23.26,37977,92974453.00,6.48,3.32,0.79,2.92
2026-05-06,24.62,24.80,25.22,24.29,32827,81588175.00,3.79,1.02,0.25,2.53
2026-05-07,24.52,25.02,26.04,24.52,53073,135941924.00,6.13,0.89,0.22,4.08
2026-05-08,25.05,25.86,26.10,25.04,43859,112882135.00,4.24,3.36,0.84,3.37
2026-05-11,25.85,25.83,26.34,25.10,34959,89937826.00,4.80,-0.12,-0.03,2.69
2026-05-12,25.98,24.53,26.01,24.53,36805,92481526.00,5.73,-5.03,-1.30,2.83
2026-05-13,24.32,24.76,25.02,24.17,28598,70867299.00,3.47,0.94,0.23,2.20
2026-05-14,24.55,24.35,24.90,23.65,38769,93982373.00,5.05,-1.66,-0.41,2.98
2026-05-15,24.45,24.74,24.92,24.02,23307,57306270.00,3.70,1.60,0.39,1.79
2026-05-18,24.38,23.50,24.52,23.50,21495,51025594.00,4.12,-5.01,-1.24,1.65
2026-05-19,23.21,23.35,23.61,22.65,19120,44580698.00,4.09,-0.64,-0.15,1.47
2026-05-20,23.35,23.10,23.47,22.96,14494,33658904.00,2.18,-1.07,-0.25,1.11
2026-05-21,23.41,22.94,23.62,22.81,16936,39433959.00,3.51,-0.69,-0.16,1.30
2026-05-22,23.14,24.09,24.09,23.14,26360,63264826.00,4.14,5.01,1.15,2.03
2026-05-25,24.22,24.88,25.00,23.95,37793,93158603.00,4.36,3.28,0.79,2.91
2026-05-26,24.86,24.81,24.90,24.15,19173,46920862.00,3.01,-0.28,-0.07,1.47
2026-05-27,24.64,24.60,24.79,24.08,14946,36422214.00,2.86,-0.85,-0.21,1.15
2026-05-28,24.50,25.25,25.55,24.17,16327,40762191.00,5.61,2.64,0.65,1.26
2026-05-29,25.14,24.95,25.56,24.52,17770,44290231.00,4.12,-1.19,-0.30,1.37
2026-06-02,26.00,24.09,27.20,23.10,93502,233779837.00,16.43,-3.45,-0.86,7.19
2026-06-03,22.62,21.68,23.16,21.68,81556,180948641.00,6.14,-10.00,-2.41,6.27
2026-06-04,20.80,20.60,21.39,20.52,50653,105547721.00,4.01,-4.98,-1.08,3.90
2026-06-05,20.44,20.32,20.96,19.67,56863,114793754.00,6.26,-1.36,-0.28,4.37
2026-06-08,20.22,19.63,21.06,19.40,53952,108838064.00,8.17,-3.40,-0.69,4.15
2026-06-09,19.70,19.29,19.90,19.00,46371,89832179.00,4.58,-1.73,-0.34,3.57
2026-06-10,19.12,19.32,20.20,19.00,46874,91219816.00,6.22,0.16,0.03,3.61
2026-06-11,19.16,18.52,19.16,18.17,46468,86275427.00,5.12,-4.14,-0.80,3.57
2026-06-12,18.60,18.54,18.96,17.74,42900,78966036.00,6.59,0.11,0.02,3.30
2026-06-15,18.54,18.63,19.05,18.54,33131,62102993.00,2.75,0.49,0.09,2.55
2026-06-16,18.42,20.49,20.49,17.94,59335,114947958.00,13.69,9.98,1.86,4.56
2026-06-25,19.80,19.10,20.46,18.44,121710,236287573.00,9.86,-6.78,-1.39,9.36
2026-06-26,18.51,17.91,18.58,17.45,66307,118422199.00,5.92,-6.23,-1.19,5.10