2026-01-05,11.20,11.18,11.42,11.16,47643,54394973.00,2.33,0.36,0.04,1.83
2026-01-06,11.24,11.07,11.25,10.95,58670,66016851.00,2.68,-0.98,-0.11,2.25
2026-01-07,11.08,11.14,11.25,10.97,54451,61196685.00,2.53,0.63,0.07,2.09
2026-01-08,11.13,11.29,11.33,11.03,45814,51976990.00,2.69,1.35,0.15,1.76
2026-01-09,11.33,11.38,11.46,11.24,49075,56358698.00,1.95,0.80,0.09,1.88
2026-01-12,11.43,11.43,11.58,11.30,57404,66391973.00,2.46,0.44,0.05,2.20
2026-01-13,11.43,11.37,11.54,11.36,48643,56422709.00,1.57,-0.52,-0.06,1.87
2026-01-14,11.42,11.37,11.52,11.23,44223,50920910.00,2.55,0.00,0.00,1.70
2026-01-15,11.29,11.38,11.41,11.15,32738,37470888.00,2.29,0.09,0.01,1.26
2026-01-16,11.44,11.27,11.44,11.25,30121,34557689.00,1.67,-0.97,-0.11,1.16
2026-01-19,11.40,11.54,11.54,11.28,39572,45944960.00,2.31,2.40,0.27,1.52
2026-01-20,11.54,11.63,11.63,11.45,30190,35284415.00,1.56,0.78,0.09,1.16
2026-01-21,11.53,11.50,11.61,11.42,26376,30736312.00,1.63,-1.12,-0.13,1.01
2026-01-22,11.51,11.69,11.71,11.51,32326,38103868.00,1.74,1.65,0.19,1.24
2026-01-23,11.69,11.66,11.70,11.58,26639,31392430.00,1.03,-0.26,-0.03,1.02
2026-01-26,11.66,11.50,11.72,11.39,39012,45582013.00,2.83,-1.37,-0.16,1.50
2026-01-27,11.45,11.35,11.52,11.06,38502,43959300.00,4.00,-1.30,-0.15,1.48
2026-01-28,11.38,11.26,11.49,11.20,27557,31605022.00,2.56,-0.79,-0.09,1.06
2026-01-29,11.24,11.24,11.44,11.08,26763,30570255.00,3.20,-0.18,-0.02,1.03
2026-01-30,11.24,11.42,11.48,11.16,39990,46008889.00,2.85,1.60,0.18,1.53
2026-02-02,11.41,11.29,11.58,11.25,35402,41055644.00,2.89,-1.14,-0.13,1.36
2026-02-03,11.35,11.27,11.40,11.13,28879,32905002.00,2.39,-0.18,-0.02,1.11
2026-02-04,11.26,11.43,11.45,11.14,26274,30237702.00,2.75,1.42,0.16,1.01
2026-02-05,11.47,11.50,11.67,11.34,44523,52174578.00,2.89,0.61,0.07,1.71
2026-02-06,11.54,11.44,11.78,11.44,44284,51990551.00,2.96,-0.52,-0.06,1.70
2026-02-09,11.54,11.59,11.67,11.51,37980,44685224.00,1.40,1.31,0.15,1.46
2026-02-10,11.64,11.57,11.64,11.53,19338,22701519.00,0.95,-0.17,-0.02,0.74
2026-02-11,11.63,11.52,11.63,11.47,16808,19659676.00,1.38,-0.43,-0.05,0.64
2026-02-12,11.53,11.38,11.55,11.34,20696,23963312.00,1.82,-1.22,-0.14,0.79
2026-02-13,11.43,11.43,11.61,11.32,26296,30616402.00,2.55,0.44,0.05,1.01
2026-02-24,11.49,11.78,11.80,11.49,29867,35416850.00,2.71,3.06,0.35,1.15
2026-02-25,11.80,11.72,11.83,11.68,27843,33139620.00,1.27,-0.51,-0.06,1.07
2026-02-26,11.72,11.75,11.81,11.69,25276,30052007.00,1.02,0.26,0.03,0.97
2026-02-27,11.76,11.78,11.89,11.62,31130,37015646.00,2.30,0.26,0.03,1.19
2026-03-02,11.64,11.26,11.64,11.13,55231,63273182.00,4.33,-4.41,-0.52,2.12
2026-03-03,11.24,11.15,11.50,11.15,45344,52205504.00,3.11,-0.98,-0.11,1.74
2026-03-04,11.10,11.06,11.20,10.80,41757,46571772.00,3.59,-0.81,-0.09,1.60
2026-03-05,11.15,11.03,11.27,10.95,22274,25086643.00,2.89,-0.27,-0.03,0.85
2026-03-06,10.98,11.61,11.63,10.90,39013,45210699.00,6.62,5.26,0.58,1.50
2026-03-09,11.40,11.32,11.49,11.27,40331,46367354.00,1.89,-2.50,-0.29,1.55
2026-03-10,11.40,11.68,11.72,11.36,34567,40704380.00,3.18,3.18,0.36,1.33
2026-03-11,11.70,11.60,11.75,11.51,23077,27181387.00,2.05,-0.68,-0.08,0.89
2026-03-12,11.65,11.42,11.65,11.38,18924,21995018.00,2.33,-1.55,-0.18,0.73
2026-03-13,11.42,11.54,11.63,11.34,17742,20706543.00,2.54,1.05,0.12,0.68
2026-03-16,11.40,11.54,11.70,11.40,27919,32580358.00,2.60,0.00,0.00,1.07
2026-03-17,11.49,11.37,11.67,11.34,20183,23546068.00,2.86,-1.47,-0.17,0.77
2026-03-18,11.37,11.56,11.58,11.23,26636,30763262.00,3.08,1.67,0.19,1.02
2026-03-19,11.47,11.16,11.57,11.08,23185,26451134.00,4.24,-3.46,-0.40,0.89
2026-03-20,11.15,10.77,11.28,10.74,35443,39342829.00,4.84,-3.49,-0.39,1.36
2026-03-23,10.56,9.85,10.62,9.70,57450,58820133.00,8.54,-8.54,-0.92,2.20
2026-03-24,10.14,10.45,10.50,9.96,59158,61427581.00,5.48,6.09,0.60,2.27
2026-03-25,10.36,11.02,11.18,10.28,69024,75027681.00,8.61,5.45,0.57,2.65
2026-03-26,11.00,10.60,11.14,10.40,58701,63906835.00,6.72,-3.81,-0.42,2.25
2026-03-27,10.50,10.89,11.03,10.38,42758,46769061.00,6.13,2.74,0.29,1.64
2026-03-30,10.85,11.50,11.62,10.76,82224,93935628.00,7.90,5.60,0.61,3.15
2026-03-31,11.51,11.28,11.69,11.15,51449,59695719.00,4.70,-1.91,-0.22,1.97
2026-04-01,11.48,11.07,11.55,10.97,46537,52698633.00,5.14,-1.86,-0.21,1.79
2026-04-02,11.04,10.94,11.13,10.72,40754,45155142.00,3.70,-1.17,-0.13,1.56
2026-04-03,10.97,10.52,10.97,10.38,46326,49827840.00,5.39,-3.84,-0.42,1.78
2026-04-07,10.48,10.80,10.99,10.48,40183,43896371.00,4.85,2.66,0.28,1.54
2026-04-08,11.10,11.47,11.49,11.05,42291,48287178.00,4.07,6.20,0.67,1.62
2026-04-09,11.42,12.17,12.31,11.26,183305,218474374.00,9.15,6.10,0.70,7.03
2026-04-10,12.12,12.24,12.58,12.00,184515,230822435.00,4.77,0.58,0.07,7.08
2026-04-13,12.33,12.26,12.55,11.71,158322,194506296.00,6.86,0.16,0.02,6.07
2026-04-14,12.26,12.78,12.81,12.23,159638,202894598.00,4.73,4.24,0.52,6.12
2026-04-15,13.01,13.12,13.42,12.83,152788,203724724.00,4.62,2.66,0.34,5.86
2026-04-16,13.31,13.33,13.65,13.02,165520,222803156.00,4.80,1.60,0.21,6.35
2026-04-17,13.47,13.40,13.61,13.15,147215,199929846.00,3.45,0.53,0.07,5.65
2026-04-20,13.55,13.81,13.83,13.00,148621,203418977.00,6.19,3.06,0.41,5.70
2026-04-21,13.93,13.05,13.95,13.05,134621,181845907.00,6.52,-5.50,-0.76,5.16
2026-04-22,13.08,12.08,13.34,11.97,155792,194325417.00,10.50,-7.43,-0.97,5.98
2026-04-23,12.25,11.59,12.25,11.51,101554,120736277.00,6.13,-4.06,-0.49,3.90
2026-04-24,11.47,11.44,11.71,11.25,60354,69817408.00,3.97,-1.29,-0.15,2.32
2026-04-27,11.36,11.61,11.65,10.90,62254,71151286.00,6.56,1.49,0.17,2.39
2026-04-28,11.65,11.89,12.11,11.54,76244,91677931.00,4.91,2.41,0.28,2.92
2026-04-29,11.77,12.13,12.38,11.72,59926,73570539.00,5.55,2.02,0.24,2.30
2026-04-30,12.13,12.00,12.35,11.95,49982,61272176.00,3.30,-1.07,-0.13,1.92
2026-05-06,12.05,12.01,12.34,11.90,55186,67701649.00,3.67,0.08,0.01,2.12
2026-05-07,12.03,11.86,12.11,11.83,32956,39734794.00,2.33,-1.25,-0.15,1.26
2026-05-08,11.88,12.24,12.28,11.76,40054,48979668.00,4.38,3.20,0.38,1.54
2026-05-11,12.40,12.26,12.60,12.06,39410,48861173.00,4.41,0.16,0.02,1.51
2026-05-12,12.27,12.03,12.32,11.96,34715,42555207.00,2.94,-1.88,-0.23,1.33
2026-05-13,12.11,12.00,12.14,11.87,27884,33814952.00,2.24,-0.25,-0.03,1.07
2026-05-14,12.05,11.87,12.14,11.83,31090,37725237.00,2.58,-1.08,-0.13,1.19
2026-05-15,11.88,11.73,11.94,11.55,29595,35101390.00,3.29,-1.18,-0.14,1.14
2026-05-18,11.60,11.75,11.79,11.53,37109,43768291.00,2.22,0.17,0.02,1.42
2026-05-19,11.75,11.61,11.84,11.50,22079,26052038.00,2.89,-1.19,-0.14,0.85
2026-05-20,11.58,11.63,11.75,11.38,27570,32350386.00,3.19,0.17,0.02,1.06
2026-05-21,11.59,11.15,11.76,11.06,31600,36556721.00,6.02,-4.13,-0.48,1.21
2026-05-22,11.08,11.30,11.40,11.00,23207,25968573.00,3.59,1.35,0.15,0.89
2026-05-25,11.31,11.16,11.39,11.10,25761,28802194.00,2.57,-1.24,-0.14,0.99
2026-05-26,11.00,10.74,11.21,10.36,30506,32973640.00,7.62,-3.76,-0.42,1.17
2026-05-27,10.54,10.47,10.76,10.20,43757,45751202.00,5.21,-2.51,-0.27,1.68
2026-05-28,10.56,10.62,10.96,10.30,29511,31032543.00,6.30,1.43,0.15,1.13
2026-05-29,10.74,10.34,10.86,10.18,33984,35851996.00,6.40,-2.64,-0.28,1.30
2026-06-01,10.44,10.55,10.71,10.21,38906,41073245.00,4.84,2.03,0.21,1.49
2026-06-02,10.70,10.27,10.74,10.15,35313,36482065.00,5.59,-2.65,-0.28,1.35
2026-06-03,10.34,10.00,10.38,9.91,37485,37642181.00,4.58,-2.63,-0.27,1.44
2026-06-04,9.99,9.86,10.04,9.79,26817,26499535.00,2.50,-1.40,-0.14,1.03
2026-06-05,9.86,10.02,10.15,9.77,20177,20104902.00,3.85,1.62,0.16,0.77
2026-06-08,9.81,9.72,10.02,9.41,26295,25531124.00,6.09,-2.99,-0.30,1.01
2026-06-09,9.61,9.68,9.87,9.50,20342,19703956.00,3.81,-0.41,-0.04,0.78
2026-06-10,9.60,9.66,9.77,9.43,27943,26994208.00,3.51,-0.21,-0.02,1.07
2026-06-11,9.60,9.48,9.73,9.38,18415,17455087.00,3.62,-1.86,-0.18,0.71
2026-06-12,9.63,9.71,9.85,9.52,24375,23657799.00,3.48,2.43,0.23,0.94
2026-06-15,9.98,9.61,9.98,9.48,26990,26130584.00,5.15,-1.03,-0.10,1.04
2026-06-16,9.72,9.65,9.72,9.15,22393,21491518.00,5.93,0.42,0.04,0.86
2026-06-17,9.56,9.48,9.63,9.33,26518,25087254.00,3.11,-1.76,-0.17,1.02
2026-06-18,9.57,9.42,9.57,9.24,26023,24343705.00,3.48,-0.63,-0.06,1.00
2026-06-22,9.23,9.38,9.41,9.02,26745,24588775.00,4.14,-0.42,-0.04,1.03
2026-06-23,9.46,9.38,9.70,9.32,27240,25767529.00,4.05,0.00,0.00,1.04
2026-06-24,9.45,9.14,9.46,8.70,27516,25182653.00,8.10,-2.56,-0.24,1.06
2026-06-25,9.09,8.92,9.17,8.85,28018,25038795.00,3.50,-2.41,-0.22,1.07
2026-06-26,8.74,8.68,9.13,8.64,33433,29495941.00,5.49,-2.69,-0.24,1.28
2026-06-29,8.68,8.79,8.83,8.43,31510,27313299.00,4.61,1.27,0.11,1.21
2026-06-30,8.78,8.53,8.82,8.50,23890,20546969.00,3.64,-2.96,-0.26,0.92
2026-07-01,8.47,8.74,8.87,8.47,31108,27081858.00,4.69,2.46,0.21,1.19
2026-07-02,8.89,8.86,9.15,8.71,29610,26392816.00,5.03,1.37,0.12,1.14
2026-07-03,8.80,9.03,9.15,8.75,42080,37807728.00,4.51,1.92,0.17,1.61
2026-07-06,9.00,8.94,9.19,8.87,20236,18178749.00,3.54,-1.00,-0.09,0.78
2026-07-07,8.67,8.70,9.13,8.48,30516,26738990.00,7.27,-2.68,-0.24,1.17
2026-07-08,8.60,8.61,8.73,8.55,17999,15572564.00,2.07,-1.03,-0.09,0.69
2026-07-09,8.56,8.63,8.73,8.33,32369,27563666.00,4.65,0.23,0.02,1.24
2026-07-10,8.63,8.75,8.94,8.46,28040,24541605.00,5.56,1.39,0.12,1.08
2026-07-13,8.78,8.48,8.82,8.41,24250,20683000.00,4.69,-3.09,-0.27,0.93
2026-07-14,8.48,8.62,8.67,8.38,17434,14875254.00,3.42,1.65,0.14,0.67