2026-01-05,3558.70,3577.14,3603.71,3558.70,16580857,17636691556.00,1.27,0.72,25.48,5.81
2026-01-06,3570.16,3636.31,3638.60,3570.16,16307656,18190830086.00,1.91,1.65,59.17,5.71
2026-01-07,3634.97,3695.13,3724.32,3611.78,20646896,24250884235.00,3.09,1.62,58.82,7.23
2026-01-08,3683.51,3766.12,3771.48,3683.51,17891283,20267872385.00,2.38,1.92,70.99,6.27
2026-01-09,3785.22,3783.93,3801.73,3753.45,21518975,26882719940.00,1.28,0.47,17.81,7.54
2026-01-12,3802.87,3855.47,3865.17,3785.55,18979578,24854159084.00,2.10,1.89,71.54,6.65
2026-01-13,3847.99,3836.83,3883.45,3754.77,21849271,26721251827.00,3.34,-0.48,-18.64,7.65
2026-01-14,3831.92,3823.40,3910.96,3781.42,20870378,26159762063.00,3.38,-0.35,-13.43,7.31
2026-01-15,3794.13,3804.32,3818.27,3752.37,13738544,17747907520.00,1.72,-0.50,-19.08,4.81
2026-01-16,3935.20,3884.66,3986.09,3882.58,20658551,25405447897.00,2.72,2.11,80.34,7.23
2026-01-19,3862.35,4062.49,4062.49,3862.35,21477218,26720553928.00,5.15,4.58,177.83,7.52
2026-01-20,4048.29,3992.57,4065.94,3968.04,19283591,23397639098.00,2.41,-1.72,-69.92,6.75
2026-01-21,3945.38,3949.88,3979.73,3908.33,18819038,20014951969.00,1.79,-1.07,-42.69,6.59
2026-01-22,3955.04,4000.32,4001.35,3940.50,17053890,17796438752.00,1.54,1.28,50.44,5.97
2026-01-23,4007.29,4065.79,4076.11,3998.06,17434515,19724991717.00,1.95,1.64,65.47,6.11
2026-01-26,4072.93,3991.22,4087.39,3963.35,20962023,22959004513.00,3.05,-1.83,-74.57,7.34
2026-01-27,3961.65,3936.10,3964.66,3852.13,19255273,20194285590.00,2.82,-1.38,-55.12,6.74
2026-01-28,3928.16,3925.77,3972.19,3889.82,16396367,17330697309.00,2.09,-0.26,-10.33,5.74
2026-01-29,3897.29,3810.01,3897.29,3803.18,15103634,16415589350.00,2.40,-2.95,-115.76,5.29
2026-01-30,3785.84,3801.84,3811.62,3698.15,11947042,13049383446.00,2.98,-0.21,-8.17,4.18
2026-02-02,3818.42,3860.35,3931.37,3818.42,15414202,17505121179.00,2.97,1.54,58.51,5.40
2026-02-03,3887.49,3968.41,3969.30,3869.57,19067200,20889771336.00,2.58,2.80,108.06,6.68
2026-02-04,3965.65,4015.71,4055.73,3965.65,17568032,19731719508.00,2.27,1.19,47.30,6.15
2026-02-05,3987.39,3914.10,3987.39,3904.89,16028147,18213379112.00,2.05,-2.53,-101.61,5.61
2026-02-06,3881.14,3979.64,4016.04,3881.14,15766982,18692831617.00,3.45,1.67,65.54,5.52
2026-02-09,4029.24,4060.28,4060.28,4006.17,16089084,19925451248.00,1.36,2.03,80.64,5.63
2026-02-10,4031.73,4005.47,4050.16,4005.47,13718755,17122274929.00,1.10,-1.35,-54.81,4.80
2026-02-11,3992.35,3977.76,4013.81,3977.76,10595604,13227310998.00,0.90,-0.69,-27.71,3.71
2026-02-12,3980.94,4036.10,4070.63,3939.75,14200633,16674775417.00,3.29,1.47,58.34,4.97
2026-02-13,4021.59,3984.05,4041.68,3979.27,11126659,12950660792.00,1.55,-1.29,-52.05,3.90
2026-02-24,4043.30,4126.97,4135.63,4042.38,14438174,17638931020.00,2.34,3.59,142.92,5.06
2026-02-25,4144.42,4164.88,4181.14,4111.43,14497357,18193410063.00,1.69,0.92,37.91,5.08
2026-02-26,4165.47,4266.51,4269.64,4141.31,17536396,22797873248.00,3.08,2.44,101.63,6.14
2026-02-27,4227.80,4290.99,4290.99,4224.74,14442495,19115530926.00,1.55,0.57,24.48,5.06
2026-03-02,4222.86,4227.82,4303.33,4202.06,14386281,19782580172.00,2.36,-1.47,-63.17,5.04
2026-03-03,4233.96,4059.37,4261.88,4056.51,15357601,20679849153.00,4.86,-3.98,-168.45,5.38
2026-03-04,3991.67,4211.62,4242.64,3991.05,13592607,19323375638.00,6.20,3.75,152.25,4.76
2026-03-05,4300.59,4381.03,4424.70,4300.59,17137872,26557625431.00,2.95,4.02,169.41,6.00
2026-03-06,4375.33,4415.89,4474.19,4369.21,19064184,26457362367.00,2.40,0.80,34.86,6.68
2026-03-09,4344.44,4452.40,4452.40,4344.44,22021678,28784036846.00,2.44,0.83,36.51,7.71
2026-03-10,4456.52,4484.03,4512.38,4417.24,19159143,25696254807.00,2.14,0.71,31.63,6.71
2026-03-11,4508.81,4479.75,4508.81,4448.98,16675971,22833592840.00,1.33,-0.10,-4.28,5.84
2026-03-12,4466.35,4413.18,4466.35,4381.32,16176359,22375968981.00,1.90,-1.49,-66.57,5.66
2026-03-13,4399.91,4333.73,4414.52,4321.92,17170940,22371426840.00,2.10,-1.80,-79.45,6.01
2026-03-16,4330.79,4272.61,4343.57,4242.06,13707144,18057461358.00,2.34,-1.41,-61.12,4.80
2026-03-17,4278.42,4139.71,4286.75,4136.47,13363837,17079168910.00,3.52,-3.11,-132.90,4.68
2026-03-18,4143.38,4208.25,4210.34,4127.03,12396103,16531445389.00,2.01,1.66,68.54,4.34
2026-03-19,4138.84,4082.26,4169.40,4065.41,10689299,14916429410.00,2.47,-2.99,-125.99,3.74
2026-03-20,4105.10,3966.66,4145.56,3964.16,11554558,15159594887.00,4.44,-2.83,-115.60,4.05
2026-03-23,3879.12,3772.44,3957.29,3744.43,11726272,14924295579.00,5.37,-4.90,-194.22,4.11
2026-03-24,3869.67,3956.10,3956.10,3820.69,12874578,16447924691.00,3.59,4.87,183.66,4.51
2026-03-25,3990.50,4063.27,4076.89,3990.50,12502082,16321300093.00,2.18,2.71,107.17,4.38
2026-03-26,4077.44,3993.36,4085.02,3979.28,10728248,15698669141.00,2.60,-1.72,-69.91,3.76
2026-03-27,3944.12,4049.64,4070.94,3936.06,12836668,15628209926.00,3.38,1.41,56.28,4.50
2026-03-30,4005.33,4072.54,4072.54,3948.50,14204395,17214574568.00,3.06,0.57,22.90,4.97
2026-03-31,4063.60,4059.29,4157.14,4042.35,16451861,21273117152.00,2.82,-0.33,-13.25,5.76
2026-04-01,4125.84,4091.83,4130.07,4064.82,14130889,17359234208.00,1.61,0.80,32.54,4.95
2026-04-02,4097.83,4096.52,4182.74,4068.22,17954383,21729385717.00,2.80,0.11,4.69,6.29
2026-04-03,4106.87,4022.15,4115.27,4011.99,17560705,22250201611.00,2.52,-1.82,-74.37,6.15
2026-04-07,4028.28,4058.50,4104.70,4028.28,13134150,18590241881.00,1.90,0.90,36.35,4.60
2026-04-08,4132.43,4231.56,4231.60,4130.31,18558908,23652841993.00,2.50,4.26,173.06,6.50
2026-04-09,4187.56,4174.22,4194.90,4132.48,16467353,21234079041.00,1.48,-1.36,-57.34,5.77
2026-04-10,4184.64,4172.97,4213.54,4161.88,14835562,19844110981.00,1.24,-0.03,-1.25,5.20
2026-04-13,4134.33,4165.98,4166.06,4118.48,11759070,15217428946.00,1.14,-0.17,-6.99,4.12
2026-04-14,4189.71,4200.07,4200.07,4155.68,12498555,17603366918.00,1.07,0.82,34.09,4.38
2026-04-15,4214.46,4263.29,4298.89,4198.65,17143834,22198987641.00,2.39,1.51,63.22,6.00
2026-04-16,4248.66,4328.24,4329.99,4199.29,18276073,23973008829.00,3.07,1.52,64.95,6.40
2026-04-17,4313.76,4360.20,4366.79,4284.50,15482515,21957990657.00,1.90,0.74,31.96,5.42
2026-04-20,4374.34,4491.80,4492.65,4365.47,18407648,25704775931.00,2.92,3.02,131.60,6.45
2026-04-21,4473.34,4420.01,4473.34,4381.80,17295301,23552737427.00,2.04,-1.60,-71.79,6.06
2026-04-22,4384.69,4491.10,4501.81,4383.42,16593524,24959729139.00,2.68,1.61,71.09,5.81
2026-04-23,4484.38,4423.65,4515.87,4372.15,16660640,25604603014.00,3.20,-1.50,-67.45,5.83
2026-04-24,4403.10,4364.35,4441.90,4340.74,14228897,22484946410.00,2.29,-1.34,-59.30,4.98
2026-04-27,4346.82,4378.63,4379.96,4304.95,11778535,19095807876.00,1.72,0.33,14.28,4.12
2026-04-28,4347.74,4290.99,4354.14,4273.17,11124424,17157731346.00,1.85,-2.00,-87.64,3.90
2026-04-29,4272.97,4347.52,4360.57,4257.99,11165999,17170603817.00,2.39,1.32,56.53,3.91
2026-04-30,4359.47,4336.19,4369.42,4318.48,12854311,17810364130.00,1.17,-0.26,-11.33,4.50
2026-05-06,4380.52,4422.69,4430.97,4380.52,11908826,17574254476.00,1.16,1.99,86.50,4.17
2026-05-07,4460.23,4534.85,4535.98,4460.23,12369491,19119111309.00,1.71,2.54,112.16,4.33
2026-05-08,4518.53,4572.00,4576.85,4500.44,14615701,21549665899.00,1.68,0.82,37.15,5.12
2026-05-11,4600.97,4577.50,4618.08,4554.89,15772536,24699075740.00,1.38,0.12,5.50,5.52
2026-05-12,4570.29,4697.37,4743.14,4568.42,17140058,26811389431.00,3.82,2.62,119.87,6.00
2026-05-13,4685.91,4833.45,4856.43,4685.91,19633954,33410696762.00,3.63,2.90,136.08,6.88
2026-05-14,4834.27,4612.63,4836.79,4612.63,19953855,28706638541.00,4.64,-4.57,-220.82,6.99
2026-05-15,4608.23,4554.10,4636.98,4508.98,15830905,23303573592.00,2.77,-1.27,-58.53,5.54
2026-05-18,4522.08,4528.86,4569.65,4494.18,11714472,18531310643.00,1.66,-0.55,-25.24,4.10
2026-05-19,4518.70,4572.88,4574.03,4479.02,11640631,17993300235.00,2.10,0.97,44.02,4.08
2026-05-20,4578.98,4550.36,4578.98,4499.24,11938079,19118577420.00,1.74,-0.49,-22.52,4.18
2026-05-21,4581.10,4387.41,4592.19,4377.99,13561476,22225811856.00,4.71,-3.58,-162.95,4.75
2026-05-22,4430.39,4486.36,4496.39,4405.90,9924061,16945209811.00,2.06,2.26,98.95,3.48
2026-05-25,4513.99,4440.60,4555.76,4403.55,10743273,18916375342.00,3.39,-1.02,-45.76,3.76
2026-05-26,4407.57,4303.26,4408.72,4244.20,10664100,17395865373.00,3.70,-3.09,-137.34,3.73
2026-05-27,4293.23,4248.82,4333.21,4209.90,10296797,17842996563.00,2.87,-1.27,-54.44,3.61
2026-05-28,4230.78,4304.95,4313.49,4210.16,10032312,17488776850.00,2.43,1.32,56.13,3.51
2026-05-29,4322.39,4247.95,4342.54,4227.43,14750932,24110373301.00,2.67,-1.32,-57.00,5.17
2026-06-01,4232.56,4301.59,4349.08,4227.17,11139368,19624466862.00,2.87,1.26,53.64,3.90
2026-06-02,4294.46,4274.48,4294.58,4146.06,12446253,22035482530.00,3.45,-0.63,-27.11,4.36
2026-06-03,4258.79,4256.63,4301.96,4213.70,12338193,23053805363.00,2.06,-0.42,-17.85,4.32
2026-06-04,4215.88,4153.17,4239.32,4130.59,11047038,19476218912.00,2.55,-2.43,-103.46,3.87
2026-06-05,4160.39,4192.69,4259.45,4123.92,12764007,22041216164.00,3.26,0.95,39.52,4.47
2026-06-08,4063.03,4025.78,4163.48,3975.29,12504954,19418936665.00,4.49,-3.98,-166.91,4.38
2026-06-09,4067.04,4053.54,4078.54,3983.35,10189783,16913928094.00,2.36,0.69,27.76,3.57
2026-06-10,4015.08,3912.39,4015.08,3870.69,10431954,16527882748.00,3.56,-3.48,-141.15,3.65
2026-06-11,3893.18,3864.13,3913.67,3831.80,9625254,17732703086.00,2.09,-1.23,-48.26,3.37
2026-06-12,3915.88,3923.26,3984.02,3855.01,11921913,21306166067.00,3.34,1.53,59.13,4.17
2026-06-15,3951.60,4012.81,4017.70,3948.25,11230530,19685893600.00,1.77,2.28,89.55,3.93
2026-06-16,4009.14,4059.49,4093.01,3988.18,10746723,17339429759.00,2.61,1.16,46.68,3.76
2026-06-17,4041.36,3995.95,4059.41,3976.61,9275403,14917483961.00,2.04,-1.57,-63.54,3.25
2026-06-18,3987.64,3942.80,3988.70,3934.13,8879430,17030770155.00,1.37,-1.33,-53.15,3.11
2026-06-22,3943.56,3973.85,3974.17,3833.46,11253871,20696500566.00,3.57,0.79,31.05,3.94
2026-06-23,3961.61,3930.40,4012.65,3906.91,9423715,17160091772.00,2.66,-1.09,-43.45,3.30
2026-06-24,3916.96,3866.84,3916.96,3812.68,8687983,15900595401.00,2.65,-1.62,-63.56,3.04
2026-06-25,3867.55,3771.00,3867.55,3749.22,9458496,17065386255.00,3.06,-2.48,-95.84,3.31
2026-06-26,3785.33,3631.45,3785.33,3631.45,11037997,17137827775.00,4.08,-3.70,-139.55,3.87
2026-06-29,3626.83,3604.40,3656.12,3537.80,10968981,16733233122.00,3.26,-0.74,-27.05,3.84
2026-06-30,3610.71,3644.00,3650.18,3556.83,9144431,13465803664.00,2.59,1.10,39.60,3.20
2026-07-01,3645.63,3665.04,3698.46,3605.21,10514077,16290498274.00,2.56,0.58,21.04,3.68
2026-07-02,3643.00,3666.36,3739.19,3629.26,10747170,15921298218.00,3.00,0.04,1.32,3.76
2026-07-03,3679.85,3714.60,3743.71,3664.30,10300387,15887000652.00,2.17,1.32,48.24,3.61
2026-07-06,3720.78,3594.40,3743.87,3594.40,11199008,17609860984.00,4.02,-3.24,-120.20,3.92
2026-07-07,3589.02,3472.56,3600.71,3460.60,8642013,11978732910.00,3.90,-3.39,-121.84,3.03
2026-07-08,3477.98,3379.57,3478.48,3378.60,8255499,11955874368.00,2.88,-2.68,-92.99,2.89
2026-07-09,3382.56,3371.01,3389.46,3244.32,9652207,13525013812.00,4.29,-0.25,-8.56,3.38
2026-07-10,3373.03,3451.49,3515.23,3355.60,10841828,14195681319.00,4.74,2.39,80.48,3.80
2026-07-13,3443.31,3279.53,3445.58,3263.46,9977077,12473829449.00,5.28,-4.98,-171.96,3.49
2026-07-14,3274.36,3345.02,3345.02,3223.69,9101139,11187181389.00,3.70,2.00,65.49,3.19
2026-07-15,3347.28,3331.02,3402.02,3316.30,7766033,10075815417.00,2.56,-0.42,-14.00,2.72
2026-07-16,3312.43,3299.23,3364.47,3278.44,10969825,9991125637.00,2.58,-0.95,-31.79,3.84
2026-07-17,3288.48,3171.59,3306.94,3146.92,10821756,10753155937.00,4.85,-3.87,-127.64,3.79
2026-07-20,3191.74,3128.10,3254.69,3075.82,12843081,12244675609.00,5.64,-1.37,-43.49,4.50
2026-07-21,3133.92,3179.78,3180.00,2975.53,13405172,12875507392.00,6.54,1.65,51.68,4.69
2026-07-22,3160.27,3149.50,3204.76,3128.53,9849157,10691968031.00,2.40,-0.95,-30.28,3.45
2026-07-23,3153.18,3371.38,3371.84,3153.18,15305436,16044160009.00,6.94,7.04,221.88,5.36
2026-07-24,3360.44,3273.89,3361.46,3271.71,13605041,13847463937.00,2.66,-2.89,-97.49,4.76
2026-07-27,3252.92,3399.87,3399.87,3245.40,15646050,14772263620.00,4.72,3.85,125.98,5.48
2026-07-28,3383.59,3371.91,3412.33,3351.79,12517164,12692107523.00,1.78,-0.82,-27.96,4.38
2026-07-29,3361.66,3446.79,3461.09,3332.35,17357339,15333868088.00,3.82,2.22,74.88,6.08