2026-01-05,107.96,111.60,113.65,107.72,71474,1118845376.00,5.54,4.30,4.60,2.02
2026-01-06,111.55,116.28,121.44,110.53,95236,1569707777.00,9.78,4.19,4.68,2.69
2026-01-07,119.09,124.10,124.80,116.95,106670,1814509414.00,6.75,6.73,7.82,3.02
2026-01-08,122.67,124.01,126.24,121.65,83189,1448587883.00,3.70,-0.07,-0.09,2.35
2026-01-09,123.81,124.70,128.24,121.39,65292,1135131959.00,5.52,0.56,0.69,1.85
2026-01-12,124.45,126.96,130.23,124.45,70550,1263837692.00,4.64,1.81,2.26,1.99
2026-01-13,126.06,123.82,129.11,121.37,71295,1242252527.00,6.10,-2.47,-3.14,2.02
2026-01-14,121.68,127.68,133.03,121.24,82361,1474709842.00,9.52,3.12,3.86,2.33
2026-01-15,126.94,129.50,130.67,124.93,70873,1268276455.00,4.50,1.43,1.82,2.00
2026-01-16,132.02,139.47,140.29,130.74,123684,2365116288.00,7.37,7.70,9.97,3.50
2026-01-19,141.47,137.94,143.25,137.39,68217,1328820439.00,4.20,-1.10,-1.53,1.93
2026-01-20,136.96,137.68,139.67,134.90,64963,1254553078.00,3.46,-0.19,-0.26,1.84
2026-01-21,136.59,137.84,141.97,135.55,61738,1195207392.00,4.66,0.12,0.16,1.75
2026-01-22,140.79,139.38,141.97,137.32,52303,1023776140.00,3.37,1.12,1.54,1.48
2026-01-23,139.36,141.52,142.61,134.83,66566,1295260229.00,5.58,1.54,2.14,1.88
2026-01-26,139.24,137.89,141.60,135.73,55840,1082374905.00,4.15,-2.57,-3.63,1.58
2026-01-27,138.04,141.62,144.11,136.39,56066,1107735027.00,5.60,2.71,3.73,1.59
2026-01-28,142.93,139.82,144.07,138.66,52838,1039457314.00,3.82,-1.27,-1.80,1.49
2026-01-29,139.37,136.96,141.15,136.63,54785,1065141415.00,3.23,-2.05,-2.86,1.55
2026-01-30,138.39,134.73,139.61,133.03,51279,978653934.00,4.80,-1.63,-2.23,1.45
2026-02-02,134.08,126.24,134.12,125.78,76318,1378564572.00,6.19,-6.30,-8.49,2.16
2026-02-03,129.10,130.89,131.88,127.51,47572,863069571.00,3.46,3.68,4.65,1.35
2026-02-04,129.72,129.17,132.39,127.74,40843,742520971.00,3.55,-1.31,-1.72,1.15
2026-02-05,126.96,129.23,131.23,125.53,37336,671254193.00,4.41,0.05,0.06,1.06
2026-02-06,129.10,127.90,131.73,126.99,35332,641103765.00,3.67,-1.03,-1.33,1.00
2026-02-09,130.53,128.87,131.88,128.46,31688,575054193.00,2.67,0.76,0.97,0.90
2026-02-10,128.80,128.89,130.17,126.96,26250,473978154.00,2.49,0.02,0.02,0.74
2026-02-11,129.11,129.35,131.60,127.96,34004,619049401.00,2.82,0.36,0.46,0.96
2026-02-12,130.48,130.59,131.24,128.59,28657,523167041.00,2.05,0.96,1.24,0.81
2026-02-13,130.53,132.40,135.25,128.46,41350,770896631.00,5.20,1.39,1.81,1.17
2026-02-24,132.33,134.63,135.85,129.59,41164,768305397.00,4.73,1.68,2.23,1.16
2026-02-25,134.90,141.24,143.31,133.83,65802,1287872493.00,7.04,4.91,6.61,1.86
2026-02-26,141.97,140.28,143.01,136.89,50329,988864169.00,4.33,-0.68,-0.96,1.42
2026-02-27,139.19,138.26,140.27,136.88,35032,679467480.00,2.42,-1.44,-2.02,0.99
2026-03-02,133.39,136.96,141.38,133.03,37095,720428099.00,6.04,-0.94,-1.30,1.05
2026-03-03,137.65,129.09,139.04,128.53,50593,938402649.00,7.67,-5.75,-7.87,1.43
2026-03-04,128.10,127.25,130.59,126.51,35384,635569990.00,3.16,-1.43,-1.84,1.00
2026-03-05,130.07,126.76,132.63,125.12,46889,846152543.00,5.90,-0.39,-0.49,1.33
2026-03-06,126.33,127.26,134.36,126.24,44710,808177838.00,6.41,0.39,0.50,1.26
2026-03-09,121.24,123.39,126.11,119.86,67449,1157068620.00,4.91,-3.04,-3.87,1.91
2026-03-10,125.53,126.26,128.21,125.53,43986,782860517.00,2.17,2.33,2.87,1.24
2026-03-11,125.85,125.08,126.58,123.38,36409,636820169.00,2.53,-0.93,-1.18,1.03
2026-03-12,125.49,123.14,127.45,121.38,35120,609345831.00,4.85,-1.55,-1.94,0.99
2026-03-13,120.72,122.33,124.88,120.72,40984,704006612.00,3.38,-0.66,-0.81,1.16
2026-03-16,122.48,123.45,124.45,118.81,46434,793706127.00,4.61,0.92,1.12,1.31
2026-03-17,124.49,122.09,128.24,121.81,51773,908433447.00,5.21,-1.10,-1.36,1.46
2026-03-18,122.67,124.90,125.93,121.36,36481,635664163.00,3.74,2.30,2.81,1.03
2026-03-19,123.42,120.89,124.09,120.83,36114,616464545.00,2.61,-3.21,-4.01,1.02
2026-03-20,121.59,121.45,124.88,121.02,38666,667458114.00,3.19,0.46,0.56,1.09
2026-03-23,119.97,115.79,119.97,114.53,68694,1126286780.00,4.48,-4.66,-5.66,1.94
2026-03-24,117.66,117.55,118.79,113.87,44625,728663923.00,4.25,1.52,1.76,1.26
2026-03-25,119.01,118.95,123.30,116.86,43540,734007346.00,5.48,1.19,1.40,1.23
2026-03-26,118.41,117.08,119.66,116.69,29803,492452664.00,2.50,-1.57,-1.87,0.84
2026-03-27,116.48,121.87,123.02,115.43,40548,685728375.00,6.48,4.09,4.79,1.15
2026-03-30,120.52,129.74,132.20,119.82,67814,1206743024.00,10.16,6.46,7.87,1.92
2026-03-31,128.75,124.10,129.75,124.10,46755,831591783.00,4.35,-4.35,-5.64,1.32
2026-04-01,127.67,124.91,128.38,124.33,37919,668300209.00,3.26,0.65,0.81,1.07
2026-04-02,124.81,122.60,125.45,121.67,28457,492183562.00,3.03,-1.85,-2.31,0.80
2026-04-03,123.32,121.57,125.04,120.52,25065,431946278.00,3.69,-0.84,-1.03,0.71
2026-04-07,121.95,119.75,123.42,119.22,32077,543381263.00,3.45,-1.50,-1.82,0.91
2026-04-08,124.10,127.36,127.48,122.90,42199,745341381.00,3.82,6.35,7.61,1.19
2026-04-09,126.00,129.92,133.16,125.28,46972,858340559.00,6.19,2.01,2.56,1.33
2026-04-10,131.96,130.89,135.18,130.74,40422,753011690.00,3.42,0.75,0.97,1.14
2026-04-13,129.58,127.74,131.08,127.29,41123,742756248.00,2.90,-2.41,-3.15,1.16
2026-04-14,129.30,131.14,133.22,129.11,45429,837579443.00,3.22,2.66,3.40,1.28
2026-04-15,132.67,130.88,135.03,129.87,61181,1135530849.00,3.93,-0.20,-0.26,1.73
2026-04-16,132.25,135.18,136.52,130.17,57194,1069115748.00,4.85,3.29,4.30,1.62
2026-04-17,134.82,134.90,135.62,130.53,41794,781458006.00,3.77,-0.21,-0.28,1.18
2026-04-20,133.89,134.88,136.25,130.55,44040,828674568.00,4.23,-0.01,-0.02,1.25
2026-04-21,133.43,135.67,137.36,132.67,41809,790696117.00,3.48,0.59,0.79,1.18
2026-04-22,135.89,136.73,137.44,133.25,44427,845368760.00,3.09,0.78,1.06,1.26
2026-04-23,133.03,131.52,135.03,130.28,57370,1062483177.00,3.47,-3.81,-5.21,1.62
2026-04-24,131.23,130.84,134.37,128.39,61484,1132568429.00,4.55,-0.52,-0.68,1.74
2026-04-27,133.45,138.39,140.72,130.79,88193,1697595179.00,7.59,5.77,7.55,2.49
2026-04-28,138.15,138.71,144.82,134.96,70313,1378191016.00,7.12,0.23,0.32,1.99
2026-04-29,138.62,137.82,141.17,133.39,67383,1291485014.00,5.61,-0.64,-0.89,1.91
2026-04-30,137.06,140.85,142.40,137.06,81536,1598622746.00,3.87,2.20,3.03,2.31
2026-05-06,146.88,137.91,148.39,137.68,108896,2180708307.00,7.60,-2.09,-2.94,3.08
2026-05-07,139.07,143.13,144.28,138.54,72392,1439421176.00,4.16,3.79,5.22,2.05
2026-05-08,141.25,139.78,142.10,136.95,59384,1160641917.00,3.60,-2.34,-3.35,1.68
2026-05-11,141.99,147.61,150.55,141.23,81598,1673271809.00,6.67,5.60,7.83,2.31
2026-05-12,147.19,167.80,169.85,144.92,153924,3468192043.00,16.89,13.68,20.19,4.35
2026-05-13,160.55,178.93,183.14,159.76,156971,3826801429.00,13.93,6.63,11.13,4.44
2026-05-14,179.08,178.78,183.70,171.40,97689,2428547823.00,6.87,-0.08,-0.15,2.76
2026-05-15,180.57,190.94,206.07,177.49,158981,4242142871.00,15.99,6.80,12.16,4.50
2026-05-18,194.76,194.87,204.64,190.58,154097,4230807718.00,7.36,2.06,3.93,4.36
2026-05-19,194.26,198.15,201.37,187.72,117517,3218296958.00,7.00,1.68,3.28,3.32
2026-05-20,200.58,212.74,215.37,200.58,125127,3660707218.00,7.46,7.36,14.59,3.54
2026-05-21,215.74,199.87,223.45,199.87,160189,4751354564.00,11.08,-6.05,-12.87,4.53
2026-05-22,202.65,197.21,206.99,191.29,131273,3610603062.00,7.86,-1.33,-2.66,3.71
2026-05-25,196.24,210.59,217.51,189.15,140741,3997365907.00,14.38,6.78,13.38,3.98
2026-05-26,209.51,210.46,215.20,202.25,135112,3951191371.00,6.15,-0.06,-0.13,3.82
2026-05-27,207.88,201.28,216.25,200.64,115311,3364169160.00,7.42,-4.36,-9.18,3.26
2026-05-28,200.34,195.94,201.91,192.77,129421,3564050992.00,4.54,-2.65,-5.34,3.66
2026-05-29,196.30,186.49,199.51,183.34,130101,3460596592.00,8.25,-4.82,-9.45,3.68
2026-06-01,186.29,174.64,186.29,173.28,115375,2882488418.00,6.98,-6.35,-11.85,3.26
2026-06-02,174.85,174.68,178.41,169.97,84140,2060733668.00,4.83,0.02,0.04,2.38
2026-06-03,175.21,176.89,183.11,172.46,100927,2515403383.00,6.10,1.27,2.21,2.85
2026-06-04,173.88,182.06,184.51,173.42,85163,2154096827.00,6.27,2.92,5.17,2.41
2026-06-05,179.14,176.99,184.11,174.85,81615,2053265501.00,5.09,-2.78,-5.07,2.31
2026-06-08,167.71,171.50,177.62,166.67,76068,1835761458.00,6.19,-3.10,-5.49,2.15
2026-06-09,175.56,182.14,182.64,173.56,83786,2094092526.00,5.29,6.20,10.64,2.37
2026-06-10,180.00,182.22,189.48,178.56,142860,2626144943.00,6.00,0.04,0.08,2.89
2026-06-11,180.31,186.74,192.80,180.00,142716,2661214138.00,7.02,2.48,4.52,2.88
2026-06-12,193.68,184.00,198.89,183.20,192783,3672777162.00,8.40,-1.47,-2.74,3.90
2026-06-15,186.00,199.33,200.68,183.00,174678,3397608238.00,9.61,8.33,15.33,3.53
2026-06-16,200.00,201.18,205.50,193.88,149657,2973237864.00,5.83,0.93,1.85,3.03
2026-06-17,196.00,222.31,222.88,196.00,198987,4174777106.00,13.36,10.50,21.13,4.02
2026-06-18,225.06,226.86,232.33,220.45,160506,3615564964.00,5.34,2.05,4.55,3.24
2026-06-22,230.50,235.10,237.50,223.35,166799,3852123044.00,6.24,3.63,8.24,3.37
2026-06-23,231.82,231.01,240.79,225.01,126279,2934149527.00,6.71,-1.74,-4.09,2.55
2026-06-24,230.52,242.49,246.00,228.00,133069,3190055380.00,7.79,4.97,11.48,2.69
2026-06-25,248.00,252.50,257.96,244.26,133027,3330973959.00,5.65,4.13,10.01,2.69
2026-06-26,250.00,263.60,265.99,246.20,136011,3488699778.00,7.84,4.40,11.10,2.75
2026-06-29,264.93,316.32,316.32,264.20,183249,5260505401.00,19.77,20.00,52.72,3.70
2026-06-30,330.00,322.18,332.55,303.01,207387,6629207593.00,9.34,1.85,5.86,4.19