2026-01-05,12.06,12.17,12.24,11.97,64823,79797499.00,2.24,0.91,0.11,1.52
2026-01-06,12.17,12.69,12.76,12.11,85906,108673173.00,5.34,4.27,0.52,2.01
2026-01-07,12.69,12.71,12.98,12.38,84420,108766759.00,4.73,0.16,0.02,1.97
2026-01-08,12.70,12.74,12.89,12.52,61813,79717572.00,2.91,0.24,0.03,1.45
2026-01-09,12.78,12.82,12.84,12.56,56261,72541039.00,2.20,0.63,0.08,1.32
2026-01-12,12.83,13.02,13.14,12.73,69553,91387808.00,3.20,1.56,0.20,1.63
2026-01-13,13.00,12.75,13.06,12.71,55497,72703562.00,2.69,-2.07,-0.27,1.30
2026-01-14,12.77,12.66,12.92,12.42,75253,96743670.00,3.92,-0.71,-0.09,1.76
2026-01-15,12.69,12.76,12.93,12.60,51659,67095307.00,2.61,0.79,0.10,1.21
2026-01-16,12.76,12.87,12.90,12.61,43040,55844215.00,2.27,0.86,0.11,1.01
2026-01-19,12.87,13.37,13.51,12.81,103886,140334341.00,5.44,3.89,0.50,2.43
2026-01-20,13.31,13.37,13.61,13.23,83049,113045285.00,2.84,0.00,0.00,1.94
2026-01-21,13.37,13.12,13.39,13.09,70448,94091786.00,2.24,-1.87,-0.25,1.65
2026-01-22,13.08,13.33,13.33,12.99,71127,94938633.00,2.59,1.60,0.21,1.66
2026-01-23,13.31,13.21,13.32,13.08,68501,91616157.00,1.80,-0.90,-0.12,1.60
2026-01-26,13.17,12.97,13.17,12.87,59040,77770372.00,2.27,-1.82,-0.24,1.38
2026-01-27,12.99,12.45,12.99,12.41,68520,87267689.00,4.47,-4.01,-0.52,1.60
2026-01-28,12.45,12.20,12.55,12.16,54896,68527591.00,3.13,-2.01,-0.25,1.28
2026-01-29,12.24,12.20,12.25,11.97,73614,90460819.00,2.30,0.00,0.00,1.72
2026-01-30,12.15,12.12,12.29,11.96,71129,87465734.00,2.70,-0.66,-0.08,1.66
2026-02-02,12.14,13.35,13.35,12.03,203670,264427516.00,10.89,10.15,1.23,4.76
2026-02-03,13.24,13.31,13.49,12.95,301133,403460822.00,4.04,-0.30,-0.04,7.04
2026-02-04,13.35,13.59,14.08,13.21,329628,454720507.00,6.54,2.10,0.28,7.71
2026-02-05,13.60,13.70,14.00,13.41,220618,306919794.00,4.34,0.81,0.11,5.16
2026-02-06,13.49,13.37,13.89,13.36,178674,244732859.00,3.87,-2.41,-0.33,4.18
2026-02-09,13.56,13.41,13.59,13.14,126655,171021754.00,3.37,0.30,0.04,2.96
2026-02-10,13.37,13.06,13.37,13.00,94317,125052410.00,2.76,-2.61,-0.35,2.21
2026-02-11,12.96,12.45,12.96,12.39,139204,177269271.00,4.36,-4.67,-0.61,3.25
2026-02-12,12.43,12.15,12.51,12.14,103580,128876025.00,2.97,-2.41,-0.30,2.42
2026-02-13,12.18,12.05,12.27,12.01,135683,167228802.00,2.14,-0.82,-0.10,3.17
2026-02-24,12.16,12.31,12.31,12.10,105878,131278890.00,1.74,2.16,0.26,2.48
2026-02-25,12.31,12.24,12.41,12.17,104421,130135483.00,1.95,-0.57,-0.07,2.44
2026-02-26,12.24,12.16,12.34,12.11,82517,102006710.00,1.88,-0.65,-0.08,1.93
2026-02-27,12.19,12.08,12.28,12.04,93558,115204735.00,1.97,-0.66,-0.08,2.19
2026-03-02,11.81,11.32,11.81,11.21,171201,199284624.00,4.97,-6.29,-0.76,4.00
2026-03-03,11.26,11.10,11.42,11.08,89836,102436262.00,3.00,-1.94,-0.22,2.10
2026-03-04,10.97,11.03,11.07,10.81,57877,64615352.00,2.34,-0.63,-0.07,1.35
2026-03-05,11.13,11.05,11.19,10.98,52748,59417124.00,1.90,0.18,0.02,1.23
2026-03-06,11.05,11.19,11.22,10.98,49894,56484018.00,2.17,1.27,0.14,1.17
2026-03-09,11.05,11.09,11.17,10.99,58000,65289295.00,1.61,-0.89,-0.10,1.36
2026-03-10,11.11,11.22,11.23,11.11,41314,47024458.00,1.08,1.17,0.13,0.97
2026-03-11,11.23,11.12,11.27,11.03,45047,50935046.00,2.14,-0.89,-0.10,1.05
2026-03-12,11.06,11.08,11.12,10.99,35455,39820081.00,1.17,-0.36,-0.04,0.83
2026-03-13,11.06,11.07,11.19,10.99,37798,42771127.00,1.81,-0.09,-0.01,0.88
2026-03-16,11.07,10.98,11.18,10.76,92245,102965676.00,3.79,-0.81,-0.09,2.16
2026-03-17,10.98,11.04,11.22,10.97,75696,85379622.00,2.28,0.55,0.06,1.77
2026-03-18,11.05,10.81,11.05,10.72,71046,78247881.00,2.99,-2.08,-0.23,1.66
2026-03-19,10.79,10.54,10.86,10.50,64550,69911508.00,3.33,-2.50,-0.27,1.51
2026-03-20,10.54,10.54,10.66,10.48,45673,49181973.00,1.71,0.00,0.00,1.07
2026-03-23,10.41,10.04,10.50,9.96,65921,68491558.00,5.12,-4.74,-0.50,1.54
2026-03-24,10.19,10.44,10.46,10.13,58517,61346380.00,3.29,3.98,0.40,1.37
2026-03-25,10.47,10.63,10.66,10.40,38589,41471261.00,2.49,1.82,0.19,0.90
2026-03-26,10.61,10.67,10.81,10.60,41970,45661592.00,1.98,0.38,0.04,0.98
2026-03-27,10.50,10.76,10.80,10.49,47131,51388023.00,2.91,0.84,0.09,1.10
2026-03-30,10.46,10.00,10.50,9.75,130721,133231038.00,6.97,-7.06,-0.76,3.06
2026-03-31,9.96,9.65,10.06,9.63,91590,91843930.00,4.30,-3.50,-0.35,2.14
2026-04-01,9.80,9.93,9.93,9.66,63915,63902739.00,2.80,2.90,0.28,1.49
2026-04-02,9.93,9.91,9.96,9.76,45176,45360680.00,2.01,-0.20,-0.02,1.06
2026-04-03,9.93,9.66,9.93,9.63,32581,32221092.00,3.03,-2.52,-0.25,0.76
2026-04-07,9.63,9.59,9.70,9.51,51462,50352717.00,1.97,-0.72,-0.07,1.20
2026-04-08,9.67,9.83,9.83,9.66,47207,46955126.00,1.77,2.50,0.24,1.10
2026-04-09,9.78,9.61,9.84,9.58,46023,45354103.00,2.64,-2.24,-0.22,1.08
2026-04-10,9.67,9.81,9.86,9.66,52308,52188192.00,2.08,2.08,0.20,1.22
2026-04-13,9.81,9.76,9.82,9.71,32510,32322808.00,1.12,-0.51,-0.05,0.76
2026-04-14,9.81,9.69,9.82,9.53,47445,46618115.00,2.97,-0.72,-0.07,1.11
2026-04-15,9.74,9.68,9.75,9.63,32816,32436963.00,1.24,-0.10,-0.01,0.77
2026-04-16,9.67,9.76,9.79,9.61,40260,39897532.00,1.86,0.83,0.08,0.94
2026-04-17,9.76,9.63,9.76,9.55,50006,49009392.00,2.15,-1.33,-0.13,1.17
2026-04-20,9.64,9.76,9.77,9.59,44796,44299430.00,1.87,1.35,0.13,1.05
2026-04-21,9.74,10.00,10.29,9.72,92548,94388256.00,5.84,2.46,0.24,2.16
2026-04-22,9.94,10.03,10.23,9.91,60876,62175353.00,3.20,0.30,0.03,1.42
2026-04-23,10.00,10.23,10.32,9.97,94762,98349805.00,3.49,1.99,0.20,2.22
2026-04-24,10.23,10.53,10.60,10.16,101763,107598224.00,4.30,2.93,0.30,2.38
2026-04-27,10.43,10.67,10.72,10.39,100607,108356927.00,3.13,1.33,0.14,2.35
2026-04-28,10.81,10.29,11.09,10.25,124330,133509221.00,7.87,-3.56,-0.38,2.91
2026-04-29,10.37,10.33,10.66,10.27,106177,113014929.00,3.79,0.39,0.04,2.48
2026-04-30,10.27,10.37,10.51,10.21,67991,71701986.00,2.90,0.39,0.04,1.59
2026-05-06,10.35,10.25,10.51,10.12,88998,93305319.00,3.76,-1.16,-0.12,2.08
2026-05-07,10.28,10.17,10.32,10.14,44025,45700793.00,1.76,-0.78,-0.08,1.03
2026-05-08,10.20,10.40,10.44,10.14,63888,67016780.00,2.95,2.26,0.23,1.49
2026-05-11,10.36,10.53,10.56,10.25,58762,62127700.00,2.98,1.25,0.13,1.37
2026-05-12,10.54,10.51,10.69,10.36,51877,55528134.00,3.13,-0.19,-0.02,1.21
2026-05-13,10.54,10.42,10.59,10.39,51652,55131632.00,1.90,-0.86,-0.09,1.21
2026-05-14,10.41,10.31,10.50,10.30,50705,53534790.00,1.92,-1.06,-0.11,1.19
2026-05-15,10.28,11.34,11.34,10.21,225159,248147581.00,10.96,9.99,1.03,5.26
2026-05-18,11.34,11.68,11.85,11.00,300282,346988882.00,7.50,3.00,0.34,7.02
2026-05-19,11.59,11.58,11.83,11.36,143733,166559323.00,4.02,-0.86,-0.10,3.36
2026-05-20,11.74,11.40,11.78,11.22,105735,120659807.00,4.84,-1.55,-0.18,2.47
2026-05-21,11.37,11.14,11.58,11.06,103412,117208061.00,4.56,-2.28,-0.26,2.42
2026-05-22,11.15,11.08,11.25,10.97,75996,84207899.00,2.51,-0.54,-0.06,1.78
2026-05-25,11.01,10.75,11.01,10.58,84136,90193436.00,3.88,-2.98,-0.33,1.97
2026-05-26,10.63,10.51,10.88,10.32,67961,71663260.00,5.21,-2.23,-0.24,1.59
2026-05-27,10.45,10.45,10.63,10.03,111368,115617048.00,5.71,-0.57,-0.06,2.60
2026-05-28,10.41,10.65,10.97,10.27,148798,158636733.00,6.70,1.91,0.20,3.48
2026-05-29,10.80,10.99,11.40,10.73,182506,203191213.00,6.29,3.19,0.34,4.27
2026-06-01,10.96,11.20,11.38,10.74,112411,124421406.00,5.82,1.91,0.21,2.63
2026-06-02,11.16,11.35,11.56,11.14,126060,142920591.00,3.75,1.34,0.15,2.95
2026-06-03,11.32,10.94,11.33,10.85,82688,90900420.00,4.23,-3.61,-0.41,1.93
2026-06-04,10.93,10.47,10.96,10.38,65328,69051930.00,5.30,-4.30,-0.47,1.53
2026-06-05,10.52,10.68,11.00,10.46,68867,73573739.00,5.16,2.01,0.21,1.61
2026-06-08,10.47,10.33,10.83,10.18,56896,59505084.00,6.09,-3.28,-0.35,1.33
2026-06-09,10.50,10.24,10.50,10.07,55034,56277457.00,4.16,-0.87,-0.09,1.29
2026-06-10,10.21,10.46,10.54,10.02,73366,75750848.00,5.08,2.15,0.22,1.72
2026-06-11,10.66,11.17,11.34,10.56,140598,154735262.00,7.46,6.79,0.71,3.29
2026-06-12,11.05,11.45,11.48,10.88,112259,126542643.00,5.37,2.51,0.28,2.62