2026-01-05,12.00,12.02,12.08,11.80,227156,278216413.00,2.34,0.25,0.03,1.89
2026-01-06,12.00,12.02,12.08,11.95,150741,185616875.00,1.08,0.00,0.00,1.25
2026-01-07,12.02,11.78,12.02,11.75,190633,231661969.00,2.25,-2.00,-0.24,1.58
2026-01-08,11.79,12.04,12.24,11.75,270090,332918250.00,4.16,2.21,0.26,2.24
2026-01-09,12.02,12.17,12.27,11.95,218662,271988119.00,2.66,1.08,0.13,1.82
2026-01-12,12.26,12.36,12.43,12.17,293131,370411360.00,2.14,1.56,0.19,2.43
2026-01-13,12.36,12.04,12.39,12.00,218449,272197195.00,3.16,-2.59,-0.32,1.81
2026-01-14,12.01,11.94,12.21,11.83,261684,322690103.00,3.16,-0.83,-0.10,2.17
2026-01-15,11.90,11.99,12.08,11.83,132063,162151436.00,2.09,0.42,0.05,1.10
2026-01-16,12.05,12.16,12.26,12.01,199612,248280111.00,2.09,1.42,0.17,1.66
2026-01-19,12.22,12.21,12.27,12.11,184256,230405559.00,1.32,0.41,0.05,1.53
2026-01-20,12.19,12.07,12.32,12.01,204182,254132956.00,2.54,-1.15,-0.14,1.70
2026-01-21,12.00,12.12,12.29,11.98,181072,225681268.00,2.57,0.41,0.05,1.50
2026-01-22,12.12,12.08,12.22,12.03,147791,183236282.00,1.57,-0.33,-0.04,1.23
2026-01-23,12.06,12.24,12.30,12.06,192048,240425511.00,1.99,1.32,0.16,1.59
2026-01-26,12.25,11.79,12.33,11.67,315698,385184125.00,5.39,-3.68,-0.45,2.62
2026-01-27,11.75,11.82,11.90,11.38,222967,266237968.00,4.41,0.25,0.03,1.85
2026-01-28,11.80,11.58,11.81,11.51,170600,202977427.00,2.54,-2.03,-0.24,1.42
2026-01-29,11.58,11.40,11.64,11.39,152415,179644371.00,2.16,-1.55,-0.18,1.27
2026-01-30,11.41,11.33,11.50,11.17,132398,153973005.00,2.89,-0.61,-0.07,1.10
2026-02-02,11.29,11.16,11.44,11.14,156612,181649512.00,2.65,-1.50,-0.17,1.30
2026-02-03,11.25,11.37,11.38,11.16,115822,134072626.00,1.97,1.88,0.21,0.96
2026-02-04,11.30,11.42,11.43,11.25,96146,111847806.00,1.58,0.44,0.05,0.80
2026-02-05,11.40,11.28,11.40,11.26,83932,97420598.00,1.23,-1.23,-0.14,0.70
2026-02-06,11.21,11.25,11.41,11.14,102385,118930050.00,2.39,-0.27,-0.03,0.85
2026-02-09,11.37,11.43,11.44,11.29,92307,107773804.00,1.33,1.60,0.18,0.77
2026-02-10,11.43,11.51,11.58,11.40,92360,108892015.00,1.57,0.70,0.08,0.77
2026-02-11,11.46,11.38,11.56,11.35,128078,150690289.00,1.82,-1.13,-0.13,1.06
2026-02-12,11.39,11.49,11.50,11.32,76598,89998325.00,1.58,0.97,0.11,0.64
2026-02-13,11.50,11.36,11.56,11.36,83585,98326942.00,1.74,-1.13,-0.13,0.69
2026-02-24,11.53,11.48,11.55,11.40,99180,116937683.00,1.32,1.06,0.12,0.82
2026-02-25,11.50,11.52,11.58,11.46,101777,120291530.00,1.05,0.35,0.04,0.85
2026-02-26,11.50,11.53,11.56,11.42,107553,126775195.00,1.22,0.09,0.01,0.89
2026-02-27,11.51,11.44,11.52,11.36,124255,145642194.00,1.39,-0.78,-0.09,1.03
2026-03-02,11.28,11.14,11.38,11.08,148126,170229220.00,2.62,-2.62,-0.30,1.23
2026-03-03,11.15,10.67,11.27,10.64,242360,270726511.00,5.66,-4.22,-0.47,2.01
2026-03-04,10.49,10.54,10.72,10.47,121404,132280365.00,2.34,-1.22,-0.13,1.01
2026-03-05,10.65,10.55,10.71,10.51,100202,109350442.00,1.90,0.09,0.01,0.83
2026-03-06,10.60,10.69,10.73,10.50,91542,100523431.00,2.18,1.33,0.14,0.76
2026-03-09,10.54,10.52,10.57,10.30,129362,138857202.00,2.53,-1.59,-0.17,1.07
2026-03-10,10.60,10.72,10.75,10.60,91238,100398532.00,1.43,1.90,0.20,0.76
2026-03-11,10.72,10.72,10.82,10.68,72594,80110337.00,1.31,0.00,0.00,0.60
2026-03-12,10.70,10.60,10.75,10.57,83905,91690314.00,1.68,-1.12,-0.12,0.70
2026-03-13,10.58,10.47,10.65,10.45,93583,101590321.00,1.89,-1.23,-0.13,0.78
2026-03-16,10.47,10.26,10.50,10.20,163133,172879352.00,2.87,-2.01,-0.21,1.35
2026-03-17,10.28,10.17,10.43,10.15,106106,112335296.00,2.73,-0.88,-0.09,0.88
2026-03-18,10.20,10.09,10.28,9.96,126205,131032747.00,3.15,-0.79,-0.08,1.05
2026-03-19,9.99,9.73,10.03,9.68,185308,187093734.00,3.47,-3.57,-0.36,1.54
2026-03-20,9.73,9.72,9.93,9.72,117091,118268923.00,2.16,-0.10,-0.01,0.97
2026-03-23,9.62,9.19,9.63,9.11,233012,224957005.00,5.35,-5.45,-0.53,1.94
2026-03-24,9.34,9.36,9.40,9.16,113782,108921061.00,2.61,1.85,0.17,0.94
2026-03-25,9.39,9.45,9.49,9.36,109320,106508098.00,1.39,0.96,0.09,0.90
2026-03-26,9.49,9.44,9.77,9.41,131990,130441641.00,3.81,-0.11,-0.01,1.09
2026-03-27,9.39,9.54,9.57,9.34,88795,86944029.00,2.44,1.06,0.10,0.73
2026-03-30,9.45,9.51,9.57,9.36,82303,80424037.00,2.20,-0.31,-0.03,0.68
2026-03-31,9.51,9.56,9.70,9.48,114073,113007272.00,2.31,0.53,0.05,0.94
2026-04-01,9.69,9.60,9.73,9.56,76272,75580570.00,1.78,0.42,0.04,0.63
2026-04-02,9.61,9.42,9.61,9.38,91315,89119388.00,2.40,-1.88,-0.18,0.75
2026-04-03,9.45,9.15,9.50,9.14,115107,109903517.00,3.82,-2.87,-0.27,0.95
2026-04-07,9.16,9.01,9.26,8.86,155570,144756115.00,4.37,-1.53,-0.14,1.28
2026-04-08,9.19,9.45,9.45,9.18,202277,195266261.00,3.00,4.88,0.44,1.67
2026-04-09,9.44,9.51,9.58,9.28,165539,160651493.00,3.17,0.63,0.06,1.36
2026-04-10,9.60,10.49,10.49,9.58,634957,663258334.00,9.57,10.30,0.98,5.24
2026-04-13,10.69,11.17,11.35,10.68,1059177,1197326647.00,6.39,6.48,0.68,8.73
2026-04-14,11.15,11.22,11.48,11.00,760961,880634488.00,4.30,0.45,0.05,6.27
2026-04-15,11.24,11.42,11.53,10.98,558320,647715254.00,4.90,1.78,0.20,4.60
2026-04-16,11.25,11.29,11.38,11.04,598457,687828470.00,2.98,-1.14,-0.13,4.93
2026-04-17,11.12,11.24,11.29,10.93,383202,437520002.00,3.19,-0.44,-0.05,3.16
2026-04-20,11.18,11.06,11.28,10.99,423584,483136254.00,2.58,-1.60,-0.18,3.49
2026-04-21,10.94,10.40,10.97,10.36,635642,689892414.00,5.52,-5.97,-0.66,5.24
2026-04-22,10.42,10.85,11.19,10.40,697565,776142193.00,7.60,4.33,0.45,5.75
2026-04-23,10.83,10.45,10.87,10.36,351430,380830900.00,4.70,-3.69,-0.40,2.90
2026-04-24,10.41,10.18,10.44,10.17,265633,280566510.00,2.58,-2.58,-0.27,2.19
2026-04-27,10.21,10.07,10.25,10.05,218182,227240280.00,1.96,-1.08,-0.11,1.80
2026-04-28,9.87,9.76,10.03,9.70,343423,346281224.00,3.28,-3.08,-0.31,2.83
2026-04-29,9.76,9.81,9.86,9.72,192438,194110000.00,1.43,0.51,0.05,1.59
2026-04-30,9.78,9.81,9.90,9.70,200748,202631497.00,2.04,0.00,0.00,1.66
2026-05-06,9.88,10.00,10.09,9.85,329839,339480650.00,2.45,1.94,0.19,2.72
2026-05-07,10.01,10.25,10.29,9.94,351646,368047943.00,3.50,2.50,0.25,2.90
2026-05-08,10.20,11.31,11.31,10.15,634141,711667943.00,11.32,10.34,1.06,5.23
2026-05-11,11.67,11.07,11.67,10.95,758642,866761975.00,6.37,-2.12,-0.24,6.25
2026-05-12,11.06,11.38,11.62,11.04,773650,904765794.00,5.24,2.80,0.31,6.38
2026-05-13,11.20,11.58,11.66,11.20,553645,653253539.00,4.04,1.76,0.20,4.56
2026-05-14,11.70,11.58,12.10,11.44,677822,817370591.00,5.70,0.00,0.00,5.59
2026-05-15,11.58,11.75,12.09,11.43,663452,799045411.00,5.70,1.47,0.17,5.47
2026-05-18,11.58,11.52,11.70,11.37,491458,580371268.00,2.81,-1.96,-0.23,4.05
2026-05-19,11.48,11.50,11.71,11.37,333901,392997319.00,2.95,-0.17,-0.02,2.75
2026-05-20,11.40,11.22,11.42,11.13,321448,370764105.00,2.52,-2.43,-0.28,2.65
2026-05-21,11.22,11.23,11.70,11.18,444592,521664170.00,4.63,0.09,0.01,3.67
2026-05-22,11.30,11.58,11.82,11.08,472574,553579402.00,6.59,3.12,0.35,3.90
2026-05-25,11.70,11.58,11.75,11.45,398062,472238911.00,2.59,0.00,0.00,3.28
2026-05-26,11.49,11.40,11.81,11.25,422000,497766723.00,4.84,-1.55,-0.18,3.48
2026-05-27,11.34,10.96,11.43,10.92,353580,403769803.00,4.47,-3.86,-0.44,2.92
2026-05-28,11.01,11.38,11.53,10.82,417794,480028931.00,6.48,3.83,0.42,3.44
2026-05-29,11.37,10.72,11.43,10.65,360401,404873753.00,6.85,-5.80,-0.66,2.97
2026-06-01,10.72,10.69,10.90,10.63,175637,194195125.00,2.52,-0.28,-0.03,1.45
2026-06-02,10.67,10.55,10.83,10.53,169647,185616941.00,2.81,-1.31,-0.14,1.40
2026-06-03,10.54,10.71,10.93,10.46,224222,247626444.00,4.45,1.52,0.16,1.85
2026-06-04,10.72,10.43,10.98,10.33,223775,236924872.00,6.07,-2.61,-0.28,1.84
2026-06-05,10.48,10.51,10.84,10.10,301158,313154811.00,7.09,0.77,0.08,2.48
2026-06-08,10.20,10.12,10.52,9.99,241838,247890233.00,5.04,-3.71,-0.39,1.99
2026-06-09,10.20,10.15,10.23,9.90,183835,184890324.00,3.26,0.30,0.03,1.52
2026-06-10,10.10,9.82,10.19,9.70,202923,199835988.00,4.83,-3.25,-0.33,1.67
2026-06-11,9.71,9.58,9.77,9.41,229765,219579615.00,3.67,-2.44,-0.24,1.89
2026-06-12,9.67,9.65,9.81,9.52,170660,165233165.00,3.03,0.73,0.07,1.41
2026-06-15,9.62,9.90,9.98,9.62,168813,166683417.00,3.73,2.59,0.25,1.39
2026-06-16,9.96,10.10,10.12,9.87,188658,189223728.00,2.53,2.02,0.20,1.56
2026-06-17,10.02,9.84,10.02,9.74,185276,182470560.00,2.77,-2.57,-0.26,1.53
2026-06-18,9.84,9.89,10.05,9.70,233392,230360130.00,3.56,0.51,0.05,1.92
2026-06-22,9.82,9.43,9.85,9.17,300978,282704774.00,6.88,-4.65,-0.46,2.48
2026-06-23,9.43,9.30,9.63,9.25,180414,170166952.00,4.03,-1.38,-0.13,1.49
2026-06-24,9.35,9.06,9.39,8.99,183407,166840882.00,4.30,-2.58,-0.24,1.51
2026-06-25,9.07,8.65,9.07,8.62,271443,238490498.00,4.97,-4.53,-0.41,2.24
2026-06-26,8.56,8.12,8.59,8.10,258536,214537617.00,5.66,-6.13,-0.53,2.13