2026-01-05,18.60,18.50,18.60,18.47,30090,58133263.14,0.70,-0.16,-0.03,0.13
2026-01-06,18.59,18.58,18.60,18.48,33032,63930020.70,0.65,0.43,0.08,0.14
2026-01-07,18.58,18.58,18.68,18.51,37506,72653393.76,0.91,0.00,0.00,0.16
2026-01-08,18.56,18.48,18.58,18.46,32644,63026926.96,0.65,-0.54,-0.10,0.14
2026-01-09,18.49,18.51,18.55,18.47,25845,49881681.16,0.43,0.16,0.03,0.11
2026-01-12,18.49,18.57,18.58,18.47,27863,53840164.67,0.59,0.32,0.06,0.12
2026-01-13,18.58,18.63,18.83,18.55,34587,67346711.84,1.51,0.32,0.06,0.15
2026-01-14,18.64,18.60,18.76,18.50,34530,67109304.16,1.40,-0.16,-0.03,0.15
2026-01-15,18.58,18.56,18.64,18.51,15669,30346074.68,0.70,-0.22,-0.04,0.07
2026-01-16,18.66,18.54,18.66,18.48,20106,38935631.05,0.97,-0.11,-0.02,0.09
2026-01-19,18.54,18.69,18.69,18.51,21573,41890118.15,0.97,0.81,0.15,0.09
2026-01-20,18.68,18.76,18.77,18.61,20070,39150381.51,0.86,0.37,0.07,0.09
2026-01-21,18.76,18.65,18.76,18.60,17531,34114736.00,0.85,-0.59,-0.11,0.08
2026-01-22,18.68,18.72,18.76,18.61,16849,32850215.89,0.80,0.38,0.07,0.07
2026-01-23,18.74,18.58,18.75,18.55,20753,40358738.64,1.07,-0.75,-0.14,0.09
2026-01-26,18.62,18.74,18.82,18.51,28352,55219852.69,1.67,0.86,0.16,0.12
2026-01-27,18.72,18.58,18.76,18.57,20507,39866453.00,1.01,-0.85,-0.16,0.09
2026-01-28,18.66,18.83,18.93,18.58,36039,70688053.26,1.88,1.35,0.25,0.16
2026-01-29,18.90,18.87,18.92,18.67,24464,47969151.13,1.33,0.21,0.04,0.11
2026-01-30,18.81,18.87,18.92,18.64,23939,46966413.84,1.48,0.00,0.00,0.10
2026-02-02,18.85,18.69,19.00,18.65,30013,58934939.00,1.85,-0.95,-0.18,0.13
2026-02-03,18.84,18.57,18.84,18.48,25673,49848015.71,1.93,-0.64,-0.12,0.11
2026-02-04,18.54,18.92,18.93,18.52,36193,71094207.68,2.21,1.88,0.35,0.16
2026-02-05,18.95,19.02,19.12,18.86,27685,54826814.00,1.37,0.53,0.10,0.12
2026-02-06,19.11,18.89,19.14,18.87,23422,46359144.19,1.42,-0.68,-0.13,0.10
2026-02-09,19.10,19.00,19.10,18.90,16733,33091881.29,1.06,0.58,0.11,0.07
2026-02-10,19.05,19.05,19.07,18.89,15392,30498889.00,0.95,0.26,0.05,0.07
2026-02-11,19.05,19.23,19.28,19.05,20834,41673922.14,1.21,0.94,0.18,0.09
2026-02-12,19.24,19.13,19.38,19.07,23695,47496986.53,1.61,-0.52,-0.10,0.10
2026-02-13,19.13,18.84,19.14,18.82,19855,39243922.97,1.67,-1.52,-0.29,0.09
2026-02-24,19.07,19.08,19.12,18.92,19944,39580607.51,1.06,1.27,0.24,0.09
2026-02-25,19.12,19.29,19.43,19.08,30333,61002085.96,1.83,1.10,0.21,0.13
2026-02-26,19.29,19.36,19.48,19.25,24491,49292392.90,1.19,0.36,0.07,0.11
2026-02-27,19.45,19.70,19.78,19.38,52098,106294308.91,2.07,1.76,0.34,0.23
2026-03-02,19.90,19.90,20.05,19.67,55961,115808821.32,1.93,1.02,0.20,0.24
2026-03-03,20.06,21.83,21.89,19.97,210947,461429100.19,9.65,9.70,1.93,0.92
2026-03-04,21.11,20.55,21.11,19.72,130484,277071220.22,6.37,-5.86,-1.28,0.57
2026-03-05,20.56,20.25,20.70,20.10,59551,125448126.30,2.92,-1.46,-0.30,0.26
2026-03-06,20.17,20.28,20.28,19.90,44712,93521856.13,1.88,0.15,0.03,0.19
2026-03-09,20.60,20.29,21.00,19.97,80791,171433538.00,5.08,0.05,0.01,0.35
2026-03-10,20.17,20.23,20.44,19.97,47566,99999515.00,2.32,-0.30,-0.06,0.21
2026-03-11,20.25,20.63,20.67,19.92,39878,84362596.50,3.71,1.98,0.40,0.17
2026-03-12,20.63,21.38,21.57,20.46,67083,147215986.31,5.38,3.64,0.75,0.29
2026-03-13,21.32,21.44,21.65,21.22,35960,79905473.72,2.01,0.28,0.06,0.16
2026-03-16,21.53,22.01,22.50,21.46,71020,162544319.34,4.85,2.66,0.57,0.31
2026-03-17,21.98,21.86,22.43,21.71,43202,98642114.80,3.27,-0.68,-0.15,0.19
2026-03-18,21.86,22.16,22.20,21.65,39847,90711739.70,2.52,1.37,0.30,0.17
2026-03-19,22.11,22.00,22.55,21.85,52580,121113558.69,3.16,-0.72,-0.16,0.23
2026-03-20,22.00,22.37,22.70,21.95,58013,134380500.98,3.41,1.68,0.37,0.25
2026-03-23,22.30,21.49,22.30,21.37,62886,141725535.41,4.16,-3.93,-0.88,0.27
2026-03-24,21.79,21.70,22.05,21.25,69158,155120640.98,3.72,0.98,0.21,0.30
2026-03-25,21.71,21.78,21.83,21.26,37421,83552131.39,2.63,0.37,0.08,0.16
2026-03-26,21.56,21.87,22.24,21.56,29973,68157317.61,3.12,0.41,0.09,0.13
2026-03-27,21.70,21.59,21.85,21.25,28072,62499399.50,2.74,-1.28,-0.28,0.12
2026-03-30,21.50,21.53,21.83,21.39,22753,50901500.26,2.04,-0.28,-0.06,0.10
2026-03-31,21.52,21.00,21.71,20.98,26641,58784093.92,3.39,-2.46,-0.53,0.12
2026-04-01,21.20,21.25,21.41,21.03,30339,66769568.30,1.81,1.19,0.25,0.13
2026-04-02,21.26,21.22,21.48,21.11,23245,51243211.00,1.74,-0.14,-0.03,0.10
2026-04-03,21.22,21.24,21.55,21.08,24637,54461000.06,2.21,0.09,0.02,0.11
2026-04-07,21.54,21.08,21.62,20.86,30408,66661748.00,3.58,-0.75,-0.16,0.13
2026-04-08,21.41,21.28,21.41,20.67,46147,100463280.64,3.51,0.95,0.20,0.20
2026-04-09,21.33,21.22,21.47,21.09,29834,65787337.00,1.79,-0.28,-0.06,0.13
2026-04-10,21.28,20.83,21.52,20.76,37132,81225256.75,3.58,-1.84,-0.39,0.16
2026-04-13,20.86,20.99,21.14,20.68,21204,46044946.80,2.21,0.77,0.16,0.09
2026-04-14,21.02,20.60,21.02,20.51,28751,61623109.00,2.43,-1.86,-0.39,0.12
2026-04-15,20.62,20.84,20.89,20.62,25654,55326374.40,1.31,1.17,0.24,0.11
2026-04-16,20.84,20.79,20.89,20.50,22648,48647053.00,1.87,-0.24,-0.05,0.10
2026-04-17,20.72,20.63,20.85,20.56,17875,38408754.36,1.39,-0.77,-0.16,0.08
2026-04-20,20.63,20.69,20.70,20.40,17048,36449566.00,1.45,0.29,0.06,0.07
2026-04-21,20.69,20.86,21.08,20.69,19889,43215515.34,1.88,0.82,0.17,0.09
2026-04-22,20.87,20.69,21.03,20.66,14755,31856383.63,1.77,-0.81,-0.17,0.06
2026-04-23,20.69,21.30,21.66,20.61,40991,90237355.85,5.07,2.95,0.61,0.18
2026-04-24,21.32,20.98,21.32,20.87,28859,63040905.25,2.11,-1.50,-0.32,0.13
2026-04-27,20.97,20.87,21.32,20.85,21078,45970929.00,2.24,-0.52,-0.11,0.09
2026-04-28,20.70,21.18,21.26,20.70,24530,53630131.00,2.68,1.49,0.31,0.11
2026-04-29,21.18,20.96,21.28,20.69,25702,55806077.73,2.79,-1.04,-0.22,0.11
2026-04-30,20.90,21.35,21.51,20.54,58394,127528904.40,4.63,1.86,0.39,0.25
2026-05-06,21.35,21.75,21.78,20.85,44496,99479296.06,4.36,1.87,0.40,0.19
2026-05-07,21.80,21.57,21.80,21.48,27166,60828508.76,1.47,-0.83,-0.18,0.12
2026-05-08,21.71,21.81,21.98,21.58,27113,61190154.66,1.85,1.11,0.24,0.12
2026-05-11,21.81,21.59,21.81,21.31,26753,59690692.00,2.29,-1.01,-0.22,0.12
2026-05-12,21.62,21.80,21.90,21.45,30706,69178021.71,2.08,0.97,0.21,0.13
2026-05-13,21.80,22.29,22.30,21.79,28429,64990292.99,2.34,2.25,0.49,0.12
2026-05-14,22.48,22.75,23.29,22.31,58482,138245532.02,4.40,2.06,0.46,0.25
2026-05-15,22.69,22.03,22.82,21.76,40529,92686538.00,4.66,-3.16,-0.72,0.18
2026-05-18,21.72,21.45,21.89,21.05,31670,70489153.62,3.81,-2.63,-0.58,0.14
2026-05-19,21.65,21.69,21.72,21.35,19119,42723155.84,1.72,1.12,0.24,0.08
2026-05-20,21.63,21.71,21.82,21.45,20237,45402261.00,1.71,0.09,0.02,0.09
2026-05-21,21.71,21.88,22.27,21.64,30850,70357307.00,2.90,0.78,0.17,0.13
2026-05-22,21.96,21.83,22.09,21.40,25449,57385826.00,3.15,-0.23,-0.05,0.11
2026-05-25,21.63,22.18,22.18,21.62,16976,38660452.00,2.57,1.60,0.35,0.07
2026-05-26,22.29,21.62,22.29,21.43,25206,56647469.00,3.88,-2.52,-0.56,0.11
2026-05-27,21.60,21.24,21.69,21.08,20010,44127686.26,2.82,-1.76,-0.38,0.09
2026-05-28,21.32,21.08,21.41,20.73,20477,44679996.71,3.20,-0.75,-0.16,0.09
2026-05-29,21.00,21.50,21.88,20.90,28487,63580550.84,4.65,1.99,0.42,0.12
2026-06-01,21.21,21.42,21.48,20.80,24998,55064189.77,3.16,-0.37,-0.08,0.11
2026-06-02,21.43,21.49,21.84,21.25,23115,51613830.00,2.75,0.33,0.07,0.10
2026-06-03,21.42,21.38,21.50,20.74,29470,64394245.16,3.54,-0.51,-0.11,0.13
2026-06-04,21.22,20.88,21.38,20.56,28410,61518563.00,3.84,-2.34,-0.50,0.12
2026-06-05,20.83,21.04,21.30,20.83,18472,40498713.00,2.25,0.77,0.16,0.08
2026-06-08,20.83,20.38,20.83,20.23,18936,40304679.00,2.85,-3.14,-0.66,0.08
2026-06-09,20.55,20.34,20.64,20.21,13579,28769537.00,2.11,-0.20,-0.04,0.06
2026-06-10,20.30,19.94,20.45,19.86,32482,67869579.90,2.90,-1.97,-0.40,0.14
2026-06-11,19.81,19.25,20.01,19.20,33567,67956372.49,4.06,-3.46,-0.69,0.15
2026-06-12,19.31,19.61,19.81,19.10,45874,93179406.62,3.69,1.87,0.36,0.20
2026-06-15,19.73,19.89,20.10,19.53,33451,68857781.29,2.91,1.43,0.28,0.15
2026-06-16,19.78,19.05,19.79,19.00,38685,77495889.00,3.97,-4.22,-0.84,0.17
2026-06-17,19.05,19.16,19.25,18.96,22090,43993211.11,1.52,0.58,0.11,0.10
2026-06-18,19.08,18.63,19.15,18.63,34117,66874817.00,2.71,-2.77,-0.53,0.15
2026-06-22,18.61,18.92,19.02,18.40,34606,67739223.88,3.33,1.56,0.29,0.15
2026-06-23,18.87,19.40,19.53,18.86,31975,64351833.95,3.54,2.54,0.48,0.14
2026-06-24,19.30,19.35,19.73,19.19,25333,51382873.03,2.78,-0.26,-0.05,0.11
2026-06-25,19.34,19.56,19.74,19.01,26450,53569904.68,3.77,1.09,0.21,0.11
2026-06-26,19.55,19.28,19.66,19.13,20449,41162593.88,2.71,-1.43,-0.28,0.09
2026-06-29,19.28,19.23,19.57,18.74,24219,48365327.62,4.30,-0.26,-0.05,0.11
2026-06-30,19.21,18.63,19.25,18.55,23294,45596952.00,3.64,-3.12,-0.60,0.10
2026-07-01,18.63,18.84,19.12,18.55,24374,47865152.26,3.06,1.13,0.21,0.11
2026-07-02,18.80,19.00,19.20,18.71,22504,44424840.69,2.60,0.85,0.16,0.10
2026-07-03,19.04,20.05,20.36,19.04,47563,98170764.41,6.95,5.53,1.05,0.21
2026-07-06,19.93,20.49,20.75,19.82,36567,77745110.40,4.64,2.19,0.44,0.16
2026-07-07,20.60,20.08,20.75,19.87,31229,65652033.00,4.29,-2.00,-0.41,0.14
2026-07-08,20.22,20.35,20.93,20.02,33812,71835709.44,4.53,1.34,0.27,0.15
2026-07-09,20.32,20.04,20.32,19.83,26331,54782354.00,2.41,-1.52,-0.31,0.11
2026-07-10,19.96,19.75,20.07,19.66,28108,57930846.46,2.05,-1.45,-0.29,0.12
2026-07-13,19.86,20.49,20.70,19.73,46761,99012770.00,4.91,3.75,0.74,0.20
2026-07-14,20.49,20.90,21.09,20.31,50713,109633452.93,3.81,2.00,0.41,0.22
2026-07-15,20.80,21.04,21.13,20.34,47681,99424085.36,3.78,0.67,0.14,0.21
2026-07-16,21.00,20.94,21.10,20.76,24538,51235496.71,1.62,-0.48,-0.10,0.11
2026-07-17,20.94,22.00,22.14,20.90,89432,195001162.03,5.92,5.06,1.06,0.39
2026-07-20,21.85,22.42,22.60,21.60,53889,120281663.71,4.55,1.91,0.42,0.23