2026-01-05,15.47,15.42,15.52,15.22,29014,44727474.00,1.96,0.78,0.12,1.65
2026-01-06,15.45,15.43,15.62,15.34,35405,54800339.00,1.82,0.06,0.01,2.01
2026-01-07,15.45,15.65,15.66,15.28,42852,66349249.00,2.46,1.43,0.22,2.44
2026-01-08,15.70,16.16,16.48,15.58,73740,119154776.00,5.75,3.26,0.51,4.19
2026-01-09,16.13,16.13,16.22,15.89,53224,85494363.00,2.04,-0.19,-0.03,3.03
2026-01-12,16.18,16.27,16.29,15.96,53599,86679240.00,2.05,0.87,0.14,3.05
2026-01-13,16.28,16.07,16.46,16.01,46802,75969150.00,2.77,-1.23,-0.20,2.66
2026-01-14,16.07,16.20,16.48,15.84,70309,113800564.00,3.98,0.81,0.13,4.00
2026-01-15,16.16,16.33,16.35,15.92,44421,71962100.00,2.65,0.80,0.13,2.53
2026-01-16,16.38,16.34,16.50,16.08,39120,63823199.00,2.57,0.06,0.01,2.22
2026-01-19,16.36,16.82,17.06,16.25,68634,114964550.00,4.96,2.94,0.48,3.90
2026-01-20,16.80,16.67,17.10,16.41,50140,83984468.00,4.10,-0.89,-0.15,2.85
2026-01-21,16.47,16.73,16.87,16.47,35725,59573168.00,2.40,0.36,0.06,2.03
2026-01-22,16.72,16.85,17.04,16.70,37827,63725782.00,2.03,0.72,0.12,2.15
2026-01-23,16.99,17.18,17.22,16.83,37368,63771745.00,2.31,1.96,0.33,2.12
2026-01-26,17.05,16.57,17.33,16.34,77451,129808398.00,5.76,-3.55,-0.61,4.40
2026-01-27,16.62,16.77,16.83,16.03,55872,92305430.00,4.83,1.21,0.20,3.18
2026-01-28,16.85,16.28,16.85,16.17,42714,69836639.00,4.05,-2.92,-0.49,2.43
2026-01-29,16.25,15.87,16.42,15.78,43823,70449481.00,3.93,-2.52,-0.41,2.49
2026-01-30,15.89,16.02,16.08,15.57,38875,61578196.00,3.21,0.95,0.15,2.21
2026-02-02,15.86,15.58,16.18,15.54,62568,99396693.00,4.00,-2.75,-0.44,3.56
2026-02-03,15.82,15.75,15.84,15.53,56922,89306726.00,1.99,1.09,0.17,3.24
2026-02-04,15.82,15.61,15.90,15.46,37131,58137823.00,2.79,-0.89,-0.14,2.11
2026-02-05,15.67,15.42,15.67,15.37,32053,49655979.00,1.92,-1.22,-0.19,1.82
2026-02-06,15.33,15.85,16.06,15.26,50992,80454348.00,5.19,2.79,0.43,2.90
2026-02-09,16.03,16.37,16.48,15.90,48089,78222642.00,3.66,3.28,0.52,2.73
2026-02-10,16.37,16.24,16.47,16.21,29084,47473451.00,1.59,-0.79,-0.13,1.65
2026-02-11,16.19,16.62,17.21,16.19,62772,105520732.00,6.28,2.34,0.38,3.57
2026-02-12,16.62,17.25,17.56,16.62,89075,153568432.00,5.66,3.79,0.63,5.06
2026-02-13,17.08,17.25,17.54,16.89,71369,122933981.00,3.77,0.00,0.00,4.06
2026-02-24,17.49,17.20,17.49,17.02,65219,112197044.00,2.72,-0.29,-0.05,3.71
2026-02-25,17.10,16.99,17.33,16.96,40830,69846437.00,2.15,-1.22,-0.21,2.32
2026-02-26,16.95,17.05,17.23,16.86,38219,64904747.00,2.18,0.35,0.06,2.17
2026-02-27,17.05,17.68,17.68,16.82,62117,107673540.00,5.04,3.70,0.63,3.53
2026-03-02,17.33,17.05,18.00,16.96,84260,146159918.00,5.88,-3.56,-0.63,4.79
2026-03-03,17.13,16.30,17.18,16.24,68133,114057795.00,5.51,-4.40,-0.75,3.87
2026-03-04,16.08,15.83,16.41,15.53,61188,97233509.00,5.40,-2.88,-0.47,3.48
2026-03-05,16.13,16.14,16.59,16.03,47270,76799905.00,3.54,1.96,0.31,2.69
2026-03-06,16.16,16.12,16.34,16.07,37355,60453632.00,1.67,-0.12,-0.02,2.12
2026-03-09,15.90,15.85,15.90,15.23,56394,87731603.00,4.16,-1.67,-0.27,3.21
2026-03-10,16.17,16.24,16.51,16.09,44986,73181369.00,2.65,2.46,0.39,2.56
2026-03-11,16.33,16.35,16.92,16.27,55180,91504335.00,4.00,0.68,0.11,3.14
2026-03-12,16.27,16.33,16.58,16.13,44028,71807724.00,2.75,-0.12,-0.02,2.50
2026-03-13,16.31,16.09,16.65,15.98,43043,70377192.00,4.10,-1.47,-0.24,2.45
2026-03-16,15.97,15.71,16.04,15.48,40178,63129163.00,3.48,-2.36,-0.38,2.28
2026-03-17,15.90,15.31,16.34,15.29,40726,64185855.00,6.68,-2.55,-0.40,2.32
2026-03-18,15.30,15.73,15.74,15.27,32318,49990223.00,3.07,2.74,0.42,1.84
2026-03-19,15.58,15.13,15.58,15.02,35922,54801875.00,3.56,-3.81,-0.60,2.04
2026-03-20,15.19,14.64,15.37,14.64,39111,58234593.00,4.82,-3.24,-0.49,2.22
2026-03-23,14.43,13.58,14.50,13.45,55809,78187604.00,7.17,-7.24,-1.06,3.17
2026-03-24,13.97,14.28,14.28,13.63,52436,73169568.00,4.79,5.15,0.70,2.98
2026-03-25,14.40,14.31,14.49,14.19,40037,57422165.00,2.10,0.21,0.03,2.28
2026-03-26,14.31,14.11,14.45,13.98,31036,43952451.00,3.28,-1.40,-0.20,1.76
2026-03-27,13.93,14.34,14.35,13.84,27792,39387472.00,3.61,1.63,0.23,1.58
2026-03-30,13.92,14.16,14.24,13.91,37176,52346984.00,2.30,-1.26,-0.18,2.11
2026-03-31,14.22,14.07,14.44,13.96,35463,50481672.00,3.39,-0.64,-0.09,2.02
2026-04-01,14.33,14.38,14.45,14.17,29426,42085134.00,1.99,2.20,0.31,1.67
2026-04-02,14.27,14.06,14.38,13.95,24709,34967423.00,2.99,-2.23,-0.32,1.40
2026-04-03,14.00,13.81,14.11,13.72,21992,30407124.00,2.77,-1.78,-0.25,1.25
2026-04-07,13.86,14.35,14.48,13.81,34233,48508395.00,4.85,3.91,0.54,1.95
2026-04-08,14.70,15.88,16.00,14.58,78544,120076316.00,9.90,10.66,1.53,4.47
2026-04-09,15.71,15.60,15.87,15.51,54559,85489555.00,2.27,-1.76,-0.28,3.10
2026-04-10,16.11,16.76,17.05,15.80,101787,168031454.00,8.01,7.44,1.16,5.79
2026-04-13,16.59,16.75,16.97,16.33,62551,103876990.00,3.82,-0.06,-0.01,3.56
2026-04-14,17.02,17.00,17.14,16.46,63803,107031381.00,4.06,1.49,0.25,3.63
2026-04-15,17.18,16.93,17.35,16.81,50962,86785000.00,3.18,-0.41,-0.07,2.90
2026-04-16,16.91,16.87,17.09,16.83,32531,54992772.00,1.54,-0.35,-0.06,1.85
2026-04-17,16.80,16.92,17.13,16.80,34449,58506665.00,1.96,0.30,0.05,1.96
2026-04-20,16.80,16.72,16.97,16.60,42729,71661350.00,2.19,-1.18,-0.20,2.43
2026-04-21,16.69,16.17,16.70,16.07,44271,72189060.00,3.77,-3.29,-0.55,2.52
2026-04-22,16.15,16.27,16.49,16.08,46296,75367697.00,2.54,0.62,0.10,2.63
2026-04-23,16.30,16.19,16.44,15.91,39308,63531492.00,3.26,-0.49,-0.08,2.23
2026-04-24,16.28,16.61,16.74,15.88,51346,83797921.00,5.31,2.59,0.42,2.92
2026-04-27,15.47,16.74,16.84,15.27,81115,130629345.00,9.45,0.78,0.13,4.61
2026-04-28,16.41,16.42,17.00,16.00,52726,86552567.00,5.97,-1.91,-0.32,3.00
2026-04-29,16.00,16.35,16.54,16.00,42306,69125209.00,3.29,-0.43,-0.07,2.41
2026-05-06,13.08,13.08,13.08,13.08,11515,15061803.00,0.00,-20.00,-3.27,0.65
2026-05-07,10.46,10.47,10.49,10.46,258011,269928643.00,0.23,-19.95,-2.61,14.67
2026-05-08,10.50,10.62,10.77,10.30,227688,240214563.00,4.49,1.43,0.15,12.95
2026-05-11,10.76,10.48,10.79,10.41,125515,132508895.00,3.58,-1.32,-0.14,7.14
2026-05-12,10.43,9.97,10.50,9.93,125548,126779719.00,5.44,-4.87,-0.51,7.14
2026-05-13,9.93,10.27,10.27,9.86,67937,68751057.00,4.11,3.01,0.30,3.86
2026-05-14,10.26,9.89,10.26,9.89,55866,55982797.00,3.60,-3.70,-0.38,3.18
2026-05-15,9.96,9.96,10.07,9.91,39430,39332785.00,1.62,0.71,0.07,2.24
2026-05-18,9.91,10.37,10.53,9.89,68245,70390004.00,6.43,4.12,0.41,3.88
2026-05-19,10.37,10.42,10.42,10.15,39265,40382639.00,2.60,0.48,0.05,2.23
2026-05-20,10.35,10.25,10.49,10.22,33520,34536479.00,2.59,-1.63,-0.17,1.91
2026-05-21,10.21,9.84,10.32,9.75,58238,58388700.00,5.56,-4.00,-0.41,3.31
2026-05-22,9.89,9.81,9.92,9.70,27617,27122405.00,2.24,-0.30,-0.03,1.57
2026-05-25,9.85,9.18,9.90,9.04,67404,62529691.00,8.77,-6.42,-0.63,3.83
2026-05-26,9.16,8.95,9.16,8.84,37298,33469517.00,3.49,-2.51,-0.23,2.12
2026-05-27,9.18,8.95,9.33,8.95,31837,29016167.00,4.25,0.00,0.00,1.81
2026-05-28,9.00,9.38,9.44,8.91,34739,32154183.00,5.92,4.80,0.43,1.98
2026-05-29,9.42,9.30,9.59,9.24,34646,32645275.00,3.73,-0.85,-0.08,1.97
2026-06-01,9.25,9.53,9.53,9.19,33373,31466605.00,3.66,2.47,0.23,1.90
2026-06-02,9.49,9.32,9.55,9.26,30817,28879980.00,3.04,-2.20,-0.21,1.75
2026-06-03,9.33,9.08,9.44,9.03,32985,30209322.00,4.40,-2.58,-0.24,1.88
2026-06-04,9.00,8.69,9.07,8.60,44040,38692575.00,5.18,-4.30,-0.39,2.50
2026-06-05,8.68,8.94,9.10,8.68,32040,28508180.00,4.83,2.88,0.25,1.82
2026-06-08,8.82,8.77,9.21,8.71,38363,34411317.00,5.59,-1.90,-0.17,2.18
2026-06-09,8.84,8.66,8.95,8.63,26423,23123362.00,3.65,-1.25,-0.11,1.50
2026-06-10,8.65,8.30,8.65,8.18,37930,31565078.00,5.43,-4.16,-0.36,2.16
2026-06-11,8.32,8.07,8.38,8.04,28900,23595354.00,4.10,-2.77,-0.23,1.64
2026-06-12,8.15,8.06,8.23,8.03,30597,24837569.00,2.48,-0.12,-0.01,1.74
2026-06-15,8.07,8.08,8.28,8.03,30840,25089813.00,3.10,0.25,0.02,1.75
2026-06-16,8.14,8.36,8.47,7.83,60103,48978913.00,7.92,3.47,0.28,3.42
2026-06-17,8.27,7.99,8.36,7.95,49097,39895104.00,4.90,-4.43,-0.37,2.79
2026-06-18,7.96,7.88,8.14,7.82,33860,26932108.00,4.01,-1.38,-0.11,1.93
2026-06-22,7.85,7.94,7.98,7.50,43334,33447844.00,6.09,0.76,0.06,2.46
2026-06-23,7.91,8.32,8.40,7.91,51997,42735559.00,6.17,4.79,0.38,2.96
2026-06-24,8.30,7.99,8.41,7.88,68564,55304952.00,6.37,-3.97,-0.33,3.90
2026-06-25,8.02,7.98,8.29,7.90,47518,38307878.00,4.88,-0.13,-0.01,2.70
2026-06-26,7.99,8.17,8.34,7.85,43175,35047937.00,6.14,2.38,0.19,2.45