2026-01-05,40.25,41.14,41.15,40.25,78129,319079250.00,2.24,2.31,0.93,1.75
2026-01-06,41.01,41.29,41.40,40.93,79942,329172671.00,1.14,0.36,0.15,1.79
2026-01-07,41.22,41.02,41.37,40.93,59886,246342641.00,1.07,-0.65,-0.27,1.34
2026-01-08,41.00,41.25,41.37,40.95,63993,263515253.00,1.02,0.56,0.23,1.43
2026-01-09,41.29,41.67,41.77,41.11,80385,333551054.00,1.60,1.02,0.42,1.80
2026-01-12,41.75,42.34,42.40,41.74,106334,448001246.00,1.58,1.61,0.67,2.38
2026-01-13,42.43,42.48,43.59,42.11,152097,653102106.00,3.50,0.33,0.14,3.40
2026-01-14,42.42,43.40,44.16,42.41,200593,874841042.00,4.12,2.17,0.92,4.48
2026-01-15,43.55,46.70,47.74,43.40,435371,2046001791.00,10.00,7.60,3.30,9.73
2026-01-16,46.01,44.83,46.79,44.78,211740,962300412.00,4.30,-4.00,-1.87,4.73
2026-01-19,44.85,45.10,46.28,44.41,153100,693916038.00,4.17,0.60,0.27,3.42
2026-01-20,44.88,44.30,45.33,44.10,100964,449343153.00,2.73,-1.77,-0.80,2.26
2026-01-21,44.17,46.51,46.98,43.90,198588,911228439.00,6.95,4.99,2.21,4.44
2026-01-22,46.39,46.58,46.98,45.95,105953,492802942.00,2.21,0.15,0.07,2.37
2026-01-23,46.74,46.80,47.30,46.48,112846,528930732.00,1.76,0.47,0.22,2.52
2026-01-26,46.80,46.47,46.96,46.04,82941,384848550.00,1.97,-0.71,-0.33,1.85
2026-01-27,46.47,46.13,46.47,45.23,92749,424372962.00,2.67,-0.73,-0.34,2.07
2026-01-28,45.85,45.17,46.24,45.00,87681,398261971.00,2.69,-2.08,-0.96,1.96
2026-01-29,44.96,47.49,47.50,44.66,206488,964888012.00,6.29,5.14,2.32,4.62
2026-01-30,47.01,46.00,47.24,45.91,106145,491816935.00,2.80,-3.14,-1.49,2.37
2026-02-02,45.63,47.20,48.50,45.60,243249,1163506457.00,6.30,2.61,1.20,5.44
2026-02-03,47.76,48.26,48.76,47.00,170450,818099813.00,3.73,2.25,1.06,3.81
2026-02-04,48.02,48.84,49.20,47.78,139283,675049746.00,2.94,1.20,0.58,3.11
2026-02-05,48.50,50.82,51.50,48.35,248524,1262864748.00,6.45,4.05,1.98,5.56
2026-02-06,51.06,49.72,51.06,49.60,139720,701434719.00,2.87,-2.16,-1.10,3.12
2026-02-09,49.64,49.06,49.89,48.77,128771,632729033.00,2.25,-1.33,-0.66,2.88
2026-02-10,49.08,48.58,49.28,48.36,82079,399474025.00,1.88,-0.98,-0.48,1.84
2026-02-11,48.65,48.86,49.17,48.20,115474,563124778.00,2.00,0.58,0.28,2.58
2026-02-12,48.62,47.81,48.62,47.35,123814,591190184.00,2.60,-2.15,-1.05,2.77
2026-02-13,47.81,46.95,48.10,46.89,83901,397150988.00,2.53,-1.80,-0.86,1.88
2026-02-24,47.51,50.03,50.30,47.51,184421,908196204.00,5.94,6.56,3.08,4.12
2026-02-25,50.08,51.96,52.22,49.75,155386,793169289.00,4.94,3.86,1.93,3.47
2026-02-26,51.73,50.83,51.75,50.60,99638,508908440.00,2.21,-2.17,-1.13,2.23
2026-02-27,50.64,50.57,51.94,50.41,70683,360635472.00,3.01,-0.51,-0.26,1.58
2026-03-02,49.80,50.65,51.13,49.44,104110,523848533.00,3.34,0.16,0.08,2.33
2026-03-03,50.85,48.45,50.99,48.30,140776,693279009.00,5.31,-4.34,-2.20,3.15
2026-03-04,48.25,48.24,49.56,47.82,103244,501155441.00,3.59,-0.43,-0.21,2.31
2026-03-05,48.99,47.66,49.09,47.10,100167,479386858.00,4.13,-1.20,-0.58,2.24
2026-03-06,47.90,47.64,48.46,47.24,91389,437542693.00,2.56,-0.04,-0.02,2.04
2026-03-09,47.00,47.00,47.25,45.70,99791,463601234.00,3.25,-1.34,-0.64,2.23
2026-03-10,47.50,47.13,47.97,46.78,79693,376769862.00,2.53,0.28,0.13,1.78
2026-03-11,47.12,46.63,47.12,46.50,57906,270665422.00,1.32,-1.06,-0.50,1.29
2026-03-12,46.30,44.90,46.60,44.88,168245,761026459.00,3.69,-3.71,-1.73,3.76
2026-03-13,44.90,44.43,45.27,44.36,83089,372547472.00,2.03,-1.05,-0.47,1.86
2026-03-16,44.33,44.58,44.66,44.06,73651,327165833.00,1.35,0.34,0.15,1.65
2026-03-17,44.70,44.60,45.39,44.51,85791,385676957.00,1.97,0.04,0.02,1.92
2026-03-18,44.54,44.48,44.78,43.90,64860,287337339.00,1.97,-0.27,-0.12,1.45
2026-03-19,43.80,43.22,44.15,43.09,89095,386934165.00,2.38,-2.83,-1.26,1.99
2026-03-20,43.22,42.49,43.64,42.49,62679,269649506.00,2.66,-1.69,-0.73,1.40
2026-03-23,42.06,40.62,42.20,40.30,100601,413750763.00,4.47,-4.40,-1.87,2.25
2026-03-24,41.23,41.28,41.37,40.63,62112,254634685.00,1.82,1.62,0.66,1.39
2026-03-25,41.65,41.16,41.80,40.71,101438,417014647.00,2.64,-0.29,-0.12,2.27
2026-03-26,40.98,40.58,41.49,40.38,70784,288970876.00,2.70,-1.41,-0.58,1.58
2026-03-27,40.05,41.93,42.09,40.02,90743,375928162.00,5.10,3.33,1.35,2.03
2026-03-30,41.45,41.87,42.12,41.45,58938,246193437.00,1.60,-0.14,-0.06,1.32
2026-03-31,41.89,42.07,43.07,41.88,74741,317443132.00,2.84,0.48,0.20,1.67
2026-04-01,42.56,42.48,42.70,41.83,70764,299817544.00,2.07,0.97,0.41,1.58
2026-04-02,42.27,41.55,42.27,41.10,79942,332570731.00,2.75,-2.19,-0.93,1.79
2026-04-03,41.58,40.99,41.60,40.82,48513,199210420.00,1.88,-1.35,-0.56,1.08
2026-04-07,41.12,41.17,41.45,40.83,37938,155979716.00,1.51,0.44,0.18,0.85
2026-04-08,41.70,42.46,42.47,41.66,76645,322722690.00,1.97,3.13,1.29,1.71
2026-04-09,41.95,41.82,42.36,41.72,44749,187645553.00,1.51,-1.51,-0.64,1.00
2026-04-10,41.90,42.13,42.38,41.88,64745,272679725.00,1.20,0.74,0.31,1.45
2026-04-13,41.86,41.48,41.91,41.37,47537,197663098.00,1.28,-1.54,-0.65,1.06
2026-04-14,41.60,41.58,41.79,40.77,77643,319395317.00,2.46,0.24,0.10,1.74
2026-04-15,41.80,41.37,41.88,41.30,57298,237727626.00,1.39,-0.51,-0.21,1.28
2026-04-16,41.35,41.63,41.73,41.09,53687,222673184.00,1.55,0.63,0.26,1.20
2026-04-17,41.49,41.21,41.50,40.80,65842,270377827.00,1.68,-1.01,-0.42,1.47
2026-04-20,40.95,41.07,41.60,40.38,100500,410940686.00,2.96,-0.34,-0.14,2.25
2026-04-21,41.10,40.79,41.49,40.67,60145,246103600.00,2.00,-0.68,-0.28,1.34
2026-04-22,40.70,41.35,41.40,40.60,59973,246665655.00,1.96,1.37,0.56,1.34
2026-04-23,41.36,42.65,42.78,40.90,151811,638072800.00,4.55,3.14,1.30,3.39
2026-04-24,42.49,43.23,44.50,42.10,170335,739676098.00,5.63,1.36,0.58,3.81
2026-04-27,42.88,42.68,42.98,42.32,75958,323801090.00,1.53,-1.27,-0.55,1.70
2026-04-28,42.70,43.49,43.75,42.70,97409,421452834.00,2.46,1.90,0.81,2.18
2026-04-29,43.15,43.26,43.45,42.75,67161,289899225.00,1.61,-0.53,-0.23,1.50
2026-04-30,43.10,42.18,43.12,42.16,74591,316583736.00,2.22,-2.50,-1.08,1.67
2026-05-06,42.18,42.41,42.55,42.00,62232,263246404.00,1.30,0.55,0.23,1.39
2026-05-07,42.41,41.77,42.61,41.55,85724,359325389.00,2.50,-1.51,-0.64,1.92
2026-05-08,41.62,41.35,41.97,41.23,74600,309826696.00,1.77,-1.01,-0.42,1.67
2026-05-11,41.32,41.96,41.97,40.95,91545,380016978.00,2.47,1.48,0.61,2.05
2026-05-12,41.81,41.14,41.81,41.11,74238,307070606.00,1.67,-1.95,-0.82,1.66
2026-05-13,41.15,40.90,41.34,40.57,99955,408452941.00,1.87,-0.58,-0.24,2.23
2026-05-14,40.72,39.65,41.00,39.63,132976,532703228.00,3.35,-3.06,-1.25,2.97
2026-05-15,39.68,39.79,40.11,39.25,68805,273312072.00,2.17,0.35,0.14,1.54
2026-05-18,39.74,38.60,39.75,38.42,78470,304454966.00,3.34,-2.99,-1.19,1.75
2026-05-19,38.50,38.11,38.84,37.85,72590,277583868.00,2.56,-1.27,-0.49,1.62
2026-05-20,37.78,36.81,37.98,36.75,112621,417221555.00,3.23,-3.41,-1.30,2.52
2026-05-21,36.83,36.72,37.70,36.67,98634,367599342.00,2.80,-0.24,-0.09,2.21
2026-05-22,36.88,37.00,37.21,36.38,62979,232111124.00,2.26,0.76,0.28,1.41
2026-05-25,36.97,36.63,37.17,36.35,65378,239291844.00,2.22,-1.00,-0.37,1.46
2026-05-26,36.63,36.40,36.93,36.03,62364,226695491.00,2.46,-0.63,-0.23,1.39
2026-05-27,36.20,37.30,37.66,35.80,99615,365506702.00,5.11,2.47,0.90,2.23
2026-05-28,36.88,36.42,37.06,36.20,67184,245613592.00,2.31,-2.36,-0.88,1.50
2026-05-29,36.27,37.41,38.15,36.27,95992,358142647.00,5.16,2.72,0.99,2.15
2026-06-01,37.25,37.55,37.56,36.85,59425,221157639.00,1.90,0.37,0.14,1.33
2026-06-02,37.33,36.81,37.50,36.70,52847,195530003.00,2.13,-1.97,-0.74,1.18
2026-06-03,36.61,35.24,36.67,35.01,114704,406321401.00,4.51,-4.27,-1.57,2.56
2026-06-04,35.55,34.74,35.96,34.73,69816,245577946.00,3.49,-1.42,-0.50,1.56
2026-06-05,35.00,35.00,35.69,34.94,57221,201644205.00,2.16,0.75,0.26,1.28
2026-06-08,34.55,33.83,35.20,33.61,76672,262464122.00,4.54,-3.34,-1.17,1.71
2026-06-09,33.95,33.47,34.15,33.19,59908,200662413.00,2.84,-1.06,-0.36,1.34
2026-06-10,33.27,33.77,33.83,33.10,49249,164897259.00,2.18,0.90,0.30,1.10
2026-06-11,33.65,33.53,34.08,33.17,45232,151873619.00,2.69,-0.71,-0.24,1.01
2026-06-12,33.66,34.56,34.81,33.30,70014,239688303.00,4.50,3.07,1.03,1.57
2026-06-15,34.40,34.83,34.90,34.25,55871,193856939.00,1.88,0.78,0.27,1.25
2026-06-16,34.65,34.60,35.00,34.30,44569,154133265.00,2.01,-0.66,-0.23,1.00
2026-06-17,34.46,34.80,35.26,34.25,59368,206331980.00,2.92,0.58,0.20,1.33
2026-06-18,34.68,34.66,35.52,34.58,82429,288326187.00,2.70,-0.40,-0.14,1.84
2026-06-22,34.32,35.17,35.26,32.75,112430,381325577.00,7.24,1.47,0.51,2.51
2026-06-23,34.97,35.23,36.08,34.86,87431,310851876.00,3.47,0.17,0.06,1.95
2026-06-24,35.23,34.09,35.60,34.00,76285,263950693.00,4.54,-3.24,-1.14,1.71
2026-06-25,33.61,34.32,34.55,32.95,93473,315620382.00,4.69,0.67,0.23,2.09
2026-06-26,34.25,33.33,34.46,33.21,60250,202865652.00,3.64,-2.88,-0.99,1.35
2026-06-29,33.33,35.03,35.50,32.53,118209,408777426.00,8.91,5.10,1.70,2.64
2026-06-30,34.80,33.88,34.80,33.56,92025,312659730.00,3.54,-3.28,-1.15,2.06
2026-07-01,33.80,35.60,35.75,33.61,125012,436465224.00,6.32,5.08,1.72,2.79
2026-07-02,35.50,35.38,36.30,35.08,92971,330607360.00,3.43,-0.62,-0.22,2.08
2026-07-03,35.66,35.68,36.04,35.20,72882,259267055.00,2.37,0.85,0.30,1.63
2026-07-06,35.40,35.75,36.43,35.20,104380,375209472.00,3.45,0.20,0.07,2.33
2026-07-07,35.36,34.15,35.67,34.14,83904,291378715.00,4.28,-4.48,-1.60,1.88
2026-07-08,34.14,33.84,34.48,33.40,76425,258987889.00,3.16,-0.91,-0.31,1.71
2026-07-09,33.61,33.87,34.60,33.42,60114,203775093.00,3.49,0.09,0.03,1.34
2026-07-10,33.74,34.34,35.06,33.26,95413,328318541.00,5.31,1.39,0.47,2.13
2026-07-13,34.10,33.83,34.87,33.64,67592,229705817.00,3.58,-1.49,-0.51,1.51
2026-07-14,33.94,34.94,35.03,33.80,91688,317849124.00,3.64,3.28,1.11,2.05
2026-07-15,34.60,36.09,36.59,34.52,141337,508613294.00,5.92,3.29,1.15,3.16
2026-07-16,35.70,36.64,37.10,35.40,136662,497117943.00,4.71,1.52,0.55,3.06
2026-07-17,36.28,35.30,36.60,35.05,107206,382379548.00,4.23,-3.66,-1.34,2.40
2026-07-20,34.81,35.99,36.04,34.78,90240,321404381.00,3.57,1.95,0.69,2.02