2026-01-05,3.08,3.15,3.16,3.04,352547,109450579.00,3.90,2.27,0.07,4.48
2026-01-06,3.14,3.13,3.18,3.10,342821,107211901.00,2.54,-0.63,-0.02,4.36
2026-01-07,3.12,3.10,3.13,3.09,233983,72617342.00,1.28,-0.96,-0.03,2.97
2026-01-08,3.10,3.15,3.16,3.09,280880,87898572.00,2.26,1.61,0.05,3.57
2026-01-09,3.15,3.47,3.47,3.13,877936,293401448.00,10.79,10.16,0.32,11.16
2026-01-12,3.47,3.53,3.59,3.42,831677,292021279.00,4.90,1.73,0.06,10.57
2026-01-13,3.53,3.57,3.71,3.52,806422,290566349.00,5.38,1.13,0.04,10.25
2026-01-14,3.57,3.47,3.58,3.39,643571,224209997.00,5.32,-2.80,-0.10,8.18
2026-01-15,3.45,3.35,3.47,3.31,357126,120082170.00,4.61,-3.46,-0.12,4.54
2026-01-16,3.35,3.31,3.40,3.27,281370,93419581.00,3.88,-1.19,-0.04,3.58
2026-01-19,3.28,3.38,3.41,3.28,288671,97058135.00,3.93,2.11,0.07,3.67
2026-01-20,3.36,3.40,3.42,3.34,269184,91039171.00,2.37,0.59,0.02,3.42
2026-01-21,3.39,3.43,3.45,3.33,256035,87220021.00,3.53,0.88,0.03,3.25
2026-01-22,3.43,3.48,3.49,3.38,215728,74191356.00,3.21,1.46,0.05,2.74
2026-01-23,3.47,3.61,3.63,3.44,426284,151834161.00,5.46,3.74,0.13,5.42
2026-01-26,3.60,3.56,3.61,3.48,364176,129122953.00,3.60,-1.39,-0.05,4.63
2026-01-27,3.55,3.55,3.63,3.44,341020,119890109.00,5.34,-0.28,-0.01,4.33
2026-01-28,3.56,3.58,3.68,3.45,365028,129754894.00,6.48,0.85,0.03,4.64
2026-01-29,3.78,3.57,3.79,3.52,513966,185091038.00,7.54,-0.28,-0.01,6.53
2026-01-30,3.53,3.49,3.54,3.43,402883,140305834.00,3.08,-2.24,-0.08,5.12
2026-02-02,3.45,3.35,3.50,3.34,256938,87916766.00,4.58,-4.01,-0.14,3.26
2026-02-03,3.39,3.36,3.41,3.33,264897,88969726.00,2.39,0.30,0.01,3.37
2026-02-04,3.35,3.42,3.43,3.33,198583,67077420.00,2.98,1.79,0.06,2.52
2026-02-05,3.40,3.39,3.47,3.38,168056,57320065.00,2.63,-0.88,-0.03,2.14
2026-02-06,3.39,3.43,3.46,3.36,177750,60790811.00,2.95,1.18,0.04,2.26
2026-02-09,3.44,3.45,3.47,3.41,156352,53772919.00,1.75,0.58,0.02,1.99
2026-02-10,3.44,3.41,3.46,3.40,142260,48754914.00,1.74,-1.16,-0.04,1.81
2026-02-11,3.41,3.40,3.43,3.37,116246,39528330.00,1.76,-0.29,-0.01,1.48
2026-02-12,3.40,3.29,3.41,3.28,212299,70859092.00,3.82,-3.24,-0.11,2.70
2026-02-13,3.29,3.34,3.40,3.28,187420,62510466.00,3.65,1.52,0.05,2.38
2026-02-24,3.37,3.46,3.47,3.35,248001,85396916.00,3.59,3.59,0.12,3.15
2026-02-25,3.46,3.53,3.58,3.45,202722,71506774.00,3.76,2.02,0.07,2.58
2026-02-26,3.53,3.48,3.55,3.44,258110,90181315.00,3.12,-1.42,-0.05,3.28
2026-02-27,3.50,3.51,3.52,3.45,135405,47191076.00,2.01,0.86,0.03,1.72
2026-03-02,3.46,3.33,3.49,3.30,311189,104757047.00,5.41,-5.13,-0.18,3.95
2026-03-03,3.35,3.20,3.38,3.17,304395,99696233.00,6.31,-3.90,-0.13,3.87
2026-03-04,3.17,3.23,3.28,3.13,235775,75639330.00,4.69,0.94,0.03,3.00
2026-03-05,3.25,3.29,3.35,3.22,219090,71900979.00,4.02,1.86,0.06,2.78
2026-03-06,3.27,3.39,3.40,3.24,226178,75699106.00,4.86,3.04,0.10,2.87
2026-03-09,3.37,3.33,3.37,3.27,204488,67585610.00,2.95,-1.77,-0.06,2.60
2026-03-10,3.33,3.44,3.45,3.32,207568,70653390.00,3.90,3.30,0.11,2.64
2026-03-11,3.43,3.38,3.44,3.35,201792,68403702.00,2.62,-1.74,-0.06,2.56
2026-03-12,3.36,3.35,3.39,3.34,147440,49589146.00,1.48,-0.89,-0.03,1.87
2026-03-13,3.32,3.35,3.39,3.31,135129,45253573.00,2.39,0.00,0.00,1.72
2026-03-16,3.34,3.35,3.38,3.30,146348,48812352.00,2.39,0.00,0.00,1.86
2026-03-17,3.37,3.33,3.41,3.33,151592,51061826.00,2.39,-0.60,-0.02,1.93
2026-03-18,3.34,3.34,3.35,3.29,127230,42237092.00,1.80,0.30,0.01,1.62
2026-03-19,3.31,3.25,3.35,3.23,145369,47669659.00,3.59,-2.69,-0.09,1.85
2026-03-20,3.25,3.12,3.27,3.11,200773,63563448.00,4.92,-4.00,-0.13,2.55
2026-03-23,3.09,2.90,3.10,2.84,340663,101688746.00,8.33,-7.05,-0.22,4.33
2026-03-24,2.95,3.04,3.04,2.91,259280,77289092.00,4.48,4.83,0.14,3.29
2026-03-25,3.04,3.14,3.15,3.03,214171,66721788.00,3.95,3.29,0.10,2.72
2026-03-26,3.14,3.09,3.19,3.06,186409,58059488.00,4.14,-1.59,-0.05,2.37
2026-03-27,3.06,3.17,3.17,3.04,163714,51218732.00,4.21,2.59,0.08,2.08
2026-03-30,3.15,3.24,3.25,3.13,209328,66757255.00,3.79,2.21,0.07,2.66
2026-03-31,3.24,3.22,3.32,3.20,183031,59652870.00,3.70,-0.62,-0.02,2.33
2026-04-01,3.26,3.24,3.28,3.18,180252,57907730.00,3.11,0.62,0.02,2.29
2026-04-02,3.25,3.21,3.27,3.18,208427,67025468.00,2.78,-0.93,-0.03,2.65
2026-04-03,3.21,3.01,3.21,2.97,238047,72747548.00,7.48,-6.23,-0.20,3.02
2026-04-07,3.01,3.08,3.09,2.99,192157,58544945.00,3.32,2.33,0.07,2.44
2026-04-08,3.12,3.21,3.22,3.11,205079,64887909.00,3.57,4.22,0.13,2.61
2026-04-09,3.20,3.10,3.20,3.08,188286,58877766.00,3.74,-3.43,-0.11,2.39
2026-04-10,3.12,3.08,3.16,3.07,173320,53853053.00,2.90,-0.65,-0.02,2.20
2026-04-13,3.05,3.09,3.09,3.03,170458,52071999.00,1.95,0.32,0.01,2.17
2026-04-14,3.11,3.03,3.14,2.98,230741,69892500.00,5.18,-1.94,-0.06,2.93
2026-04-15,3.05,2.94,3.08,2.94,242836,72103501.00,4.62,-2.97,-0.09,3.09
2026-04-16,2.94,3.00,3.01,2.90,207474,61443224.00,3.74,2.04,0.06,2.64
2026-04-17,2.99,2.94,3.00,2.89,198743,58145052.00,3.67,-2.00,-0.06,2.53
2026-04-20,2.94,2.96,2.97,2.90,131582,38549507.00,2.38,0.68,0.02,1.67
2026-04-21,2.94,2.92,2.95,2.90,116572,34005401.00,1.69,-1.35,-0.04,1.48
2026-04-22,2.90,2.91,2.92,2.88,106279,30829212.00,1.37,-0.34,-0.01,1.35
2026-04-23,2.89,2.88,2.91,2.85,132831,38192199.00,2.06,-1.03,-0.03,1.69
2026-04-24,2.86,2.90,2.91,2.84,145169,41602131.00,2.43,0.69,0.02,1.84
2026-04-27,2.88,2.95,2.97,2.79,194833,56164766.00,6.21,1.72,0.05,2.48
2026-04-28,2.94,2.95,2.98,2.92,170392,50249579.00,2.03,0.00,0.00,2.17
2026-04-29,2.93,3.06,3.08,2.91,264309,80417166.00,5.76,3.73,0.11,3.36
2026-04-30,3.05,3.13,3.15,3.05,229010,71303438.00,3.27,2.29,0.07,2.91
2026-05-06,3.13,3.19,3.21,3.12,278588,88176177.00,2.88,1.92,0.06,3.54
2026-05-07,3.20,3.16,3.22,3.13,201813,64024851.00,2.82,-0.94,-0.03,2.56
2026-05-08,3.13,3.14,3.18,3.13,132452,41746056.00,1.58,-0.63,-0.02,1.68
2026-05-11,3.16,3.15,3.17,3.09,215467,67507367.00,2.55,0.32,0.01,2.74
2026-05-12,3.15,3.06,3.16,3.00,237697,72973685.00,5.08,-2.86,-0.09,3.02
2026-05-13,3.07,3.07,3.10,3.03,167277,51232549.00,2.29,0.33,0.01,2.13
2026-05-14,3.08,3.01,3.09,3.01,199901,60906949.00,2.61,-1.95,-0.06,2.54
2026-05-15,3.01,2.97,3.04,2.94,227683,68201821.00,3.32,-1.33,-0.04,2.89
2026-05-18,2.99,2.96,2.99,2.89,236421,69716739.00,3.37,-0.34,-0.01,3.00
2026-05-19,2.96,2.98,3.02,2.94,173538,51600855.00,2.70,0.68,0.02,2.21
2026-05-20,2.98,2.90,2.98,2.88,184850,53816077.00,3.36,-2.68,-0.08,2.35
2026-05-21,2.91,2.79,2.97,2.77,267555,76747213.00,6.90,-3.79,-0.11,3.40
2026-05-22,2.80,2.89,2.92,2.77,213568,60933174.00,5.38,3.58,0.10,2.71
2026-05-25,2.91,2.94,2.97,2.86,209643,60935147.00,3.81,1.73,0.05,2.66
2026-05-26,2.95,2.90,3.00,2.88,242872,70950593.00,4.08,-1.36,-0.04,3.09
2026-05-27,2.89,2.84,2.91,2.80,226459,64420330.00,3.79,-2.07,-0.06,2.88
2026-05-28,2.89,2.96,3.12,2.84,509105,151643307.00,9.86,4.23,0.12,6.47
2026-05-29,2.93,2.77,2.99,2.77,396890,114524869.00,7.43,-6.42,-0.19,5.04
2026-06-01,2.75,2.83,2.88,2.70,260499,73513688.00,6.50,2.17,0.06,3.31
2026-06-02,2.85,2.74,2.86,2.73,239670,66068768.00,4.59,-3.18,-0.09,3.05
2026-06-03,2.73,2.77,2.79,2.68,207048,56307254.00,4.01,1.09,0.03,2.63
2026-06-04,2.75,2.84,2.98,2.65,495024,138626952.00,11.91,2.53,0.07,6.29
2026-06-05,2.79,2.71,2.79,2.66,342972,93324301.00,4.58,-4.58,-0.13,4.36
2026-06-08,2.64,2.65,2.78,2.63,212735,57092556.00,5.54,-2.21,-0.06,2.70
2026-06-09,2.65,2.64,2.69,2.60,152513,40138968.00,3.40,-0.38,-0.01,1.94
2026-06-10,2.63,2.58,2.63,2.55,140521,36279626.00,3.03,-2.27,-0.06,1.79
2026-06-11,2.56,2.58,2.59,2.43,184962,46762468.00,6.20,0.00,0.00,2.35
2026-06-12,2.60,2.60,2.64,2.55,186077,48355452.00,3.49,0.78,0.02,2.36
2026-06-15,2.59,2.53,2.66,2.53,210451,54409253.00,5.00,-2.69,-0.07,2.67
2026-06-16,2.53,2.53,2.57,2.47,162482,40653819.00,3.95,0.00,0.00,2.06
2026-06-17,2.52,2.49,2.54,2.45,119771,29639007.00,3.56,-1.58,-0.04,1.52
2026-06-18,2.48,2.50,2.53,2.43,129902,32356371.00,4.02,0.40,0.01,1.65
2026-06-22,2.47,2.50,2.52,2.38,214394,52217416.00,5.60,0.00,0.00,2.72
2026-06-23,2.51,2.56,2.59,2.49,174406,44550991.00,4.00,2.40,0.06,2.22
2026-06-24,2.54,2.42,2.56,2.41,161666,39711894.00,5.86,-5.47,-0.14,2.05
2026-06-25,2.42,2.38,2.43,2.34,130843,30978693.00,3.72,-1.65,-0.04,1.66
2026-06-26,2.38,2.30,2.40,2.30,136819,31821289.00,4.20,-3.36,-0.08,1.74
2026-06-29,2.32,2.32,2.34,2.23,171054,39305890.00,4.78,0.87,0.02,2.17
2026-06-30,2.34,2.34,2.38,2.28,148203,34548688.00,4.31,0.86,0.02,1.88
2026-07-01,2.34,2.50,2.57,2.30,388576,97082844.00,11.54,6.84,0.16,4.94
2026-07-02,2.56,2.41,2.56,2.39,348895,86177682.00,6.80,-3.60,-0.09,4.43
2026-07-03,2.43,2.45,2.48,2.40,215592,52847545.00,3.32,1.66,0.04,2.74
2026-07-06,2.44,2.37,2.49,2.37,148090,35703750.00,4.90,-3.27,-0.08,1.88
2026-07-07,2.38,2.34,2.39,2.30,124304,29052016.00,3.80,-1.27,-0.03,1.58
2026-07-08,2.32,2.33,2.36,2.28,113307,26378331.00,3.42,-0.43,-0.01,1.44
2026-07-09,2.31,2.34,2.37,2.28,114738,26617419.00,3.86,0.43,0.01,1.46
2026-07-10,2.35,2.43,2.47,2.28,206403,49729001.00,8.12,3.85,0.09,2.62
2026-07-13,2.41,2.36,2.45,2.35,143323,34103837.00,4.12,-2.88,-0.07,1.82
2026-07-14,2.34,2.43,2.43,2.33,135841,32412821.00,4.24,2.97,0.07,1.73
2026-07-15,2.42,2.45,2.50,2.40,137056,33736479.00,4.12,0.82,0.02,1.74
2026-07-16,2.46,2.50,2.51,2.43,162809,40366509.00,3.27,2.04,0.05,2.07
2026-07-17,2.49,2.40,2.53,2.38,141297,34395050.00,6.00,-4.00,-0.10,1.80
2026-07-20,2.42,2.31,2.48,2.28,172573,40874266.00,8.33,-3.75,-0.09,2.19
2026-07-21,2.32,2.30,2.33,2.22,175298,39677584.00,4.76,-0.43,-0.01,2.23
2026-07-22,2.29,2.28,2.36,2.26,108413,24926452.00,4.35,-0.87,-0.02,1.38
2026-07-23,2.28,2.38,2.39,2.26,186166,43467038.00,5.70,4.39,0.10,2.37
2026-07-24,2.36,2.32,2.39,2.31,100358,23492789.00,3.36,-2.52,-0.06,1.28
2026-07-27,2.30,2.38,2.38,2.29,115541,27186447.00,3.88,2.59,0.06,1.47
2026-07-28,2.36,2.40,2.45,2.36,108460,26183203.00,3.78,0.84,0.02,1.38
2026-07-29,2.41,2.44,2.46,2.37,153104,37178644.00,3.75,1.67,0.04,1.95