2026-01-05,14.82,14.82,14.96,14.67,63934,98561309.73,1.96,0.00,0.00,1.38
2026-01-06,14.82,14.91,15.07,14.78,48953,76009803.94,1.96,0.61,0.09,1.06
2026-01-07,14.92,14.85,14.95,14.78,43933,67920157.06,1.14,-0.40,-0.06,0.95
2026-01-08,14.84,14.96,15.04,14.78,41326,64094404.95,1.75,0.74,0.11,0.89
2026-01-09,14.97,15.03,15.16,14.87,58983,92117718.14,1.94,0.47,0.07,1.28
2026-01-12,15.00,15.21,15.21,14.88,76147,119051702.38,2.20,1.20,0.18,1.65
2026-01-13,15.20,15.27,15.52,15.19,84280,134172363.00,2.17,0.39,0.06,1.82
2026-01-14,15.35,15.28,15.54,15.14,77775,123915405.02,2.62,0.07,0.01,1.68
2026-01-15,15.18,15.50,16.00,15.18,90027,145907196.82,5.37,1.44,0.22,1.95
2026-01-16,15.51,15.51,15.78,15.41,79691,129188379.29,2.39,0.06,0.01,1.72
2026-01-19,15.51,15.53,15.70,15.48,57216,92475160.56,1.42,0.13,0.02,1.24
2026-01-20,15.53,15.37,15.65,15.25,51189,81900258.46,2.58,-1.03,-0.16,1.11
2026-01-21,15.45,15.43,15.60,15.28,56626,90962941.32,2.08,0.39,0.06,1.23
2026-01-22,15.45,15.36,15.49,15.23,53965,85932841.16,1.69,-0.45,-0.07,1.17
2026-01-23,15.35,15.37,15.42,15.29,61112,97443958.00,0.85,0.07,0.01,1.32
2026-01-26,15.36,15.12,15.36,15.01,75095,118057106.97,2.28,-1.63,-0.25,1.63
2026-01-27,15.01,14.96,15.15,14.77,59311,91971105.92,2.51,-1.06,-0.16,1.28
2026-01-28,14.90,14.77,14.98,14.71,52217,80384675.00,1.80,-1.27,-0.19,1.13
2026-01-29,15.00,15.06,15.20,14.86,117825,184542647.71,2.30,1.96,0.29,2.55
2026-01-30,15.00,15.05,15.23,14.88,87564,137199390.55,2.32,-0.07,-0.01,1.89
2026-02-02,15.05,15.19,15.52,15.02,125827,201133814.83,3.32,0.93,0.14,2.72
2026-02-03,15.19,14.96,15.42,14.83,107441,168280164.33,3.88,-1.51,-0.23,2.33
2026-02-04,14.96,15.05,15.07,14.81,51222,79749132.19,1.74,0.60,0.09,1.11
2026-02-05,14.98,15.15,15.31,14.91,57623,90891426.05,2.66,0.66,0.10,1.25
2026-02-06,15.05,15.16,15.33,15.01,46004,72832544.58,2.11,0.07,0.01,1.00
2026-02-09,15.32,15.14,15.35,15.05,57599,90665982.79,1.98,-0.13,-0.02,1.25
2026-02-10,15.11,14.91,15.12,14.83,69852,108557721.32,1.92,-1.52,-0.23,1.51
2026-02-11,14.89,14.93,14.95,14.85,36684,56905909.87,0.67,0.13,0.02,0.79
2026-02-12,14.93,14.88,14.97,14.87,33769,52351612.95,0.67,-0.33,-0.05,0.73
2026-02-13,14.85,14.81,14.99,14.78,35272,54664472.91,1.41,-0.47,-0.07,0.76
2026-02-24,14.97,14.98,15.12,14.86,61818,96638572.37,1.76,1.15,0.17,1.34
2026-02-25,15.02,15.12,15.28,15.00,49774,78572805.91,1.87,0.93,0.14,1.08
2026-02-26,15.12,14.95,15.25,14.88,42688,66422729.00,2.45,-1.12,-0.17,0.92
2026-02-27,14.90,15.25,15.29,14.90,61958,97704511.57,2.61,2.01,0.30,1.34
2026-03-02,15.10,15.05,15.18,14.93,49114,76826548.00,1.64,-1.31,-0.20,1.06
2026-03-03,15.05,14.59,15.17,14.56,61638,94993164.94,4.05,-3.06,-0.46,1.33
2026-03-04,14.51,14.44,14.57,14.17,51154,76634131.00,2.74,-1.03,-0.15,1.11
2026-03-05,14.60,14.38,14.60,14.32,33727,50660374.40,1.94,-0.42,-0.06,0.73
2026-03-06,14.35,14.88,15.04,14.30,74085,114185404.90,5.15,3.48,0.50,1.60
2026-03-09,14.76,15.23,15.57,14.74,104728,166408074.71,5.58,2.35,0.35,2.27
2026-03-10,15.26,15.36,15.52,15.03,74854,118960718.00,3.22,0.85,0.13,1.62
2026-03-11,15.38,15.54,15.84,15.27,140747,228540767.28,3.71,1.17,0.18,3.05
2026-03-12,15.54,15.45,15.70,15.40,69423,111947764.50,1.93,-0.58,-0.09,1.50
2026-03-13,15.38,15.31,15.55,15.27,54120,86693283.80,1.81,-0.91,-0.14,1.17
2026-03-16,15.27,15.42,15.44,15.15,60417,96222525.00,1.89,0.72,0.11,1.16
2026-03-17,15.35,15.34,15.73,15.25,59810,96250991.38,3.11,-0.52,-0.08,1.15
2026-03-18,15.31,15.18,15.41,14.98,44583,70142912.02,2.80,-1.04,-0.16,0.86
2026-03-19,15.03,14.83,15.29,14.73,41157,64166730.00,3.69,-2.31,-0.35,0.79
2026-03-20,14.85,14.31,14.97,14.30,61922,93561226.45,4.52,-3.51,-0.52,1.19
2026-03-23,14.16,13.41,14.17,13.28,100731,143754588.07,6.22,-6.29,-0.90,1.94
2026-03-24,13.64,13.78,13.79,13.40,51756,73307667.58,2.91,2.76,0.37,1.00
2026-03-25,13.79,13.90,13.98,13.68,38987,56423403.00,2.18,0.87,0.12,0.75
2026-03-26,13.88,13.61,14.01,13.52,39250,56158044.70,3.53,-2.09,-0.29,0.75
2026-03-27,13.49,13.66,13.70,13.40,40610,57690260.00,2.20,0.37,0.05,0.78
2026-03-30,14.12,14.55,14.65,14.00,109426,163086464.25,4.76,6.52,0.89,2.10
2026-03-31,14.40,16.07,16.07,14.28,338704,549072938.00,12.30,10.45,1.52,6.51
2026-04-01,15.91,15.25,15.91,15.01,354335,562539284.15,5.60,-5.10,-0.82,6.81
2026-04-02,15.04,14.71,15.09,14.58,166836,256728147.70,3.34,-3.54,-0.54,3.21
2026-04-03,14.77,13.94,14.90,13.94,143322,213729324.39,6.53,-5.23,-0.77,2.76
2026-04-07,14.01,13.77,14.07,13.72,82757,119631327.51,2.51,-1.22,-0.17,1.59
2026-04-08,14.04,14.18,14.27,14.00,115350,170216499.32,1.96,2.98,0.41,2.22
2026-04-09,14.03,13.89,14.12,13.80,74289,107719363.60,2.26,-2.05,-0.29,1.43
2026-04-10,14.00,14.10,14.16,13.90,67971,99785540.62,1.87,1.51,0.21,1.31
2026-04-13,14.00,14.29,14.40,13.92,71696,106553968.78,3.40,1.35,0.19,1.38
2026-04-14,14.34,14.25,14.38,14.07,48716,71994972.00,2.17,-0.28,-0.04,0.94
2026-04-15,14.28,14.26,14.34,14.18,43634,64782320.40,1.12,0.07,0.01,0.84
2026-04-16,14.30,14.64,14.71,14.25,71546,108369541.41,3.23,2.66,0.38,1.38
2026-04-17,14.69,14.88,15.25,14.51,110075,170082704.71,5.05,1.64,0.24,2.12
2026-04-20,14.80,14.83,15.03,14.53,90545,138899146.66,3.36,-0.34,-0.05,1.74
2026-04-21,14.83,14.64,14.97,14.54,57373,87726638.31,2.90,-1.28,-0.19,1.10
2026-04-22,14.00,13.42,14.10,13.30,244223,343200184.52,5.46,-8.33,-1.22,4.70
2026-04-23,13.26,13.24,13.41,13.06,97548,134530776.56,2.61,-1.34,-0.18,1.88
2026-04-24,13.11,13.08,13.24,12.97,64096,87530629.91,2.04,-1.21,-0.16,1.23
2026-04-27,13.08,12.92,13.09,12.91,54735,74187467.08,1.38,-1.22,-0.16,1.05
2026-04-28,12.89,12.98,13.00,12.81,44037,59548027.40,1.47,0.46,0.06,0.85
2026-04-29,12.98,13.03,13.12,12.96,39447,53750099.33,1.23,0.39,0.05,0.76
2026-04-30,13.00,12.90,13.05,12.79,75162,101383258.00,2.00,-1.00,-0.13,1.45
2026-05-06,12.98,12.85,13.04,12.80,67736,91341153.00,1.86,-0.39,-0.05,1.30
2026-05-07,12.87,12.84,12.88,12.75,51834,69433334.35,1.01,-0.08,-0.01,1.00
2026-05-08,12.80,12.78,12.84,12.74,48072,64289630.00,0.78,-0.47,-0.06,0.92
2026-05-11,12.78,12.69,12.78,12.67,46029,61215546.00,0.86,-0.70,-0.09,0.88
2026-05-12,12.67,12.55,12.76,12.53,51025,67569973.00,1.81,-1.10,-0.14,0.98
2026-05-13,12.50,12.27,12.57,12.13,67296,86463068.25,3.51,-2.23,-0.28,1.29
2026-05-14,12.25,12.01,12.25,11.97,56654,71676606.52,2.28,-2.12,-0.26,1.09
2026-05-15,12.05,12.25,12.26,11.98,54638,69519472.40,2.33,2.00,0.24,1.05
2026-05-18,12.36,12.06,12.36,11.99,43861,55714535.00,3.02,-1.55,-0.19,0.84
2026-05-19,12.06,11.79,12.08,11.75,47271,58968891.00,2.74,-2.24,-0.27,0.91
2026-05-20,11.79,11.68,11.84,11.44,49069,59837353.10,3.39,-0.93,-0.11,0.94
2026-05-21,11.69,11.62,11.92,11.58,50936,63048844.00,2.91,-0.51,-0.06,0.98
2026-05-22,11.73,11.53,11.73,11.49,40733,49560970.10,2.07,-0.77,-0.09,0.78
2026-05-25,11.58,11.52,11.63,11.40,41486,50205451.11,1.99,-0.09,-0.01,0.80
2026-05-26,11.47,11.69,11.69,11.30,64937,78406640.00,3.39,1.48,0.17,1.25
2026-05-27,11.71,11.36,11.71,11.33,56680,64834147.88,3.25,-2.82,-0.33,1.09
2026-05-28,11.29,11.51,11.71,11.20,47611,54463042.05,4.49,1.32,0.15,0.92
2026-05-29,11.48,11.40,11.55,11.29,49108,55794492.00,2.26,-0.96,-0.11,0.94
2026-06-01,11.45,11.66,11.70,11.36,49184,56981101.13,2.98,2.28,0.26,0.95
2026-06-02,11.66,12.00,12.07,11.54,75174,89242700.00,4.55,2.92,0.34,1.45
2026-06-03,11.96,11.65,12.02,11.58,46520,54617444.00,3.67,-2.92,-0.35,0.89
2026-06-04,11.60,11.25,11.66,11.22,37519,42742526.81,3.78,-3.43,-0.40,0.72
2026-06-05,11.30,11.27,11.42,11.21,24851,28091889.00,1.87,0.18,0.02,0.48
2026-06-08,11.21,11.04,11.28,10.94,35064,38950962.60,3.02,-2.04,-0.23,0.67
2026-06-09,11.08,11.03,11.14,10.91,25568,28177769.00,2.08,-0.09,-0.01,0.49
2026-06-10,11.02,11.23,11.24,10.93,37680,41877566.00,2.81,1.81,0.20,0.72
2026-06-11,11.23,11.12,11.39,11.07,27402,30546268.00,2.85,-0.98,-0.11,0.53
2026-06-12,11.13,11.36,11.39,11.07,36362,40993465.69,2.88,2.16,0.24,0.70
2026-06-15,11.53,12.29,12.33,11.49,118026,141849074.18,7.39,8.19,0.93,2.27
2026-06-16,12.20,12.03,12.28,11.98,63515,76725973.37,2.44,-2.12,-0.26,1.22
2026-06-17,12.07,12.14,12.27,11.92,57966,70202029.11,2.91,0.91,0.11,1.11
2026-06-18,12.04,11.60,12.12,11.47,93048,108833627.85,5.35,-4.45,-0.54,1.79
2026-06-22,11.55,10.93,11.55,10.70,97567,106700723.69,7.33,-5.78,-0.67,1.88
2026-06-23,10.89,11.02,11.24,10.72,54292,59913569.65,4.76,0.82,0.09,1.04
2026-06-24,11.13,10.72,11.13,10.71,49104,53353959.57,3.81,-2.72,-0.30,0.94
2026-06-25,10.70,10.46,10.75,10.44,46733,49214221.45,2.89,-2.43,-0.26,0.90
2026-06-26,10.39,10.38,10.54,10.30,29965,31155113.80,2.29,-0.76,-0.08,0.58
2026-06-29,10.27,10.36,10.54,9.99,39873,41114986.00,5.30,-0.19,-0.02,0.77
2026-06-30,10.34,10.25,10.38,10.17,32516,33361351.25,2.03,-1.06,-0.11,0.63
2026-07-01,10.20,10.41,10.57,10.17,45426,46855853.26,3.90,1.56,0.16,0.87
2026-07-02,10.45,10.47,10.56,10.34,34332,35958405.00,2.11,0.58,0.06,0.66
2026-07-03,10.54,10.59,10.68,10.50,30521,32306883.00,1.72,1.15,0.12,0.59
2026-07-06,10.58,10.50,10.69,10.41,34071,35987889.62,2.64,-0.85,-0.09,0.66
2026-07-07,10.56,10.32,10.60,10.23,29613,30682268.48,3.52,-1.71,-0.18,0.57
2026-07-08,10.25,10.40,10.50,10.18,34764,35918352.60,3.10,0.78,0.08,0.67
2026-07-09,10.40,10.24,10.48,10.19,34512,35547987.05,2.79,-1.54,-0.16,0.66
2026-07-10,10.14,10.35,10.44,10.02,43101,44372217.99,4.10,1.07,0.11,0.83
2026-07-13,10.35,10.38,10.47,10.25,52678,54598376.98,2.13,0.29,0.03,1.01
2026-07-14,10.34,10.53,10.65,10.29,44122,46319691.00,3.47,1.45,0.15,0.85
2026-07-15,10.54,10.96,11.00,10.50,71056,77274541.80,4.75,4.08,0.43,1.37
2026-07-16,10.96,11.09,11.10,10.86,55626,61230557.00,2.19,1.19,0.13,1.07
2026-07-17,11.10,10.83,11.27,10.83,75231,82875784.48,3.97,-2.34,-0.26,1.45
2026-07-20,10.90,10.97,11.09,10.79,73434,80455063.58,2.77,1.29,0.14,1.41
2026-07-21,10.97,10.81,11.20,10.76,78124,85891524.48,4.01,-1.46,-0.16,1.50
2026-07-22,10.81,10.72,10.81,10.51,54187,57779358.00,2.78,-0.83,-0.09,1.04
2026-07-23,10.70,10.73,10.83,10.68,38717,41648460.00,1.40,0.09,0.01,0.74
2026-07-24,10.72,10.56,10.80,10.56,34886,37228324.62,2.24,-1.58,-0.17,0.67
2026-07-27,10.65,10.97,10.99,10.52,51255,55722053.70,4.45,3.88,0.41,0.99
2026-07-28,10.95,11.02,11.17,10.83,61308,67665493.00,3.10,0.46,0.05,1.18
2026-07-29,11.00,11.39,11.40,11.00,61054,68865731.00,3.63,3.36,0.37,1.17