2026-01-05,32.52,32.46,32.91,32.35,16908,54947708.00,1.72,-0.55,-0.18,1.17
2026-01-06,32.42,32.47,32.80,32.30,14363,46710302.00,1.54,0.03,0.01,1.00
2026-01-07,32.50,32.56,32.90,32.25,13476,43970591.00,2.00,0.28,0.09,0.93
2026-01-08,32.66,32.94,33.18,32.61,14848,48846686.00,1.75,1.17,0.38,1.03
2026-01-09,32.90,33.16,33.50,32.81,18476,61229000.00,2.09,0.67,0.22,1.28
2026-01-12,33.43,33.81,33.92,33.05,24616,82401037.00,2.62,1.96,0.65,1.71
2026-01-13,33.80,32.92,33.88,32.90,22251,74186932.00,2.90,-2.63,-0.89,1.54
2026-01-14,32.85,32.90,33.49,32.45,25089,82927615.00,3.16,-0.06,-0.02,1.74
2026-01-15,32.56,33.01,33.12,32.52,14692,48292243.00,1.82,0.33,0.11,1.02
2026-01-16,33.02,34.10,34.48,32.98,36234,123016593.00,4.54,3.30,1.09,2.51
2026-01-19,34.23,34.78,35.31,33.93,36891,127706078.00,4.05,1.99,0.68,2.56
2026-01-20,34.77,34.25,34.86,34.00,25392,86987085.00,2.47,-1.52,-0.53,1.76
2026-01-21,34.05,34.48,34.65,34.05,17056,58734803.00,1.75,0.67,0.23,1.18
2026-01-22,34.75,34.73,35.25,34.58,18409,64026805.00,1.94,0.73,0.25,1.28
2026-01-23,34.72,35.05,35.11,34.49,19089,66506194.00,1.79,0.92,0.32,1.32
2026-01-26,35.06,34.27,35.30,33.87,20887,71879620.00,4.08,-2.23,-0.78,1.45
2026-01-27,34.15,34.80,35.13,33.25,23411,80043478.00,5.49,1.55,0.53,1.62
2026-01-28,34.54,33.85,34.78,33.66,19635,66835558.00,3.22,-2.73,-0.95,1.36
2026-01-29,33.85,33.35,34.32,33.13,18623,62721748.00,3.52,-1.48,-0.50,1.29
2026-01-30,33.22,33.19,33.43,32.54,15688,51833828.00,2.67,-0.48,-0.16,1.09
2026-02-02,33.07,32.48,33.55,32.47,12355,40819824.00,3.25,-2.14,-0.71,0.86
2026-02-03,32.88,33.26,33.38,32.61,11870,39204684.00,2.37,2.40,0.78,0.82
2026-02-04,33.27,32.91,33.35,32.66,10670,35145685.00,2.07,-1.05,-0.35,0.74
2026-02-05,32.77,32.37,33.03,32.37,8030,26186543.00,2.01,-1.64,-0.54,0.56
2026-02-06,32.16,32.29,32.70,31.91,9208,29793688.00,2.44,-0.25,-0.08,0.64
2026-02-09,32.94,32.80,33.06,32.39,9471,31031056.00,2.07,1.58,0.51,0.66
2026-02-10,32.96,32.89,33.17,32.61,9765,32187644.00,1.71,0.27,0.09,0.68
2026-02-11,32.76,33.03,33.80,32.60,17936,59542592.00,3.65,0.43,0.14,1.24
2026-02-12,32.99,33.62,33.97,32.90,17098,57441676.00,3.24,1.79,0.59,1.19
2026-02-13,33.62,33.40,33.88,33.31,9886,33245707.00,1.70,-0.65,-0.22,0.69
2026-02-24,33.88,33.55,34.00,33.19,14995,50211997.00,2.43,0.45,0.15,1.04
2026-02-25,33.66,34.25,35.09,33.32,45901,157386661.00,5.28,2.09,0.70,3.18
2026-02-26,34.69,35.58,36.28,34.56,66211,234333792.00,5.02,3.88,1.33,4.59
2026-02-27,35.47,36.30,36.68,34.85,65051,233135271.00,5.14,2.02,0.72,4.51
2026-03-02,35.94,39.25,40.15,35.18,107460,408554537.00,13.69,8.13,2.95,7.45
2026-03-03,38.48,37.19,39.00,36.96,77082,292210540.00,5.20,-5.25,-2.06,5.35
2026-03-04,36.31,36.30,37.01,35.80,45412,164623696.00,3.25,-2.39,-0.89,3.15
2026-03-05,37.00,36.50,37.62,36.26,45078,165761121.00,3.75,0.55,0.20,3.13
2026-03-06,36.28,37.05,38.10,36.08,41324,153325115.00,5.53,1.51,0.55,2.87
2026-03-09,36.03,35.70,36.28,34.73,39408,139514440.00,4.18,-3.64,-1.35,2.73
2026-03-10,36.39,36.83,37.05,35.62,40795,149338870.00,4.01,3.17,1.13,2.78
2026-03-11,36.28,35.28,37.80,35.12,96429,349908118.00,7.28,-4.21,-1.55,6.39
2026-03-12,34.49,31.60,34.49,31.55,113786,371882428.00,8.33,-10.43,-3.68,7.46
2026-03-13,31.18,30.72,32.18,30.33,84276,261226310.00,5.85,-2.78,-0.88,5.53
2026-03-16,30.50,30.35,30.79,30.08,41359,125541828.00,2.31,-1.20,-0.37,2.69
2026-03-17,30.42,29.28,30.65,29.20,40653,120880535.00,4.78,-3.53,-1.07,2.64
2026-03-18,29.29,29.65,29.66,29.15,31761,93272826.00,1.74,1.26,0.37,2.06
2026-03-19,29.15,28.27,29.30,28.12,36680,105181535.00,3.98,-4.65,-1.38,2.38
2026-03-20,28.30,27.47,28.50,27.45,31907,88868819.00,3.71,-2.83,-0.80,2.07
2026-03-23,26.96,25.88,27.14,25.79,38514,102178131.00,4.91,-5.79,-1.59,2.50
2026-03-24,26.44,26.57,26.57,25.81,29948,78442152.00,2.94,2.67,0.69,1.94
2026-03-25,26.61,27.43,27.85,26.50,48971,133754622.00,5.08,3.24,0.86,3.03
2026-03-26,27.30,26.45,27.40,26.36,42987,115055594.00,3.79,-3.57,-0.98,2.66
2026-03-27,25.96,26.72,26.84,25.92,26145,69506394.00,3.48,1.02,0.27,1.62
2026-03-30,26.61,27.57,28.88,26.61,60789,169189909.00,8.50,3.18,0.85,3.75
2026-03-31,29.40,27.93,29.56,27.71,60983,172027707.00,6.71,1.31,0.36,3.76
2026-04-01,28.17,28.53,29.25,28.00,54263,155114074.00,4.48,2.15,0.60,3.34
2026-04-02,28.02,27.20,28.23,27.02,43090,118792052.00,4.24,-4.66,-1.33,2.66
2026-04-03,27.18,26.98,27.42,26.91,23903,64916042.00,1.88,-0.81,-0.22,1.47
2026-04-07,26.98,26.81,27.15,26.72,18628,50125517.00,1.59,-0.63,-0.17,1.15
2026-04-08,27.45,28.41,28.46,27.28,48697,136539421.00,4.40,5.97,1.60,3.00
2026-04-09,28.06,28.46,28.91,27.87,40220,114056000.00,3.66,0.18,0.05,2.48
2026-04-10,28.68,28.46,28.95,28.45,29894,85737585.00,1.76,0.00,0.00,1.84
2026-04-13,28.26,28.43,28.48,28.08,19311,54660775.00,1.41,-0.11,-0.03,1.19
2026-04-14,28.60,28.79,28.79,28.30,26306,75105481.00,1.72,1.27,0.36,1.62
2026-04-15,28.88,28.26,28.97,28.20,27132,77546961.00,2.67,-1.84,-0.53,1.67
2026-04-16,28.21,28.93,28.94,28.21,29526,84724173.00,2.58,2.37,0.67,1.82
2026-04-17,28.77,30.07,30.62,28.62,69269,206181361.00,6.91,3.94,1.14,4.27
2026-04-20,30.20,29.96,30.55,29.46,39314,117660664.00,3.62,-0.37,-0.11,2.42
2026-04-21,29.89,29.58,30.18,29.35,23489,69514264.00,2.77,-1.27,-0.38,1.45
2026-04-22,29.36,30.06,30.33,29.22,44494,132688472.00,3.75,1.62,0.48,2.74
2026-04-23,29.80,29.14,29.84,28.96,35551,104334029.00,2.93,-3.06,-0.92,2.19
2026-04-24,28.98,29.26,30.09,28.68,35979,105543162.00,4.84,0.41,0.12,2.22
2026-04-27,29.05,30.96,30.98,29.05,66207,201073309.00,6.60,5.81,1.70,4.08
2026-04-28,30.21,29.61,30.35,29.40,59693,177073806.00,3.07,-4.36,-1.35,3.68
2026-04-29,29.41,30.16,30.55,29.35,44671,134487617.00,4.05,1.86,0.55,2.75
2026-04-30,30.03,30.46,30.94,30.02,37643,115313533.00,3.05,0.99,0.30,2.32
2026-05-06,30.70,30.69,30.97,30.47,40368,123968388.00,1.64,0.76,0.23,2.49
2026-05-07,30.68,34.63,36.43,30.53,169787,582384061.00,19.22,12.84,3.94,10.46
2026-05-08,36.49,41.56,41.56,36.00,247062,969911213.00,16.06,20.01,6.93,15.23
2026-05-11,41.30,39.18,41.48,38.77,261457,1035739580.00,6.52,-5.73,-2.38,16.11
2026-05-12,39.20,38.48,39.82,38.28,137179,533941341.00,3.93,-1.79,-0.70,8.45
2026-05-13,37.88,38.00,38.45,37.56,108157,410935156.00,2.31,-1.25,-0.48,6.67
2026-05-14,38.01,36.71,38.40,36.71,101752,379667674.00,4.45,-3.39,-1.29,6.27
2026-05-15,36.41,38.86,39.55,36.41,184309,707861810.00,8.55,5.86,2.15,11.36
2026-05-18,38.01,37.80,38.75,37.20,117750,443576139.00,3.99,-2.73,-1.06,7.26
2026-05-19,37.50,38.55,38.98,37.03,131818,501514637.00,5.16,1.98,0.75,8.12
2026-05-20,37.80,37.01,37.88,36.71,89259,331177237.00,3.04,-3.99,-1.54,5.50
2026-05-21,36.87,36.01,37.98,35.95,102212,378509302.00,5.49,-2.70,-1.00,6.30
2026-05-22,36.44,36.60,36.88,35.28,73118,266406361.00,4.44,1.64,0.59,4.51
2026-05-25,36.36,35.50,36.96,35.00,82818,294794792.00,5.36,-3.01,-1.10,5.10
2026-05-26,35.80,34.94,36.16,34.35,79061,277454881.00,5.10,-1.58,-0.56,4.87
2026-05-27,34.72,33.63,34.73,33.43,62685,212444598.00,3.72,-3.75,-1.31,3.86
2026-05-28,33.60,34.19,34.46,33.20,56123,190234913.00,3.75,1.67,0.56,3.46
2026-05-29,34.15,32.59,34.69,32.35,57508,190694840.00,6.84,-4.68,-1.60,3.54
2026-06-01,32.49,32.39,32.88,32.05,34250,111433377.00,2.55,-0.61,-0.20,2.11
2026-06-02,32.39,32.20,32.87,31.45,38483,123554407.00,4.38,-0.59,-0.19,2.37
2026-06-03,31.86,31.82,32.68,31.55,40321,129439470.00,3.51,-1.18,-0.38,2.49
2026-06-04,31.51,31.84,32.56,31.41,43775,140444361.00,3.61,0.06,0.02,2.70
2026-06-05,31.80,34.55,35.04,30.62,112044,372871178.00,13.88,8.51,2.71,6.91
2026-06-08,33.20,36.66,37.37,33.20,146707,530493236.00,12.07,6.11,2.11,9.04
2026-06-09,36.36,38.45,39.37,36.03,161451,611143671.00,9.11,4.88,1.79,9.95
2026-06-10,37.46,37.12,38.98,37.04,111602,423249071.00,5.05,-3.46,-1.33,6.88
2026-06-11,36.70,38.52,39.50,36.13,113110,431354781.00,9.08,3.77,1.40,6.97
2026-06-12,38.50,37.90,40.08,37.64,119741,464202113.00,6.33,-1.61,-0.62,7.38
2026-06-15,37.99,39.20,39.83,37.01,92994,358792094.00,7.44,3.43,1.30,5.73
2026-06-16,39.34,44.30,44.73,39.23,163870,710874652.00,14.03,13.01,5.10,10.10
2026-06-17,43.32,47.99,49.60,42.91,167626,772499830.00,15.10,8.33,3.69,10.33
2026-06-18,44.53,41.68,45.00,39.01,204042,849548580.00,12.48,-13.15,-6.31,12.58
2026-06-22,42.50,40.83,43.58,39.71,147304,608964797.00,9.29,-2.04,-0.85,9.08
2026-06-23,40.51,40.49,42.34,40.00,100358,412432078.00,5.73,-0.83,-0.34,6.19
2026-06-24,40.01,39.42,40.45,38.44,106352,418376886.00,4.96,-2.64,-1.07,6.55
2026-06-25,39.65,39.41,41.09,38.82,90667,361975496.00,5.76,-0.03,-0.01,5.59
2026-06-26,39.12,39.82,41.59,38.50,101325,406992294.00,7.84,1.04,0.41,6.24
2026-06-29,39.93,45.66,46.24,39.80,181280,791788184.85,16.17,14.67,5.84,11.17