2026-01-05,14.98,15.18,15.24,14.93,78285,118725318.00,2.07,1.34,0.20,1.79
2026-01-06,15.18,15.30,15.37,15.18,82913,126613328.00,1.25,0.79,0.12,1.90
2026-01-07,15.27,15.47,15.59,15.20,135232,208801227.00,2.55,1.11,0.17,3.10
2026-01-08,15.44,15.57,15.61,15.39,98882,153414695.00,1.42,0.65,0.10,2.26
2026-01-09,15.57,15.65,15.68,15.46,103151,160790554.00,1.41,0.51,0.08,2.36
2026-01-12,15.82,16.03,16.04,15.47,163987,258887889.00,3.64,2.43,0.38,3.75
2026-01-13,16.10,15.58,16.18,15.56,133774,211494941.00,3.87,-2.81,-0.45,3.06
2026-01-14,15.57,15.63,15.92,15.19,171114,267303760.00,4.69,0.32,0.05,3.92
2026-01-15,15.59,15.59,15.63,15.33,86544,133926783.00,1.92,-0.26,-0.04,1.98
2026-01-16,15.50,15.80,15.96,15.41,101249,158714761.00,3.53,1.35,0.21,2.32
2026-01-19,15.80,15.89,15.98,15.68,96104,152413535.00,1.90,0.57,0.09,2.20
2026-01-20,15.97,15.90,16.25,15.73,124435,198591950.00,3.27,0.06,0.01,2.85
2026-01-21,15.86,16.06,16.18,15.75,96405,154590019.00,2.70,1.01,0.16,2.21
2026-01-22,16.16,16.18,16.35,16.04,104405,169287958.00,1.93,0.75,0.12,2.39
2026-01-23,16.48,16.75,16.88,16.23,211953,351775868.00,4.02,3.52,0.57,4.85
2026-01-26,16.75,16.17,16.76,15.99,163407,265283769.00,4.60,-3.46,-0.58,3.74
2026-01-27,16.15,16.17,16.32,15.95,90730,146561106.00,2.29,0.00,0.00,2.08
2026-01-28,16.21,15.80,16.38,15.76,127185,203304170.00,3.83,-2.29,-0.37,2.91
2026-01-29,15.77,15.22,15.89,15.20,115784,179696261.00,4.37,-3.67,-0.58,2.65
2026-01-30,15.22,15.25,15.37,15.01,94052,142600343.00,2.37,0.20,0.03,2.15
2026-02-02,15.24,15.30,15.60,15.23,92933,143345734.00,2.43,0.33,0.05,2.13
2026-02-03,15.32,15.58,15.60,15.28,74735,115407961.00,2.09,1.83,0.28,1.71
2026-02-04,15.45,15.28,15.62,15.14,72574,111302385.00,3.08,-1.93,-0.30,1.66
2026-02-05,15.20,15.00,15.27,14.91,81875,123231708.00,2.36,-1.83,-0.28,1.87
2026-02-06,14.93,15.17,15.35,14.86,61317,93131789.00,3.27,1.13,0.17,1.40
2026-02-09,15.25,15.57,15.65,15.16,82843,127810144.00,3.23,2.64,0.40,1.90
2026-02-10,15.40,15.64,15.75,15.40,53843,84124965.00,2.25,0.45,0.07,1.23
2026-02-11,15.51,15.54,15.66,15.50,40947,63812507.00,1.02,-0.64,-0.10,0.94
2026-02-12,15.38,15.50,15.63,15.35,43521,67438598.00,1.80,-0.26,-0.04,1.00
2026-02-13,15.50,15.85,16.00,15.47,89329,141409909.00,3.42,2.26,0.35,2.05
2026-02-24,15.96,16.01,16.12,15.68,77506,123568525.00,2.78,1.01,0.16,1.77
2026-02-25,15.92,15.88,15.99,15.83,61014,97011132.00,1.00,-0.81,-0.13,1.40
2026-02-26,15.90,16.00,16.12,15.85,78126,125015539.00,1.70,0.76,0.12,1.79
2026-02-27,16.01,16.03,16.08,15.92,58724,93973630.00,1.00,0.19,0.03,1.34
2026-03-02,15.73,15.55,16.07,15.53,107284,168902963.00,3.37,-2.99,-0.48,2.46
2026-03-03,15.55,15.06,15.76,15.05,96360,147979220.00,4.57,-3.15,-0.49,2.21
2026-03-04,14.90,14.66,15.06,14.65,87577,130189668.00,2.72,-2.66,-0.40,2.00
2026-03-05,14.84,15.26,15.45,14.84,96085,146801113.00,4.16,4.09,0.60,2.20
2026-03-06,15.40,15.78,15.99,15.13,95769,150066792.00,5.64,3.41,0.52,2.19
2026-03-09,15.61,15.43,15.65,15.16,79314,121974289.00,3.11,-2.22,-0.35,1.82
2026-03-10,15.61,15.82,15.94,15.53,68115,107561009.00,2.66,2.53,0.39,1.56
2026-03-11,15.83,15.68,16.03,15.44,71909,112810563.00,3.73,-0.88,-0.14,1.65
2026-03-12,15.73,15.25,15.74,15.22,65596,101063791.00,3.32,-2.74,-0.43,1.50
2026-03-13,15.25,15.07,15.39,15.00,61637,93533072.00,2.56,-1.18,-0.18,1.41
2026-03-16,15.16,15.02,15.16,14.76,54723,81699059.00,2.65,-0.33,-0.05,1.25
2026-03-17,15.11,14.72,15.20,14.72,54515,81149631.00,3.20,-2.00,-0.30,1.25
2026-03-18,14.74,15.13,15.14,14.66,59816,89047632.00,3.26,2.79,0.41,1.37
2026-03-19,14.92,14.81,15.08,14.75,54686,81449959.00,2.18,-2.12,-0.32,1.25
2026-03-20,14.77,14.58,15.18,14.58,97548,144916190.00,4.05,-1.55,-0.23,2.23
2026-03-23,14.28,13.75,14.50,13.55,127939,177797256.00,6.52,-5.69,-0.83,2.93
2026-03-24,14.15,14.15,14.15,13.77,51202,71379791.00,2.76,2.91,0.40,1.17
2026-03-25,14.19,14.55,14.57,14.15,47906,69332072.00,2.97,2.83,0.40,1.10
2026-03-26,14.51,14.16,14.59,14.13,44083,63080344.00,3.16,-2.68,-0.39,1.01
2026-03-27,14.01,14.23,14.26,14.01,36038,51048834.00,1.77,0.49,0.07,0.83
2026-03-30,14.15,14.34,14.39,14.07,35626,50773748.00,2.25,0.77,0.11,0.82
2026-03-31,14.28,14.07,14.50,14.05,34813,49767654.00,3.14,-1.88,-0.27,0.80
2026-04-01,14.30,14.26,14.35,14.06,41348,58637918.00,2.06,1.35,0.19,0.95
2026-04-02,14.25,14.08,14.35,13.99,46944,66545166.00,2.52,-1.26,-0.18,1.07
2026-04-03,14.11,14.07,14.19,13.98,41400,58273145.00,1.49,-0.07,-0.01,0.95
2026-04-07,14.07,14.24,14.46,14.07,39079,55814374.00,2.77,1.21,0.17,0.89
2026-04-08,14.47,14.85,14.87,14.47,58797,86509959.00,2.81,4.28,0.61,1.35
2026-04-09,14.77,14.69,14.85,14.63,36290,53503340.00,1.48,-1.08,-0.16,0.83
2026-04-10,14.85,14.84,15.01,14.73,43230,64345187.00,1.91,1.02,0.15,0.99
2026-04-13,14.75,14.89,15.00,14.69,48171,71713100.00,2.09,0.34,0.05,1.10
2026-04-14,14.97,15.10,15.10,14.89,42425,63704561.00,1.41,1.41,0.21,0.97
2026-04-15,15.09,14.96,15.36,14.92,46361,69933769.00,2.91,-0.93,-0.14,1.06
2026-04-16,14.98,15.06,15.11,14.92,42769,64272725.00,1.27,0.67,0.10,0.98
2026-04-17,15.06,15.84,16.22,14.93,192738,302252025.00,8.57,5.18,0.78,4.41
2026-04-20,15.62,15.70,15.92,15.50,147771,231865047.00,2.65,-0.88,-0.14,3.38
2026-04-21,15.70,15.55,15.98,15.48,69197,108478447.00,3.18,-0.96,-0.15,1.58
2026-04-22,15.42,15.40,15.45,14.89,102909,156489394.00,3.60,-0.96,-0.15,2.36
2026-04-23,15.31,15.01,15.45,14.94,76564,115529815.00,3.31,-2.53,-0.39,1.75
2026-04-24,15.01,14.80,15.09,14.62,66032,97602619.00,3.13,-1.40,-0.21,1.51
2026-04-27,14.86,15.10,15.21,14.75,86362,129343801.00,3.11,2.03,0.30,1.98
2026-04-28,15.03,14.71,15.06,14.52,75285,110658066.00,3.58,-2.58,-0.39,1.72
2026-04-29,14.62,14.59,14.80,14.58,54711,80356054.00,1.50,-0.82,-0.12,1.25
2026-04-30,15.32,15.18,15.86,15.11,201186,310505374.00,5.14,4.04,0.59,4.61
2026-05-06,15.48,15.22,15.55,15.20,139367,213899051.00,2.31,0.26,0.04,3.19
2026-05-07,15.28,15.32,15.38,15.15,82164,125629984.00,1.51,0.66,0.10,1.88
2026-05-08,15.25,15.19,15.49,15.19,116220,177829542.00,1.96,-0.85,-0.13,2.66
2026-05-11,15.30,15.64,16.12,15.24,272237,427551263.00,5.79,2.96,0.45,6.23
2026-05-12,15.51,15.17,15.80,15.07,190900,293039196.00,4.67,-3.01,-0.47,4.37
2026-05-13,15.25,15.18,15.26,14.97,132231,199971508.00,1.91,0.07,0.01,3.03
2026-05-14,15.25,15.01,15.28,14.89,114336,172302371.00,2.57,-1.12,-0.17,2.62
2026-05-15,15.01,14.60,15.08,14.46,145734,214919332.00,4.13,-2.73,-0.41,3.34
2026-05-18,14.75,14.64,14.85,14.55,93902,137726249.00,2.05,0.27,0.04,2.15
2026-05-19,14.62,14.78,14.83,14.42,98716,144243341.00,2.80,0.96,0.14,2.26
2026-05-20,14.64,14.61,14.83,14.51,75167,109891229.00,2.17,-1.15,-0.17,1.72
2026-05-21,14.68,13.87,14.81,13.82,145068,208394303.00,6.78,-5.07,-0.74,3.32
2026-05-22,14.13,14.39,14.56,14.03,118754,169612258.00,3.82,3.75,0.52,2.72
2026-05-25,14.39,14.14,14.43,13.99,80976,114879516.00,3.06,-1.74,-0.25,1.85
2026-05-26,14.13,13.86,14.17,13.70,74015,102777365.00,3.32,-1.98,-0.28,1.69
2026-05-27,13.81,13.50,13.97,13.44,78748,107706979.00,3.82,-2.60,-0.36,1.80
2026-05-28,13.36,13.54,13.63,13.15,87447,117283443.00,3.56,0.30,0.04,2.00
2026-05-29,13.40,13.27,13.60,13.10,89251,118522203.00,3.69,-1.99,-0.27,2.04
2026-06-01,13.33,13.24,13.49,13.18,62972,83786220.00,2.34,-0.23,-0.03,1.44
2026-06-02,13.34,13.05,13.34,12.93,74483,97453184.00,3.10,-1.44,-0.19,1.71
2026-06-03,13.04,13.78,14.36,12.99,266670,370380659.00,10.50,5.59,0.73,6.11
2026-06-04,13.41,13.32,13.90,13.21,201967,272543828.00,5.01,-3.34,-0.46,4.62
2026-06-05,13.19,13.51,13.75,13.19,122418,165519899.00,4.20,1.43,0.19,2.80
2026-06-08,13.04,12.88,13.65,12.78,124666,163324742.00,6.44,-4.66,-0.63,2.85
2026-06-09,13.02,12.86,13.09,12.66,92574,118661904.00,3.34,-0.16,-0.02,2.12
2026-06-10,12.70,12.45,12.77,12.19,94284,117211085.00,4.51,-3.19,-0.41,2.16
2026-06-11,12.30,12.15,12.36,11.99,74645,90439255.00,2.97,-2.41,-0.30,1.71
2026-06-12,12.21,12.25,12.42,12.16,56429,69282626.00,2.14,0.82,0.10,1.29
2026-06-15,12.25,12.95,13.05,12.25,97452,124190737.00,6.53,5.71,0.70,2.23
2026-06-16,12.96,13.10,13.16,12.72,82441,107012639.00,3.40,1.16,0.15,1.89
2026-06-17,13.06,13.18,13.33,12.97,70230,92592197.00,2.75,0.61,0.08,1.61
2026-06-18,13.09,13.14,13.35,13.01,62683,82734825.00,2.58,-0.30,-0.04,1.44
2026-06-22,13.49,13.01,13.50,12.55,103851,134479877.00,7.23,-0.99,-0.13,2.38
2026-06-23,13.04,13.12,13.35,12.89,90930,119456607.00,3.54,0.85,0.11,2.08
2026-06-24,13.18,13.13,13.41,12.80,96389,125924564.00,4.65,0.08,0.01,2.21
2026-06-25,13.05,12.79,13.13,12.71,75404,96948499.00,3.20,-2.59,-0.34,1.73
2026-06-26,12.71,12.59,12.95,12.40,81136,102330566.00,4.30,-1.56,-0.20,1.86
2026-06-29,12.59,12.36,12.64,12.16,78126,96586532.00,3.81,-1.83,-0.23,1.79
2026-06-30,12.39,13.30,13.36,12.22,161741,211423313.00,9.22,7.61,0.94,3.70