2026-01-05,5.64,5.59,5.65,5.54,147074,82276791.00,1.95,-0.89,-0.05,0.90
2026-01-06,5.60,5.64,5.67,5.59,140252,79283884.00,1.43,0.89,0.05,0.86
2026-01-07,5.65,5.61,5.69,5.56,155173,87220251.00,2.30,-0.53,-0.03,0.95
2026-01-08,5.59,5.60,5.62,5.57,98724,55340051.00,0.89,-0.18,-0.01,0.60
2026-01-09,5.60,5.63,5.63,5.58,119048,66908433.00,0.89,0.54,0.03,0.73
2026-01-12,5.63,5.69,5.70,5.60,203736,115271422.00,1.78,1.07,0.06,1.24
2026-01-13,5.68,5.59,5.69,5.57,173526,97859821.00,2.11,-1.76,-0.10,1.06
2026-01-14,5.60,5.60,5.66,5.56,167425,94183527.00,1.79,0.18,0.01,1.02
2026-01-15,5.59,5.61,5.64,5.57,86900,48799319.00,1.25,0.18,0.01,0.53
2026-01-16,5.62,5.59,5.64,5.57,92347,51776976.00,1.25,-0.36,-0.02,0.56
2026-01-19,5.62,5.63,5.65,5.57,136180,76598096.00,1.43,0.72,0.04,0.83
2026-01-20,5.63,5.66,5.67,5.60,115550,65169386.00,1.24,0.53,0.03,0.70
2026-01-21,5.64,5.61,5.67,5.60,105367,59376004.00,1.24,-0.88,-0.05,0.64
2026-01-22,5.63,6.03,6.17,5.60,800573,477255322.00,10.16,7.49,0.42,4.88
2026-01-23,6.33,6.09,6.41,6.04,726198,447109736.00,6.14,1.00,0.06,4.43
2026-01-26,6.09,6.18,6.30,6.06,487402,301131020.00,3.94,1.48,0.09,2.97
2026-01-27,6.17,6.13,6.29,6.10,322545,199547902.00,3.07,-0.81,-0.05,1.97
2026-01-28,6.13,6.19,6.23,6.08,284422,176095156.00,2.45,0.98,0.06,1.73
2026-01-29,6.16,6.17,6.22,6.10,235630,145342277.00,1.94,-0.32,-0.02,1.44
2026-01-30,6.16,6.18,6.21,6.01,278588,170847443.00,3.24,0.16,0.01,1.70
2026-02-02,6.10,5.99,6.17,5.99,293404,178093224.00,2.91,-3.07,-0.19,1.79
2026-02-03,6.02,6.03,6.08,5.94,188006,113298122.00,2.34,0.67,0.04,1.15
2026-02-04,6.03,6.08,6.09,5.96,147907,89506084.00,2.16,0.83,0.05,0.90
2026-02-05,6.07,6.05,6.15,6.03,150383,91466603.00,1.97,-0.49,-0.03,0.92
2026-02-06,6.04,6.09,6.16,5.99,169723,103731678.00,2.81,0.66,0.04,1.03
2026-02-09,6.11,6.16,6.21,6.05,224580,137672219.00,2.63,1.15,0.07,1.37
2026-02-10,6.16,6.08,6.17,6.05,149940,91386928.00,1.95,-1.30,-0.08,0.91
2026-02-11,6.06,6.12,6.20,6.06,195658,120680311.00,2.30,0.66,0.04,1.19
2026-02-12,6.12,6.12,6.16,6.06,148672,91090803.00,1.63,0.00,0.00,0.91
2026-02-13,6.11,6.06,6.14,6.02,174753,106472551.00,1.96,-0.98,-0.06,1.07
2026-02-24,6.10,6.19,6.23,6.08,267590,165549028.00,2.48,2.15,0.13,1.63
2026-02-25,6.21,6.37,6.48,6.17,356951,228069390.00,5.01,2.91,0.18,2.18
2026-02-26,6.43,6.57,6.63,6.35,364500,237104212.00,4.40,3.14,0.20,2.22
2026-02-27,6.54,6.55,6.61,6.47,196129,128107296.00,2.13,-0.30,-0.02,1.20
2026-03-02,6.49,6.55,6.64,6.44,230963,150995217.00,3.05,0.00,0.00,1.41
2026-03-03,6.56,6.39,6.56,6.37,295764,190812352.00,2.90,-2.44,-0.16,1.80
2026-03-04,6.32,6.37,6.48,6.29,199701,127734249.00,2.97,-0.31,-0.02,1.22
2026-03-05,6.44,6.34,6.45,6.32,163147,104004155.00,2.04,-0.47,-0.03,0.99
2026-03-06,6.36,6.51,6.53,6.34,206843,133973137.00,3.00,2.68,0.17,1.26
2026-03-09,6.54,6.41,6.60,6.38,218129,141026514.00,3.38,-1.54,-0.10,1.33
2026-03-10,6.44,6.41,6.49,6.37,158685,101858351.00,1.87,0.00,0.00,0.97
2026-03-11,6.41,6.57,6.59,6.34,269289,175469843.00,3.90,2.50,0.16,1.64
2026-03-12,6.61,6.53,6.63,6.50,224774,147810441.00,1.98,-0.61,-0.04,1.37
2026-03-13,6.50,6.43,6.58,6.43,204354,133153526.00,2.30,-1.53,-0.10,1.25
2026-03-16,6.44,6.37,6.54,6.35,200752,128880945.00,2.95,-0.93,-0.06,1.22
2026-03-17,6.37,6.22,6.43,6.22,187174,118124044.00,3.30,-2.35,-0.15,1.14
2026-03-18,6.23,6.14,6.27,6.04,209421,128426505.00,3.70,-1.29,-0.08,1.28
2026-03-19,6.13,5.97,6.14,5.93,207316,124983164.00,3.42,-2.77,-0.17,1.26
2026-03-20,5.97,5.82,6.03,5.82,155670,92003011.00,3.52,-2.51,-0.15,0.95
2026-03-23,5.74,5.56,5.79,5.47,327451,184468150.00,5.50,-4.47,-0.26,2.00
2026-03-24,5.67,5.61,5.70,5.47,183399,102203361.00,4.14,0.90,0.05,1.12
2026-03-25,5.62,5.70,5.73,5.61,135792,77351534.00,2.14,1.60,0.09,0.83
2026-03-26,5.71,5.73,5.99,5.68,237670,138142116.00,5.44,0.53,0.03,1.45
2026-03-27,5.69,5.91,6.06,5.68,289937,170920962.00,6.63,3.14,0.18,1.77
2026-03-30,5.88,6.02,6.06,5.83,199643,119350447.00,3.89,1.86,0.11,1.22
2026-03-31,6.04,5.95,6.10,5.92,148976,89464479.00,2.99,-1.16,-0.07,0.91
2026-04-01,6.01,5.98,6.03,5.93,94243,56371628.00,1.68,0.50,0.03,0.57
2026-04-02,5.96,5.97,6.09,5.93,127441,76696996.00,2.68,-0.17,-0.01,0.78
2026-04-03,5.97,5.76,6.03,5.69,170346,98867463.00,5.70,-3.52,-0.21,1.04
2026-04-07,5.80,6.03,6.04,5.78,190944,114125312.00,4.51,4.69,0.27,1.16
2026-04-08,6.11,6.12,6.18,5.98,253461,154134638.00,3.32,1.49,0.09,1.55
2026-04-09,6.07,6.17,6.19,6.06,156819,96492861.00,2.12,0.82,0.05,0.96
2026-04-10,6.19,6.64,6.76,6.13,630780,410318066.00,10.21,7.62,0.47,3.85
2026-04-13,6.57,7.02,7.15,6.42,791188,544639272.00,10.99,5.72,0.38,4.82
2026-04-14,6.94,7.06,7.24,6.89,585781,413399934.00,4.99,0.57,0.04,3.57
2026-04-15,7.06,6.94,7.11,6.90,437733,307171176.00,2.97,-1.70,-0.12,2.67
2026-04-16,6.93,6.89,6.94,6.69,529202,360731572.00,3.60,-0.72,-0.05,3.23
2026-04-17,6.81,7.02,7.14,6.76,370854,259558167.00,5.52,1.89,0.13,2.26
2026-04-20,6.88,7.21,7.23,6.88,389950,279020872.00,4.99,2.71,0.19,2.38
2026-04-21,7.15,7.05,7.22,6.95,331418,234240584.00,3.74,-2.22,-0.16,2.02
2026-04-22,7.02,7.23,7.29,6.99,390440,281954926.00,4.26,2.55,0.18,2.38
2026-04-23,7.17,7.04,7.25,6.89,411354,291080958.00,4.98,-2.63,-0.19,2.51
2026-04-24,6.99,6.93,7.09,6.84,293931,203807363.00,3.55,-1.56,-0.11,1.79
2026-04-27,6.98,6.91,6.98,6.59,328586,224259785.00,5.63,-0.29,-0.02,2.00
2026-04-28,6.90,6.86,7.08,6.74,392367,270553006.00,4.92,-0.72,-0.05,2.39
2026-04-29,6.95,6.98,7.02,6.83,206509,143427948.00,2.77,1.75,0.12,1.26
2026-04-30,6.91,6.92,7.02,6.83,226686,157070768.00,2.72,-0.86,-0.06,1.38
2026-05-06,6.97,6.85,7.01,6.82,253163,174942101.00,2.75,-1.01,-0.07,1.54
2026-05-07,6.84,6.78,6.89,6.72,277684,189319332.00,2.48,-1.02,-0.07,1.69
2026-05-08,6.77,7.19,7.32,6.76,541548,386436451.00,8.26,6.05,0.41,3.30
2026-05-11,7.19,6.82,7.25,6.78,635114,440467575.00,6.54,-5.15,-0.37,3.87
2026-05-12,6.79,6.86,7.03,6.76,308193,212040106.00,3.96,0.59,0.04,1.88
2026-05-13,6.79,6.90,6.99,6.79,211445,146387702.00,2.92,0.58,0.04,1.29
2026-05-14,6.86,6.61,6.90,6.57,337524,226533216.00,4.78,-4.20,-0.29,2.06
2026-05-15,6.64,6.34,6.69,6.21,408598,263287837.00,7.26,-4.08,-0.27,2.49
2026-05-18,6.33,6.12,6.36,6.10,239642,148005924.00,4.10,-3.47,-0.22,1.46
2026-05-19,6.13,6.13,6.20,6.06,165170,101122617.00,2.29,0.16,0.01,1.01
2026-05-20,6.09,6.27,6.49,6.01,345798,216365498.00,7.83,2.28,0.14,2.11
2026-05-21,6.29,5.89,6.44,5.87,348311,213492020.00,9.09,-6.06,-0.38,2.12
2026-05-22,6.00,6.07,6.19,5.92,274437,167264000.00,4.58,3.06,0.18,1.67
2026-05-25,6.09,5.92,6.19,5.88,258348,155195981.00,5.11,-2.47,-0.15,1.58
2026-05-26,5.88,5.95,5.97,5.76,250682,147042666.00,3.55,0.51,0.03,1.53
2026-05-27,5.95,5.77,5.95,5.71,180890,104798922.00,4.03,-3.03,-0.18,1.10
2026-05-28,5.83,5.71,5.84,5.62,147881,84795713.00,3.81,-1.04,-0.06,0.90
2026-05-29,5.70,5.54,5.74,5.50,198762,111312619.00,4.20,-2.98,-0.17,1.21
2026-06-01,5.55,5.58,5.61,5.51,161393,90072695.00,1.81,0.72,0.04,0.98
2026-06-02,5.59,5.40,5.60,5.38,190969,104276941.00,3.94,-3.23,-0.18,1.16
2026-06-03,5.40,5.36,5.42,5.32,162471,87353216.00,1.85,-0.74,-0.04,0.99
2026-06-04,5.35,5.16,5.35,5.13,208071,108351389.00,4.10,-3.73,-0.20,1.27
2026-06-05,5.16,5.20,5.33,5.10,161618,84392304.00,4.46,0.78,0.04,0.99
2026-06-08,5.11,4.98,5.19,4.92,230762,116639926.00,5.19,-4.23,-0.22,1.41
2026-06-09,5.03,5.01,5.04,4.90,139310,69449056.00,2.81,0.60,0.03,0.85
2026-06-10,5.01,5.03,5.09,4.95,148612,74606768.00,2.79,0.40,0.02,0.91
2026-06-11,5.03,5.00,5.07,4.92,135157,67282653.00,2.98,-0.60,-0.03,0.82
2026-06-12,5.04,5.11,5.17,4.95,208049,105957283.00,4.40,2.20,0.11,1.27
2026-06-15,5.13,5.26,5.38,5.13,223921,117726077.00,4.89,2.94,0.15,1.37
2026-06-16,5.26,5.15,5.31,5.13,140567,72984522.00,3.42,-2.09,-0.11,0.86
2026-06-17,5.12,5.04,5.14,5.01,152671,77093571.00,2.52,-2.14,-0.11,0.93
2026-06-18,5.04,4.96,5.06,4.93,133231,66373619.00,2.58,-1.59,-0.08,0.81
2026-06-22,4.96,5.00,5.02,4.82,237332,116184364.00,4.03,0.81,0.04,1.45
2026-06-23,5.00,4.96,5.11,4.94,166426,83499114.00,3.40,-0.80,-0.04,1.01
2026-06-24,4.95,4.85,4.99,4.83,141356,69089415.00,3.23,-2.22,-0.11,0.86
2026-06-25,4.87,4.80,4.87,4.71,170124,81273377.00,3.30,-1.03,-0.05,1.04
2026-06-26,4.78,4.61,4.78,4.60,197075,91810099.00,3.75,-3.96,-0.19,1.20