2026-01-05,25.00,25.99,26.13,24.97,19438,50571615.00,4.65,4.08,1.02,2.85
2026-01-06,26.16,25.83,26.20,25.72,9457,24756106.00,1.85,-0.62,-0.16,1.39
2026-01-07,25.83,25.86,25.95,25.56,9706,25263814.00,1.51,0.12,0.03,1.42
2026-01-08,25.84,26.23,26.39,25.76,12653,33503826.00,2.44,1.43,0.37,1.86
2026-01-09,26.08,26.54,26.62,25.81,15001,40117128.00,3.09,1.18,0.31,2.20
2026-01-12,26.57,26.55,26.68,26.26,10722,28783624.00,1.58,0.04,0.01,1.57
2026-01-13,26.60,26.64,26.92,26.41,22493,60708551.00,1.92,0.34,0.09,3.30
2026-01-14,26.55,26.59,27.00,26.30,27056,72961424.00,2.63,-0.19,-0.05,3.97
2026-01-15,26.60,27.61,27.80,26.32,38504,106236455.00,5.57,3.84,1.02,5.65
2026-01-16,28.10,27.85,28.19,27.28,24743,69250737.00,3.30,0.87,0.24,3.63
2026-01-19,27.85,28.74,29.09,27.84,33850,98012411.00,4.49,3.20,0.89,4.97
2026-01-20,28.63,28.54,28.80,28.40,14146,40850342.00,1.39,-0.70,-0.20,2.08
2026-01-21,28.69,28.79,29.06,28.35,18451,53650542.00,2.49,0.88,0.25,2.71
2026-01-22,28.69,28.51,28.89,28.51,16066,46563864.00,1.32,-0.97,-0.28,2.36
2026-01-23,28.44,28.52,28.69,27.98,22898,65479706.00,2.49,0.04,0.01,3.36
2026-01-26,28.62,28.40,28.65,28.11,15220,43623452.00,1.89,-0.42,-0.12,2.23
2026-01-27,28.69,28.31,28.69,27.64,18897,53694535.00,3.70,-0.32,-0.09,2.77
2026-01-28,28.46,28.31,29.07,28.14,23619,68095146.00,3.29,0.00,0.00,3.47
2026-01-29,28.09,28.09,28.58,27.71,12591,36005830.00,3.07,-0.78,-0.22,1.85
2026-01-30,28.25,28.66,28.90,27.84,14243,40907816.00,3.77,2.03,0.57,2.09
2026-02-02,28.63,28.19,28.98,28.12,14636,42383049.00,3.00,-1.64,-0.47,2.15
2026-02-03,28.33,28.69,28.89,28.24,15056,43486772.00,2.31,1.77,0.50,2.21
2026-02-04,28.64,28.63,28.89,28.32,12700,36687305.00,1.99,-0.21,-0.06,1.86
2026-02-05,28.63,28.51,28.98,28.45,8932,25887050.00,1.85,-0.42,-0.12,1.31
2026-02-06,28.75,28.69,29.00,28.56,18889,54906495.00,1.54,0.63,0.18,2.77
2026-02-09,28.70,28.76,28.80,28.53,14790,42894199.00,0.94,0.24,0.07,2.17
2026-02-10,28.79,28.92,29.35,28.65,18933,55440443.00,2.43,0.56,0.16,2.78
2026-02-11,28.78,29.44,29.55,28.76,17633,51903286.00,2.73,1.80,0.52,2.59
2026-02-12,29.38,29.13,29.55,28.76,24574,72120397.00,2.68,-1.05,-0.31,3.61
2026-02-13,29.04,29.22,29.62,28.95,15782,46782898.00,2.30,0.31,0.09,2.32
2026-02-24,29.23,29.22,29.58,28.65,14234,41753573.00,3.18,0.00,0.00,2.09
2026-02-25,29.41,28.79,29.41,28.77,10996,32199325.00,2.19,-1.47,-0.43,1.61
2026-02-26,28.84,28.92,29.19,28.72,14150,41400916.00,1.63,0.45,0.13,2.08
2026-02-27,28.86,28.82,29.05,28.71,14376,41899101.00,1.18,-0.35,-0.10,2.11
2026-03-02,28.40,27.70,28.80,27.40,24762,69887162.00,4.86,-3.89,-1.12,3.63
2026-03-03,27.74,26.95,28.00,26.95,17761,49192450.00,3.79,-2.71,-0.75,2.61
2026-03-04,27.13,26.34,27.14,26.30,16175,43556149.00,3.12,-2.26,-0.61,2.37
2026-03-05,26.84,26.96,27.20,26.73,10090,27509134.00,1.78,2.35,0.62,1.48
2026-03-06,26.77,27.69,27.77,26.77,12071,33480521.00,3.71,2.71,0.73,1.77
2026-03-09,27.31,27.08,27.58,26.85,13682,37560517.00,2.64,-2.20,-0.61,2.01
2026-03-10,27.38,28.17,28.64,27.08,15280,43085763.00,5.76,4.03,1.09,2.24
2026-03-11,28.31,28.05,28.32,27.91,11947,33937979.00,1.46,-0.43,-0.12,1.75
2026-03-12,28.06,29.42,30.34,28.06,60643,180840267.00,8.13,4.88,1.37,8.90
2026-03-13,29.39,28.90,29.40,28.58,33754,98744318.00,2.79,-1.77,-0.52,4.95
2026-03-16,28.93,28.29,29.51,28.15,25073,72429598.00,4.71,-2.11,-0.61,3.68
2026-03-17,28.50,27.35,28.55,27.35,18211,50999189.00,4.24,-3.32,-0.94,2.67
2026-03-18,27.35,28.00,28.06,27.21,13981,39125721.00,3.11,2.38,0.65,2.05
2026-03-19,27.80,26.72,27.86,26.63,18261,49948287.00,4.39,-4.57,-1.28,2.68
2026-03-20,26.72,26.58,27.35,26.30,18196,49358473.00,3.93,-0.52,-0.14,2.67
2026-03-23,26.08,24.22,26.29,24.01,29869,75976127.00,8.58,-8.88,-2.36,4.38
2026-03-24,25.10,25.46,25.46,24.10,15954,39954257.00,5.62,5.12,1.24,2.34
2026-03-25,25.69,25.90,26.20,25.52,12365,32473078.00,2.67,1.73,0.44,1.81
2026-03-26,25.98,25.34,26.18,25.13,9292,24043140.00,4.05,-2.16,-0.56,1.36
2026-03-27,25.04,25.96,26.02,24.80,9341,24241430.00,4.81,2.45,0.62,1.37
2026-03-30,25.70,26.71,26.90,25.11,22612,60366955.00,6.90,2.89,0.75,3.32
2026-03-31,26.71,26.32,27.56,26.30,15643,42579393.00,4.72,-1.46,-0.39,2.29
2026-04-01,26.71,26.96,27.08,26.41,12961,35122416.00,2.55,2.43,0.64,1.90
2026-04-02,26.96,26.72,27.36,26.50,13319,36316437.00,3.19,-0.89,-0.24,1.95
2026-04-03,26.55,26.05,27.00,25.90,13245,35133901.00,4.12,-2.51,-0.67,1.94
2026-04-07,26.05,26.60,27.05,25.95,13590,36583668.00,4.22,2.11,0.55,1.99
2026-04-08,27.20,27.31,27.50,26.76,15410,42488118.00,2.78,2.67,0.71,2.26
2026-04-09,27.45,26.85,27.48,26.80,9113,24952025.00,2.49,-1.68,-0.46,1.34
2026-04-10,26.98,27.30,27.48,26.92,10181,28081376.00,2.09,1.68,0.45,1.49
2026-04-13,27.18,26.67,27.18,26.38,13391,36077231.00,2.93,-2.31,-0.63,1.96
2026-04-14,26.82,26.66,26.94,26.30,11309,30367159.00,2.40,-0.04,-0.01,1.66
2026-04-15,26.94,27.32,27.98,26.72,18180,50384036.00,4.73,2.48,0.66,2.67
2026-04-16,27.30,27.36,27.67,26.66,15830,43439083.00,3.70,0.15,0.04,2.32
2026-04-17,27.50,27.31,27.50,27.10,10317,28484508.00,1.46,-0.18,-0.05,1.51
2026-04-20,27.46,27.82,27.91,27.10,17151,47862458.00,2.97,1.87,0.51,2.52
2026-04-21,28.15,29.00,30.38,28.15,46868,137379209.00,8.02,4.24,1.18,6.88
2026-04-22,28.49,27.95,29.14,27.91,39442,112484318.00,4.24,-3.62,-1.05,5.79
2026-04-23,28.30,28.75,29.07,27.85,44645,128885405.00,4.36,2.86,0.80,6.55
2026-04-24,28.59,29.22,29.38,28.40,32276,94260585.00,3.41,1.63,0.47,4.74
2026-04-27,28.92,29.10,29.14,28.31,31132,90390488.00,2.84,-0.41,-0.12,4.57
2026-04-28,29.29,28.87,29.29,28.62,24719,72106900.00,2.30,-0.79,-0.23,3.63
2026-04-29,28.77,29.40,29.66,28.55,28448,84152781.00,3.84,1.84,0.53,4.17
2026-04-30,29.40,29.50,29.76,29.14,20675,61528788.00,2.11,0.34,0.10,3.03
2026-05-06,29.50,30.13,30.32,29.12,35486,106809609.00,4.07,2.14,0.63,5.21
2026-05-07,30.05,29.92,30.40,29.72,30511,92418269.00,2.26,-0.70,-0.21,4.48
2026-05-08,30.13,31.19,31.70,30.13,55316,173961730.00,5.25,4.24,1.27,8.12
2026-05-11,31.45,35.42,36.78,31.45,117202,413066509.00,17.09,13.56,4.23,17.19
2026-05-12,35.03,35.59,36.66,34.84,73496,264364332.00,5.14,0.48,0.17,10.78
2026-05-13,35.50,34.00,35.50,33.13,69648,238981551.00,6.66,-4.47,-1.59,10.22
2026-05-14,34.00,33.52,34.45,33.10,42729,145553330.00,3.97,-1.41,-0.48,6.27
2026-05-15,33.58,32.92,33.94,32.40,43836,145063949.00,4.59,-1.79,-0.60,6.43
2026-05-18,32.94,32.47,33.22,32.14,30290,99396355.00,3.28,-1.37,-0.45,4.44
2026-05-19,32.31,32.02,32.95,31.41,29805,96312678.00,4.74,-1.39,-0.45,4.37
2026-05-20,31.92,31.68,32.70,31.40,25355,81482066.00,4.06,-1.06,-0.34,3.72
2026-05-21,31.62,30.49,31.78,30.41,28562,90018892.00,4.32,-3.76,-1.19,4.19
2026-05-22,30.80,31.77,32.16,30.08,34120,108504037.00,6.82,4.20,1.28,5.01
2026-05-25,31.70,31.22,32.96,30.69,31950,101508047.00,7.15,-1.73,-0.55,4.69
2026-05-26,31.23,30.09,31.29,29.75,30081,92004426.00,4.93,-3.62,-1.13,4.41
2026-05-27,30.07,28.80,30.13,28.49,28531,83830977.00,5.45,-4.29,-1.29,4.19
2026-05-28,28.85,29.06,29.41,28.08,25760,75039553.00,4.62,0.90,0.26,3.78
2026-05-29,28.61,28.76,29.55,28.41,25652,74869185.00,3.92,-1.03,-0.30,3.76
2026-06-01,29.10,31.27,32.44,29.10,63325,200732037.00,11.61,8.73,2.51,7.96
2026-06-02,31.27,30.70,32.07,29.76,39707,122725447.00,7.39,-1.82,-0.57,4.99
2026-06-03,30.72,31.35,32.09,30.11,30208,94794957.00,6.45,2.12,0.65,3.80
2026-06-04,31.12,31.80,32.18,30.91,27879,89142628.00,4.05,1.44,0.45,3.50
2026-06-05,31.87,31.50,32.50,31.40,29385,94672333.00,3.46,-0.94,-0.30,3.69
2026-06-08,30.86,30.40,31.90,30.39,26567,83695104.00,4.79,-3.49,-1.10,3.34
2026-06-09,31.20,30.34,31.20,29.78,25176,77115398.00,4.67,-0.20,-0.06,3.16
2026-06-10,30.50,30.34,30.90,29.55,20834,62487166.00,4.45,0.00,0.00,2.62
2026-06-11,30.04,29.33,30.22,29.02,20362,59913201.00,3.96,-3.33,-1.01,2.56
2026-06-12,30.08,28.75,30.42,28.21,27602,80182949.00,7.53,-1.98,-0.58,3.47
2026-06-15,28.75,29.45,31.27,28.75,27495,82336859.00,8.77,2.43,0.70,3.46
2026-06-16,29.50,29.24,29.67,28.37,29171,84571335.00,4.41,-0.71,-0.21,3.67
2026-06-17,29.00,29.25,29.52,28.80,19995,58318340.00,2.46,0.03,0.01,2.51
2026-06-18,29.75,29.11,29.80,28.80,17375,50769210.00,3.42,-0.48,-0.14,2.18
2026-06-22,29.11,27.54,29.11,26.83,30874,84894573.00,7.83,-5.39,-1.57,3.88
2026-06-23,27.99,29.16,29.34,27.00,29393,83742092.00,8.50,5.88,1.62,3.69
2026-06-24,29.75,29.17,30.19,28.72,26889,78553645.00,5.04,0.03,0.01,3.38
2026-06-25,29.14,28.30,29.30,27.75,26645,75231226.00,5.31,-2.98,-0.87,3.35
2026-06-26,28.01,26.88,28.01,26.78,22895,62432042.00,4.35,-5.02,-1.42,2.88
2026-06-29,26.80,27.14,27.18,26.02,23195,61979881.00,4.32,0.97,0.26,2.91
2026-06-30,27.14,27.25,27.85,26.72,20173,55280755.00,4.16,0.41,0.11,2.53
2026-07-01,27.11,28.21,28.49,26.68,26111,72795855.00,6.64,3.52,0.96,3.28
2026-07-02,28.11,28.21,29.17,28.10,22689,65238302.00,3.79,0.00,0.00,2.85
2026-07-03,28.49,29.32,29.46,28.48,24644,71726190.00,3.47,3.93,1.11,3.10
2026-07-06,29.32,29.35,30.10,28.94,21350,63013443.00,3.96,0.10,0.03,2.68
2026-07-07,29.15,27.85,29.37,27.66,26718,75436714.00,5.83,-5.11,-1.50,3.36
2026-07-08,28.06,27.15,28.09,27.02,16713,45565265.00,3.84,-2.51,-0.70,2.10
2026-07-09,27.01,26.59,27.43,26.42,18461,49539844.00,3.72,-2.06,-0.56,2.32
2026-07-10,26.50,26.80,27.28,26.25,17105,46019590.00,3.87,0.79,0.21,2.15
2026-07-13,26.80,25.70,26.97,25.61,19765,51395727.00,5.07,-4.10,-1.10,2.48
2026-07-14,25.65,25.80,26.28,25.50,18242,47198599.00,3.04,0.39,0.10,2.29
2026-07-15,25.89,27.35,28.38,25.71,34961,95292013.00,10.35,6.01,1.55,4.39
2026-07-16,27.67,27.28,27.80,26.31,24919,67767256.00,5.45,-0.26,-0.07,3.13
2026-07-17,27.18,25.86,27.54,25.80,29124,78080521.00,6.38,-5.21,-1.42,3.66
2026-07-20,26.60,24.08,26.64,23.90,32391,80280299.00,10.60,-6.88,-1.78,4.07
2026-07-21,24.25,23.22,24.40,21.60,38299,87346243.00,11.63,-3.57,-0.86,4.81
2026-07-22,23.04,22.62,23.44,22.61,20799,47779254.00,3.57,-2.58,-0.60,2.61
2026-07-23,23.56,23.58,23.61,22.73,23143,53903481.00,3.89,4.24,0.96,2.91
2026-07-24,23.19,24.42,24.88,23.10,28309,67448887.00,7.55,3.56,0.84,3.56
2026-07-27,24.33,25.49,25.60,23.75,32518,80801302.00,7.58,4.38,1.07,4.09
2026-07-28,25.61,25.90,27.00,25.53,31259,82236741.00,5.77,1.61,0.41,3.93
2026-07-29,26.20,25.59,27.05,25.31,30528,79749236.00,6.72,-1.20,-0.31,3.84
2026-07-30,25.58,24.52,25.67,24.12,27190,67553430.00,6.06,-4.18,-1.07,3.42
2026-07-31,24.52,25.21,25.56,24.52,16802,42471794.00,4.24,2.81,0.69,2.11
2026-08-03,25.03,25.54,25.58,25.03,16164,40911983.00,2.18,1.31,0.33,2.03
2026-08-04,25.60,26.33,26.69,25.59,17302,45635039.00,4.31,3.09,0.79,2.17
2026-08-05,26.39,26.73,27.05,26.36,13417,35902801.74,2.62,1.52,0.40,1.69