2026-01-05,8.80,8.84,8.84,8.75,34137,31379256.00,1.03,0.91,0.08,0.79
2026-01-06,8.85,8.87,8.87,8.82,38865,35901637.00,0.57,0.34,0.03,0.89
2026-01-07,8.87,8.85,8.89,8.84,35259,32620365.00,0.56,-0.23,-0.02,0.81
2026-01-08,8.84,8.91,8.93,8.84,32508,30194857.00,1.02,0.68,0.06,0.75
2026-01-09,8.91,8.91,8.95,8.87,32451,30187619.00,0.90,0.00,0.00,0.75
2026-01-12,8.92,8.97,8.99,8.89,45385,42332552.00,1.12,0.67,0.06,1.04
2026-01-13,8.98,8.97,9.06,8.93,47555,44649393.00,1.45,0.00,0.00,1.09
2026-01-14,8.99,8.95,9.03,8.88,48768,45645667.00,1.67,-0.22,-0.02,1.12
2026-01-15,8.92,9.14,9.31,8.92,102027,96971896.00,4.36,2.12,0.19,2.35
2026-01-16,9.16,9.02,9.22,9.00,53663,50779214.00,2.41,-1.31,-0.12,1.24
2026-01-19,9.01,9.05,9.06,8.98,31024,29214913.00,0.89,0.33,0.03,0.71
2026-01-20,9.06,9.20,9.24,9.03,67226,64265753.00,2.32,1.66,0.15,1.55
2026-01-21,9.17,9.14,9.19,9.11,32921,31378197.00,0.87,-0.65,-0.06,0.76
2026-01-22,9.13,9.32,9.40,9.04,103644,99839362.00,3.94,1.97,0.18,2.39
2026-01-23,9.28,9.38,9.46,9.23,82285,80176282.00,2.47,0.64,0.06,1.89
2026-01-26,9.37,9.32,9.41,9.28,58092,56558677.00,1.39,-0.64,-0.06,1.34
2026-01-27,9.31,9.26,9.35,9.16,61257,58927919.00,2.04,-0.64,-0.06,1.41
2026-01-28,9.21,9.38,9.40,9.21,78051,75923840.00,2.05,1.30,0.12,1.80
2026-01-29,9.36,9.45,9.50,9.29,81591,80046291.00,2.24,0.75,0.07,1.88
2026-01-30,9.43,9.41,9.46,9.30,83769,81842673.00,1.69,-0.42,-0.04,1.93
2026-02-02,9.35,9.09,9.45,9.09,57239,55220406.00,3.83,-3.40,-0.32,1.32
2026-02-03,9.19,9.11,9.24,9.09,50826,48424682.00,1.65,0.22,0.02,1.17
2026-02-04,9.15,9.41,9.46,9.02,89084,86366265.00,4.83,3.29,0.30,2.05
2026-02-05,9.48,9.36,9.48,9.35,40482,39647492.00,1.38,-0.53,-0.05,0.93
2026-02-06,9.36,9.30,9.39,9.27,34723,33773488.00,1.28,-0.64,-0.06,0.80
2026-02-09,9.39,9.38,9.41,9.30,35182,34336374.00,1.18,0.86,0.08,0.81
2026-02-10,9.41,9.30,9.42,9.30,30366,29541772.00,1.28,-0.85,-0.08,0.70
2026-02-11,9.28,9.28,9.34,9.23,31943,30899142.00,1.18,-0.22,-0.02,0.74
2026-02-12,9.27,9.06,9.28,9.04,58467,55602794.00,2.59,-2.37,-0.22,1.35
2026-02-13,9.06,8.98,9.10,8.97,39025,36797380.00,1.43,-0.88,-0.08,0.90
2026-02-24,9.01,9.06,9.07,9.01,36125,34082621.00,0.67,0.89,0.08,0.83
2026-02-25,9.08,9.21,9.34,9.07,73133,70458398.00,2.98,1.66,0.15,1.68
2026-02-26,9.19,9.09,9.25,9.05,52380,49726842.00,2.17,-1.30,-0.12,1.21
2026-02-27,9.07,9.17,9.18,9.06,29089,27719357.00,1.32,0.88,0.08,0.67
2026-03-02,9.07,8.92,9.12,8.86,61100,57113803.00,2.84,-2.73,-0.25,1.41
2026-03-03,8.90,8.89,9.00,8.87,53505,49945428.00,1.46,-0.34,-0.03,1.23
2026-03-04,8.87,8.80,8.88,8.75,46911,43128926.00,1.46,-1.01,-0.09,1.08
2026-03-05,8.89,8.85,8.92,8.85,26203,24285373.00,0.80,0.57,0.05,0.60
2026-03-06,8.85,8.96,8.99,8.83,36717,34194164.00,1.81,1.24,0.11,0.85
2026-03-09,8.93,9.09,9.14,8.88,54972,51809971.00,2.90,1.45,0.13,1.27
2026-03-10,9.12,9.19,9.27,9.09,55695,53461706.00,1.98,1.10,0.10,1.28
2026-03-11,9.25,9.18,9.29,9.16,36143,34748152.00,1.41,-0.11,-0.01,0.83
2026-03-12,9.21,9.04,9.24,9.03,30489,28890002.00,2.29,-1.53,-0.14,0.70
2026-03-13,9.07,9.10,9.18,9.01,35796,34049002.00,1.88,0.66,0.06,0.82
2026-03-16,9.14,9.49,9.50,9.10,111552,108355087.00,4.40,4.29,0.39,2.57
2026-03-17,9.49,9.37,9.56,9.33,81763,80505643.00,2.42,-1.26,-0.12,1.88
2026-03-18,9.48,9.27,9.53,9.22,71108,68909907.00,3.31,-1.07,-0.10,1.64
2026-03-19,9.17,9.10,9.26,9.09,35350,33778504.00,1.83,-1.83,-0.17,0.81
2026-03-20,9.11,8.87,9.14,8.85,52002,48669749.00,3.19,-2.53,-0.23,1.20
2026-03-23,8.76,8.28,8.82,8.18,97211,86016442.00,7.22,-6.65,-0.59,2.24
2026-03-24,8.40,8.58,8.63,8.19,60926,53430729.00,5.31,3.62,0.30,1.40
2026-03-25,8.59,8.86,8.92,8.52,57767,52979439.00,4.66,3.26,0.28,1.33
2026-03-26,8.93,8.76,8.94,8.73,25799,23714762.00,2.37,-1.13,-0.10,0.59
2026-03-27,8.73,8.70,8.85,8.70,23115,21118173.00,1.71,-0.68,-0.06,0.53
2026-03-30,8.55,8.66,8.70,8.55,19507,17618690.00,1.72,-0.46,-0.04,0.45
2026-03-31,8.69,8.65,8.81,8.62,21043,19136434.00,2.19,-0.12,-0.01,0.48
2026-04-01,8.74,8.79,8.82,8.65,26144,23910099.00,1.97,1.62,0.14,0.60
2026-04-02,8.75,8.73,8.85,8.70,25232,23128609.00,1.71,-0.68,-0.06,0.58
2026-04-03,8.78,8.60,8.83,8.56,21509,19460780.00,3.09,-1.49,-0.13,0.50
2026-04-07,8.60,8.64,8.65,8.53,10604,9538899.00,1.40,0.47,0.04,0.24
2026-04-08,8.73,8.77,8.77,8.70,21789,19901668.00,0.81,1.50,0.13,0.50
2026-04-09,8.72,8.66,8.74,8.64,18442,16728149.00,1.14,-1.25,-0.11,0.42
2026-04-10,8.68,8.71,8.78,8.68,17518,15988094.00,1.15,0.58,0.05,0.40
2026-04-13,8.72,8.70,8.73,8.61,19934,18073872.00,1.38,-0.11,-0.01,0.46
2026-04-14,8.72,8.69,8.75,8.62,23324,21126913.00,1.49,-0.11,-0.01,0.54
2026-04-15,8.72,8.64,8.72,8.64,14462,13090250.00,0.92,-0.58,-0.05,0.33
2026-04-16,8.66,8.64,8.71,8.62,23697,21400379.00,1.04,0.00,0.00,0.55
2026-04-17,8.66,8.51,8.67,8.44,31190,27777726.00,2.66,-1.50,-0.13,0.72
2026-04-20,8.51,8.57,8.59,8.45,22222,19831810.00,1.65,0.71,0.06,0.51
2026-04-21,8.58,8.66,8.67,8.55,19910,17938941.00,1.40,1.05,0.09,0.46
2026-04-22,8.61,8.55,8.65,8.54,13269,11891377.00,1.27,-1.27,-0.11,0.31
2026-04-23,8.52,8.60,8.61,8.51,18941,16968760.00,1.17,0.58,0.05,0.44
2026-04-24,8.55,8.51,8.60,8.45,21140,18800128.00,1.74,-1.05,-0.09,0.49
2026-04-27,8.53,8.43,8.53,8.31,28299,24921803.00,2.59,-0.94,-0.08,0.65
2026-04-28,8.46,8.33,8.47,8.27,31242,27256251.00,2.37,-1.19,-0.10,0.72
2026-04-29,8.30,8.52,8.55,8.28,31112,27647250.00,3.24,2.28,0.19,0.72
2026-04-30,8.31,8.35,8.44,8.15,57507,49988054.00,3.40,-2.00,-0.17,1.32
2026-05-06,8.35,8.22,8.35,8.21,35961,31134877.00,1.68,-1.56,-0.13,0.83
2026-05-07,8.23,8.14,8.26,8.09,39478,33687029.00,2.07,-0.97,-0.08,0.91
2026-05-08,8.16,8.21,8.23,8.07,30124,25771286.00,1.97,0.86,0.07,0.69
2026-05-11,8.23,8.38,8.46,8.22,45655,39961709.00,2.92,2.07,0.17,1.05
2026-05-12,8.38,8.61,8.99,8.35,118372,107711004.00,7.64,2.74,0.23,2.73
2026-05-13,8.56,8.45,8.58,8.39,52010,45970576.00,2.21,-1.86,-0.16,1.20
2026-05-14,8.47,8.22,8.50,8.19,34133,29587339.00,3.67,-2.72,-0.23,0.79
2026-05-15,8.24,8.12,8.24,8.10,32355,27687784.00,1.70,-1.22,-0.10,0.74
2026-05-18,8.09,7.81,8.09,7.72,46260,38143589.00,4.56,-3.82,-0.31,1.07
2026-05-19,7.74,7.91,7.94,7.74,21533,17838436.00,2.56,1.28,0.10,0.50
2026-05-20,7.96,7.74,7.96,7.69,22024,17961956.00,3.41,-2.15,-0.17,0.51
2026-05-21,7.74,7.52,7.81,7.52,25917,20836170.00,3.75,-2.84,-0.22,0.60
2026-05-22,7.54,7.53,7.59,7.45,15278,12076827.00,1.86,0.13,0.01,0.35
2026-05-25,7.54,7.46,7.59,7.41,18346,14450878.00,2.39,-0.93,-0.07,0.42
2026-05-26,7.46,7.43,7.46,7.35,20790,16213612.00,1.47,-0.40,-0.03,0.48
2026-05-27,7.42,7.18,7.42,7.13,26721,20344865.00,3.90,-3.36,-0.25,0.62
2026-05-28,7.19,7.12,7.26,7.09,23910,18039327.00,2.37,-0.84,-0.06,0.55
2026-05-29,7.17,7.06,7.29,7.02,28853,21714125.00,3.79,-0.84,-0.06,0.66
2026-06-01,7.06,7.26,7.28,6.97,35224,26718172.00,4.39,2.83,0.20,0.81
2026-06-02,7.27,7.05,7.30,6.96,52467,39119120.00,4.68,-2.89,-0.21,1.21
2026-06-03,7.04,6.72,7.04,6.64,55841,39733589.00,5.67,-4.68,-0.33,1.29
2026-06-04,6.70,6.56,6.75,6.48,41984,29303386.00,4.02,-2.38,-0.16,0.97
2026-06-05,6.56,6.62,6.68,6.54,33031,23157396.00,2.13,0.91,0.06,0.76
2026-06-08,6.52,6.45,6.59,6.36,36735,25146364.00,3.47,-2.57,-0.17,0.85
2026-06-09,6.45,6.34,6.51,6.29,30115,20403854.00,3.41,-1.71,-0.11,0.69
2026-06-10,6.31,6.38,6.41,6.27,26056,17572801.00,2.21,0.63,0.04,0.60
2026-06-11,6.32,6.30,6.39,6.23,22511,15049904.00,2.51,-1.25,-0.08,0.52
2026-06-12,6.31,6.44,6.52,6.29,33021,22485155.00,3.65,2.22,0.14,0.76
2026-06-15,6.49,6.37,6.49,6.32,47352,32113270.00,2.64,-1.09,-0.07,1.09
2026-06-16,6.44,6.26,6.44,6.21,28359,18893388.00,3.61,-1.73,-0.11,0.65
2026-06-17,6.28,6.06,6.28,6.01,40115,25968113.00,4.31,-3.19,-0.20,0.92
2026-06-18,5.98,6.03,6.09,5.92,30374,19499142.00,2.81,-0.50,-0.03,0.70
2026-06-22,6.04,6.08,6.10,5.85,59372,37708225.00,4.15,0.83,0.05,1.37
2026-06-23,6.01,6.05,6.18,5.98,61323,37256312.00,3.29,-0.49,-0.03,1.41
2026-06-24,6.05,5.76,6.11,5.74,61859,36182009.00,6.12,-4.79,-0.29,1.42
2026-06-25,5.76,5.63,5.77,5.60,52932,30035360.00,2.95,-2.26,-0.13,1.22
2026-06-26,5.62,5.56,5.70,5.45,76733,42969934.00,4.44,-1.24,-0.07,1.77
2026-06-29,5.56,5.54,5.61,5.36,54375,29948742.00,4.50,-0.36,-0.02,1.25
2026-06-30,5.54,5.43,5.56,5.37,43516,23679379.00,3.43,-1.99,-0.11,1.00
2026-07-01,5.40,5.62,5.66,5.40,49594,27590483.00,4.79,3.50,0.19,1.14
2026-07-02,5.68,5.62,5.80,5.53,62658,35487770.00,4.80,0.00,0.00,1.44
2026-07-03,5.70,5.69,5.74,5.58,54558,30880558.00,2.85,1.25,0.07,1.26
2026-07-06,5.64,5.68,5.74,5.63,45198,25644283.00,1.93,-0.18,-0.01,1.04
2026-07-07,5.70,5.51,5.70,5.49,36632,20364624.00,3.70,-2.99,-0.17,0.84
2026-07-08,5.51,5.51,5.54,5.40,42064,23027350.00,2.54,0.00,0.00,0.97
2026-07-09,5.46,5.38,5.53,5.35,51957,28041589.00,3.27,-2.36,-0.13,1.20
2026-07-10,5.39,5.50,5.59,5.27,76123,41739280.00,5.95,2.23,0.12,1.75
2026-07-13,5.49,5.40,5.53,5.38,62616,33948486.00,2.73,-1.82,-0.10,1.44
2026-07-14,5.33,5.57,5.66,5.33,85615,47256035.00,6.11,3.15,0.17,1.97
2026-07-15,5.51,5.68,5.74,5.49,61369,34758033.00,4.49,1.97,0.11,1.41
2026-07-16,5.67,5.75,5.78,5.58,53358,30486749.00,3.52,1.23,0.07,1.23
2026-07-17,5.78,5.64,5.92,5.60,70382,40353457.00,5.57,-1.91,-0.11,1.62
2026-07-20,5.64,5.53,5.74,5.47,66527,37240226.00,4.79,-1.95,-0.11,1.53
2026-07-21,5.55,5.35,5.62,5.30,85236,46382667.00,5.79,-3.25,-0.18,1.96
2026-07-22,5.33,5.25,5.38,5.20,60501,31834879.00,3.36,-1.87,-0.10,1.39
2026-07-23,5.26,5.34,5.35,5.19,43048,22670516.00,3.05,1.71,0.09,0.99
2026-07-24,5.29,5.18,5.36,5.16,43625,22817774.00,3.75,-3.00,-0.16,1.00
2026-07-27,5.18,5.33,5.36,5.14,46966,24868200.00,4.25,2.90,0.15,1.08
2026-07-28,5.33,5.39,5.43,5.30,37227,20052366.00,2.44,1.13,0.06,0.86
2026-07-29,5.40,5.93,5.93,5.40,100092,57702950.00,9.83,10.02,0.54,2.30
2026-07-30,5.95,5.77,5.96,5.72,147324,85848000.00,4.05,-2.70,-0.16,3.39
2026-07-31,5.72,5.81,5.82,5.68,85167,49078075.00,2.43,0.69,0.04,1.96
2026-08-03,5.81,5.97,5.99,5.75,98109,58000346.00,4.13,2.75,0.16,2.26
2026-08-04,5.99,5.87,6.03,5.85,79357,46878359.00,3.02,-1.68,-0.10,1.83
2026-08-05,5.89,5.85,5.95,5.80,65004,38156013.00,2.56,-0.34,-0.02,1.50