2026-01-05,32.50,32.98,33.28,32.15,27107,90847592.00,3.50,2.07,0.67,1.07
2026-01-06,33.14,33.59,34.11,32.85,36172,124036954.00,3.82,1.85,0.61,1.43
2026-01-07,33.59,33.22,33.59,32.76,27240,92090254.00,2.47,-1.10,-0.37,1.08
2026-01-08,33.01,33.23,33.49,32.93,18648,63256289.00,1.69,0.03,0.01,0.74
2026-01-09,33.34,33.55,33.88,33.15,22419,76569410.00,2.20,0.96,0.32,0.89
2026-01-12,33.74,34.13,34.16,32.99,31353,107476979.00,3.49,1.73,0.58,1.24
2026-01-13,34.39,33.49,34.59,33.28,31187,107077165.00,3.84,-1.88,-0.64,1.23
2026-01-14,33.67,33.08,34.00,32.58,30981,105401193.00,4.24,-1.22,-0.41,1.23
2026-01-15,32.95,33.53,33.65,32.89,17793,60540303.00,2.30,1.36,0.45,0.70
2026-01-16,33.82,33.94,34.26,33.44,21555,74381771.00,2.45,1.22,0.41,0.85
2026-01-19,33.89,34.22,34.82,33.89,26319,92237610.00,2.74,0.82,0.28,1.04
2026-01-20,34.22,33.84,34.71,33.25,33101,114068115.00,4.27,-1.11,-0.38,1.31
2026-01-21,33.54,33.58,34.18,33.34,34910,119796702.00,2.48,-0.77,-0.26,1.38
2026-01-22,33.71,33.45,33.93,33.24,25394,86879101.00,2.05,-0.39,-0.13,1.01
2026-01-23,33.39,33.94,34.49,33.39,43380,150010236.00,3.29,1.46,0.49,1.72
2026-01-26,33.99,32.24,34.22,31.70,58542,193342887.00,7.42,-5.01,-1.70,2.32
2026-01-27,32.28,32.58,33.00,31.32,45039,147411916.00,5.21,1.05,0.34,1.78
2026-01-28,32.53,31.76,32.67,31.62,27880,90917749.00,3.22,-2.52,-0.82,1.10
2026-01-29,31.76,30.94,32.28,30.70,48546,155659490.00,4.97,-2.58,-0.82,1.92
2026-01-30,30.78,30.31,31.12,29.90,33605,104555185.00,3.94,-2.04,-0.63,1.33
2026-02-02,30.32,28.91,30.44,28.78,55132,165342765.00,5.48,-4.62,-1.40,2.18
2026-02-03,29.06,29.24,29.40,28.85,31749,94571051.00,1.90,1.14,0.33,1.26
2026-02-04,29.14,30.01,30.30,28.82,42055,127255931.00,5.06,2.63,0.77,1.67
2026-02-05,29.89,30.34,30.70,29.59,43807,135478465.00,3.70,1.10,0.33,1.73
2026-02-06,30.12,30.15,30.79,29.89,33442,103798231.00,2.97,-0.63,-0.19,1.32
2026-02-09,30.48,30.51,30.62,30.15,23023,71612671.00,1.56,1.19,0.36,0.91
2026-02-10,30.60,30.51,31.16,30.49,26298,82619313.00,2.20,0.00,0.00,1.04
2026-02-11,30.45,30.23,30.61,30.14,27095,83892312.00,1.54,-0.92,-0.28,1.07
2026-02-12,30.45,30.27,30.56,30.05,25147,78033126.00,1.69,0.13,0.04,1.00
2026-02-13,30.29,30.01,30.54,30.01,24191,74911571.00,1.75,-0.86,-0.26,0.96
2026-02-24,30.29,29.70,30.29,29.25,42238,128464444.00,3.47,-1.03,-0.31,1.67
2026-02-25,29.76,29.65,30.09,29.54,35860,108998735.00,1.85,-0.17,-0.05,1.42
2026-02-26,29.64,30.07,30.18,29.46,40133,122617526.00,2.43,1.42,0.42,1.59
2026-02-27,30.14,29.87,30.21,29.63,26205,80035014.00,1.93,-0.67,-0.20,1.04
2026-03-02,29.52,29.42,29.82,28.99,39000,117219614.00,2.78,-1.51,-0.45,1.54
2026-03-03,29.31,28.42,29.72,28.04,45491,133730820.00,5.71,-3.40,-1.00,1.80
2026-03-04,28.39,27.29,28.70,27.26,49488,140224310.00,5.07,-3.98,-1.13,1.96
2026-03-05,27.76,27.56,27.88,27.37,29060,82141724.00,1.87,0.99,0.27,1.15
2026-03-06,27.66,27.92,28.15,27.36,23560,67363886.00,2.87,1.31,0.36,0.93
2026-03-09,27.64,27.15,27.64,26.68,36530,101244477.00,3.44,-2.76,-0.77,1.45
2026-03-10,27.65,27.93,28.08,27.51,35347,100763879.00,2.10,2.87,0.78,1.40
2026-03-11,27.68,28.10,28.50,27.68,31070,89593343.00,2.94,0.61,0.17,1.23
2026-03-12,28.14,28.19,28.30,27.76,26669,76532644.00,1.92,0.32,0.09,1.06
2026-03-13,28.08,28.23,28.99,27.98,31563,91873859.00,3.58,0.14,0.04,1.25
2026-03-16,28.39,28.70,28.78,27.87,37119,107228633.00,3.22,1.66,0.47,1.47
2026-03-17,28.85,29.55,30.27,28.58,82262,249046989.00,5.89,2.96,0.85,3.26
2026-03-18,29.49,29.61,29.87,28.67,72520,216455186.00,4.06,0.20,0.06,2.87
2026-03-19,29.08,28.72,29.59,28.57,52303,155045831.00,3.44,-3.01,-0.89,2.07
2026-03-20,28.78,27.82,28.91,27.76,47511,137537524.00,4.00,-3.13,-0.90,1.88
2026-03-23,27.32,26.62,28.12,26.48,51712,143851966.00,5.90,-4.31,-1.20,2.05
2026-03-24,27.01,27.44,27.54,26.37,39887,109688430.00,4.40,3.08,0.82,1.58
2026-03-25,27.47,28.59,28.70,27.46,52521,151648908.00,4.52,4.19,1.15,2.08
2026-03-26,28.39,29.12,29.87,28.36,84112,253588739.00,5.28,1.85,0.53,3.33
2026-03-27,28.94,29.14,29.73,28.81,43310,129872372.00,3.16,0.07,0.02,1.71
2026-03-30,28.52,28.79,29.28,28.51,38542,113632003.00,2.64,-1.20,-0.35,1.53
2026-03-31,28.80,28.09,28.80,28.01,30435,88258463.00,2.74,-2.43,-0.70,1.21
2026-04-01,28.61,29.96,30.19,28.55,76563,231882290.00,5.84,6.66,1.87,3.03
2026-04-02,29.94,29.23,29.94,28.97,38991,116838311.00,3.24,-2.44,-0.73,1.54
2026-04-03,29.23,29.02,29.95,28.70,46918,140009897.00,4.28,-0.72,-0.21,1.86
2026-04-07,29.26,29.31,29.62,28.72,52229,155954813.00,3.10,1.00,0.29,2.07
2026-04-08,29.96,31.14,31.33,29.70,98599,307783193.00,5.56,6.24,1.83,3.90
2026-04-09,30.86,30.90,31.43,30.69,48919,155119944.00,2.38,-0.77,-0.24,1.94
2026-04-10,30.92,30.99,31.68,30.84,50313,160122466.00,2.72,0.29,0.09,1.99
2026-04-13,30.84,30.30,30.92,30.12,41999,130334782.00,2.58,-2.23,-0.69,1.66
2026-04-14,30.34,30.48,30.69,29.93,42411,130962854.00,2.51,0.59,0.18,1.68
2026-04-15,30.76,30.97,31.54,30.74,59319,188626738.00,2.62,1.61,0.49,2.35
2026-04-16,31.10,31.23,31.51,30.46,54380,172095223.00,3.39,0.84,0.26,2.15
2026-04-17,31.05,30.58,31.19,30.21,47365,147651330.00,3.14,-2.08,-0.65,1.88
2026-04-20,30.75,30.23,30.81,29.88,56598,174958743.00,3.04,-1.14,-0.35,2.24
2026-04-21,30.94,32.39,33.25,29.80,155336,503310376.00,11.41,7.15,2.16,6.15
2026-04-22,32.25,32.08,32.54,31.74,59454,194244978.00,2.47,-0.96,-0.31,2.35
2026-04-23,32.07,31.63,32.30,31.32,55209,178328529.00,3.05,-1.40,-0.45,2.19
2026-04-24,31.74,32.71,32.91,31.47,96804,319715297.00,4.55,3.41,1.08,3.83
2026-04-27,32.94,32.55,33.03,32.20,48321,160509868.00,2.54,-0.49,-0.16,1.91
2026-04-28,32.52,31.54,32.52,31.34,53339,173085682.00,3.63,-3.10,-1.01,2.11
2026-04-29,31.61,32.11,32.47,31.41,40155,131246102.00,3.36,1.81,0.57,1.59
2026-04-30,31.96,32.16,32.80,31.48,55599,182267270.00,4.11,0.16,0.05,2.20
2026-05-06,32.22,31.60,32.84,31.55,78874,258592336.00,4.01,-1.74,-0.56,3.12
2026-05-07,31.76,31.89,32.12,30.84,63118,203172461.00,4.05,0.92,0.29,2.50
2026-05-08,31.81,31.49,32.32,31.15,58756,189585808.00,3.67,-1.25,-0.40,2.33
2026-05-11,31.64,30.77,31.64,30.29,81171,254811600.00,4.29,-2.29,-0.72,3.21
2026-05-12,30.83,30.53,31.38,30.20,66045,206979305.00,3.83,-0.78,-0.24,2.62
2026-05-13,30.19,30.84,30.89,29.72,50518,156798744.00,3.83,1.02,0.31,2.00
2026-05-14,31.04,30.52,31.36,30.34,70559,221840360.00,3.31,-1.04,-0.32,2.79
2026-05-15,30.46,30.83,31.40,29.70,71876,224771668.00,5.57,1.02,0.31,2.85
2026-05-18,30.72,30.32,30.72,29.83,44839,138460076.00,2.89,-1.65,-0.51,1.78
2026-05-19,30.22,30.10,30.64,29.21,59724,182645310.00,4.72,-0.73,-0.22,2.36
2026-05-20,30.32,31.65,31.98,29.37,93050,292503414.00,8.67,5.15,1.55,3.68
2026-05-21,31.65,32.48,34.14,31.49,132765,447776957.00,8.37,2.62,0.83,5.26
2026-05-22,32.49,35.48,35.68,32.49,157619,554113447.00,9.82,9.24,3.00,6.24
2026-05-25,35.54,33.95,35.64,33.69,80347,280994878.00,5.50,-4.31,-1.53,3.18
2026-05-26,33.67,33.89,35.14,33.31,95633,332186941.00,5.39,-0.18,-0.06,3.79
2026-05-27,35.99,34.79,37.28,34.70,122307,446318113.00,7.61,2.66,0.90,4.84
2026-05-28,35.30,35.47,35.84,34.34,82277,294744376.00,4.31,1.95,0.68,3.26
2026-05-29,35.38,32.09,35.68,31.69,108783,365749593.00,11.25,-9.53,-3.38,4.31
2026-06-01,31.97,33.76,35.50,31.59,105104,359118024.00,12.18,5.20,1.67,4.16
2026-06-02,33.84,35.59,36.73,33.61,98454,355437180.00,9.24,5.42,1.83,3.90
2026-06-03,35.59,36.23,37.92,35.14,97787,366295175.00,7.81,1.80,0.64,3.87
2026-06-04,35.84,37.49,37.93,35.84,85167,322505271.00,5.77,3.48,1.26,3.37
2026-06-05,37.19,36.40,37.54,35.94,68705,257242336.00,4.27,-2.91,-1.09,2.72
2026-06-08,34.95,33.65,36.99,33.20,83541,288580884.00,10.41,-7.55,-2.75,3.31
2026-06-09,33.67,36.58,37.99,32.28,147991,527895964.00,16.97,8.71,2.93,5.86
2026-06-10,35.85,33.21,36.00,33.02,101721,347276627.00,8.15,-9.21,-3.37,4.03
2026-06-11,33.15,31.67,34.32,31.50,93769,304943253.00,8.49,-4.64,-1.54,3.71
2026-06-12,31.81,31.15,32.96,30.99,73651,234748325.00,6.22,-1.64,-0.52,2.92
2026-06-15,31.15,33.44,33.85,31.14,83118,270033918.00,8.70,7.35,2.29,3.29
2026-06-16,33.03,33.85,34.56,33.00,62398,210329392.00,4.67,1.23,0.41,2.47
2026-06-17,33.47,33.45,34.05,33.20,55013,184565963.00,2.51,-1.18,-0.40,2.18
2026-06-18,33.45,31.72,33.45,31.50,91210,291939626.00,5.83,-5.17,-1.73,3.61
2026-06-22,31.91,30.45,31.91,29.33,91325,275071444.00,8.13,-4.00,-1.27,3.62
2026-06-23,30.00,29.52,30.62,29.12,71138,211710802.00,4.93,-3.05,-0.93,2.82
2026-06-24,29.60,29.43,29.88,28.59,61770,180802500.00,4.37,-0.30,-0.09,2.45
2026-06-25,29.24,28.67,29.51,28.38,50645,145548645.00,3.84,-2.58,-0.76,2.01
2026-06-26,28.88,28.25,28.88,27.54,45179,126991761.00,4.67,-1.46,-0.42,1.79
2026-06-29,28.53,28.74,29.12,28.22,46612,133636543.00,3.19,1.73,0.49,1.85
2026-06-30,28.58,29.59,29.84,28.40,53733,156577770.00,5.01,2.96,0.85,2.13