2026-01-05,3.99,4.03,4.08,3.95,1481180,594828463.00,3.26,1.00,0.04,2.16
2026-01-06,4.03,4.06,4.07,3.96,1593858,642273647.00,2.73,0.74,0.03,2.32
2026-01-07,4.09,4.47,4.47,4.05,1818423,785112757.00,10.34,10.10,0.41,2.65
2026-01-08,4.92,4.92,4.92,4.88,961042,472820498.00,0.89,10.07,0.45,1.40
2026-01-09,5.41,5.41,5.41,5.06,5017220,2689394848.00,7.11,9.96,0.49,7.32
2026-01-12,5.70,5.95,5.95,5.55,3820799,2238113481.00,7.39,9.98,0.54,5.57
2026-01-13,6.28,6.00,6.43,5.48,8977332,5446759424.00,15.97,0.84,0.05,13.09
2026-01-14,5.71,6.60,6.60,5.70,8578926,5460091013.00,15.00,10.00,0.60,12.51
2026-01-15,6.44,5.94,6.45,5.94,2782945,1676925755.00,7.73,-10.00,-0.66,4.06
2026-01-16,5.35,5.35,5.65,5.35,3428079,1857998190.00,5.05,-9.93,-0.59,5.00
2026-01-19,4.83,5.14,5.20,4.83,3986275,2031163314.00,6.92,-3.93,-0.21,5.81
2026-01-20,5.18,4.96,5.24,4.89,2783614,1390467303.00,6.81,-3.50,-0.18,4.06
2026-01-21,4.93,4.95,5.05,4.86,1842565,916163718.00,3.83,-0.20,-0.01,2.69
2026-01-22,5.03,5.45,5.45,5.02,2142994,1138200963.00,8.69,10.10,0.50,3.12
2026-01-23,5.78,5.87,5.99,5.65,5079299,2945797614.00,6.24,7.71,0.42,7.41
2026-01-26,6.00,5.65,6.17,5.58,4109736,2394255190.00,10.05,-3.75,-0.22,5.99
2026-01-27,5.60,5.55,5.78,5.41,2362592,1310263827.00,6.55,-1.77,-0.10,3.45
2026-01-28,5.57,5.42,5.62,5.34,1933974,1045575430.00,5.05,-2.34,-0.13,2.82
2026-01-29,5.37,5.31,5.54,5.30,1922713,1037775513.00,4.43,-2.03,-0.11,2.80
2026-01-30,5.25,5.12,5.34,5.03,1633859,838392169.00,5.84,-3.58,-0.19,2.38
2026-02-02,5.12,5.03,5.24,5.03,1383112,707590869.00,4.10,-1.76,-0.09,2.02
2026-02-03,5.10,5.24,5.28,5.05,1892473,983785893.00,4.57,4.17,0.21,2.76
2026-02-04,5.25,5.29,5.31,5.16,1519984,796874831.00,2.86,0.95,0.05,2.22
2026-02-05,5.20,5.13,5.24,5.09,1018366,523974878.00,2.84,-3.02,-0.16,1.48
2026-02-06,5.05,5.07,5.17,5.03,974666,496054131.00,2.73,-1.17,-0.06,1.42
2026-02-09,5.15,5.13,5.19,5.09,881038,451436932.00,1.97,1.18,0.06,1.28
2026-02-10,5.10,5.02,5.13,4.97,903678,454236663.00,3.12,-2.14,-0.11,1.32
2026-02-11,5.01,4.98,5.04,4.98,744175,372422892.00,1.20,-0.80,-0.04,1.09
2026-02-12,4.99,5.02,5.05,4.93,699474,349949187.00,2.41,0.80,0.04,1.02
2026-02-13,5.01,4.94,5.03,4.93,722841,359495734.00,1.99,-1.59,-0.08,1.05
2026-02-24,5.01,5.04,5.12,5.01,1000546,507004029.00,2.23,2.02,0.10,1.46
2026-02-25,5.05,5.14,5.16,5.02,1062898,544714804.00,2.78,1.98,0.10,1.55
2026-02-26,5.14,5.12,5.18,5.06,779921,398189237.00,2.33,-0.39,-0.02,1.14
2026-02-27,5.11,5.15,5.19,5.06,873888,450020594.00,2.54,0.59,0.03,1.27
2026-03-02,5.11,5.17,5.33,5.09,1616839,838536508.00,4.66,0.39,0.02,2.36
2026-03-03,5.17,4.70,5.19,4.69,2143046,1045269489.00,9.67,-9.09,-0.47,3.12
2026-03-04,4.57,4.74,4.88,4.56,1135531,541574503.00,6.81,0.85,0.04,1.66
2026-03-05,4.82,4.94,5.04,4.81,1361518,669846264.00,4.85,4.22,0.20,1.99
2026-03-06,4.92,4.91,5.00,4.82,839367,412184044.00,3.64,-0.61,-0.03,1.22
2026-03-09,4.83,4.89,4.91,4.76,802780,387566861.00,3.05,-0.41,-0.02,1.17
2026-03-10,4.93,4.92,5.02,4.88,775059,383148338.00,2.86,0.61,0.03,1.13
2026-03-11,4.93,4.85,4.95,4.81,742334,360113449.00,2.85,-1.42,-0.07,1.08
2026-03-12,4.81,4.73,4.83,4.65,979854,462618930.00,3.71,-2.47,-0.12,1.43
2026-03-13,4.68,4.74,4.86,4.65,921520,438448450.00,4.44,0.21,0.01,1.34
2026-03-16,4.75,4.65,4.78,4.54,938939,433595039.00,5.06,-1.90,-0.09,1.37
2026-03-17,4.65,4.56,4.68,4.56,583062,269295370.00,2.58,-1.94,-0.09,0.85
2026-03-18,4.57,4.58,4.60,4.48,638940,290397547.00,2.63,0.44,0.02,0.93
2026-03-19,4.53,4.46,4.55,4.43,707686,316509842.00,2.62,-2.62,-0.12,1.03
2026-03-20,4.45,4.32,4.50,4.31,734790,321435197.00,4.26,-3.14,-0.14,1.07
2026-03-23,4.25,4.15,4.32,4.10,960646,404161188.00,5.09,-3.94,-0.17,1.40
2026-03-24,4.23,4.27,4.27,4.15,699870,294236877.00,2.89,2.89,0.12,1.02
2026-03-25,4.27,4.33,4.38,4.27,618050,267394746.00,2.58,1.41,0.06,0.90
2026-03-26,4.33,4.26,4.36,4.23,472312,201908347.00,3.00,-1.62,-0.07,0.69
2026-03-27,4.22,4.27,4.32,4.19,437164,186759382.00,3.05,0.23,0.01,0.64
2026-03-30,4.20,4.32,4.35,4.20,450483,192776234.00,3.51,1.17,0.05,0.66
2026-03-31,4.32,4.33,4.45,4.32,641250,280583063.00,3.01,0.23,0.01,0.94
2026-04-01,4.38,4.34,4.40,4.28,468599,202568033.00,2.77,0.23,0.01,0.68
2026-04-02,4.34,4.24,4.34,4.21,435761,185474359.00,3.00,-2.30,-0.10,0.64
2026-04-03,4.25,4.17,4.27,4.16,385107,161217171.00,2.59,-1.65,-0.07,0.56
2026-04-07,4.18,4.17,4.23,4.16,331083,138725953.00,1.68,0.00,0.00,0.48
2026-04-08,4.24,4.36,4.36,4.24,747678,323069398.00,2.88,4.56,0.19,1.09
2026-04-09,4.30,4.23,4.33,4.23,501275,213693749.00,2.29,-2.98,-0.13,0.73
2026-04-10,4.27,4.22,4.33,4.21,445965,190351951.00,2.84,-0.24,-0.01,0.65
2026-04-13,4.19,4.18,4.24,4.17,410533,172522116.00,1.66,-0.95,-0.04,0.60
2026-04-14,4.20,4.22,4.23,4.14,522212,218201713.00,2.15,0.96,0.04,0.76
2026-04-15,4.24,4.15,4.30,4.13,723023,303719361.00,4.03,-1.66,-0.07,1.05
2026-04-16,4.16,4.19,4.20,4.13,505144,210565915.00,1.69,0.96,0.04,0.74
2026-04-17,4.18,4.22,4.24,4.13,509200,213145613.00,2.63,0.72,0.03,0.74
2026-04-20,4.20,4.30,4.33,4.18,799188,341219394.00,3.55,1.90,0.08,1.17
2026-04-21,4.30,4.27,4.31,4.23,516201,220121223.00,1.86,-0.70,-0.03,0.75
2026-04-22,4.25,4.27,4.29,4.17,501738,211798487.00,2.81,0.00,0.00,0.73
2026-04-23,4.26,4.19,4.34,4.14,633509,265789953.00,4.68,-1.87,-0.08,0.92
2026-04-24,4.15,4.11,4.22,4.09,630928,260848287.00,3.10,-1.91,-0.08,0.92
2026-04-27,4.12,4.18,4.19,4.10,536351,222664859.00,2.19,1.70,0.07,0.78
2026-04-28,4.15,4.11,4.19,4.05,691045,283776362.00,3.35,-1.67,-0.07,1.01
2026-04-29,4.09,4.13,4.15,4.08,437575,180626091.00,1.70,0.49,0.02,0.64
2026-04-30,4.16,4.54,4.54,4.08,1648512,716989599.00,11.14,9.93,0.41,2.40
2026-05-06,4.69,4.54,4.69,4.46,2312189,1051590873.00,5.07,0.00,0.00,3.37
2026-05-07,4.54,4.58,4.62,4.51,1290401,588842741.00,2.42,0.88,0.04,1.88
2026-05-08,4.55,4.63,4.66,4.50,1256695,577721354.00,3.49,1.09,0.05,1.83
2026-05-11,4.64,4.68,4.74,4.61,1468950,688195240.00,2.81,1.08,0.05,2.14
2026-05-12,4.65,4.57,4.72,4.55,1221768,562689595.00,3.63,-2.35,-0.11,1.78
2026-05-13,4.59,4.62,4.66,4.55,979154,450966633.00,2.41,1.09,0.05,1.43
2026-05-14,4.62,4.37,4.65,4.36,1168365,522209215.00,6.28,-5.41,-0.25,1.70
2026-05-15,4.36,4.28,4.41,4.20,859729,369246198.00,4.81,-2.06,-0.09,1.25
2026-05-18,4.26,4.23,4.32,4.18,796227,338555625.00,3.27,-1.17,-0.05,1.16
2026-05-19,4.22,4.16,4.24,4.09,795917,329745778.00,3.55,-1.65,-0.07,1.16
2026-05-20,4.13,3.94,4.14,3.92,1205575,480954514.00,5.29,-5.29,-0.22,1.76
2026-05-21,3.96,3.89,4.09,3.87,1140773,454062703.00,5.58,-1.27,-0.05,1.66
2026-05-22,3.90,3.95,3.97,3.83,655497,256740943.00,3.60,1.54,0.06,0.96
2026-05-25,3.93,3.98,4.00,3.92,540295,214159336.00,2.03,0.76,0.03,0.79
2026-05-26,3.95,3.90,3.96,3.82,653200,252779743.00,3.52,-2.01,-0.08,0.95
2026-05-27,3.88,3.77,3.92,3.74,653212,248493657.00,4.62,-3.33,-0.13,0.95
2026-05-28,3.76,3.85,3.89,3.74,670520,257848805.00,3.98,2.12,0.08,0.98
2026-05-29,3.85,3.73,3.87,3.71,647296,245147706.00,4.16,-3.12,-0.12,0.94
2026-06-01,3.72,3.76,3.79,3.69,572644,214571585.00,2.68,0.80,0.03,0.84
2026-06-02,3.76,3.69,3.77,3.60,650494,238814144.00,4.52,-1.86,-0.07,0.95
2026-06-03,3.67,3.72,3.76,3.65,599950,222988349.00,2.98,0.81,0.03,0.87
2026-06-04,3.69,3.68,3.72,3.64,459234,168627831.00,2.15,-1.08,-0.04,0.67
2026-06-05,3.67,3.70,3.74,3.62,611940,225859770.00,3.26,0.54,0.02,0.89
2026-06-08,3.63,3.54,3.68,3.49,689763,246755574.00,5.14,-4.32,-0.16,1.01
2026-06-09,3.55,3.54,3.57,3.50,515861,182289575.00,1.98,0.00,0.00,0.75
2026-06-10,3.51,3.46,3.57,3.41,590301,204460454.00,4.52,-2.26,-0.08,0.86
2026-06-11,3.43,3.42,3.47,3.38,493640,168746329.00,2.60,-1.16,-0.04,0.72
2026-06-12,3.45,3.51,3.57,3.44,696974,245183276.00,3.80,2.63,0.09,1.02
2026-06-15,3.53,3.58,3.64,3.51,587859,210278944.00,3.70,1.99,0.07,0.86
2026-06-16,3.59,3.59,3.63,3.52,522065,186953654.00,3.07,0.28,0.01,0.76
2026-06-17,3.59,3.52,3.61,3.48,498886,176050346.00,3.62,-1.95,-0.07,0.73
2026-06-18,3.51,3.49,3.55,3.45,478652,167597374.00,2.84,-0.85,-0.03,0.70
2026-06-22,3.46,3.52,3.52,3.36,714529,245392294.00,4.58,0.86,0.03,1.04
2026-06-23,3.55,3.43,3.64,3.41,780572,274469140.00,6.53,-2.56,-0.09,1.14
2026-06-24,3.42,3.37,3.44,3.30,651569,218437563.00,4.08,-1.75,-0.06,0.95
2026-06-25,3.33,3.35,3.41,3.32,528383,177374525.00,2.67,-0.59,-0.02,0.77
2026-06-26,3.34,3.29,3.36,3.27,562579,186169093.00,2.69,-1.79,-0.06,0.82
2026-06-29,3.28,3.28,3.41,3.24,773607,255938536.00,5.17,-0.30,-0.01,1.13
2026-06-30,3.27,3.30,3.34,3.24,621930,205293848.00,3.05,0.61,0.02,0.91
2026-07-01,3.36,3.31,3.50,3.29,829595,278897288.00,6.36,0.30,0.01,1.21
2026-07-02,3.31,3.20,3.36,3.19,819219,267152076.00,5.14,-3.32,-0.11,1.19
2026-07-03,3.20,3.30,3.33,3.20,878639,288043572.00,4.06,3.13,0.10,1.28
2026-07-06,3.30,3.13,3.31,3.13,885570,282280863.00,5.45,-5.15,-0.17,1.29
2026-07-07,3.13,3.04,3.16,3.04,607112,187486011.00,3.83,-2.88,-0.09,0.89
2026-07-08,3.05,2.98,3.06,2.97,647664,194378801.00,2.96,-1.97,-0.06,0.94
2026-07-09,2.97,3.00,3.01,2.88,814457,240273024.00,4.36,0.67,0.02,1.19
2026-07-10,3.00,3.06,3.16,2.95,944965,289571084.00,7.00,2.00,0.06,1.38
2026-07-13,3.06,2.89,3.08,2.87,1001006,293198529.00,6.86,-5.56,-0.17,1.46
2026-07-14,2.88,2.89,2.90,2.80,612345,174470266.00,3.46,0.00,0.00,0.89
2026-07-15,2.89,2.92,2.98,2.86,659463,193076369.00,4.15,1.04,0.03,0.96
2026-07-16,2.91,2.88,2.94,2.86,599838,173654163.00,2.74,-1.37,-0.04,0.87
2026-07-17,2.88,2.79,2.91,2.77,795975,225527072.00,4.86,-3.13,-0.09,1.16
2026-07-20,2.82,2.82,2.88,2.78,755425,214273000.00,3.58,1.08,0.03,1.10
2026-07-21,2.82,2.89,2.90,2.80,854459,244426288.00,3.55,2.48,0.07,1.25
2026-07-22,2.87,2.88,2.93,2.85,520577,150374563.00,2.77,-0.35,-0.01,0.76
2026-07-23,2.88,3.03,3.03,2.88,814894,241937396.00,5.21,5.21,0.15,1.19
2026-07-24,3.00,2.91,3.02,2.91,666834,197020150.00,3.63,-3.96,-0.12,0.97
2026-07-27,2.91,2.98,2.99,2.89,653462,193015376.00,3.44,2.41,0.07,0.95
2026-07-28,2.94,2.96,3.01,2.94,708980,210375809.00,2.35,-0.67,-0.02,1.03
2026-07-29,2.96,3.04,3.05,2.93,737896,221914610.00,4.05,2.70,0.08,1.08
2026-07-30,3.04,3.06,3.11,3.00,731854,223723411.00,3.62,0.66,0.02,1.07
2026-07-31,3.07,3.09,3.11,3.05,662346,203844751.00,1.96,0.98,0.03,0.97
2026-08-03,3.19,3.28,3.30,3.12,1346340,435027693.00,5.83,6.15,0.19,1.96
2026-08-04,3.28,3.24,3.34,3.22,907029,295984933.00,3.66,-1.22,-0.04,1.32
2026-08-05,3.23,3.24,3.27,3.19,786446,253407469.00,2.47,0.00,0.00,1.15