2026-01-05,11673.27,11711.85,11741.84,11672.23,8440825,7305282386.00,0.60,0.54,62.43,0.76
2026-01-06,11724.87,11909.73,11913.09,11722.68,11029602,9657010569.00,1.63,1.69,197.88,0.99
2026-01-07,12027.37,12369.83,12370.65,11915.36,23970829,18671987128.00,3.82,3.86,460.10,2.15
2026-01-08,12441.18,12332.16,12488.63,12274.17,20076202,15848505495.00,1.73,-0.30,-37.67,1.80
2026-01-09,12235.74,12365.15,12389.02,12200.64,14151004,11446258646.00,1.53,0.27,32.99,1.27
2026-01-12,12363.76,12340.85,12420.29,12260.59,13606767,10656837818.00,1.29,-0.20,-24.30,1.22
2026-01-13,12330.24,12193.41,12331.23,12161.04,12023532,9630111056.00,1.38,-1.19,-147.44,1.08
2026-01-14,12166.07,12104.93,12238.92,12004.08,12541751,10320326744.00,1.93,-0.73,-88.48,1.12
2026-01-15,12056.64,12060.40,12150.55,12008.99,9454418,7650963364.00,1.17,-0.37,-44.53,0.85
2026-01-16,12067.84,11938.03,12118.03,11893.51,12114863,9854585615.00,1.86,-1.01,-122.37,1.08
2026-01-19,11951.21,12143.10,12145.02,11948.76,11793557,9447302901.00,1.64,1.72,205.07,1.06
2026-01-20,12134.56,12267.04,12268.65,12056.27,13512903,10503020332.00,1.75,1.02,123.94,1.21
2026-01-21,12199.39,12095.86,12199.39,12002.06,11413274,9800900848.00,1.61,-1.40,-171.18,1.02
2026-01-22,12097.35,12391.24,12405.26,12086.71,14992892,12013548211.00,2.63,2.44,295.38,1.34
2026-01-23,12375.86,12360.67,12382.55,12301.04,12168164,10293478841.00,0.66,-0.25,-30.57,1.09
2026-01-26,12329.31,12489.17,12504.17,12294.38,14999242,14940591100.00,1.70,1.04,128.50,1.34
2026-01-27,12440.57,12177.23,12492.23,12117.41,12822228,11292962161.00,3.00,-2.50,-311.94,1.15
2026-01-28,12205.51,12711.00,12786.00,12188.86,24684149,22186432593.00,4.90,4.38,533.77,2.21
2026-01-29,12691.17,12793.56,12930.80,12642.71,24057882,19996521118.00,2.27,0.65,82.56,2.15
2026-01-30,12856.86,12883.88,13321.35,12771.36,28143773,22284857608.00,4.30,0.71,90.32,2.52
2026-02-02,12606.65,12099.18,12617.33,12087.97,23647538,18844787660.00,4.11,-6.09,-784.70,2.12
2026-02-03,12193.39,12210.86,12294.32,12072.15,13151655,10663917078.00,1.84,0.92,111.68,1.18
2026-02-04,12258.12,13145.67,13155.69,12258.12,30627162,27515028269.00,7.35,7.66,934.81,2.74
2026-02-05,12969.11,12819.04,12974.77,12747.98,25030669,21007906359.00,1.73,-2.48,-326.63,2.24
2026-02-06,12694.08,12759.40,12881.73,12573.29,17975901,14352049415.00,2.41,-0.47,-59.64,1.61
2026-02-09,12780.26,12872.70,12940.72,12780.26,15526379,12562186540.00,1.26,0.89,113.30,1.39
2026-02-10,12867.46,12931.04,12997.98,12687.06,14785065,12201760465.00,2.42,0.45,58.34,1.32
2026-02-11,12884.89,13063.94,13139.23,12753.74,16052939,13274720810.00,2.98,1.03,132.90,1.44
2026-02-12,13056.71,13008.19,13167.47,12930.95,14601509,12753932573.00,1.81,-0.43,-55.75,1.31
2026-02-13,12967.87,12791.62,13040.52,12786.94,19387860,12719506032.00,1.95,-1.66,-216.57,1.74
2026-02-24,12914.09,13247.84,13289.67,12914.09,25674866,14755932952.00,2.94,3.57,456.22,2.30
2026-02-25,13223.98,13329.27,13541.07,13206.32,30453872,15463125993.00,2.53,0.61,81.43,2.73
2026-02-26,13330.87,13209.55,13465.13,13164.74,22704562,11476068755.00,2.25,-0.90,-119.72,2.03
2026-02-27,13200.01,13638.58,13670.41,13171.90,53019453,20966324184.00,3.77,3.25,429.03,4.75
2026-03-02,13891.06,13900.59,13997.50,13654.64,63142785,34166446531.00,2.51,1.92,262.01,5.65
2026-03-03,13976.80,14285.74,14578.28,13762.16,65356396,41601061733.00,5.87,2.77,385.15,5.85
2026-03-04,14064.75,13969.84,14064.75,13633.81,44101587,28587845908.00,3.02,-2.21,-315.90,3.95
2026-03-05,13830.72,13883.04,13985.17,13568.86,36595705,22726376295.00,2.98,-0.62,-86.80,3.28
2026-03-06,13740.82,13773.94,13828.88,13480.48,16215817,14704613566.00,2.51,-0.79,-109.10,1.45
2026-03-09,14380.29,14072.88,14516.11,14033.57,34051324,34673108796.00,3.50,2.17,298.94,3.05
2026-03-10,13613.96,13671.25,13907.63,13613.96,22729841,20733592761.00,2.09,-2.85,-401.63,2.04
2026-03-11,13649.81,13916.38,13945.24,13467.13,19662162,17948286726.00,3.50,1.79,245.13,1.76
2026-03-12,14067.80,14485.01,14577.96,13923.89,29975522,28169871343.00,4.70,4.09,568.63,2.68
2026-03-13,14586.47,14471.76,14796.90,14433.87,26920216,23966571074.00,2.51,-0.09,-13.25,2.41
2026-03-16,14544.70,14083.89,14652.53,14038.00,23313130,19403854282.00,4.25,-2.68,-387.87,2.09
2026-03-17,14010.34,13900.54,14280.47,13863.50,21024363,17716765180.00,2.96,-1.30,-183.35,1.88
2026-03-18,13857.79,13732.16,14123.40,13586.62,19336840,15371132378.00,3.86,-1.21,-168.38,1.73
2026-03-19,13966.50,13866.83,14085.09,13825.71,22113040,20358938551.00,1.89,0.98,134.67,1.98
2026-03-20,13674.97,13796.72,13984.44,13591.29,22738759,18988926289.00,2.84,-0.51,-70.11,2.04
2026-03-23,14052.31,13963.55,14291.03,13890.10,32621108,29299138598.00,2.91,1.21,166.83,2.92
2026-03-24,13798.09,14073.23,14077.98,13758.19,24518574,20271746474.00,2.29,0.79,109.68,2.20
2026-03-25,13855.77,14075.06,14147.16,13568.61,26543530,22983884032.00,4.11,0.01,1.83,2.38
2026-03-26,14032.50,14102.70,14202.33,13831.40,24912793,19642325028.00,2.64,0.20,27.64,2.23
2026-03-27,13915.98,14019.98,14158.21,13896.82,18730318,14379591556.00,1.85,-0.59,-82.72,1.68
2026-03-30,14103.09,13937.97,14314.01,13797.13,20799155,16711039723.00,3.69,-0.58,-82.01,1.86
2026-03-31,13796.41,13257.93,13907.76,13253.30,23055834,18159504367.00,4.70,-4.88,-680.04,2.06
2026-04-01,13219.97,13186.35,13340.79,13036.81,16872862,14157377890.00,2.29,-0.54,-71.58,1.51
2026-04-02,13191.03,13255.43,13397.51,13168.93,12418870,10756797055.00,1.73,0.52,69.08,1.11
2026-04-03,13217.07,12739.30,13217.07,12697.14,12367986,9107536514.00,3.92,-3.89,-516.13,1.11
2026-04-07,12768.63,13082.89,13093.07,12642.29,11490315,10183668498.00,3.54,2.70,343.59,1.03
2026-04-08,12780.66,12982.17,12984.41,12725.32,14944000,15075361989.00,1.98,-0.77,-100.72,1.34
2026-04-09,12944.88,12876.75,13029.57,12839.09,9606201,8903510120.00,1.47,-0.81,-105.42,0.86
2026-04-10,12850.68,12882.61,12992.69,12802.92,9014243,8799069513.00,1.47,0.05,5.86,0.81
2026-04-13,12987.16,12993.52,13088.98,12867.15,10400612,9536708114.00,1.72,0.86,110.91,0.93
2026-04-14,12934.85,12868.35,12970.41,12760.24,9069861,8865811048.00,1.62,-0.96,-125.17,0.81
2026-04-15,12830.13,12824.62,12878.91,12651.09,9357036,9644360809.00,1.77,-0.34,-43.73,0.84
2026-04-16,12819.59,12938.73,12947.53,12797.72,8086718,8450286502.00,1.17,0.89,114.11,0.72
2026-04-17,12983.51,12760.72,12984.47,12729.61,10905117,8389058676.00,1.97,-1.38,-178.01,0.98
2026-04-20,12761.22,12806.69,12823.94,12671.23,10914343,9664025656.00,1.20,0.36,45.97,0.98
2026-04-21,12777.78,13040.97,13061.41,12775.43,13463314,11641199571.00,2.23,1.83,234.28,1.21
2026-04-22,13032.50,13060.45,13152.29,12990.78,10964615,10319729448.00,1.24,0.15,19.48,0.98
2026-04-23,13032.20,13344.64,13378.00,13032.20,14977630,14361218623.00,2.65,2.18,284.19,1.34
2026-04-24,13315.69,13307.08,13506.97,13228.04,13949566,12412833635.00,2.09,-0.28,-37.56,1.25
2026-04-27,13180.36,13430.75,13459.19,13122.83,13905643,13189792976.00,2.53,0.93,123.67,1.25
2026-04-28,13334.58,13772.44,13813.60,13334.58,14958891,15032196917.00,3.57,2.54,341.69,1.34
2026-04-29,13684.65,13943.64,14004.15,13656.25,16519931,16464131753.00,2.53,1.24,171.20,1.48
2026-04-30,13935.98,13934.02,14046.19,13806.34,13425025,13170528754.00,1.72,-0.07,-9.62,1.20
2026-05-06,13866.04,14040.88,14047.76,13742.73,14648306,14733008916.00,2.19,0.77,106.86,1.31
2026-05-07,13907.15,13449.93,13907.52,13425.20,17277821,17388091046.00,3.44,-4.21,-590.95,1.55
2026-05-08,13492.95,13378.51,13566.96,13339.10,11215538,10809439434.00,1.69,-0.53,-71.42,1.00
2026-05-11,13423.45,13434.05,13608.51,13349.04,12689660,12570329416.00,1.94,0.42,55.54,1.14
2026-05-12,13409.01,13279.63,13509.76,13243.94,11495530,10191940689.00,1.98,-1.15,-154.42,1.03
2026-05-13,13262.06,13313.37,13424.71,13219.37,11506143,10699224073.00,1.55,0.25,33.74,1.03
2026-05-14,13325.81,13125.09,13408.78,13125.09,12998689,10907996786.00,2.13,-1.41,-188.28,1.16
2026-05-15,13114.89,13156.58,13354.98,12971.25,12969905,13161172226.00,2.92,0.24,31.49,1.16
2026-05-18,13188.74,13434.86,13440.26,13127.38,12688403,13217624209.00,2.38,2.12,278.28,1.14
2026-05-19,13380.62,13508.70,13557.39,13355.41,11221402,10476917761.00,1.50,0.55,73.84,1.00
2026-05-20,13481.97,13234.68,13566.25,13193.73,11323811,9980955146.00,2.76,-2.03,-274.02,1.01
2026-05-21,13160.08,12806.03,13219.85,12791.23,12233683,10674123913.00,3.24,-3.24,-428.65,1.10
2026-05-22,12799.69,12785.05,12841.45,12640.51,9696870,9197760687.00,1.57,-0.16,-20.98,0.87
2026-05-25,13288.93,13175.88,13471.78,13112.56,17229506,17032161143.00,2.81,3.06,390.83,1.54
2026-05-26,13029.83,12962.46,13193.74,12873.85,14493696,12694840676.00,2.43,-1.62,-213.42,1.30
2026-05-27,12916.97,13049.66,13204.79,12776.12,14180822,13217297182.00,3.31,0.67,87.20,1.27
2026-05-28,13023.60,13267.25,13481.52,13012.07,16705718,15066988079.00,3.60,1.67,217.59,1.50
2026-05-29,13252.87,13529.16,13672.54,13250.95,18337950,17728312702.00,3.18,1.97,261.91,1.64
2026-06-01,13564.05,14398.05,14402.71,13446.33,28754643,27975725652.00,7.07,6.42,868.89,2.57
2026-06-02,14488.12,14363.00,14810.72,14281.59,29191137,29581065315.00,3.68,-0.24,-35.05,2.61
2026-06-03,14212.93,14791.47,14885.79,14072.50,28444147,27140508273.00,5.66,2.98,428.47,2.55
2026-06-04,14748.90,15087.87,15361.49,14621.40,30608496,29667755354.00,5.00,2.00,296.40,2.74
2026-06-05,14965.55,14899.24,15238.73,14858.75,28205761,25309751104.00,2.52,-1.25,-188.63,2.53
2026-06-08,14670.72,14682.92,15142.46,14541.25,25424360,24633431527.00,4.04,-1.45,-216.32,2.28
2026-06-09,14395.58,14255.46,14441.32,14048.96,23051333,21132171049.00,2.67,-2.91,-427.46,2.06
2026-06-10,14149.25,13656.32,14165.74,13557.29,20276758,18538495335.00,4.27,-4.20,-599.14,1.82
2026-06-11,13705.38,13672.74,13983.02,13595.16,18370180,16029773285.00,2.84,0.12,16.42,1.64
2026-06-12,13516.74,13840.37,14048.59,13455.02,22249137,21809846935.00,4.34,1.23,167.63,1.99
2026-06-15,13595.69,13396.30,13595.69,13294.93,20983481,22353045470.00,2.17,-3.21,-444.07,1.88
2026-06-16,13291.24,13139.17,13292.10,12970.89,18442449,17800741103.00,2.40,-1.92,-257.13,1.65
2026-06-17,13118.44,12770.10,13118.44,12728.15,14688412,13128293807.00,2.97,-2.81,-369.07,1.32
2026-06-18,12727.90,12376.47,12727.90,12360.52,15351049,13534263999.00,2.88,-3.08,-393.63,1.37
2026-06-22,12407.37,12662.36,12663.93,12219.40,15956607,15361627102.00,3.59,2.31,285.89,1.43
2026-06-23,12618.57,12657.42,12930.98,12609.49,14576433,13650607442.00,2.54,-0.04,-4.94,1.31
2026-06-24,12654.01,12213.05,12654.01,12141.86,15192448,12097893529.00,4.05,-3.51,-444.37,1.36
2026-06-25,12112.13,12063.79,12253.75,11943.47,14018888,12334527777.00,2.54,-1.22,-149.26,1.26
2026-06-26,12092.83,11687.85,12105.16,11684.38,12277384,10326570234.00,3.49,-3.12,-375.94,1.10
2026-06-29,11710.53,11830.07,11858.16,11485.63,11247734,10134607393.00,3.19,1.22,142.22,1.01