2026-01-05,35.56,36.19,36.26,35.45,64219,234019686.00,2.28,2.09,0.74,3.33
2026-01-06,36.20,36.60,36.76,36.11,71568,264070511.00,1.80,1.13,0.41,3.71
2026-01-07,37.62,36.81,37.83,36.59,97917,366626424.00,3.39,0.57,0.21,5.08
2026-01-08,36.52,37.51,38.41,36.44,154166,587737190.00,5.35,1.90,0.70,7.99
2026-01-09,37.25,37.88,38.06,37.12,121513,462735453.00,2.51,0.99,0.37,6.30
2026-01-12,37.89,38.42,38.51,37.44,127679,489618015.00,2.82,1.43,0.54,6.62
2026-01-13,38.40,37.72,38.50,37.53,103724,397993488.00,2.52,-1.82,-0.70,5.38
2026-01-14,37.62,37.53,38.28,36.99,107303,409186364.00,3.42,-0.50,-0.19,5.56
2026-01-15,37.39,37.50,37.90,37.06,62216,235328712.00,2.24,-0.08,-0.03,3.23
2026-01-16,37.58,37.36,37.91,37.07,60882,230047654.00,2.24,-0.37,-0.14,3.16
2026-01-19,37.23,37.07,37.34,36.81,58662,219969031.00,1.42,-0.78,-0.29,3.04
2026-01-20,37.10,38.77,39.80,37.10,263416,1035297572.00,7.28,4.59,1.70,13.66
2026-01-21,38.23,39.12,39.60,37.86,178013,700286414.00,4.49,0.90,0.35,9.23
2026-01-22,38.94,40.04,40.51,38.60,172634,695085640.00,4.88,2.35,0.92,8.95
2026-01-23,39.64,40.66,41.79,39.51,183097,742652052.00,5.69,1.55,0.62,9.49
2026-01-26,40.44,39.94,42.19,39.92,236906,978055942.00,5.58,-1.77,-0.72,12.28
2026-01-27,39.51,42.40,43.41,39.41,285604,1209283097.00,10.02,6.16,2.46,14.81
2026-01-28,44.76,42.74,46.07,42.61,333078,1484062010.00,8.16,0.80,0.34,17.27
2026-01-29,43.62,41.40,44.21,41.31,250188,1084287633.00,6.79,-3.14,-1.34,12.97
2026-01-30,40.67,39.51,41.06,37.19,231445,905999171.00,9.35,-4.57,-1.89,12.00
2026-02-02,38.81,40.04,42.05,38.43,189036,774122851.00,9.16,1.34,0.53,9.80
2026-02-03,40.06,41.59,41.85,39.61,145196,603127156.00,5.59,3.87,1.55,7.53
2026-02-04,41.10,41.66,42.35,40.92,125038,524824400.00,3.44,0.17,0.07,6.48
2026-02-05,41.05,39.57,41.18,39.33,99668,401811533.00,4.44,-5.02,-2.09,5.17
2026-02-06,39.02,39.13,40.16,38.75,66218,263391553.00,3.56,-1.11,-0.44,3.43
2026-02-09,39.61,42.06,42.77,39.53,174304,735442919.00,8.28,7.49,2.93,9.04
2026-02-10,41.59,41.12,41.59,40.82,89135,370694267.00,1.83,-2.23,-0.94,4.62
2026-02-11,41.16,40.52,42.10,40.41,71835,297542074.00,4.11,-1.46,-0.60,3.72
2026-02-12,40.49,41.54,42.11,39.96,104660,435266731.00,5.31,2.52,1.02,5.43
2026-02-13,41.11,40.03,41.17,39.98,85248,348220725.00,2.86,-3.64,-1.51,4.42
2026-02-24,40.53,45.81,46.41,40.23,294845,1301575203.00,15.44,14.44,5.78,15.29
2026-02-25,44.55,44.99,46.41,44.16,214991,980677985.00,4.91,-1.79,-0.82,11.15
2026-02-26,44.91,47.28,49.29,44.67,240428,1149792807.00,10.27,5.09,2.29,12.47
2026-02-27,46.12,48.57,49.31,45.71,248269,1192517367.00,7.61,2.73,1.29,12.87
2026-03-02,47.67,47.01,48.40,46.11,200374,954307326.00,4.71,-3.21,-1.56,10.39
2026-03-03,47.15,44.27,47.40,43.86,180456,819844065.00,7.53,-5.83,-2.74,9.36
2026-03-04,43.61,44.89,46.36,43.61,122927,559823129.00,6.21,1.40,0.62,6.37
2026-03-05,46.29,47.16,49.04,46.22,241545,1159665523.00,6.28,5.06,2.27,12.52
2026-03-06,47.41,46.70,48.21,46.21,142600,678679377.00,4.24,-0.98,-0.46,7.39
2026-03-09,45.35,46.39,46.89,43.71,134235,610134105.00,6.81,-0.66,-0.31,6.96
2026-03-10,46.66,50.18,51.47,46.62,217582,1094657156.00,10.45,8.17,3.79,11.28
2026-03-11,50.92,53.24,55.51,50.73,269085,1459006857.00,9.53,6.10,3.06,13.95
2026-03-12,53.14,51.50,54.09,51.06,190903,1003344048.00,5.69,-3.27,-1.74,9.90
2026-03-13,51.50,50.11,52.12,49.90,138822,710007088.00,4.31,-2.70,-1.39,7.20
2026-03-16,50.04,50.05,50.69,48.17,137759,685957382.00,5.03,-0.12,-0.06,7.14
2026-03-17,49.48,45.14,49.60,45.07,191166,893415092.00,9.05,-9.81,-4.91,9.91
2026-03-18,45.89,45.46,45.94,44.43,102591,466485145.00,3.35,0.71,0.32,5.32
2026-03-19,44.45,42.76,44.61,42.38,117180,510491129.00,4.91,-5.94,-2.70,6.08
2026-03-20,42.83,42.01,43.71,41.83,98520,424126641.00,4.40,-1.75,-0.75,5.11
2026-03-23,40.97,39.67,42.50,39.22,115607,476933405.00,7.81,-5.57,-2.34,5.99
2026-03-24,41.61,40.40,41.61,39.06,105524,426183275.00,6.43,1.84,0.73,5.47
2026-03-25,40.62,40.97,42.31,40.61,106626,445339056.00,4.21,1.41,0.57,5.53
2026-03-26,40.77,39.41,40.82,39.12,80561,323728968.00,4.15,-3.81,-1.56,4.18
2026-03-27,38.63,39.92,40.36,38.61,66480,265292727.00,4.44,1.29,0.51,3.45
2026-03-30,39.54,39.78,40.31,38.72,85136,340289656.00,3.98,-0.35,-0.14,4.41
2026-03-31,39.63,38.29,39.91,38.11,79269,310608645.00,4.52,-3.75,-1.49,4.11
2026-04-01,40.11,39.20,40.11,39.00,63238,251643628.00,2.90,2.38,0.91,3.28
2026-04-02,39.17,38.35,39.54,38.17,74286,290377614.00,3.49,-2.17,-0.85,3.85
2026-04-03,38.33,38.93,39.40,37.91,70687,276688000.00,3.89,1.51,0.58,3.66
2026-04-07,38.74,39.86,40.80,38.52,91154,368135336.00,5.86,2.39,0.93,4.73
2026-04-08,40.70,41.64,41.78,40.34,95963,398498548.00,3.61,4.47,1.78,4.98
2026-04-09,40.91,41.28,41.89,40.75,71191,297719900.00,2.74,-0.86,-0.36,3.69
2026-04-10,41.38,41.96,42.91,41.38,84993,362611698.00,3.71,1.65,0.68,4.41
2026-04-13,41.61,42.43,42.74,41.43,70588,301939001.00,3.12,1.12,0.47,3.66
2026-04-14,42.51,43.51,44.27,42.17,131471,572760750.00,4.95,2.55,1.08,6.82
2026-04-15,44.41,42.78,44.66,42.49,133138,585579978.00,4.99,-1.68,-0.73,6.90
2026-04-16,42.74,44.59,44.76,42.66,130554,579066489.00,4.91,4.23,1.81,6.77
2026-04-17,44.36,46.24,46.59,44.19,130451,599660709.00,5.38,3.70,1.65,6.76
2026-04-20,46.43,49.47,52.40,46.11,257143,1287876683.00,13.60,6.99,3.23,13.33
2026-04-21,48.91,49.61,50.71,48.81,148208,744587620.00,3.84,0.28,0.14,7.68
2026-04-22,49.34,49.85,50.99,48.81,125732,629192535.00,4.39,0.48,0.24,6.52
2026-04-23,49.49,50.25,51.15,49.49,115915,586728962.00,3.33,0.80,0.40,6.01
2026-04-24,50.12,50.81,51.61,48.99,163241,824566340.00,5.21,1.11,0.56,8.46
2026-04-27,50.98,52.66,53.82,50.83,153572,817823302.00,5.88,3.64,1.85,7.96
2026-04-28,52.29,51.32,53.20,50.94,108501,566487754.00,4.29,-2.54,-1.34,5.63
2026-04-29,50.88,51.79,52.16,49.81,114902,592345209.00,4.58,0.92,0.47,5.96
2026-04-30,52.16,53.62,54.19,52.12,136664,731682534.00,4.00,3.53,1.83,7.09
2026-05-06,53.31,54.16,56.39,52.41,199633,1096697604.00,7.42,1.01,0.54,10.35
2026-05-07,53.71,55.50,55.61,52.57,127576,698262382.00,5.61,2.47,1.34,6.61
2026-05-08,54.61,55.30,56.89,53.95,110986,623172108.00,5.30,-0.36,-0.20,5.75
2026-05-11,57.13,53.94,58.24,53.76,175965,981653268.00,8.10,-2.46,-1.36,9.12
2026-05-12,54.18,54.52,55.56,52.61,153842,837770489.00,5.47,1.08,0.58,7.98
2026-05-13,53.84,59.68,60.89,53.84,234749,1389798781.00,12.93,9.46,5.16,12.17
2026-05-14,59.61,57.25,60.19,57.05,161857,945599936.00,5.26,-4.07,-2.43,8.39
2026-05-15,57.99,56.72,60.59,56.24,176750,1040058139.00,7.60,-0.93,-0.53,9.16
2026-05-18,59.09,59.07,64.48,58.31,240172,1469674024.00,10.88,4.14,2.35,12.45
2026-05-19,58.48,57.63,59.52,55.62,180694,1040734029.00,6.60,-2.44,-1.44,9.37
2026-05-20,57.31,60.99,62.28,57.31,165381,1009177215.00,8.62,5.83,3.36,8.57
2026-05-21,61.30,59.30,63.95,59.20,182358,1129932183.00,7.79,-2.77,-1.69,9.45
2026-05-22,61.47,64.57,66.49,61.18,272945,1762421874.00,8.95,8.89,5.27,14.15
2026-05-25,66.46,74.22,77.36,65.11,373658,2619858902.00,18.97,14.95,9.65,19.37
2026-05-26,73.44,79.76,81.52,72.91,373341,2924297107.00,11.60,7.46,5.54,19.36
2026-05-27,75.90,72.75,79.02,72.59,324754,2430278190.00,8.06,-8.79,-7.01,16.84
2026-05-28,73.00,82.90,84.18,71.70,366791,2948194322.00,17.15,13.95,10.15,19.02
2026-05-29,83.30,78.27,89.74,77.95,436602,3629909495.00,14.22,-5.59,-4.63,22.64
2026-06-01,76.87,72.74,80.20,72.51,298512,2235639900.00,9.82,-7.07,-5.53,15.48
2026-06-02,72.55,75.81,77.50,71.31,312099,2332840641.00,8.51,4.22,3.07,16.18
2026-06-03,74.56,80.00,84.45,74.52,325676,2619291137.00,13.10,5.53,4.19,16.89
2026-06-04,77.66,77.67,78.50,75.23,250507,1925780880.00,4.09,-2.91,-2.33,12.99
2026-06-05,77.70,73.82,79.99,73.21,249462,1889608806.00,8.73,-4.96,-3.85,12.93
2026-06-08,68.17,70.70,73.91,67.82,212477,1512965551.00,8.25,-4.23,-3.12,11.02
2026-06-09,72.91,71.61,73.50,69.96,175876,1251077177.00,5.01,1.29,0.91,9.12
2026-06-10,71.17,70.50,72.99,68.58,153419,1080778089.00,6.16,-1.55,-1.11,7.95
2026-06-11,71.41,70.70,75.64,69.26,281807,2033106901.00,9.05,0.28,0.20,14.61
2026-06-12,72.79,67.21,74.43,67.00,276980,1957563009.00,10.51,-4.94,-3.49,14.36
2026-06-15,67.37,70.57,70.87,66.01,232821,1600227208.00,7.23,5.00,3.36,12.07
2026-06-16,70.60,73.02,74.26,70.10,209967,1526333930.00,5.89,3.47,2.45,10.89
2026-06-17,71.60,74.07,75.50,71.00,228510,1688408672.00,6.16,1.44,1.05,11.85
2026-06-18,74.24,76.60,80.51,74.24,296712,2300198178.00,8.46,3.42,2.53,15.38
2026-06-22,84.50,91.92,91.92,84.50,365456,3264306776.00,9.69,20.00,15.32,18.95
2026-06-23,101.00,98.95,101.98,93.92,496713,4878015126.00,8.77,7.65,7.03,25.75
2026-06-24,94.00,100.80,104.70,89.00,410955,3977356049.00,15.87,1.87,1.85,21.31
2026-06-25,98.60,102.96,106.31,93.30,429132,4208449633.00,12.91,2.14,2.16,22.25
2026-06-26,97.01,97.60,100.43,92.99,277919,2706155183.00,7.23,-5.21,-5.36,14.41
2026-06-29,97.59,89.23,99.09,86.08,290334,2637471787.00,13.33,-8.58,-8.37,15.05
2026-06-30,89.23,92.50,93.33,86.38,241929,2200957827.00,7.79,3.66,3.27,12.93
2026-07-01,91.98,87.91,95.50,85.00,245313,2193258926.00,11.35,-4.96,-4.59,13.11
2026-07-02,83.71,89.39,94.99,82.42,281126,2542496926.00,14.30,1.68,1.48,15.03
2026-07-03,88.50,84.11,88.50,83.20,203525,1739040965.00,5.93,-5.91,-5.28,10.88
2026-07-06,84.89,86.83,90.99,83.86,234632,2053283005.00,8.48,3.23,2.72,12.54
2026-07-07,85.14,85.13,90.90,84.47,209113,1840634401.00,7.41,-1.96,-1.70,11.18
2026-07-08,85.51,77.61,89.08,77.61,241230,1973417635.00,13.47,-8.83,-7.52,12.90
2026-07-09,79.17,81.00,81.66,75.38,201830,1583476005.00,8.09,4.37,3.39,10.79
2026-07-10,82.46,77.37,85.60,77.37,180139,1460740034.00,10.16,-4.48,-3.63,9.63
2026-07-13,78.01,71.80,79.83,71.50,155352,1152094703.00,10.77,-7.20,-5.57,8.31
2026-07-14,71.24,75.29,76.30,71.24,143081,1053269357.00,7.05,4.86,3.49,7.65
2026-07-15,76.60,72.05,78.12,71.52,109789,809574570.00,8.77,-4.30,-3.24,5.87
2026-07-16,70.50,67.23,72.59,66.71,126970,880863602.00,8.16,-6.69,-4.82,6.79
2026-07-17,67.77,62.90,67.90,62.33,129726,843086187.00,8.28,-6.44,-4.33,6.94
2026-07-20,64.65,56.30,65.14,54.00,187176,1103811309.00,17.71,-10.49,-6.60,10.01
2026-07-21,56.59,60.91,61.08,50.61,200348,1127736046.00,18.60,8.19,4.61,10.71
2026-07-22,60.48,59.66,62.08,58.81,145580,879829367.00,5.37,-2.05,-1.25,7.78
2026-07-23,59.66,60.14,63.00,59.37,121961,743724882.00,6.08,0.80,0.48,6.52
2026-07-24,58.70,58.50,60.38,57.58,86547,510336721.00,4.66,-2.73,-1.64,4.63
2026-07-27,58.51,59.97,59.97,57.00,99492,584367103.00,5.08,2.51,1.47,5.32
2026-07-28,58.80,55.90,59.39,55.19,115202,657213964.00,7.00,-6.79,-4.07,6.16
2026-07-29,55.77,53.04,57.15,50.95,140729,748058398.00,11.09,-5.12,-2.86,7.52
2026-07-30,52.70,48.95,53.81,47.69,156483,781965542.00,11.54,-7.71,-4.09,8.37
2026-07-31,53.29,50.03,53.88,50.00,144377,753149920.00,7.93,2.21,1.08,7.72
2026-08-03,49.90,48.42,50.31,47.81,121299,590168946.00,5.00,-3.22,-1.61,6.48
2026-08-04,49.09,52.00,52.35,48.51,123841,630988904.00,7.93,7.39,3.58,6.62
2026-08-05,52.02,56.29,56.98,52.02,141691,779189205.28,9.54,8.25,4.29,7.58