2026-01-05,28.27,28.79,28.90,28.21,40573,116800414.00,2.46,2.57,0.72,1.29
2026-01-06,28.91,29.42,29.98,28.77,55553,163739436.00,4.20,2.19,0.63,1.76
2026-01-07,30.32,30.61,31.04,30.00,94185,287557229.00,3.54,4.04,1.19,2.99
2026-01-08,30.41,30.53,31.45,30.29,74707,230995622.00,3.79,-0.26,-0.08,2.37
2026-01-09,30.31,30.91,31.04,30.20,59013,181197856.00,2.75,1.24,0.38,1.87
2026-01-12,30.89,31.15,31.21,30.41,65129,201300600.00,2.59,0.78,0.24,2.07
2026-01-13,31.09,30.05,31.36,29.91,56310,172208272.00,4.65,-3.53,-1.10,1.79
2026-01-14,30.18,30.54,31.17,29.93,68613,210093697.00,4.13,1.63,0.49,2.18
2026-01-15,30.34,31.21,31.32,29.95,64189,197554148.00,4.49,2.19,0.67,2.04
2026-01-16,31.67,32.08,32.47,31.06,90667,289044323.00,4.52,2.79,0.87,2.88
2026-01-19,32.00,31.79,32.37,31.51,60296,192559904.00,2.68,-0.90,-0.29,1.92
2026-01-20,31.81,31.78,32.27,31.43,63830,203644608.00,2.64,-0.03,-0.01,2.03
2026-01-21,31.64,32.53,32.77,31.52,70429,228425649.00,3.93,2.36,0.75,2.24
2026-01-22,32.57,31.75,32.81,31.51,56823,181285094.00,4.00,-2.40,-0.78,1.81
2026-01-23,31.68,32.09,32.15,31.51,40673,129844619.00,2.02,1.07,0.34,1.29
2026-01-26,31.99,31.16,32.21,30.81,52709,165918807.00,4.36,-2.90,-0.93,1.67
2026-01-27,31.09,31.72,32.00,30.16,54663,170596303.00,5.91,1.80,0.56,1.74
2026-01-28,31.91,31.62,32.21,31.23,45690,145229962.00,3.09,-0.32,-0.10,1.45
2026-01-29,31.49,30.21,31.71,30.06,49808,153703332.00,5.22,-4.46,-1.41,1.58
2026-01-30,30.11,30.47,30.78,29.19,55070,165571136.00,5.26,0.86,0.26,1.75
2026-02-02,30.26,29.01,30.37,28.99,40694,120835073.00,4.53,-4.79,-1.46,1.29
2026-02-03,29.42,29.80,29.87,29.13,30586,90770857.00,2.55,2.72,0.79,0.97
2026-02-04,29.64,29.32,29.81,29.08,29476,87004680.00,2.45,-1.61,-0.48,0.94
2026-02-05,29.21,28.71,29.21,28.43,26672,76801627.00,2.66,-2.08,-0.61,0.85
2026-02-06,28.38,28.64,28.89,28.22,27185,78072218.00,2.33,-0.24,-0.07,0.86
2026-02-09,29.16,29.43,29.66,28.87,27812,81792020.00,2.76,2.76,0.79,0.88
2026-02-10,29.44,29.39,29.81,29.33,22587,66880853.00,1.63,-0.14,-0.04,0.72
2026-02-11,29.32,29.75,30.16,29.16,26153,77893061.00,3.40,1.22,0.36,0.83
2026-02-12,29.74,29.91,30.06,29.68,29322,87813212.00,1.28,0.54,0.16,0.93
2026-02-13,29.71,29.88,30.41,29.71,25990,78606678.00,2.34,-0.10,-0.03,0.83
2026-02-24,30.15,30.28,30.66,29.88,33172,100981766.00,2.61,1.34,0.40,1.05
2026-02-25,30.38,31.30,31.38,29.95,53199,164561842.00,4.72,3.37,1.02,1.69
2026-02-26,31.30,33.00,33.21,30.91,103580,336011116.00,7.35,5.43,1.70,3.29
2026-02-27,32.43,32.20,32.71,31.83,59569,192079373.00,2.67,-2.42,-0.80,1.89
2026-03-02,30.88,30.89,31.49,30.63,60205,187348071.00,2.67,-4.07,-1.31,1.91
2026-03-03,30.90,28.44,30.95,28.39,79093,233352629.00,8.29,-7.93,-2.45,2.51
2026-03-04,27.90,27.71,28.68,27.56,43723,122882815.00,3.94,-2.57,-0.73,1.39
2026-03-05,28.31,29.01,30.18,28.24,68536,200746614.00,7.00,4.69,1.30,2.18
2026-03-06,28.74,28.80,29.23,28.48,40498,116853373.00,2.59,-0.72,-0.21,1.29
2026-03-09,27.93,28.17,28.34,27.05,47414,131170895.00,4.48,-2.19,-0.63,1.51
2026-03-10,28.71,29.14,29.37,28.71,36708,106924700.00,2.34,3.44,0.97,1.17
2026-03-11,29.26,28.79,29.79,28.71,32104,94124241.00,3.71,-1.20,-0.35,1.02
2026-03-12,28.78,28.38,29.00,28.09,31494,89829849.00,3.16,-1.42,-0.41,1.00
2026-03-13,28.11,28.26,28.80,27.92,24960,70964180.00,3.10,-0.42,-0.12,0.79
2026-03-16,28.06,28.84,28.84,27.65,34147,96518004.00,4.21,2.05,0.58,1.08
2026-03-17,28.77,27.88,28.81,27.81,28272,80090335.00,3.47,-3.33,-0.96,0.90
2026-03-18,28.00,28.66,28.75,27.95,27657,78653799.00,2.87,2.80,0.78,0.88
2026-03-19,28.21,28.17,28.52,27.86,22231,62726959.00,2.30,-1.71,-0.49,0.71
2026-03-20,28.31,27.54,28.70,27.51,35653,100780846.00,4.22,-2.24,-0.63,1.13
2026-03-23,26.79,25.79,26.95,25.74,40473,107073236.00,4.39,-6.35,-1.75,1.29
2026-03-24,26.46,26.02,26.48,25.21,35667,92358703.00,4.92,0.89,0.23,1.13
2026-03-25,26.11,26.73,27.06,26.11,30302,81478221.00,3.65,2.73,0.71,0.96
2026-03-26,26.63,26.07,26.89,25.86,19483,51405122.00,3.85,-2.47,-0.66,0.62
2026-03-27,25.66,26.41,26.59,25.49,18154,47776368.00,4.22,1.30,0.34,0.58
2026-03-30,25.81,26.51,26.55,25.74,16603,43553334.00,3.07,0.38,0.10,0.53
2026-03-31,26.36,25.82,26.58,25.79,15581,40929119.00,2.98,-2.60,-0.69,0.49
2026-04-01,26.39,26.74,26.78,26.26,23610,62813261.00,2.01,3.56,0.92,0.75
2026-04-02,26.47,25.62,26.71,25.42,29405,76595234.00,4.82,-4.19,-1.12,0.93
2026-04-03,25.76,25.90,26.20,25.53,18920,49066162.00,2.62,1.09,0.28,0.60
2026-04-07,25.87,26.20,26.37,25.67,18715,49101413.00,2.70,1.16,0.30,0.59
2026-04-08,26.91,27.57,27.57,26.74,35197,95989446.00,3.17,5.23,1.37,1.12
2026-04-09,27.30,27.50,27.76,27.14,23465,64791729.00,2.25,-0.25,-0.07,0.75
2026-04-10,27.67,27.42,27.99,27.39,21251,58989806.00,2.18,-0.29,-0.08,0.68
2026-04-13,27.21,27.28,27.59,27.13,22039,60446139.00,1.68,-0.51,-0.14,0.70
2026-04-14,27.57,27.90,28.15,27.57,25114,70153578.00,2.13,2.27,0.62,0.80
2026-04-15,28.19,27.58,28.19,27.54,19626,54856161.00,2.33,-1.15,-0.32,0.62
2026-04-16,27.57,27.99,28.13,27.52,19829,55409576.00,2.21,1.49,0.41,0.63
2026-04-17,27.90,28.47,28.56,27.79,24859,70531742.00,2.75,1.71,0.48,0.79
2026-04-20,28.32,28.41,28.66,28.24,23239,66257260.00,1.48,-0.21,-0.06,0.74
2026-04-21,28.29,28.45,28.47,27.98,20409,57808493.00,1.72,0.14,0.04,0.65
2026-04-22,28.45,30.79,31.45,28.31,127170,385716979.00,11.04,8.22,2.34,4.04
2026-04-23,30.21,29.36,30.29,29.20,71530,212580738.00,3.54,-4.64,-1.43,2.27
2026-04-24,29.26,29.59,30.14,29.12,52789,157327048.00,3.47,0.78,0.23,1.68
2026-04-27,29.42,30.40,30.75,29.42,72156,219668582.00,4.49,2.74,0.81,2.29
2026-04-28,30.20,30.43,31.30,29.73,71114,218725383.00,5.16,0.10,0.03,2.26
2026-04-29,30.21,30.57,31.03,29.79,70328,215566905.00,4.07,0.46,0.14,2.23
2026-04-30,30.42,30.85,31.45,30.42,78042,242292349.00,3.37,0.92,0.28,2.48
2026-05-06,31.29,31.49,32.23,31.27,83609,265892754.00,3.11,2.07,0.64,2.66
2026-05-07,31.48,33.05,33.18,31.11,96135,313036792.00,6.57,4.95,1.56,3.05
2026-05-08,32.81,32.28,32.85,31.81,79356,256672155.00,3.15,-2.33,-0.77,2.52
2026-05-11,32.82,33.08,33.70,32.50,83181,275538148.00,3.72,2.48,0.80,2.64
2026-05-12,33.14,32.59,33.14,32.09,69001,225063613.00,3.17,-1.48,-0.49,2.19
2026-05-13,31.90,32.97,33.14,31.83,60238,197153263.00,4.02,1.17,0.38,1.91
2026-05-14,33.31,32.95,33.68,32.54,73860,245599886.00,3.46,-0.06,-0.02,2.35
2026-05-15,32.97,33.35,34.18,32.82,89762,301974547.00,4.13,1.21,0.40,2.85
2026-05-18,33.10,33.18,33.90,32.24,65045,216296475.00,4.98,-0.51,-0.17,2.07
2026-05-19,32.87,34.34,34.41,32.21,96639,324769189.00,6.63,3.50,1.16,3.07
2026-05-20,34.15,35.10,35.35,33.84,108012,376962142.00,4.40,2.21,0.76,3.43
2026-05-21,35.90,32.55,36.49,32.39,161279,556876185.00,11.68,-7.26,-2.55,5.12
2026-05-22,32.85,33.69,33.96,32.48,108205,360592728.00,4.55,3.50,1.14,3.44
2026-05-25,33.79,35.69,35.88,32.92,134948,470636218.00,8.79,5.94,2.00,4.29
2026-05-26,35.45,33.93,35.46,32.99,122960,415951795.00,6.92,-4.93,-1.76,3.91
2026-05-27,34.25,33.22,35.17,33.05,118983,407356396.00,6.25,-2.09,-0.71,3.78
2026-05-28,33.12,34.43,34.61,32.81,115989,393664226.00,5.42,3.64,1.21,3.68
2026-05-29,34.50,31.05,34.77,30.77,140002,450029913.00,11.62,-9.82,-3.38,4.45
2026-06-01,31.07,30.40,31.58,30.29,74440,230580240.00,4.15,-2.09,-0.65,2.36
2026-06-02,30.11,31.03,31.61,29.51,92286,284877101.00,6.91,2.07,0.63,2.93
2026-06-03,30.90,30.97,32.03,30.40,86946,272582162.00,5.25,-0.19,-0.06,2.76
2026-06-04,30.38,31.35,31.83,30.38,58805,184633315.00,4.68,1.23,0.38,1.87
2026-06-05,30.91,31.86,33.10,30.12,90931,290258358.00,9.51,1.63,0.51,2.89
2026-06-08,30.16,30.68,31.89,29.83,80595,249570820.00,6.47,-3.70,-1.18,2.56
2026-06-09,31.08,32.41,32.55,30.41,92857,296824779.00,6.98,5.64,1.73,2.95
2026-06-10,32.07,34.11,34.74,31.91,177261,593559453.00,8.73,5.25,1.70,5.63
2026-06-11,33.49,36.66,37.75,33.42,235657,840929750.00,12.69,7.48,2.55,7.49
2026-06-12,37.91,35.23,39.91,34.84,261607,969065736.00,13.83,-3.90,-1.43,8.31
2026-06-15,35.32,37.39,37.91,34.59,194389,716349771.00,9.42,6.13,2.16,6.17
2026-06-16,37.29,37.02,37.51,36.54,187208,693176878.00,2.59,-0.99,-0.37,5.95
2026-06-17,36.21,40.84,42.49,35.94,259488,1031410763.00,17.69,10.32,3.82,8.24
2026-06-18,40.44,39.17,40.52,38.94,179951,711645868.00,3.87,-4.09,-1.67,5.72
2026-06-22,39.79,39.91,40.34,37.96,189299,744440410.00,6.08,1.89,0.74,6.01
2026-06-23,39.00,38.22,39.00,37.11,119962,458274984.00,4.74,-4.23,-1.69,3.81
2026-06-24,37.55,40.14,40.30,36.92,152473,592520248.00,8.84,5.02,1.92,4.84
2026-06-25,40.15,40.65,41.32,38.47,162923,652685650.00,7.10,1.27,0.51,5.18
2026-06-26,39.50,42.55,44.98,39.31,210366,882901885.00,13.95,4.67,1.90,6.68
2026-06-29,43.52,47.05,47.15,42.00,243588,1088009090.00,12.10,10.58,4.50,7.74
2026-06-30,47.00,47.00,47.51,44.46,190069,880039421.00,6.48,-0.11,-0.05,6.04
2026-07-01,46.07,50.39,53.49,45.88,218754,1081147611.00,16.19,7.21,3.39,6.95
2026-07-02,47.90,45.70,49.48,44.58,175993,825972605.00,9.72,-9.31,-4.69,5.59
2026-07-03,45.00,42.39,46.50,42.36,163102,722658456.00,9.06,-7.24,-3.31,5.18
2026-07-06,42.53,41.31,42.95,39.76,130154,536888405.00,7.53,-2.55,-1.08,4.13
2026-07-07,40.50,41.49,42.44,40.14,112504,466730894.00,5.57,0.44,0.18,3.57
2026-07-08,41.20,45.70,47.99,38.00,236384,1033554531.00,24.08,10.15,4.21,7.51
2026-07-09,45.51,47.96,48.28,44.47,196516,914821661.00,8.34,4.95,2.26,6.24
2026-07-10,48.00,43.80,49.20,43.80,182519,856604650.00,11.26,-8.67,-4.16,5.80
2026-07-13,42.97,44.60,48.19,42.67,172724,788702895.00,12.60,1.83,0.80,5.49
2026-07-14,43.85,48.16,50.31,43.56,258519,1217726831.00,15.13,7.98,3.56,8.21
2026-07-15,48.17,41.30,48.19,40.50,253717,1093985193.00,15.97,-14.24,-6.86,8.06
2026-07-16,38.77,36.75,40.80,36.49,185621,714779494.00,10.44,-11.02,-4.55,5.90
2026-07-17,36.20,33.54,37.09,33.37,135721,482184168.00,10.12,-8.73,-3.21,4.31
2026-07-20,34.56,29.96,35.20,29.22,157523,503084356.00,17.83,-10.67,-3.58,5.00
2026-07-21,30.50,33.89,34.56,27.36,176688,548485138.00,24.03,13.12,3.93,5.61
2026-07-22,32.99,32.08,34.19,31.89,127525,421335358.00,6.79,-5.34,-1.81,4.05
2026-07-23,32.00,30.40,32.30,30.00,104076,321776813.00,7.17,-5.24,-1.68,3.31
2026-07-24,29.58,29.74,30.90,29.34,74555,224447401.00,5.13,-2.17,-0.66,2.37
2026-07-27,29.90,30.70,30.70,28.46,79370,237839262.00,7.53,3.23,0.96,2.52
2026-07-28,30.02,29.91,32.59,29.31,116223,359023384.00,10.68,-2.57,-0.79,3.69
2026-07-29,29.83,28.82,29.90,27.91,100229,287151509.00,6.65,-3.64,-1.09,3.18
2026-07-30,28.39,26.69,28.80,26.68,99607,273923939.00,7.36,-7.39,-2.13,3.16
2026-07-31,28.85,27.60,29.68,27.60,102055,292821777.00,7.79,3.41,0.91,3.24
2026-08-03,27.10,26.83,27.98,26.76,66849,180558021.00,4.42,-2.79,-0.77,2.12
2026-08-04,27.17,29.10,29.48,27.00,93431,266025008.00,9.24,8.46,2.27,2.97
2026-08-05,29.04,30.59,31.25,28.68,87388,265146647.00,8.83,5.12,1.49,2.78