2026-01-05,4.37,4.39,4.39,4.36,131524,58889221.00,0.69,0.46,0.02,0.45
2026-01-06,4.40,4.44,4.45,4.39,238431,107743361.00,1.37,1.14,0.05,0.82
2026-01-07,4.44,4.43,4.46,4.41,197799,89684077.00,1.13,-0.23,-0.01,0.68
2026-01-08,4.43,4.45,4.45,4.41,142961,64865565.00,0.90,0.45,0.02,0.49
2026-01-09,4.46,4.49,4.50,4.45,194971,89224009.00,1.12,0.90,0.04,0.67
2026-01-12,4.47,4.52,4.53,4.47,228205,104908964.00,1.34,0.67,0.03,0.79
2026-01-13,4.52,4.54,4.57,4.50,304522,141407509.00,1.55,0.44,0.02,1.05
2026-01-14,4.54,4.52,4.60,4.49,321930,149872291.00,2.42,-0.44,-0.02,1.11
2026-01-15,4.53,4.52,4.53,4.50,138125,63746463.00,0.66,0.00,0.00,0.48
2026-01-16,4.52,4.50,4.53,4.48,148484,68340858.00,1.11,-0.44,-0.02,0.51
2026-01-19,4.48,4.51,4.53,4.47,131282,60565839.00,1.33,0.22,0.01,0.45
2026-01-20,4.52,4.59,4.59,4.51,267423,124501614.00,1.77,1.77,0.08,0.92
2026-01-21,4.58,4.57,4.58,4.54,174910,81552467.00,0.87,-0.44,-0.02,0.60
2026-01-22,4.56,4.66,4.66,4.56,290615,137376599.00,2.19,1.97,0.09,1.00
2026-01-23,4.66,4.64,4.68,4.63,218579,103886819.00,1.07,-0.43,-0.02,0.76
2026-01-26,4.64,4.66,4.69,4.61,260407,123881789.00,1.72,0.43,0.02,0.90
2026-01-27,4.65,4.65,4.68,4.59,245978,116478643.00,1.93,-0.21,-0.01,0.85
2026-01-28,4.64,4.71,4.76,4.64,359405,173193520.00,2.58,1.29,0.06,1.24
2026-01-29,4.70,4.73,4.75,4.67,236109,113901336.00,1.70,0.42,0.02,0.82
2026-01-30,4.73,4.73,4.77,4.64,253819,121898444.00,2.75,0.00,0.00,0.88
2026-02-02,4.71,4.59,4.73,4.58,233504,110947503.00,3.17,-2.96,-0.14,0.81
2026-02-03,4.78,4.70,4.85,4.64,382298,184462878.00,4.58,2.40,0.11,1.32
2026-02-04,4.68,4.71,4.74,4.64,277569,133461037.00,2.13,0.21,0.01,0.96
2026-02-05,4.73,4.71,4.75,4.69,207585,100087436.00,1.27,0.00,0.00,0.72
2026-02-06,4.70,4.67,4.75,4.66,224956,108120796.00,1.91,-0.85,-0.04,0.78
2026-02-09,4.69,4.68,4.70,4.66,159891,76387264.00,0.86,0.21,0.01,0.55
2026-02-10,4.67,4.66,4.68,4.64,126286,60060244.00,0.85,-0.43,-0.02,0.44
2026-02-11,4.66,4.69,4.71,4.65,147579,70655088.00,1.29,0.64,0.03,0.51
2026-02-12,4.68,4.66,4.70,4.63,157744,75144966.00,1.49,-0.64,-0.03,0.55
2026-02-13,4.66,4.56,4.66,4.55,189103,88732568.00,2.36,-2.15,-0.10,0.65
2026-02-24,4.57,4.63,4.66,4.57,188122,89081960.00,1.97,1.54,0.07,0.65
2026-02-25,4.64,4.66,4.73,4.63,202911,97124539.00,2.16,0.65,0.03,0.70
2026-02-26,4.66,4.65,4.69,4.62,154259,73277370.00,1.50,-0.21,-0.01,0.53
2026-02-27,4.65,4.71,4.72,4.64,207913,99526745.00,1.72,1.29,0.06,0.72
2026-03-02,4.69,4.70,4.75,4.65,378018,181546191.00,2.12,-0.21,-0.01,1.31
2026-03-03,4.70,4.75,4.81,4.70,737397,357921814.00,2.34,1.06,0.05,2.55
2026-03-04,4.70,4.52,4.70,4.51,547858,255445606.00,4.00,-4.84,-0.23,1.89
2026-03-05,4.55,4.56,4.60,4.52,304368,141681670.00,1.77,0.88,0.04,1.05
2026-03-06,4.54,4.65,4.66,4.52,252466,118641089.00,3.07,1.97,0.09,0.87
2026-03-09,4.63,4.59,4.68,4.57,236432,111238939.00,2.37,-1.29,-0.06,0.82
2026-03-10,4.58,4.63,4.64,4.58,184894,87106201.00,1.31,0.87,0.04,0.64
2026-03-11,4.63,4.69,4.70,4.58,282071,133845861.00,2.59,1.30,0.06,0.97
2026-03-12,4.69,4.75,4.77,4.66,320716,155040653.00,2.35,1.28,0.06,1.11
2026-03-13,4.73,4.71,4.79,4.70,260852,126469640.00,1.89,-0.84,-0.04,0.90
2026-03-16,4.71,4.72,4.76,4.68,181473,87447494.00,1.70,0.21,0.01,0.63
2026-03-17,4.72,4.69,4.76,4.69,182813,88206465.00,1.48,-0.64,-0.03,0.63
2026-03-18,4.69,4.65,4.72,4.62,215030,102412456.00,2.13,-0.85,-0.04,0.74
2026-03-19,4.64,4.59,4.67,4.58,182647,86188856.00,1.94,-1.29,-0.06,0.63
2026-03-20,4.59,4.56,4.66,4.56,233231,109661139.00,2.18,-0.65,-0.03,0.81
2026-03-23,4.53,4.28,4.53,4.25,422139,188624908.00,6.14,-6.14,-0.28,1.46
2026-03-24,4.35,4.39,4.41,4.28,269212,119755498.00,3.04,2.57,0.11,0.93
2026-03-25,4.43,4.64,4.65,4.40,501884,234574684.00,5.69,5.69,0.25,1.73
2026-03-26,4.64,4.64,4.71,4.63,352455,167916223.00,1.72,0.00,0.00,1.22
2026-03-27,4.61,4.54,4.63,4.49,318698,148291779.00,3.02,-2.16,-0.10,1.10
2026-03-30,4.50,4.53,4.54,4.42,218648,100230724.00,2.64,-0.22,-0.01,0.76
2026-03-31,4.53,4.50,4.60,4.49,169890,78964550.00,2.43,-0.66,-0.03,0.59
2026-04-01,4.54,4.50,4.57,4.49,189757,87688998.00,1.78,0.00,0.00,0.66
2026-04-02,4.50,4.53,4.58,4.47,277583,128787502.00,2.44,0.67,0.03,0.96
2026-04-03,4.52,4.42,4.55,4.41,224212,102169603.00,3.09,-2.43,-0.11,0.77
2026-04-07,4.44,4.44,4.46,4.40,148546,67276657.00,1.36,0.45,0.02,0.51
2026-04-08,4.48,4.52,4.52,4.47,193075,88866049.00,1.13,1.80,0.08,0.67
2026-04-09,4.50,4.42,4.51,4.42,191909,87433209.00,1.99,-2.21,-0.10,0.66
2026-04-10,4.44,4.40,4.47,4.40,196189,88820312.00,1.58,-0.45,-0.02,0.68
2026-04-13,4.40,4.36,4.40,4.32,209429,93212960.00,1.82,-0.91,-0.04,0.72
2026-04-14,4.37,4.37,4.38,4.33,129848,57787517.00,1.15,0.23,0.01,0.45
2026-04-15,4.38,4.40,4.40,4.35,168211,75335677.00,1.14,0.69,0.03,0.58
2026-04-16,4.40,4.37,4.40,4.35,170260,76134701.00,1.14,-0.68,-0.03,0.59
2026-04-17,4.37,4.37,4.38,4.35,139893,62432265.00,0.69,0.00,0.00,0.48
2026-04-20,4.36,4.36,4.38,4.35,132281,59032814.00,0.69,-0.23,-0.01,0.46
2026-04-21,4.37,4.39,4.41,4.36,209679,94142042.00,1.15,0.69,0.03,0.72
2026-04-22,4.40,4.40,4.41,4.37,133365,59980993.00,0.91,0.23,0.01,0.46
2026-04-23,4.40,4.43,4.44,4.37,180940,81731404.00,1.59,0.68,0.03,0.63
2026-04-24,4.42,4.41,4.45,4.38,166077,74998514.00,1.58,-0.45,-0.02,0.57
2026-04-27,4.41,4.37,4.44,4.37,162957,73243907.00,1.59,-0.91,-0.04,0.56
2026-04-28,4.37,4.43,4.44,4.36,163551,73719415.00,1.83,1.37,0.06,0.57
2026-04-29,4.57,4.62,4.73,4.57,623701,296325562.00,3.61,4.29,0.19,2.16
2026-04-30,4.65,4.64,4.68,4.59,422608,200479704.00,1.95,0.43,0.02,1.46
2026-05-06,4.64,4.64,4.68,4.60,335434,158687102.00,1.72,0.00,0.00,1.16
2026-05-07,4.64,4.59,4.67,4.59,196219,92600095.00,1.72,-1.08,-0.05,0.68
2026-05-08,4.58,4.58,4.62,4.56,194795,91320923.00,1.31,-0.22,-0.01,0.67
2026-05-11,4.59,4.51,4.59,4.49,273178,126195985.00,2.18,-1.53,-0.07,0.94
2026-05-12,4.52,4.47,4.55,4.46,271810,125028331.00,2.00,-0.89,-0.04,0.94
2026-05-13,4.46,4.49,4.50,4.45,233773,106920120.00,1.12,0.45,0.02,0.81
2026-05-14,4.48,4.41,4.49,4.41,274811,124880357.00,1.78,-1.78,-0.08,0.95
2026-05-15,4.42,4.31,4.43,4.28,470022,208400056.00,3.40,-2.27,-0.10,1.62
2026-05-18,4.29,4.29,4.31,4.24,291054,127143001.00,1.62,-0.46,-0.02,1.01
2026-05-19,4.29,4.36,4.36,4.28,248195,110043269.00,1.86,1.63,0.07,0.86
2026-05-20,4.35,4.30,4.35,4.28,186903,82326944.00,1.61,-1.38,-0.06,0.65
2026-05-21,4.30,4.27,4.38,4.26,246282,108933345.00,2.79,-0.70,-0.03,0.85
2026-05-22,4.28,4.30,4.32,4.23,200688,87962187.00,2.11,0.70,0.03,0.69
2026-05-25,4.31,4.33,4.35,4.29,178462,78921106.00,1.40,0.70,0.03,0.62
2026-05-26,4.32,4.31,4.34,4.28,159482,70325161.00,1.39,-0.46,-0.02,0.55
2026-05-27,4.31,4.28,4.34,4.26,153577,67454139.00,1.86,-0.70,-0.03,0.53
2026-05-28,4.28,4.28,4.31,4.27,160229,70351466.00,0.93,0.00,0.00,0.55
2026-05-29,4.29,4.39,4.42,4.28,369483,165142079.00,3.27,2.57,0.11,1.28
2026-06-01,4.39,4.45,4.46,4.33,304643,137099570.00,2.96,1.37,0.06,1.05
2026-06-02,4.44,4.43,4.50,4.43,234121,106800526.00,1.57,-0.45,-0.02,0.81
2026-06-03,4.43,4.37,4.44,4.32,248217,111097704.00,2.71,-1.35,-0.06,0.86
2026-06-04,4.37,4.31,4.41,4.28,200224,88925355.00,2.97,-1.37,-0.06,0.69
2026-06-05,4.31,4.33,4.39,4.30,183589,81655677.00,2.09,0.46,0.02,0.63
2026-06-08,4.30,4.21,4.33,4.17,322884,139938925.00,3.70,-2.77,-0.12,1.12
2026-06-23,4.30,4.37,4.58,4.21,945777,417107583.00,8.79,3.80,0.16,3.27
2026-06-24,4.36,4.15,4.37,4.14,607335,255591724.00,5.26,-5.03,-0.22,2.10
2026-06-25,4.14,4.15,4.18,4.01,388088,158414100.00,4.10,0.00,0.00,1.34
2026-06-26,4.11,4.00,4.12,3.99,310669,125264327.00,3.13,-3.61,-0.15,1.07
2026-06-29,3.95,4.00,4.02,3.87,253229,99908185.00,3.75,0.00,0.00,0.88
2026-06-30,3.98,3.89,3.98,3.86,282144,109957600.00,3.00,-2.75,-0.11,0.97
2026-07-01,3.88,3.97,4.03,3.87,279881,110919110.00,4.11,2.06,0.08,0.97
2026-07-02,3.97,4.00,4.06,3.96,222152,89229464.00,2.52,0.76,0.03,0.77
2026-07-03,4.03,4.06,4.10,4.02,183014,74375021.00,2.00,1.50,0.06,0.63
2026-07-06,4.07,4.10,4.11,4.03,200788,81829335.00,1.97,0.99,0.04,0.69
2026-07-07,4.09,4.01,4.09,4.00,174847,70491829.00,2.20,-2.20,-0.09,0.60
2026-07-08,4.01,4.05,4.08,3.98,147671,59612986.00,2.49,1.00,0.04,0.51
2026-07-09,4.04,4.00,4.06,3.99,201602,80933817.00,1.73,-1.23,-0.05,0.70
2026-07-10,4.00,4.04,4.07,3.96,196020,78758963.00,2.75,1.00,0.04,0.68
2026-07-13,4.05,4.10,4.12,4.03,359227,146664141.00,2.23,1.49,0.06,1.24
2026-07-14,4.10,4.19,4.21,4.08,310381,129383760.00,3.17,2.20,0.09,1.07
2026-07-15,4.18,4.28,4.29,4.17,237959,101447902.00,2.86,2.15,0.09,0.82
2026-07-16,4.29,4.26,4.32,4.22,178435,75943174.00,2.34,-0.47,-0.02,0.62
2026-07-17,4.27,4.23,4.34,4.23,297846,128004470.00,2.58,-0.70,-0.03,1.03
2026-07-20,4.26,4.28,4.34,4.23,318358,136360413.00,2.60,1.18,0.05,1.10