2026-01-05,16.19,16.15,16.36,15.99,75946,122905712.00,2.27,-0.86,-0.14,3.74
2026-01-06,16.11,15.98,16.28,15.98,96625,155347205.00,1.86,-1.05,-0.17,4.76
2026-01-07,16.06,16.56,16.85,15.89,223254,366788519.00,6.01,3.63,0.58,10.99
2026-01-08,16.56,17.04,17.55,16.43,209356,355896230.00,6.76,2.90,0.48,10.31
2026-01-09,17.03,17.33,17.50,16.78,208833,359457797.00,4.23,1.70,0.29,10.28
2026-01-12,17.50,18.08,18.23,17.37,237234,425068385.00,4.96,4.33,0.75,11.68
2026-01-13,18.28,17.55,18.36,17.22,245595,436403252.00,6.31,-2.93,-0.53,12.09
2026-01-14,17.48,18.07,18.24,17.16,242708,429966667.00,6.15,2.96,0.52,11.95
2026-01-15,17.77,17.92,17.98,17.15,166223,291983793.00,4.59,-0.83,-0.15,8.18
2026-01-16,17.75,16.97,18.02,16.94,139101,241538168.00,6.03,-5.30,-0.95,6.85
2026-01-19,16.83,17.38,17.69,16.69,118615,205269029.00,5.89,2.42,0.41,5.84
2026-01-20,17.44,17.24,17.73,16.91,78760,136200236.00,4.72,-0.81,-0.14,3.88
2026-01-21,17.10,15.45,17.54,15.31,217055,357332011.00,12.94,-10.38,-1.79,10.69
2026-01-22,15.36,15.48,15.79,14.31,170572,258969797.00,9.58,0.19,0.03,8.40
2026-01-23,15.43,15.47,15.68,15.16,121033,185390077.00,3.36,-0.06,-0.01,5.96
2026-01-26,15.46,15.23,15.48,14.88,82304,124640768.00,3.88,-1.55,-0.24,4.05
2026-01-27,15.10,15.13,15.13,14.63,97360,145125991.00,3.28,-0.66,-0.10,4.79
2026-01-28,15.08,15.12,15.26,14.93,70639,106466027.00,2.18,-0.07,-0.01,3.48
2026-01-29,14.96,15.13,15.48,14.78,97959,148991485.00,4.63,0.07,0.01,4.82
2026-01-30,14.98,14.76,14.98,14.53,82658,121933694.00,2.97,-2.45,-0.37,4.07
2026-02-02,14.67,14.39,14.71,14.38,45583,66480179.00,2.24,-2.51,-0.37,2.24
2026-02-03,14.55,14.40,14.56,14.26,77065,111103958.00,2.08,0.07,0.01,3.79
2026-02-04,14.47,14.25,14.56,14.11,66520,95257309.00,3.13,-1.04,-0.15,3.27
2026-02-05,14.18,14.27,14.46,14.00,56845,81239183.00,3.23,0.14,0.02,2.80
2026-02-06,14.24,14.35,14.44,13.93,62564,89224078.00,3.57,0.56,0.08,3.08
2026-02-09,14.47,15.10,15.13,14.38,132875,197300146.00,5.23,5.23,0.75,6.54
2026-02-10,15.10,15.28,15.34,14.94,107913,164046431.00,2.65,1.19,0.18,5.31
2026-02-11,15.36,15.04,15.43,14.96,57405,86864667.00,3.08,-1.57,-0.24,2.83
2026-02-12,15.04,14.98,15.20,14.83,88457,132260865.00,2.46,-0.40,-0.06,4.35
2026-02-13,14.90,14.73,15.02,14.73,55956,83508905.00,1.94,-1.67,-0.25,2.75
2026-02-24,14.88,14.74,15.10,14.62,61086,90477547.00,3.26,0.07,0.01,3.01
2026-02-25,14.74,14.71,14.80,14.63,56903,83665756.00,1.15,-0.20,-0.03,2.80
2026-02-26,14.72,14.21,14.76,14.13,78615,112779504.00,4.28,-3.40,-0.50,3.87
2026-02-27,14.22,14.28,14.32,14.12,56573,80372938.00,1.41,0.49,0.07,2.79
2026-03-02,14.10,13.85,14.32,13.68,73061,101841798.00,4.48,-3.01,-0.43,3.60
2026-03-03,13.93,13.07,14.06,13.03,76045,102572391.00,7.44,-5.63,-0.78,3.74
2026-03-04,12.95,13.05,13.28,12.84,57747,75840549.00,3.37,-0.15,-0.02,2.84
2026-03-05,13.21,13.05,13.48,13.03,53069,69849951.00,3.45,0.00,0.00,2.61
2026-03-06,13.03,13.21,13.28,12.93,51519,67982172.00,2.68,1.23,0.16,2.54
2026-03-09,12.98,13.09,13.18,12.84,53369,69556869.00,2.57,-0.91,-0.12,2.63
2026-03-10,13.23,13.28,13.46,13.18,55143,73377118.00,2.14,1.45,0.19,2.71
2026-03-11,13.29,13.11,13.37,13.08,48556,64099116.00,2.18,-1.28,-0.17,2.39
2026-03-12,13.14,13.18,13.24,13.06,45725,60209887.00,1.37,0.53,0.07,2.25
2026-03-13,13.18,13.08,13.34,13.03,47846,63152512.00,2.35,-0.76,-0.10,2.36
2026-03-16,13.10,13.12,13.19,12.86,44501,57856568.00,2.52,0.31,0.04,2.19
2026-03-17,13.11,12.75,13.26,12.73,39388,51302461.00,4.04,-2.82,-0.37,1.94
2026-03-18,12.86,12.99,13.05,12.76,55566,72063008.00,2.27,1.88,0.24,2.74
2026-03-19,12.88,12.93,13.17,12.73,78088,101595863.00,3.39,-0.46,-0.06,3.84
2026-03-20,13.04,12.62,13.13,12.58,77258,99492324.00,4.25,-2.40,-0.31,3.80
2026-03-23,12.50,11.93,12.50,11.86,59663,72748294.00,5.07,-5.47,-0.69,2.94
2026-03-24,12.18,12.44,12.44,12.05,74899,92114282.00,3.27,4.27,0.51,3.69
2026-03-25,12.44,12.65,12.75,12.34,45962,57932417.00,3.30,1.69,0.21,2.26
2026-03-26,12.65,12.38,12.81,12.26,52394,65245018.00,4.35,-2.13,-0.27,2.58
2026-03-27,12.28,12.48,12.60,12.23,57752,71974269.00,2.99,0.81,0.10,2.84
2026-03-30,12.30,12.52,12.55,12.17,60208,74586808.00,3.04,0.32,0.04,2.96
2026-03-31,12.61,12.60,13.06,12.53,81105,103563093.00,4.23,0.64,0.08,3.99
2026-04-01,12.83,12.86,12.94,12.58,81158,103318713.00,2.86,2.06,0.26,4.00
2026-04-02,12.78,12.66,12.97,12.64,57523,73457379.00,2.57,-1.56,-0.20,2.83
2026-04-03,12.73,12.29,12.76,12.17,59163,72957810.00,4.66,-2.92,-0.37,2.91
2026-04-07,12.38,12.89,12.91,12.21,85538,108683896.00,5.70,4.88,0.60,4.21
2026-04-08,13.09,13.32,13.38,12.95,102412,135573464.00,3.34,3.34,0.43,5.04
2026-04-09,13.31,13.58,13.63,13.14,104641,141152538.00,3.68,1.95,0.26,5.15
2026-04-10,13.58,13.77,13.95,13.50,88135,121304516.00,3.31,1.40,0.19,4.34
2026-04-13,13.68,13.33,13.68,13.18,80480,107667219.00,3.63,-3.20,-0.44,3.96
2026-04-14,13.43,13.09,13.49,13.00,64074,84603072.00,3.68,-1.80,-0.24,3.15
2026-04-15,13.14,13.01,13.21,12.95,43742,57217409.00,1.99,-0.61,-0.08,2.15
2026-04-16,13.02,13.46,13.48,13.00,80277,106912753.00,3.69,3.46,0.45,3.95
2026-04-17,13.43,13.78,13.89,13.29,93624,127042316.00,4.46,2.38,0.32,4.61
2026-04-20,13.82,13.87,14.02,13.72,65887,91800268.00,2.18,0.65,0.09,3.24
2026-04-21,13.87,14.28,14.33,13.36,177981,246006201.00,6.99,2.96,0.41,8.76
2026-04-22,14.11,14.33,14.44,13.92,87289,124017753.00,3.64,0.35,0.05,4.30
2026-04-23,14.41,14.14,14.58,14.04,68643,97506066.00,3.77,-1.33,-0.19,3.38
2026-04-24,14.14,14.00,14.23,13.81,50654,70764690.00,2.97,-0.99,-0.14,2.49
2026-04-27,13.91,14.07,14.08,13.76,44660,62381510.00,2.29,0.50,0.07,2.20
2026-04-28,13.95,13.73,13.97,13.46,75410,103354002.00,3.62,-2.42,-0.34,3.71
2026-04-29,13.68,13.69,13.88,13.61,61257,84145685.00,1.97,-0.29,-0.04,3.02
2026-04-30,13.73,14.07,14.16,13.69,84030,117668854.00,3.43,2.78,0.38,4.14
2026-05-06,14.07,14.06,14.56,13.96,98182,138701313.00,4.26,-0.07,-0.01,4.83
2026-05-07,14.03,13.76,14.18,13.76,83229,115371387.00,2.99,-2.13,-0.30,4.10
2026-05-08,13.71,13.82,13.98,13.41,85379,117678890.00,4.14,0.44,0.06,4.20
2026-05-11,13.82,14.23,14.40,13.75,150307,212926875.00,4.70,2.97,0.41,7.40
2026-05-12,14.19,14.36,14.65,13.87,131180,187064909.00,5.48,0.91,0.13,6.46
2026-05-13,14.36,14.76,14.93,14.27,178619,262387755.00,4.60,2.79,0.40,8.79
2026-05-14,14.63,14.05,14.67,14.04,101939,145431324.00,4.27,-4.81,-0.71,5.02
2026-05-15,14.13,13.95,14.22,13.88,59469,83724997.00,2.42,-0.71,-0.10,2.93
2026-05-18,14.01,13.69,14.02,13.61,67493,92831688.00,2.94,-1.86,-0.26,3.32
2026-05-19,13.71,13.72,13.96,13.55,53653,73700388.00,2.99,0.22,0.03,2.64
2026-05-20,13.59,14.14,14.40,13.39,118175,165435882.00,7.36,3.06,0.42,5.82
2026-05-21,14.11,13.51,14.42,13.50,83900,117793768.00,6.51,-4.46,-0.63,4.13
2026-05-22,13.58,13.09,13.73,13.06,73897,98443946.00,4.96,-3.11,-0.42,3.64
2026-05-25,13.12,13.28,13.35,12.68,91774,119241404.00,5.12,1.45,0.19,4.52
2026-05-26,13.18,13.11,13.28,12.73,56487,73453048.00,4.14,-1.28,-0.17,2.78
2026-05-27,13.07,13.20,13.50,13.00,67378,89443779.00,3.81,0.69,0.09,3.32
2026-05-28,13.21,13.76,13.96,13.19,119441,163123568.00,5.83,4.24,0.56,5.88
2026-05-29,13.70,13.30,13.91,12.90,124879,165209252.00,7.34,-3.34,-0.46,6.15
2026-06-01,13.17,13.65,13.72,13.05,104321,140989266.00,5.04,2.63,0.35,5.14
2026-06-02,13.62,13.56,13.72,13.30,76405,103055876.00,3.08,-0.66,-0.09,3.76
2026-06-03,13.53,13.60,13.60,13.15,76836,102440395.00,3.32,0.29,0.04,3.78
2026-06-04,13.59,13.82,14.27,13.30,100755,138721874.00,7.13,1.62,0.22,4.96
2026-06-05,13.74,13.88,14.12,13.60,110705,153811474.00,3.76,0.43,0.06,5.45
2026-06-08,13.55,14.16,14.19,13.38,176934,244244478.00,5.84,2.02,0.28,8.71
2026-06-09,13.91,13.95,14.05,13.73,116767,162014562.00,2.26,-1.48,-0.21,5.75
2026-06-10,13.70,14.38,14.68,13.69,164851,235288307.00,7.10,3.08,0.43,8.12
2026-06-11,14.13,14.16,14.18,13.61,139580,194179493.00,3.96,-1.53,-0.22,6.87
2026-06-12,14.16,14.36,14.48,14.09,139932,200490593.00,2.75,1.41,0.20,6.89
2026-06-15,14.35,14.21,14.56,14.12,143675,205779305.00,3.06,-1.04,-0.15,7.07
2026-06-16,14.06,14.20,14.46,13.78,134262,189344457.00,4.79,-0.07,-0.01,6.61
2026-06-17,14.12,13.82,14.12,13.73,109588,152174759.00,2.75,-2.68,-0.38,5.39
2026-06-18,13.58,13.78,13.94,13.41,82708,113307358.00,3.84,-0.29,-0.04,4.07
2026-06-22,13.75,13.63,13.75,13.20,83841,112382369.00,3.99,-1.09,-0.15,4.13
2026-06-23,13.56,13.86,14.10,13.50,97550,135482079.00,4.40,1.69,0.23,4.80
2026-06-24,13.80,13.42,13.83,13.21,95485,128487372.00,4.47,-3.17,-0.44,4.70
2026-06-25,13.31,13.01,13.48,12.56,108787,140502887.00,6.86,-3.06,-0.41,5.36
2026-06-26,12.93,12.38,13.07,12.38,70240,89668234.06,5.30,-4.84,-0.63,3.46