2026-01-05,14.26,13.92,14.27,13.80,50416,70515916.49,3.34,-1.21,-0.17,7.87
2026-01-06,13.95,14.54,14.74,13.87,83506,119888114.02,6.25,4.45,0.62,13.03
2026-01-07,14.26,14.20,14.63,14.12,62886,90189757.67,3.51,-2.34,-0.34,9.81
2026-01-08,14.15,14.62,14.88,14.13,79507,116287593.17,5.28,2.96,0.42,12.41
2026-01-09,14.85,15.32,15.98,14.73,121809,186811551.62,8.55,4.79,0.70,19.01
2026-01-12,15.98,16.89,17.36,15.30,142032,231120808.89,13.45,10.25,1.57,22.17
2026-01-13,16.65,15.20,16.65,15.00,112161,175604986.54,9.77,-10.01,-1.69,17.51
2026-01-14,15.15,15.54,15.96,15.03,94660,146162886.20,6.12,2.24,0.34,14.77
2026-01-15,15.16,14.65,15.44,14.60,65991,98587282.69,5.41,-5.73,-0.89,10.30
2026-01-16,14.71,14.67,15.05,14.65,46113,68328307.00,2.73,0.14,0.02,7.20
2026-01-19,14.68,14.75,14.92,14.42,32489,47796717.42,3.41,0.55,0.08,5.07
2026-01-20,14.88,14.48,14.88,14.32,36640,53229350.39,3.80,-1.83,-0.27,5.72
2026-01-21,14.45,14.54,14.68,14.34,26562,38542522.45,2.35,0.41,0.06,4.15
2026-01-22,14.57,15.40,15.40,14.42,69406,104309616.29,6.74,5.91,0.86,10.83
2026-01-23,15.40,16.12,16.68,15.40,122823,197667639.37,8.31,4.68,0.72,19.17
2026-01-26,16.19,15.13,16.60,14.94,84710,131199798.05,10.30,-6.14,-0.99,13.22
2026-01-27,14.88,15.10,15.23,14.53,46136,68372689.82,4.63,-0.20,-0.03,7.20
2026-01-28,15.02,14.60,15.10,14.52,38171,56191532.00,3.84,-3.31,-0.50,5.96
2026-01-29,14.63,14.69,14.86,14.45,33631,49404912.46,2.81,0.62,0.09,5.25
2026-01-30,14.34,13.96,14.34,13.90,46093,64743585.86,3.00,-4.97,-0.73,7.19
2026-02-02,13.98,13.50,14.06,13.50,26914,36983584.35,4.01,-3.30,-0.46,4.20
2026-02-03,13.51,14.01,14.01,13.51,21970,30363769.10,3.70,3.78,0.51,3.43
2026-02-04,13.98,14.06,14.42,13.85,39619,56102117.08,4.07,0.36,0.05,6.18
2026-02-05,13.90,13.60,13.97,13.51,23658,32495547.32,3.27,-3.27,-0.46,3.69
2026-02-06,13.56,13.51,13.84,13.41,18350,25063493.33,3.16,-0.66,-0.09,2.86
2026-02-09,13.74,13.92,13.97,13.72,26096,36206968.76,1.85,3.03,0.41,4.07
2026-02-10,13.95,13.66,13.96,13.57,21219,29019860.08,2.80,-1.87,-0.26,3.31
2026-02-11,13.66,13.50,13.84,13.48,12518,17048909.81,2.64,-1.17,-0.16,1.95
2026-02-12,13.50,13.42,13.58,13.40,12202,16447833.12,1.33,-0.59,-0.08,1.90
2026-02-13,13.49,13.29,13.56,13.23,11740,15709376.90,2.46,-0.97,-0.13,1.83
2026-02-24,13.43,13.46,13.51,13.38,12841,17265642.47,0.98,1.28,0.17,2.00
2026-02-25,13.58,13.51,13.61,13.40,13934,18838160.21,1.56,0.37,0.05,2.17
2026-02-26,13.58,13.35,13.58,13.32,21408,28668738.85,1.92,-1.18,-0.16,3.34
2026-02-27,13.35,13.14,13.42,13.09,17904,23635288.94,2.47,-1.57,-0.21,2.79
2026-03-02,13.00,12.80,13.00,12.58,20360,26025360.86,3.20,-2.59,-0.34,3.18
2026-03-03,12.85,13.00,13.40,12.80,34345,44992733.38,4.69,1.56,0.20,5.36
2026-03-04,13.01,12.65,13.18,12.58,26640,34211995.51,4.62,-2.69,-0.35,4.16
2026-03-05,12.75,12.68,12.91,12.68,12766,16371113.43,1.82,0.24,0.03,1.99
2026-03-06,12.69,12.92,12.96,12.65,15833,20283236.10,2.44,1.89,0.24,2.47
2026-03-09,12.78,12.55,12.88,12.45,22001,27691334.95,3.33,-2.86,-0.37,3.43
2026-03-10,12.63,12.69,12.74,12.56,10849,13733360.08,1.43,1.12,0.14,1.69
2026-03-11,12.78,12.56,12.83,12.53,16503,20917584.19,2.36,-1.02,-0.13,2.58
2026-03-12,12.54,12.33,12.56,12.28,11351,14090742.60,2.23,-1.83,-0.23,1.77
2026-03-13,12.33,12.20,12.56,12.18,12362,15274802.19,3.08,-1.05,-0.13,1.93
2026-03-16,12.19,12.04,12.30,11.97,11704,14107179.87,2.70,-1.31,-0.16,1.83
2026-03-17,12.15,11.76,12.15,11.75,10212,12180178.07,3.32,-2.33,-0.28,1.59
2026-03-18,11.78,11.78,11.89,11.55,10589,12374235.26,2.89,0.17,0.02,1.65
2026-03-19,11.78,11.28,11.78,11.22,14979,17147194.38,4.75,-4.24,-0.50,2.34
2026-03-20,11.32,11.29,11.90,11.28,16992,19565352.72,5.50,0.09,0.01,2.65
2026-03-23,11.20,10.80,11.37,10.65,20133,22081157.53,6.38,-4.34,-0.49,3.14
2026-03-24,10.95,11.05,11.09,10.72,13783,15026117.40,3.43,2.31,0.25,2.15
2026-03-25,11.16,11.07,11.21,10.98,16727,18567363.60,2.08,0.18,0.02,2.61
2026-03-26,11.03,10.79,11.20,10.77,10321,11322749.13,3.88,-2.53,-0.28,1.61
2026-03-27,10.66,10.74,10.84,10.58,10614,11420789.73,2.41,-0.46,-0.05,1.66
2026-03-30,10.63,10.73,10.83,10.47,10869,11577711.55,3.35,-0.09,-0.01,1.70
2026-03-31,10.73,11.23,11.36,10.73,37294,41545436.26,5.87,4.66,0.50,5.82
2026-04-01,11.37,11.05,11.47,10.86,32781,36252430.21,5.43,-1.60,-0.18,5.12
2026-04-02,11.09,11.08,11.35,10.90,24514,27316789.60,4.07,0.27,0.03,3.83
2026-04-03,11.20,10.55,11.20,10.51,19615,21105368.86,6.23,-4.78,-0.53,3.06
2026-04-07,10.55,10.37,10.64,10.30,17359,18190385.86,3.22,-1.71,-0.18,2.71
2026-04-08,10.59,10.91,10.97,10.53,21849,23445741.98,4.24,5.21,0.54,3.41
2026-04-09,10.88,10.80,11.16,10.74,20337,22249696.10,3.85,-1.01,-0.11,3.17
2026-04-10,10.85,10.96,11.10,10.85,13807,15186864.09,2.31,1.48,0.16,2.15
2026-04-13,10.96,10.82,10.97,10.78,8868,9638952.96,1.73,-1.28,-0.14,1.38
2026-04-14,10.84,10.90,11.00,10.74,8833,9576862.13,2.40,0.74,0.08,1.38
2026-04-15,11.04,10.91,11.18,10.85,10646,11718575.93,3.03,0.09,0.01,1.66
2026-04-16,10.89,10.93,10.99,10.83,10641,11611519.25,1.47,0.18,0.02,1.66
2026-04-17,10.91,11.45,11.55,10.82,29637,33340853.49,6.68,4.76,0.52,4.63
2026-04-20,11.45,11.66,11.87,11.34,24256,28356139.55,4.63,1.83,0.21,3.79
2026-04-21,11.67,11.34,11.71,11.28,16694,19016493.03,3.69,-2.74,-0.32,2.61
2026-04-22,11.36,11.54,11.60,11.29,16195,18634041.03,2.73,1.76,0.20,2.53
2026-04-23,11.59,11.22,11.59,11.08,19124,21489872.88,4.42,-2.77,-0.32,2.98
2026-04-24,11.23,10.89,11.23,10.85,12393,13578388.97,3.39,-2.94,-0.33,1.93
2026-04-27,10.85,10.72,10.85,10.60,10922,11680778.81,2.30,-1.56,-0.17,1.70
2026-04-28,10.81,10.42,10.81,10.41,11842,12500092.64,3.73,-2.80,-0.30,1.85
2026-04-29,10.50,10.60,10.66,10.42,10836,11458619.51,2.30,1.73,0.18,1.69
2026-04-30,10.60,10.72,10.81,10.55,10885,11663353.76,2.45,1.13,0.12,1.70
2026-05-06,10.72,10.91,10.98,10.72,9345,10178729.25,2.43,1.77,0.19,1.46
2026-05-07,10.99,11.11,11.29,10.93,13293,14812066.58,3.30,1.83,0.20,2.07
2026-05-08,11.11,11.53,11.64,11.01,25596,29162740.30,5.67,3.78,0.42,3.99
2026-05-11,11.53,11.55,11.70,11.30,25528,29205768.94,3.47,0.17,0.02,3.98
2026-05-12,11.59,11.28,11.69,11.22,19621,22392072.06,4.07,-2.34,-0.27,3.06
2026-05-13,11.26,11.41,11.48,11.22,14078,15946798.23,2.30,1.15,0.13,2.20
2026-05-14,11.46,11.13,11.46,11.10,11461,12886321.93,3.16,-2.45,-0.28,1.79
2026-05-15,11.91,12.06,13.33,11.87,100222,126259033.97,13.12,8.36,0.93,15.64
2026-05-18,11.46,12.40,12.78,11.32,77967,93086742.12,12.11,2.82,0.34,12.17
2026-05-19,12.05,12.18,12.60,12.03,51889,63610672.79,4.60,-1.77,-0.22,8.10
2026-05-20,12.07,11.77,12.38,11.61,40075,47879003.71,6.32,-3.37,-0.41,6.25
2026-05-21,11.63,11.44,11.96,11.33,28617,33527508.38,5.35,-2.80,-0.33,4.47
2026-05-22,11.55,12.95,13.60,11.50,106824,136758192.03,18.36,13.20,1.51,16.67
2026-05-25,12.58,12.57,12.98,12.40,63873,80757522.62,4.48,-2.93,-0.38,9.97
2026-05-26,12.43,12.47,12.76,12.03,50233,61944770.14,5.81,-0.80,-0.10,7.84
2026-05-27,12.36,11.95,12.44,11.61,45313,53950154.26,6.66,-4.17,-0.52,7.07
2026-05-28,12.10,13.23,13.51,12.09,91094,117582527.89,11.88,10.71,1.28,14.22
2026-05-29,13.17,13.17,13.60,12.86,70507,93406334.46,5.59,-0.45,-0.06,11.00
2026-06-01,13.06,12.88,13.47,12.61,49402,64210853.22,6.53,-2.20,-0.29,7.71
2026-06-02,12.78,13.65,13.88,12.53,73543,98161210.00,10.48,5.98,0.77,11.48
2026-06-03,13.65,13.41,13.67,13.07,49362,65991896.49,4.40,-1.76,-0.24,7.70
2026-06-04,13.25,13.30,13.54,13.00,50189,66724477.38,4.03,-0.82,-0.11,7.83
2026-06-05,13.79,13.35,14.13,13.01,82500,112038344.51,8.42,0.38,0.05,12.88
2026-06-08,12.40,12.49,13.30,12.16,55090,70082623.68,8.54,-6.44,-0.86,8.60
2026-06-09,12.86,12.77,13.10,12.56,40557,51816338.19,4.32,2.24,0.28,6.33
2026-06-10,12.75,11.61,12.75,11.61,51227,61588056.89,8.93,-9.08,-1.16,8.00
2026-06-11,11.48,10.88,11.59,10.83,37883,41806813.47,6.55,-6.29,-0.73,5.91
2026-06-12,10.95,10.89,11.35,10.85,25878,28675826.20,4.60,0.09,0.01,4.04