2026-01-05,50.03,51.01,51.41,49.81,7639,38986629.00,3.20,1.98,0.99,4.54
2026-01-06,51.75,50.77,51.75,50.60,4764,24341242.00,2.25,-0.47,-0.24,2.83
2026-01-07,50.77,50.00,51.30,49.88,6283,31789790.00,2.80,-1.52,-0.77,3.74
2026-01-08,49.83,50.97,51.20,49.80,6403,32652398.00,2.80,1.94,0.97,3.81
2026-01-09,51.20,51.04,51.22,50.41,6526,33286155.00,1.59,0.14,0.07,3.88
2026-01-12,51.12,53.20,54.46,50.95,15868,83436861.00,6.88,4.23,2.16,9.44
2026-01-13,52.93,52.24,53.17,52.10,10832,57191211.00,2.01,-1.80,-0.96,6.44
2026-01-14,52.57,52.29,53.00,51.46,8607,45241414.00,2.95,0.10,0.05,5.12
2026-01-15,52.28,52.65,53.07,51.89,6242,32845991.00,2.26,0.69,0.36,3.71
2026-01-16,53.27,52.84,53.33,52.18,6404,33828084.00,2.18,0.36,0.19,3.81
2026-01-19,52.80,53.21,53.33,52.49,5370,28603808.00,1.59,0.70,0.37,3.19
2026-01-20,53.40,53.33,53.74,53.05,5606,30011596.00,1.30,0.23,0.12,3.33
2026-01-21,52.90,53.65,53.66,52.90,3993,21432874.00,1.43,0.60,0.32,2.37
2026-01-22,53.95,53.76,54.10,53.53,5327,28781385.00,1.06,0.21,0.11,3.17
2026-01-23,53.83,54.01,54.09,53.56,5603,30244487.00,0.99,0.47,0.25,3.33
2026-01-26,54.03,55.38,57.20,54.03,25771,144364768.00,5.87,2.54,1.37,15.33
2026-01-27,55.20,57.58,58.18,53.43,29594,167673853.00,8.58,3.97,2.20,17.60
2026-01-28,57.36,60.72,62.66,56.48,45089,272034252.00,10.73,5.45,3.14,26.81
2026-01-29,59.50,61.34,62.90,59.10,38600,238868613.00,6.26,1.02,0.62,22.96
2026-01-30,60.72,63.43,63.80,60.12,35978,227686859.00,6.00,3.41,2.09,21.40
2026-02-02,62.80,58.48,63.73,58.39,32204,195967495.00,8.42,-7.80,-4.95,19.15
2026-02-03,59.32,58.59,59.79,56.93,22416,130726453.00,4.89,0.19,0.11,13.33
2026-02-04,57.97,56.96,58.50,56.36,16799,96057560.00,3.65,-2.78,-1.63,9.99
2026-02-05,56.80,56.81,58.23,56.41,12682,72794267.00,3.20,-0.26,-0.15,7.54
2026-02-06,56.75,56.82,57.82,56.30,10166,58258092.00,2.68,0.02,0.01,6.05
2026-02-09,57.80,57.37,58.30,56.67,10178,58458741.00,2.87,0.97,0.55,6.05
2026-02-10,57.72,56.70,57.72,56.63,10538,60339304.00,1.90,-1.17,-0.67,6.27
2026-02-11,56.64,56.50,57.00,56.50,6518,37117096.00,0.88,-0.35,-0.20,3.88
2026-02-12,56.79,56.11,56.82,55.70,7780,43894579.00,1.98,-0.69,-0.39,4.63
2026-02-13,56.10,55.88,56.97,55.80,5203,29430502.00,2.09,-0.41,-0.23,3.09
2026-02-24,56.51,57.01,57.30,55.91,7163,40722518.00,2.49,2.02,1.13,4.26
2026-02-25,57.58,57.01,57.58,56.58,6943,39719783.00,1.75,0.00,0.00,4.13
2026-02-26,57.28,56.44,57.28,56.13,8820,49971669.00,2.02,-1.00,-0.57,5.25
2026-02-27,56.70,56.21,56.72,55.50,7808,43941451.00,2.16,-0.41,-0.23,4.64
2026-03-02,54.95,53.35,55.73,53.19,13810,74811089.00,4.52,-5.09,-2.86,8.21
2026-03-03,53.77,51.28,54.28,51.14,11709,61866186.00,5.89,-3.88,-2.07,6.96
2026-03-04,50.80,50.62,51.33,50.18,8913,45416958.00,2.24,-1.29,-0.66,5.30
2026-03-05,51.24,51.42,52.18,51.11,8777,45505227.00,2.11,1.58,0.80,5.22
2026-03-06,51.43,52.68,52.75,51.43,6930,36403701.00,2.57,2.45,1.26,4.12
2026-03-09,51.77,51.73,52.58,51.03,8718,45241904.00,2.94,-1.80,-0.95,5.18
2026-03-10,52.57,53.82,53.95,52.55,9668,51886505.00,2.71,4.04,2.09,5.75
2026-03-11,54.15,53.20,54.42,52.58,11094,59500085.00,3.42,-1.15,-0.62,6.60
2026-03-12,53.40,52.58,53.70,52.39,7376,39245363.00,2.46,-1.17,-0.62,4.39
2026-03-13,52.31,52.17,53.40,52.00,5150,27239172.00,2.66,-0.78,-0.41,3.06
2026-03-16,52.20,52.38,52.67,51.81,5459,28605824.00,1.65,0.40,0.21,3.25
2026-03-17,52.91,51.29,53.25,50.96,6805,35509542.00,4.37,-2.08,-1.09,4.05
2026-03-18,51.54,51.86,52.03,50.84,7516,38915381.00,2.32,1.11,0.57,4.47
2026-03-19,51.80,50.24,51.80,49.93,8442,42825721.00,3.61,-3.12,-1.62,5.02
2026-03-20,50.93,48.86,50.94,48.70,7944,39530841.00,4.46,-2.75,-1.38,4.72
2026-03-23,48.30,45.25,48.30,44.80,10844,50726020.00,7.16,-7.39,-3.61,6.45
2026-03-24,46.62,47.41,47.57,45.83,9931,46515540.00,3.85,4.77,2.16,5.91
2026-03-25,47.88,48.44,49.00,47.66,6048,29420009.00,2.83,2.17,1.03,3.60
2026-03-26,48.44,47.23,48.69,47.00,4966,23759583.00,3.49,-2.50,-1.21,2.95
2026-03-27,46.90,48.09,48.40,46.50,6125,29400219.00,4.02,1.82,0.86,3.64
2026-03-30,48.09,48.27,48.38,47.40,5612,27050959.00,2.04,0.37,0.18,3.34
2026-03-31,48.41,47.17,48.76,47.16,7832,37616936.00,3.31,-2.28,-1.10,4.66
2026-04-01,48.28,48.20,48.71,47.46,7559,36507644.00,2.65,2.18,1.03,4.50
2026-04-02,48.19,47.08,48.40,46.70,6490,30930696.00,3.53,-2.32,-1.12,3.86
2026-04-03,47.13,45.86,47.28,45.60,5825,26994768.00,3.57,-2.59,-1.22,3.46
2026-04-07,46.09,47.66,47.94,45.63,7354,34871122.00,5.04,3.92,1.80,4.37
2026-04-08,48.68,49.37,49.49,48.60,7453,36786396.00,1.87,3.59,1.71,4.43
2026-04-09,49.38,48.73,50.00,48.41,6319,31122236.00,3.22,-1.30,-0.64,3.76
2026-04-10,49.40,49.28,50.09,49.20,5870,29242754.00,1.83,1.13,0.55,3.49
2026-04-13,49.18,49.05,49.50,48.50,4751,23396269.00,2.03,-0.47,-0.23,2.83
2026-04-14,49.50,49.14,49.78,48.65,4496,22161472.00,2.30,0.18,0.09,2.67
2026-04-15,49.40,49.64,51.01,49.24,10490,52614544.00,3.60,1.02,0.50,6.24
2026-04-16,49.63,50.38,50.52,49.35,6362,31845278.00,2.36,1.49,0.74,3.78
2026-04-17,50.60,50.13,50.60,49.80,4946,24885885.00,1.59,-0.50,-0.25,2.94
2026-04-20,50.05,50.46,50.60,49.90,3983,20101819.00,1.40,0.66,0.33,2.37
2026-04-21,50.67,50.38,50.67,49.93,3177,16017090.00,1.47,-0.16,-0.08,1.89
2026-04-22,50.68,50.51,50.69,50.05,4974,25204708.00,1.27,0.26,0.13,2.96
2026-04-23,50.15,48.32,50.51,48.11,9453,46361729.00,4.75,-4.34,-2.19,5.62
2026-04-24,47.84,48.48,49.00,47.00,7764,37448250.00,4.14,0.33,0.16,4.62
2026-04-27,48.42,49.34,49.70,47.61,7699,37725002.00,4.31,1.77,0.86,4.58
2026-04-28,49.19,48.98,49.70,48.50,8635,42561669.00,2.43,-0.73,-0.36,5.14
2026-04-29,49.28,49.60,50.23,48.76,8076,40339616.00,3.00,1.27,0.62,4.80
2026-04-30,49.49,50.27,50.65,49.49,4705,23733546.00,2.34,1.35,0.67,2.80
2026-05-06,51.00,50.74,52.16,50.10,10189,52138304.00,4.10,0.93,0.47,6.06
2026-05-07,50.85,51.10,51.66,50.51,6461,33265850.00,2.27,0.71,0.36,3.84
2026-05-08,51.10,52.19,52.28,50.92,6687,34722051.00,2.66,2.13,1.09,3.98
2026-05-11,52.40,52.98,53.28,51.80,8145,43009987.00,2.84,1.51,0.79,4.84
2026-05-12,53.03,52.55,54.43,51.95,9611,50982823.00,4.68,-0.81,-0.43,5.72
2026-05-13,53.05,52.81,53.18,52.16,6791,35954217.00,1.94,0.49,0.26,4.04
2026-05-14,53.07,53.66,55.25,52.68,16012,86363134.00,4.87,1.61,0.85,9.52
2026-05-15,53.60,52.69,55.17,52.28,17704,95596794.00,5.39,-1.81,-0.97,10.53
2026-05-18,52.97,54.47,54.80,51.71,18481,98997635.00,5.86,3.38,1.78,10.99
2026-05-19,54.29,53.86,54.75,53.22,9398,50760094.00,2.81,-1.12,-0.61,5.59
2026-05-20,53.84,52.88,53.84,52.38,7211,38280315.00,2.71,-1.82,-0.98,4.29
2026-05-21,53.08,51.33,53.88,51.19,8608,45525592.00,5.09,-2.93,-1.55,5.12
2026-05-22,51.05,52.22,52.90,50.70,10065,52657601.00,4.29,1.73,0.89,5.99
2026-05-25,52.28,49.79,52.57,49.30,13183,66559826.00,6.26,-4.65,-2.43,7.84
2026-05-26,50.09,49.16,50.46,48.38,10177,50186547.00,4.18,-1.27,-0.63,6.05
2026-05-27,49.16,46.15,49.56,45.51,17999,83954669.00,8.24,-6.12,-3.01,10.70
2026-05-28,45.95,45.07,46.80,43.87,15802,71139452.00,6.35,-2.34,-1.08,9.40
2026-05-29,45.08,45.09,46.58,44.28,17343,78692859.00,5.10,0.04,0.02,10.31
2026-06-01,44.86,46.45,47.18,44.55,11456,53071570.00,5.83,3.02,1.36,6.81
2026-06-02,46.47,45.84,47.16,45.44,9006,41415652.00,3.70,-1.31,-0.61,5.36
2026-06-03,45.61,44.87,45.99,44.18,8629,38805670.00,3.95,-2.12,-0.97,5.13
2026-06-04,44.54,43.44,44.65,42.70,11692,50759035.00,4.35,-3.19,-1.43,6.95
2026-06-05,43.13,44.41,45.28,42.73,10339,45604912.00,5.87,2.23,0.97,6.15
2026-06-08,43.69,42.70,44.40,42.11,9929,42902061.00,5.16,-3.85,-1.71,5.90
2026-06-09,43.14,43.47,43.73,42.51,6878,29729469.00,2.86,1.80,0.77,4.09
2026-06-10,43.56,43.73,44.23,41.87,10067,43347737.00,5.43,0.60,0.26,5.99
2026-06-11,43.80,42.69,43.80,41.88,6922,29485730.00,4.39,-2.38,-1.04,4.12
2026-06-12,43.50,46.40,49.30,42.60,23880,109800653.00,15.69,8.69,3.71,14.20
2026-06-15,46.51,46.02,48.80,45.36,21446,99815817.00,7.41,-0.82,-0.38,12.75
2026-06-16,45.94,45.77,46.85,44.58,13815,62925742.00,4.93,-0.54,-0.25,8.22
2026-06-17,45.23,46.45,46.85,44.69,16310,75166053.00,4.72,1.49,0.68,9.70
2026-06-18,46.45,47.40,47.80,45.01,13739,64253150.00,6.01,2.05,0.95,8.17
2026-06-22,47.19,46.43,47.19,44.94,10946,50228586.00,4.75,-2.05,-0.97,6.51
2026-06-23,45.88,47.08,48.18,45.80,10569,49561248.00,5.13,1.40,0.65,6.29
2026-06-24,46.95,45.95,47.21,45.70,8150,37628090.00,3.21,-2.40,-1.13,4.85
2026-06-25,46.30,44.69,46.30,44.42,9223,41571194.00,4.09,-2.74,-1.26,5.49
2026-06-26,44.54,43.71,44.80,43.18,9356,41123277.00,3.62,-2.19,-0.98,5.56
2026-06-29,43.93,42.18,44.00,41.23,11196,47422167.00,6.34,-3.50,-1.53,6.66
2026-06-30,42.36,42.37,43.80,41.68,11199,47714837.00,5.03,0.45,0.19,6.66
2026-07-01,42.33,42.23,43.16,41.51,10889,46021730.00,3.89,-0.33,-0.14,6.48
2026-07-02,42.55,43.69,45.20,42.03,14609,64119319.00,7.51,3.46,1.46,8.69
2026-07-03,43.70,43.82,44.86,43.47,10495,46455145.00,3.18,0.30,0.13,6.24
2026-07-06,43.82,43.05,44.32,42.72,7992,34767799.00,3.65,-1.76,-0.77,4.75
2026-07-07,42.90,41.09,43.49,40.90,10418,43330437.00,6.02,-4.55,-1.96,6.20
2026-07-08,41.29,40.24,41.40,39.88,6576,26573967.00,3.70,-2.07,-0.85,3.91
2026-07-09,40.04,38.95,40.44,38.36,9290,36413726.00,5.17,-3.21,-1.29,5.53
2026-07-10,39.25,40.03,41.49,39.02,10139,40933281.00,6.34,2.77,1.08,6.03
2026-07-13,40.23,38.74,40.50,38.70,7103,27918954.00,4.50,-3.22,-1.29,4.22
2026-07-14,39.00,39.35,39.45,38.06,5667,22029451.00,3.59,1.57,0.61,3.37
2026-07-15,39.35,39.39,40.13,39.01,5982,23701849.00,2.85,0.10,0.04,3.56
2026-07-16,39.08,39.55,40.55,38.70,7445,29603951.00,4.70,0.41,0.16,4.43
2026-07-17,39.55,37.90,40.17,37.49,8522,32974510.00,6.78,-4.17,-1.65,5.07
2026-07-20,38.10,36.47,39.23,35.54,10433,38846497.00,9.74,-3.77,-1.43,6.20
2026-07-21,36.65,36.02,36.65,34.19,10271,36540854.00,6.75,-1.23,-0.45,6.11
2026-07-22,36.02,35.05,36.19,35.02,7601,26927201.00,3.25,-2.69,-0.97,4.52
2026-07-23,35.00,35.87,35.96,34.90,5848,20779954.00,3.02,2.34,0.82,3.48
2026-07-24,35.85,35.08,35.85,34.70,5375,18966834.00,3.21,-2.20,-0.79,3.20
2026-07-27,34.98,36.56,36.84,34.98,7663,27718937.00,5.30,4.22,1.48,4.56
2026-07-28,36.36,36.75,37.60,36.12,6839,25373672.00,4.05,0.52,0.19,4.07
2026-07-29,36.75,38.01,38.50,36.65,8068,30317754.00,5.03,3.43,1.26,4.80
2026-07-30,37.99,37.13,38.68,36.92,6837,25843697.00,4.63,-2.32,-0.88,4.07
2026-07-31,37.38,38.10,38.37,37.21,5045,19177458.00,3.12,2.61,0.97,3.00
2026-08-03,38.20,39.00,39.12,38.14,5321,20562769.00,2.57,2.36,0.90,3.16
2026-08-04,39.20,39.48,40.09,39.00,7539,29798830.00,2.79,1.23,0.48,4.48
2026-08-05,39.52,39.34,39.95,39.20,5708,22556501.90,1.90,-0.35,-0.14,3.39