2026-01-05,24.37,25.69,25.69,24.21,156776,405796101.00,6.35,10.21,2.38,7.71
2026-01-06,27.38,28.31,28.31,27.05,461780,1315758014.00,4.90,10.20,2.62,22.71
2026-01-07,28.50,26.32,28.94,26.02,362175,999477749.00,10.31,-7.03,-1.99,17.81
2026-01-08,26.02,26.75,27.68,25.97,289383,789369003.00,6.50,1.63,0.43,14.23
2026-01-09,26.10,27.05,27.08,25.76,245445,665242322.00,4.93,1.12,0.30,12.07
2026-01-12,27.11,27.49,27.99,26.85,215232,600457045.00,4.21,1.63,0.44,10.58
2026-01-13,27.82,26.79,29.35,26.62,249636,712483254.00,9.93,-2.55,-0.70,12.28
2026-01-14,26.50,27.12,27.61,26.50,177450,489204348.00,4.14,1.23,0.33,8.73
2026-01-15,26.97,27.21,28.01,26.68,140371,391970305.00,4.90,0.33,0.09,6.90
2026-01-16,27.21,26.13,27.35,25.88,120538,323734429.00,5.40,-3.97,-1.08,5.93
2026-01-19,26.30,25.75,26.40,25.58,84584,222774731.00,3.14,-1.45,-0.38,4.16
2026-01-20,25.67,25.91,26.30,25.47,75330,198304621.00,3.22,0.62,0.16,3.70
2026-01-21,25.68,26.15,26.21,25.24,76756,202200532.00,3.74,0.93,0.24,3.77
2026-01-22,26.16,26.47,26.47,25.96,68273,182435902.00,1.95,1.22,0.32,3.36
2026-01-23,26.49,26.34,26.64,26.23,78533,211084922.00,1.55,-0.49,-0.13,3.86
2026-01-26,26.20,25.00,26.34,24.85,94767,245894251.00,5.66,-5.09,-1.34,4.66
2026-01-27,25.01,24.55,25.16,23.99,66832,166425509.00,4.68,-1.80,-0.45,3.29
2026-01-28,24.54,24.66,24.98,24.12,48728,122750805.00,3.50,0.45,0.11,2.40
2026-01-29,24.55,24.34,24.88,24.24,41188,103098037.00,2.60,-1.30,-0.32,2.03
2026-01-30,24.39,23.75,24.50,23.62,53965,131619962.00,3.62,-2.42,-0.59,2.65
2026-02-02,23.51,23.52,23.89,23.50,35385,85544972.00,1.64,-0.97,-0.23,1.74
2026-02-03,23.66,23.89,23.98,23.57,27349,66418442.00,1.74,1.57,0.37,1.36
2026-02-04,23.69,24.21,24.43,23.68,46470,114456952.00,3.14,1.34,0.32,2.31
2026-02-05,24.29,24.21,24.35,24.07,27004,66680126.00,1.16,0.00,0.00,1.34
2026-02-06,24.23,24.45,24.55,23.95,31533,78308998.00,2.48,0.99,0.24,1.57
2026-02-09,24.47,24.80,24.92,24.32,45959,115345799.00,2.45,1.43,0.35,2.29
2026-02-10,24.82,24.22,24.83,24.19,37018,92403720.00,2.58,-2.34,-0.58,1.84
2026-02-11,24.10,23.85,24.37,23.84,30100,73829194.00,2.19,-1.53,-0.37,1.50
2026-02-12,23.95,23.78,23.95,23.62,22693,55191578.00,1.38,-0.29,-0.07,1.13
2026-02-13,23.60,23.76,24.01,23.56,19516,47566161.00,1.89,-0.08,-0.02,0.97
2026-02-24,24.00,23.81,24.10,23.68,18943,46061691.00,1.77,0.21,0.05,0.94
2026-02-25,24.05,24.21,24.58,23.94,39055,96864961.00,2.69,1.68,0.40,1.94
2026-02-26,24.23,23.71,24.23,23.65,34865,84916629.00,2.40,-2.07,-0.50,1.73
2026-02-27,23.66,23.75,23.87,23.55,29579,71432350.00,1.35,0.17,0.04,1.47
2026-03-02,23.43,22.66,23.43,22.55,47642,111233649.00,3.71,-4.59,-1.09,2.37
2026-03-03,22.87,21.90,22.96,21.89,41574,94838081.00,4.72,-3.35,-0.76,2.07
2026-03-04,21.70,21.25,21.85,21.05,46153,101065608.00,3.65,-2.97,-0.65,2.30
2026-03-05,21.63,21.58,21.69,21.30,31165,68616516.00,1.84,1.55,0.33,1.55
2026-03-06,21.59,21.78,22.38,21.50,53312,119505533.00,4.08,0.93,0.20,2.65
2026-03-09,21.35,21.40,21.75,21.00,36836,80105696.00,3.44,-1.74,-0.38,1.83
2026-03-10,21.55,21.89,21.90,21.54,27185,60447894.00,1.68,2.29,0.49,1.35
2026-03-11,22.00,21.77,22.08,21.65,30564,68241955.00,1.96,-0.55,-0.12,1.52
2026-03-12,21.68,21.47,21.73,21.38,25280,55649730.00,1.61,-1.38,-0.30,1.26
2026-03-13,21.30,21.67,22.12,21.20,39269,87221378.00,4.29,0.93,0.20,1.95
2026-03-16,21.68,21.76,21.98,21.62,30489,67926961.00,1.66,0.42,0.09,1.52
2026-03-17,21.78,21.53,22.11,21.51,33568,74909123.00,2.76,-1.06,-0.23,1.67
2026-03-18,21.50,21.88,21.91,21.42,28197,62524437.00,2.28,1.63,0.35,1.40
2026-03-19,21.63,21.30,21.80,21.16,27647,60616096.00,2.93,-2.65,-0.58,1.38
2026-03-20,21.32,20.00,21.41,19.98,62857,131773518.00,6.71,-6.10,-1.30,3.13
2026-03-23,19.59,18.82,19.70,18.60,54405,107366620.00,5.50,-5.90,-1.18,2.71
2026-03-24,19.15,19.59,19.60,18.82,44140,87088589.00,4.14,4.09,0.77,2.20
2026-03-25,19.63,19.53,19.70,19.38,33639,67281946.00,1.63,-0.31,-0.06,1.67
2026-03-26,19.53,19.08,19.72,18.99,35819,70940719.00,3.74,-2.30,-0.45,1.78
2026-03-27,18.86,19.47,19.50,18.80,30689,60868134.00,3.67,2.04,0.39,1.53
2026-03-30,19.36,19.51,19.58,19.06,21468,42640506.00,2.67,0.21,0.04,1.07
2026-03-31,20.23,19.35,20.23,19.35,36414,73808412.00,4.51,-0.82,-0.16,1.81
2026-04-01,19.88,20.00,20.00,19.56,38055,77253068.00,2.27,3.36,0.65,1.89
2026-04-02,19.87,19.57,19.95,19.46,26899,54195225.00,2.45,-2.15,-0.43,1.34
2026-04-03,19.60,19.25,19.60,19.17,19807,39268987.00,2.20,-1.64,-0.32,0.99
2026-04-07,19.28,19.41,19.53,19.20,14913,29676427.00,1.71,0.83,0.16,0.74
2026-04-08,19.78,20.08,20.11,19.66,31978,65364472.00,2.32,3.45,0.67,1.59
2026-04-09,19.96,19.51,20.04,19.51,32632,65843217.00,2.64,-2.84,-0.57,1.62
2026-04-10,19.51,19.73,20.01,19.51,31337,63788862.00,2.56,1.13,0.22,1.56
2026-04-13,19.50,19.56,19.73,19.46,23662,47484936.00,1.37,-0.86,-0.17,1.18
2026-04-14,19.68,19.64,19.75,19.35,29039,58124861.00,2.04,0.41,0.08,1.44
2026-04-15,19.68,19.61,20.07,19.53,32419,65638300.00,2.75,-0.15,-0.03,1.61
2026-04-16,19.58,19.82,19.88,19.48,32927,66545553.00,2.04,1.07,0.21,1.64
2026-04-17,19.75,19.53,19.75,19.35,40052,79992037.00,2.02,-1.46,-0.29,1.99
2026-04-20,19.53,19.65,19.76,19.45,30015,60505263.00,1.59,0.61,0.12,1.49
2026-04-21,19.62,19.52,19.62,19.35,28041,56006598.00,1.37,-0.66,-0.13,1.39
2026-04-22,19.48,19.50,19.52,19.32,23472,46797569.00,1.02,-0.10,-0.02,1.17
2026-04-23,19.50,19.57,19.66,19.30,38076,76216522.00,1.85,0.36,0.07,1.89
2026-04-24,19.36,19.57,19.67,19.01,42344,84124815.00,3.37,0.00,0.00,2.11
2026-04-27,20.71,21.58,21.58,20.71,63968,139860876.00,4.45,10.27,2.01,3.18
2026-04-28,21.83,22.02,22.25,21.33,179160,399803989.00,4.26,2.04,0.44,8.91
2026-04-29,21.81,21.65,21.83,21.38,82524,182602623.00,2.04,-1.68,-0.37,4.10
2026-04-30,21.52,21.80,22.22,21.52,78064,175020958.00,3.23,0.69,0.15,3.88
2026-05-06,21.69,21.95,22.08,21.51,79313,177609548.00,2.61,0.69,0.15,3.94
2026-05-07,21.96,22.20,22.76,21.80,92453,210714678.00,4.37,1.14,0.25,4.60
2026-05-08,22.12,22.50,22.60,21.95,68541,156689726.00,2.93,1.35,0.30,3.41
2026-05-11,22.50,22.15,22.50,21.85,70092,158160199.00,2.89,-1.56,-0.35,3.49
2026-05-12,22.10,21.78,22.15,21.71,40883,91341355.00,1.99,-1.67,-0.37,2.03
2026-05-13,21.82,21.93,21.98,21.72,35138,78602275.00,1.19,0.69,0.15,1.75
2026-05-14,22.01,21.16,22.01,21.14,51677,113440913.00,3.97,-3.51,-0.77,2.57
2026-05-15,20.94,21.83,22.24,20.94,72696,162486511.00,6.14,3.17,0.67,3.62
2026-05-18,21.56,21.46,21.68,21.26,39516,86559383.00,1.92,-1.69,-0.37,1.97
2026-05-19,21.50,21.96,22.34,21.47,57968,130261482.00,4.05,2.33,0.50,2.88
2026-05-20,21.96,21.14,21.98,21.00,48142,104605621.00,4.46,-3.73,-0.82,2.39
2026-05-21,21.05,20.69,21.54,20.58,47490,102600237.00,4.54,-2.13,-0.45,2.36
2026-05-22,20.58,20.60,20.98,20.16,45864,96159089.00,3.96,-0.43,-0.09,2.28
2026-05-25,20.62,20.09,20.78,19.91,37800,78029161.00,4.22,-2.48,-0.51,1.88
2026-05-26,20.25,19.58,20.25,19.38,40097,80681136.00,4.33,-2.54,-0.51,1.99
2026-05-27,19.59,18.70,19.59,18.67,46329,90064528.00,4.70,-4.49,-0.88,2.30
2026-05-28,18.78,18.59,18.89,18.09,40376,76842212.00,4.28,-0.59,-0.11,2.01
2026-05-29,18.55,18.52,18.96,18.16,47107,89849397.00,4.30,-0.38,-0.07,2.34
2026-06-01,18.52,19.05,19.15,18.30,40614,78788629.00,4.59,2.86,0.53,2.02
2026-06-02,18.95,18.74,19.04,18.50,25369,48723759.00,2.83,-1.63,-0.31,1.26
2026-06-03,18.73,18.79,19.18,18.46,30965,59861483.00,3.84,0.27,0.05,1.54
2026-06-04,18.51,18.16,18.82,18.10,30945,58305455.00,3.83,-3.35,-0.63,1.54
2026-06-05,18.24,18.34,18.68,17.92,25871,48679027.00,4.19,0.99,0.18,1.29
2026-06-08,18.02,17.98,18.40,17.65,25491,47185099.00,4.09,-1.96,-0.36,1.27
2026-06-09,18.12,18.19,18.40,17.90,24416,45607147.00,2.78,1.17,0.21,1.21
2026-06-10,18.47,18.36,18.50,18.08,20201,36831805.00,2.31,0.93,0.17,1.00
2026-06-11,18.03,18.39,18.66,18.03,21044,38401632.00,3.43,0.16,0.03,1.05
2026-06-12,18.65,18.73,18.83,18.48,21174,39549341.00,1.90,1.85,0.34,1.05
2026-06-15,18.72,19.57,19.62,18.72,37064,71414539.00,4.81,4.48,0.84,1.84
2026-06-16,19.56,19.01,19.56,18.82,35412,67400223.00,3.78,-2.86,-0.56,1.76
2026-06-17,18.85,19.82,19.93,18.85,41896,81130394.00,5.68,4.26,0.81,2.08
2026-06-18,19.70,20.59,20.88,19.50,78313,159041791.00,6.96,3.88,0.77,3.90
2026-06-22,20.38,19.42,20.50,19.20,64463,126345601.00,6.31,-5.68,-1.17,3.21
2026-06-23,19.53,19.01,19.80,18.94,41401,79579882.00,4.43,-2.11,-0.41,2.06
2026-06-24,18.55,18.56,19.23,18.51,33044,62183278.00,3.79,-2.37,-0.45,1.64
2026-06-25,18.47,17.41,18.56,17.30,55218,97739582.00,6.79,-6.20,-1.15,2.75
2026-06-26,17.28,16.81,17.32,16.76,29320,49702725.00,3.22,-3.45,-0.60,1.46
2026-06-29,16.78,17.00,17.18,16.31,32969,55641812.00,5.18,1.13,0.19,1.64
2026-06-30,16.97,16.97,17.15,16.78,25346,42945291.00,2.18,-0.18,-0.03,1.26
2026-07-01,16.97,17.50,17.62,16.83,32625,56498841.00,4.66,3.12,0.53,1.62
2026-07-02,17.71,18.14,18.50,17.52,43408,78818802.00,5.60,3.66,0.64,2.16
2026-07-03,18.15,18.88,19.05,18.14,40160,75172390.00,5.02,4.08,0.74,2.00
2026-07-06,18.30,19.00,19.22,18.30,31651,60015285.00,4.87,0.64,0.12,1.57
2026-07-07,19.00,18.56,19.15,18.49,28381,53234228.00,3.47,-2.32,-0.44,1.41
2026-07-08,18.20,17.95,18.77,17.86,26781,48433301.00,4.90,-3.29,-0.61,1.33
2026-07-09,17.91,17.65,18.13,17.40,28694,50679399.00,4.07,-1.67,-0.30,1.43
2026-07-10,17.65,17.82,18.15,17.31,31054,55392935.00,4.76,0.96,0.17,1.54
2026-07-13,17.50,17.24,17.86,17.14,28439,49475678.00,4.04,-3.25,-0.58,1.41
2026-07-14,17.39,17.47,17.61,17.03,21832,37952539.00,3.36,1.33,0.23,1.09
2026-07-15,17.80,17.71,17.85,17.37,21228,37509306.00,2.75,1.37,0.24,1.06
2026-07-16,17.53,17.77,17.97,17.45,21918,38957759.00,2.94,0.34,0.06,1.09
2026-07-17,17.79,16.80,17.94,16.66,34790,59606037.00,7.20,-5.46,-0.97,1.73
2026-07-20,17.26,16.51,17.26,16.25,32189,53986780.00,6.01,-1.73,-0.29,1.60
2026-07-21,16.52,16.37,16.62,15.92,32721,53320066.00,4.24,-0.85,-0.14,1.63
2026-07-22,16.15,16.06,16.42,15.98,22568,36448220.00,2.69,-1.89,-0.31,1.12
2026-07-23,16.15,16.67,16.73,16.00,20341,33389644.00,4.55,3.80,0.61,1.01
2026-07-24,16.64,16.30,16.86,16.30,20959,34676281.00,3.36,-2.22,-0.37,1.04
2026-07-27,16.16,17.42,17.50,16.16,46712,80640727.00,8.22,6.87,1.12,2.32
2026-07-28,17.30,17.50,17.79,17.24,31999,56169466.00,3.16,0.46,0.08,1.59
2026-07-29,17.31,17.49,17.71,17.31,24095,42235502.00,2.29,-0.06,-0.01,1.20