2026-01-05,25.76,26.07,26.22,25.76,16137,42431063.66,1.79,1.44,0.37,2.01
2026-01-06,26.08,26.71,26.80,26.08,27992,75186597.65,2.76,2.45,0.64,3.48
2026-01-07,26.41,26.84,27.24,26.37,26203,71169595.91,3.26,0.49,0.13,3.26
2026-01-08,26.70,26.61,26.90,26.50,19544,52768514.87,1.49,-0.86,-0.23,2.43
2026-01-09,26.84,26.75,26.99,26.55,18388,49782488.70,1.65,0.53,0.14,2.29
2026-01-12,26.69,26.82,26.84,26.10,40305,107941559.54,2.77,0.26,0.07,5.01
2026-01-13,27.00,27.22,27.98,26.60,53290,147328464.42,5.15,1.49,0.40,6.63
2026-01-14,27.32,27.08,27.69,26.74,37391,102853041.18,3.49,-0.51,-0.14,4.65
2026-01-15,26.92,27.98,28.95,26.92,69357,197494115.88,7.50,3.32,0.90,8.62
2026-01-16,27.66,27.58,28.09,27.37,35089,97872098.44,2.57,-1.43,-0.40,4.36
2026-01-19,27.42,27.26,27.56,26.94,21774,59974424.05,2.25,-1.16,-0.32,2.71
2026-01-20,27.43,27.13,27.47,26.93,18263,50122137.74,1.98,-0.48,-0.13,2.27
2026-01-21,27.15,27.16,27.53,26.93,17592,48518761.01,2.21,0.11,0.03,2.19
2026-01-22,27.34,27.00,27.50,26.85,18552,50662356.16,2.39,-0.59,-0.16,2.31
2026-01-23,27.11,27.51,27.58,27.03,28422,78734220.19,2.04,1.89,0.51,3.53
2026-01-26,27.68,27.12,27.96,27.01,26296,73087772.86,3.45,-1.42,-0.39,3.27
2026-01-27,27.09,26.80,27.18,26.34,20087,54083444.73,3.10,-1.18,-0.32,2.50
2026-01-28,26.70,26.50,26.84,26.40,14978,40210626.26,1.64,-1.12,-0.30,1.86
2026-01-29,26.35,25.96,26.49,25.93,18164,48053093.32,2.11,-2.04,-0.54,2.26
2026-01-30,26.00,26.05,26.26,25.50,15161,39744504.54,2.93,0.35,0.09,1.88
2026-02-02,26.00,25.72,26.23,25.71,9447,24817663.01,2.00,-1.27,-0.33,1.17
2026-02-03,25.91,26.15,26.22,25.72,10643,27998134.05,1.94,1.67,0.43,1.32
2026-02-04,26.05,26.30,26.30,26.00,12101,32045843.82,1.15,0.57,0.15,1.50
2026-02-05,26.28,25.81,26.28,25.75,8366,21934312.05,2.02,-1.86,-0.49,1.04
2026-02-06,25.48,26.00,26.17,25.40,11380,29782468.29,2.98,0.74,0.19,1.41
2026-02-09,26.37,26.01,26.45,25.95,11108,29307479.08,1.92,0.04,0.01,1.38
2026-02-10,26.00,25.73,26.00,25.73,9102,23761259.79,1.04,-1.08,-0.28,1.13
2026-02-11,25.82,25.58,25.89,25.58,7270,18921084.44,1.20,-0.58,-0.15,0.90
2026-02-12,25.58,26.06,26.15,25.58,13463,35321419.43,2.23,1.88,0.48,1.67
2026-02-13,26.15,26.13,26.54,26.00,17145,45613556.78,2.07,0.27,0.07,2.13
2026-02-24,26.17,26.17,26.47,26.06,8891,23561460.38,1.57,0.15,0.04,1.11
2026-02-25,26.36,26.47,26.53,26.12,9823,26234554.95,1.57,1.15,0.30,1.22
2026-02-26,27.00,26.68,27.66,26.58,28295,77539283.47,4.08,0.79,0.21,3.52
2026-02-27,26.46,26.23,26.67,25.95,20739,54861282.87,2.70,-1.69,-0.45,2.58
2026-03-02,25.70,25.28,25.88,25.00,19465,50052643.10,3.35,-3.62,-0.95,2.42
2026-03-03,25.48,25.00,25.86,24.92,15212,39034365.35,3.72,-1.11,-0.28,1.89
2026-03-04,24.63,24.69,25.25,24.40,13386,33592455.66,3.40,-1.24,-0.31,1.66
2026-03-05,24.71,24.92,25.03,24.71,7291,18380442.40,1.30,0.93,0.23,0.91
2026-03-06,24.91,25.04,25.08,24.72,7092,17935225.27,1.44,0.48,0.12,0.88
2026-03-09,24.98,24.44,24.98,23.91,12489,30691693.18,4.27,-2.40,-0.60,1.55
2026-03-10,24.51,24.79,24.92,24.35,7326,18341627.48,2.33,1.43,0.35,0.91
2026-03-11,24.80,25.32,25.90,24.69,26496,68352042.59,4.88,2.14,0.53,3.29
2026-03-12,25.18,25.26,25.46,25.01,13711,34928481.29,1.78,-0.24,-0.06,1.70
2026-03-13,25.25,25.42,25.88,25.01,16633,42960941.25,3.44,0.63,0.16,2.07
2026-03-16,25.36,24.98,25.47,24.70,9705,24622637.06,3.03,-1.73,-0.44,1.21
2026-03-17,25.09,24.39,25.20,24.38,11844,29639106.83,3.28,-2.36,-0.59,1.47
2026-03-18,24.34,24.17,24.63,23.88,11934,29133932.04,3.08,-0.90,-0.22,1.48
2026-03-19,24.00,23.23,24.00,23.21,13518,32221184.73,3.27,-3.89,-0.94,1.68
2026-03-20,23.22,23.37,24.06,23.22,14610,34963307.29,3.62,0.60,0.14,1.82
2026-03-23,22.97,21.89,23.26,21.70,15517,35334935.13,6.68,-6.33,-1.48,1.93
2026-03-24,22.26,22.49,22.64,21.75,11667,26381973.12,4.07,2.74,0.60,1.45
2026-03-25,22.70,22.72,22.87,22.49,7753,17828140.55,1.69,1.02,0.23,0.96
2026-03-26,22.73,22.57,23.86,22.51,16399,38544270.20,5.94,-0.66,-0.15,2.02
2026-03-27,22.20,23.20,23.36,22.10,15867,36838323.05,5.58,2.79,0.63,1.96
2026-03-30,22.73,22.69,23.19,22.44,9813,22571362.48,3.23,-2.20,-0.51,1.21
2026-03-31,22.61,22.28,22.93,22.28,7571,17334111.43,2.86,-1.81,-0.41,0.93
2026-04-01,22.73,22.58,22.88,22.39,5105,11683308.63,2.20,1.35,0.30,0.63
2026-04-02,22.54,22.66,23.29,22.44,12417,28821002.75,3.76,0.35,0.08,1.53
2026-04-03,22.98,21.99,22.98,21.93,10640,23976627.77,4.63,-2.96,-0.67,1.31
2026-04-07,22.18,21.99,22.30,21.90,6222,13947189.71,1.82,0.00,0.00,0.77
2026-04-08,22.50,22.93,22.96,22.35,10053,23111035.42,2.77,4.27,0.94,1.24
2026-04-09,22.89,22.54,22.94,22.50,8436,19402832.65,1.92,-1.70,-0.39,1.04
2026-04-10,22.62,23.79,24.58,22.62,37720,91165456.62,8.70,5.55,1.25,4.65
2026-04-13,23.42,23.61,23.88,23.24,21636,51536952.59,2.69,-0.76,-0.18,2.67
2026-04-14,23.66,24.00,24.11,23.40,16885,40353736.09,3.01,1.65,0.39,2.08
2026-04-15,24.08,23.54,24.18,23.38,15562,37317902.47,3.33,-1.92,-0.46,1.92
2026-04-16,23.59,23.74,24.06,23.41,18279,43999570.96,2.76,0.85,0.20,2.26
2026-04-17,23.84,24.80,25.00,23.50,39425,97013022.83,6.32,4.47,1.06,4.86
2026-04-20,24.60,24.62,25.19,24.33,22932,57709482.37,3.47,-0.73,-0.18,2.83
2026-04-21,24.92,24.19,24.92,24.02,17502,43028690.46,3.66,-1.75,-0.43,2.16
2026-04-22,24.18,24.49,24.98,24.10,17488,43521607.61,3.64,1.24,0.30,2.16
2026-04-23,24.37,23.63,24.50,23.62,16274,39362808.48,3.59,-3.51,-0.86,2.01
2026-04-24,23.79,23.71,24.01,23.28,12928,31032177.04,3.09,0.34,0.08,1.60
2026-04-27,23.36,23.43,23.70,23.19,9514,22585831.65,2.15,-1.18,-0.28,1.17
2026-04-28,23.43,22.85,23.79,22.71,10201,23920505.93,4.61,-2.48,-0.58,1.26
2026-04-29,22.47,23.11,23.25,22.32,19207,44285076.30,4.07,1.14,0.26,2.37
2026-04-30,22.95,22.85,23.08,22.72,9866,22828006.12,1.56,-1.13,-0.26,1.22
2026-05-06,22.82,23.29,23.51,22.78,19295,45236855.02,3.19,1.93,0.44,2.38
2026-05-07,23.29,23.30,23.69,23.15,14727,34913833.56,2.32,0.04,0.01,1.82
2026-05-08,23.15,23.39,23.67,23.15,10977,26060169.88,2.23,0.39,0.09,1.35
2026-05-11,23.31,23.27,23.57,23.07,11657,27472361.81,2.14,-0.51,-0.12,1.44
2026-05-12,23.40,22.87,23.54,22.80,12034,28262805.20,3.18,-1.72,-0.40,1.49
2026-05-13,23.12,23.08,23.31,22.74,11397,26569977.41,2.49,0.92,0.21,1.41
2026-05-14,23.03,22.12,23.21,22.11,13939,31849101.26,4.77,-4.16,-0.96,1.72
2026-05-15,22.12,22.07,22.49,21.82,13987,31308189.95,3.03,-0.23,-0.05,1.73
2026-05-18,21.93,21.63,22.03,21.51,10571,23244316.21,2.36,-1.99,-0.44,1.30
2026-05-19,21.18,21.88,22.13,21.18,10220,22628823.24,4.39,1.16,0.25,1.26
2026-05-20,21.88,21.42,21.89,21.21,10758,23401197.26,3.11,-2.10,-0.46,1.33
2026-05-21,21.33,20.53,21.66,20.52,11899,25448470.24,5.32,-4.15,-0.89,1.47
2026-05-22,20.69,20.38,20.84,20.22,9180,19036617.31,3.02,-0.73,-0.15,1.13
2026-05-25,20.50,19.85,20.53,19.74,12625,25591313.20,3.88,-2.60,-0.53,1.56
2026-05-26,19.90,19.58,20.07,19.40,10108,20097824.64,3.38,-1.36,-0.27,1.25
2026-05-27,19.66,18.88,19.84,18.60,12103,23089396.07,6.33,-3.58,-0.70,1.49
2026-05-28,18.91,18.95,19.17,18.50,11052,20740569.76,3.55,0.37,0.07,1.36
2026-05-29,19.10,18.57,19.19,18.42,8867,16665582.20,4.06,-2.01,-0.38,1.09
2026-06-01,18.63,19.06,19.35,18.60,11039,21125883.14,4.04,2.64,0.49,1.36
2026-06-02,19.07,19.23,19.25,18.64,9111,17325733.88,3.20,0.89,0.17,1.12
2026-06-03,19.18,18.82,19.36,18.80,8128,15526930.92,2.91,-2.13,-0.41,1.00
2026-06-04,18.81,18.01,18.82,18.00,13297,24236301.77,4.36,-4.30,-0.81,1.64
2026-06-05,17.93,18.68,19.39,17.92,18412,34604566.91,8.16,3.72,0.67,2.27
2026-06-08,18.31,19.08,19.77,18.10,21204,40844946.24,8.94,2.14,0.40,2.62
2026-06-09,19.16,19.68,20.28,18.83,21077,41043755.87,7.60,3.14,0.60,2.60
2026-06-10,19.38,18.81,19.53,18.68,15029,28590571.94,4.32,-4.42,-0.87,1.85
2026-06-11,18.68,18.15,18.98,18.00,14247,26117584.91,5.21,-3.51,-0.66,1.76
2026-06-12,18.30,18.28,18.97,18.09,14303,26467177.18,4.85,0.72,0.13,1.76
2026-06-15,18.80,18.39,18.84,18.22,10574,19474364.22,3.39,0.60,0.11,1.30
2026-06-16,18.49,19.05,19.10,18.49,20012,37837485.66,3.32,3.59,0.66,2.47
2026-06-17,18.87,18.80,19.06,18.61,11988,22510239.64,2.36,-1.31,-0.25,1.48
2026-06-18,18.80,18.09,18.80,18.02,16000,29233452.20,4.15,-3.78,-0.71,1.97
2026-06-22,18.20,18.46,18.58,17.20,31985,53433944.11,7.63,2.05,0.37,3.95
2026-06-23,18.60,18.43,19.16,18.27,16319,30548343.88,4.82,-0.16,-0.03,2.01
2026-06-24,18.66,18.06,18.66,17.81,12159,22035452.45,4.61,-2.01,-0.37,1.50
2026-06-25,17.85,17.60,17.90,17.30,11796,20692731.84,3.32,-2.55,-0.46,1.46
2026-06-26,17.44,16.69,17.70,16.68,13136,22343662.39,5.80,-5.17,-0.91,1.62
2026-06-29,16.80,16.25,16.80,15.99,10338,16789391.20,4.85,-2.64,-0.44,1.28
2026-06-30,16.25,16.09,16.44,15.92,12080,19557154.42,3.20,-0.98,-0.16,1.49
2026-07-01,16.12,16.53,16.55,15.58,16939,27403721.36,6.03,2.73,0.44,2.09
2026-07-02,16.50,16.56,16.95,16.32,13674,22776509.87,3.81,0.18,0.03,1.69
2026-07-03,16.50,16.76,16.92,16.41,9216,15412554.87,3.08,1.21,0.20,1.14
2026-07-06,16.77,16.25,16.97,16.18,10059,16682623.22,4.71,-3.04,-0.51,1.24
2026-07-07,16.30,16.46,17.47,16.28,21221,35915722.00,7.32,1.29,0.21,2.62
2026-07-08,16.31,15.92,16.59,15.88,11110,17917986.08,4.31,-3.28,-0.54,1.37
2026-07-09,16.12,15.59,16.12,15.20,12415,19261561.61,5.78,-2.07,-0.33,1.53
2026-07-10,15.61,15.96,16.46,15.30,10860,17369349.97,7.44,2.37,0.37,1.34
2026-07-13,15.97,15.22,15.97,15.14,9943,15270195.68,5.20,-4.64,-0.74,1.23
2026-07-14,15.16,15.42,15.44,15.13,5126,7824913.85,2.04,1.31,0.20,0.63
2026-07-15,15.50,15.67,15.93,15.25,8616,13515065.41,4.41,1.62,0.25,1.06
2026-07-16,15.78,15.76,15.96,15.33,7356,11538083.79,4.02,0.57,0.09,0.91
2026-07-17,15.62,15.30,16.03,15.25,9212,14400169.19,4.95,-2.92,-0.46,1.14
2026-07-20,15.30,14.46,15.49,14.27,12811,18994569.08,7.97,-5.49,-0.84,1.58
2026-07-21,14.65,14.44,14.65,13.72,15680,22032852.88,6.43,-0.14,-0.02,1.93
2026-07-22,14.26,14.24,14.67,14.16,7670,11091467.82,3.53,-1.39,-0.20,0.95
2026-07-23,14.14,14.77,14.87,14.14,10136,14804308.55,5.13,3.72,0.53,1.25
2026-07-24,14.56,14.12,14.76,14.06,9494,13587842.95,4.74,-4.40,-0.65,1.17
2026-07-27,14.02,14.61,14.91,14.02,13321,19574018.68,6.30,3.47,0.49,1.64
2026-07-28,14.49,14.63,14.94,14.46,10230,15098450.72,3.29,0.14,0.02,1.26
2026-07-29,14.78,15.24,15.42,14.58,15763,23867471.63,5.74,4.17,0.61,1.95
2026-07-30,15.25,15.39,15.61,14.99,13906,21366849.28,4.07,0.98,0.15,1.72
2026-07-31,15.45,15.35,15.64,15.23,14446,22262926.98,2.66,-0.26,-0.04,1.78
2026-08-03,15.28,15.17,15.36,15.12,7157,10872440.92,1.56,-1.17,-0.18,0.88
2026-08-04,15.17,15.24,15.36,15.17,8413,12849461.95,1.25,0.46,0.07,1.04
2026-08-05,15.34,15.60,15.77,15.20,10662,16617253.12,3.74,2.36,0.36,1.32