2026-01-05,15.15,15.26,15.29,14.98,7753,11942926.74,2.06,1.53,0.23,1.81
2026-01-06,15.34,15.56,15.57,15.26,7517,11749781.12,2.03,1.97,0.30,1.76
2026-01-07,15.67,15.45,15.68,15.37,7629,11980146.31,1.99,-0.71,-0.11,1.79
2026-01-08,15.53,15.68,15.72,15.34,9344,14756283.80,2.46,1.49,0.23,2.19
2026-01-09,15.64,15.65,15.82,15.29,11647,18422963.07,3.38,-0.19,-0.03,2.73
2026-01-12,15.98,16.00,16.03,15.60,15793,25308891.10,2.75,2.24,0.35,3.70
2026-01-13,16.03,15.87,16.39,15.80,18435,30096478.17,3.69,-0.81,-0.13,4.31
2026-01-14,15.87,15.95,16.24,15.74,16263,26360393.04,3.15,0.50,0.08,3.81
2026-01-15,15.95,15.76,16.09,15.75,12319,19873516.59,2.13,-1.19,-0.19,2.88
2026-01-16,15.79,15.73,15.87,15.63,6785,10815158.61,1.52,-0.19,-0.03,1.59
2026-01-19,15.73,15.68,15.80,15.65,6667,10624403.27,0.95,-0.32,-0.05,1.56
2026-01-20,15.72,15.62,15.80,15.52,5411,8558545.35,1.79,-0.38,-0.06,1.27
2026-01-21,15.61,15.92,16.06,15.59,11240,18031352.48,3.01,1.92,0.30,2.63
2026-01-22,16.06,16.08,16.08,15.80,9244,14945270.41,1.76,1.01,0.16,2.16
2026-01-23,16.12,16.14,16.31,16.06,9139,14992842.48,1.55,0.37,0.06,2.14
2026-01-26,16.14,15.94,16.28,15.85,6072,9817257.64,2.66,-1.24,-0.20,1.42
2026-01-27,15.86,15.78,16.00,15.45,8483,13508470.18,3.45,-1.00,-0.16,1.99
2026-01-28,15.78,15.89,16.06,15.64,6122,9849639.21,2.66,0.70,0.11,1.43
2026-01-29,15.85,15.55,15.88,15.53,5472,8663151.02,2.20,-2.14,-0.34,1.28
2026-01-30,15.55,15.19,15.55,15.15,8073,12537693.91,2.57,-2.32,-0.36,1.89
2026-02-02,15.27,14.82,15.27,14.80,5783,8798937.27,3.09,-2.44,-0.37,1.35
2026-02-03,15.01,15.13,15.18,14.80,4160,6328289.14,2.56,2.09,0.31,0.97
2026-02-04,15.10,15.00,15.24,14.88,5794,8820557.99,2.38,-0.86,-0.13,1.36
2026-02-05,15.06,14.82,15.10,14.71,3291,4940208.60,2.60,-1.20,-0.18,0.77
2026-02-06,14.79,14.82,15.09,14.75,3494,5253392.27,2.29,0.00,0.00,0.82
2026-02-09,15.01,14.97,15.13,14.86,5738,8686128.36,1.82,1.01,0.15,1.34
2026-02-10,14.97,14.85,15.07,14.74,6592,9862235.21,2.20,-0.80,-0.12,1.54
2026-02-11,14.88,14.83,14.94,14.71,3336,4988129.79,1.55,-0.13,-0.02,0.78
2026-02-12,14.93,14.90,14.95,14.74,3739,5601150.08,1.42,0.47,0.07,0.87
2026-02-13,14.82,14.87,14.95,14.78,3417,5111582.34,1.14,-0.20,-0.03,0.79
2026-02-24,14.84,15.03,15.07,14.76,6190,9313023.69,2.08,1.08,0.16,1.44
2026-02-25,15.10,15.02,15.14,14.99,4779,7248580.88,1.00,-0.07,-0.01,1.11
2026-02-26,15.02,14.96,15.03,14.88,2108,3172163.27,1.00,-0.40,-0.06,0.49
2026-02-27,14.99,14.71,14.99,14.60,5040,7477668.09,2.61,-1.67,-0.25,1.17
2026-03-02,14.70,14.32,14.70,14.17,6503,9417260.64,3.60,-2.65,-0.39,1.51
2026-03-03,14.33,14.46,14.78,14.21,7477,10977225.94,3.98,0.98,0.14,1.73
2026-03-04,14.50,14.34,14.69,14.25,4900,7134593.11,3.04,-0.83,-0.12,1.14
2026-03-05,14.37,14.45,14.68,14.37,2858,4185945.44,2.16,0.77,0.11,0.66
2026-03-06,14.57,14.50,14.70,14.45,4328,6366200.31,1.73,0.35,0.05,1.00
2026-03-09,14.47,14.33,14.65,14.27,3488,5060151.41,2.62,-1.17,-0.17,0.81
2026-03-10,14.37,14.48,14.59,14.37,2430,3537999.33,1.54,1.05,0.15,0.56
2026-03-11,14.58,14.37,14.68,14.29,7096,10343643.51,2.69,-0.76,-0.11,1.65
2026-03-12,14.37,14.03,14.45,14.01,5098,7259622.64,3.06,-2.37,-0.34,1.18
2026-03-13,14.05,13.94,14.31,13.93,3731,5295578.51,2.71,-0.64,-0.09,0.87
2026-03-16,13.94,13.80,13.96,13.75,3740,5212141.16,1.51,-1.00,-0.14,0.87
2026-03-17,13.80,13.60,13.94,13.60,2541,3518125.26,2.46,-1.45,-0.20,0.59
2026-03-18,13.60,13.47,13.77,13.27,4550,6177322.45,3.68,-0.96,-0.13,1.06
2026-03-19,13.47,13.01,13.47,12.95,3977,5270030.96,3.86,-3.41,-0.46,0.92
2026-03-20,13.06,12.90,13.34,12.90,4779,6302026.42,3.38,-0.85,-0.11,1.11
2026-03-23,12.73,12.22,12.78,12.22,4674,5883973.18,4.34,-5.27,-0.68,1.08
2026-03-24,12.67,12.58,12.67,12.17,4936,6170612.58,4.09,2.95,0.36,1.14
2026-03-25,12.59,12.88,12.88,12.59,3603,4641803.08,2.31,2.38,0.30,0.84
2026-03-26,12.99,12.71,13.19,12.51,5065,6578221.95,5.28,-1.32,-0.17,1.17
2026-03-27,12.69,12.80,12.85,12.45,2994,3828858.86,3.15,0.71,0.09,0.69
2026-03-30,12.71,12.38,12.71,12.35,3572,4497243.02,2.81,-3.28,-0.42,0.83
2026-03-31,12.38,12.54,12.74,12.25,5236,6658562.96,3.96,1.29,0.16,1.21
2026-04-01,12.69,12.61,12.78,12.57,2586,3301414.24,1.67,0.56,0.07,0.60
2026-04-02,12.67,12.81,13.08,12.55,4843,6288294.59,4.20,1.59,0.20,1.12
2026-04-03,12.85,12.71,13.17,12.58,5465,7077590.37,4.61,-0.78,-0.10,1.27
2026-04-07,12.79,12.61,12.79,12.34,2864,3627485.99,3.54,-0.79,-0.10,0.66
2026-04-08,13.04,13.08,13.09,12.75,4705,6156374.11,2.70,3.73,0.47,1.09
2026-04-09,12.92,12.70,13.03,12.68,3139,4067520.16,2.68,-2.91,-0.38,0.73
2026-04-10,12.70,12.90,13.03,12.70,2823,3682852.01,2.60,1.57,0.20,0.65
2026-04-13,13.03,12.78,13.03,12.73,2737,3549986.40,2.33,-0.93,-0.12,0.63
2026-04-14,12.78,12.74,12.88,12.64,3355,4300604.84,1.88,-0.31,-0.04,0.78
2026-04-15,12.75,12.75,12.94,12.71,2754,3565313.87,1.81,0.08,0.01,0.64
2026-04-16,12.83,12.93,12.96,12.70,2439,3165771.58,2.04,1.41,0.18,0.57
2026-04-17,12.93,13.40,13.55,12.72,9413,12503308.69,6.42,3.63,0.47,2.18
2026-04-20,13.41,13.47,13.76,13.28,5963,8163381.68,3.58,0.52,0.07,1.38
2026-04-21,13.41,13.12,13.55,13.12,3992,5317302.85,3.19,-2.60,-0.35,0.93
2026-04-22,13.13,13.24,13.42,13.11,3920,5248247.97,2.36,0.91,0.12,0.91
2026-04-23,13.33,12.98,13.33,12.96,3249,4276916.41,2.79,-1.96,-0.26,0.75
2026-04-24,12.90,12.81,12.98,12.74,2666,3443762.71,1.85,-1.31,-0.17,0.62
2026-04-27,12.81,12.77,12.81,12.50,4291,5460495.51,2.42,-0.31,-0.04,1.00
2026-04-28,12.76,12.59,12.86,12.51,4529,5787081.17,2.74,-1.41,-0.18,1.05
2026-04-29,12.58,12.65,12.78,12.38,4085,5199797.72,3.18,0.48,0.06,0.95
2026-04-30,12.15,12.07,12.27,11.80,14535,17684148.68,3.72,-4.58,-0.58,3.37
2026-05-06,12.09,12.10,12.27,12.07,6875,8431342.37,1.66,0.25,0.03,1.59
2026-05-07,12.13,12.93,13.18,12.13,21914,28243432.04,8.68,6.86,0.83,5.08
2026-05-08,12.74,13.11,13.16,12.65,11764,15286385.00,3.94,1.39,0.18,2.73
2026-05-11,13.11,12.96,13.15,12.85,6501,8507614.69,2.29,-1.14,-0.15,1.51
2026-05-12,13.03,12.77,13.10,12.70,3927,5107212.66,3.09,-1.47,-0.19,0.91
2026-05-13,12.77,12.75,12.90,12.59,3798,4883345.96,2.43,-0.16,-0.02,0.88
2026-05-14,12.83,12.30,12.85,12.30,5415,6885832.33,4.31,-3.53,-0.45,1.26
2026-05-15,12.50,12.45,12.71,12.37,5100,6441429.53,2.76,1.22,0.15,1.18
2026-05-18,13.00,13.61,15.39,13.00,57074,82000716.29,19.20,9.32,1.16,13.24
2026-05-19,13.61,15.98,17.00,13.10,107041,164647151.38,28.66,17.41,2.37,24.83
2026-05-20,14.98,14.45,16.06,14.20,81368,123449205.54,11.64,-9.57,-1.53,18.87
2026-05-21,14.51,13.19,14.74,13.10,57287,78755201.15,11.35,-8.72,-1.26,13.29
2026-05-22,13.12,13.30,13.58,12.70,37567,50110498.99,6.67,0.83,0.11,8.71
2026-05-25,13.25,12.45,13.25,12.40,38437,49002366.19,6.39,-6.39,-0.85,8.92
2026-05-26,12.40,11.80,12.40,11.60,25264,30164987.93,6.43,-5.22,-0.65,5.86
2026-05-27,11.72,11.19,11.86,11.16,22922,26271163.79,5.93,-5.17,-0.61,5.32
2026-05-28,11.19,11.28,11.33,10.76,19804,22038212.50,5.09,0.80,0.09,4.59
2026-05-29,11.29,10.82,11.36,10.80,12415,13779225.41,4.96,-4.08,-0.46,2.88
2026-06-01,10.83,11.23,11.29,10.71,10962,12328846.80,5.36,3.79,0.41,2.54
2026-06-02,11.29,11.08,11.40,10.95,9521,10659347.29,4.01,-1.34,-0.15,2.21
2026-06-03,11.03,10.86,11.11,10.67,12071,13235462.20,3.97,-1.99,-0.22,2.80
2026-06-04,10.85,10.48,10.99,10.31,9873,10496952.82,6.26,-3.50,-0.38,2.29
2026-06-05,10.57,10.88,11.13,10.44,15327,16826013.37,6.58,3.82,0.40,3.56
2026-06-08,10.78,11.26,11.54,10.53,18059,20446364.91,9.28,3.49,0.38,4.19
2026-06-09,11.19,10.94,11.37,10.94,9234,10286847.95,3.82,-2.84,-0.32,2.14
2026-06-10,10.90,10.69,11.09,10.60,9870,10788048.41,4.48,-2.29,-0.25,2.29
2026-06-11,10.66,10.30,10.66,10.22,8422,8817926.53,4.12,-3.65,-0.39,1.95
2026-06-12,10.38,10.35,10.56,10.23,6711,7050253.71,3.20,0.49,0.05,1.56
2026-06-15,10.48,10.44,10.57,10.35,8343,8830926.82,2.13,0.87,0.09,1.94
2026-06-16,10.53,10.25,10.53,10.21,7711,8028760.83,3.07,-1.82,-0.19,1.79
2026-06-17,10.26,10.25,10.35,9.94,8348,8566361.57,4.00,0.00,0.00,1.94
2026-06-18,10.25,9.90,10.25,9.90,7623,7725524.09,3.41,-3.41,-0.35,1.77
2026-06-22,10.03,10.00,10.09,9.42,11782,11558555.82,6.77,1.01,0.10,2.73
2026-06-23,10.00,10.23,10.60,9.92,10444,10869766.04,6.80,2.30,0.23,2.42
2026-06-24,10.23,10.45,10.45,9.71,14006,14265014.91,7.23,2.15,0.22,3.25
2026-06-25,10.37,10.00,10.82,9.80,26507,27955426.04,9.76,-4.31,-0.45,6.15
2026-06-26,9.83,9.53,10.13,9.28,21876,21288214.96,8.50,-4.70,-0.47,5.07
2026-06-29,9.56,9.19,9.65,9.09,11856,10919309.98,5.88,-3.57,-0.34,2.75
2026-06-30,9.28,9.41,9.41,9.04,9723,8931683.64,4.03,2.39,0.22,2.26