2026-01-05,21.09,23.29,23.29,21.09,47513,110235087.20,10.41,10.17,2.15,10.80
2026-01-06,23.29,22.43,23.64,22.24,94324,217425570.42,6.01,-3.69,-0.86,21.44
2026-01-07,22.24,21.86,22.43,21.74,60894,136025056.64,3.08,-2.54,-0.57,13.84
2026-01-08,21.88,21.99,22.07,21.77,40279,89951424.17,1.37,0.59,0.13,9.15
2026-01-09,22.01,21.95,22.13,21.77,39030,86991899.15,1.64,-0.18,-0.04,8.87
2026-01-12,22.01,22.19,22.22,21.86,38506,86242483.40,1.64,1.09,0.24,8.75
2026-01-13,22.17,22.05,22.29,21.93,39433,88573613.10,1.62,-0.63,-0.14,8.96
2026-01-14,21.99,22.49,22.49,21.95,53402,120617563.83,2.45,2.00,0.44,12.14
2026-01-15,22.34,22.90,23.22,22.15,57158,132176556.04,4.76,1.82,0.41,12.99
2026-01-16,22.89,22.89,22.99,22.34,37174,85585724.37,2.84,-0.04,-0.01,8.45
2026-01-19,22.74,23.61,23.73,22.70,41268,97903626.75,4.50,3.15,0.72,9.38
2026-01-20,23.66,23.52,23.92,23.18,32228,76744092.66,3.13,-0.38,-0.09,7.32
2026-01-21,23.34,24.94,25.45,23.26,92689,233285356.11,9.31,6.04,1.42,21.07
2026-01-22,24.94,25.04,25.34,24.65,35203,89042457.37,2.77,0.40,0.10,8.00
2026-01-23,24.89,25.00,25.62,24.87,43307,110738028.40,3.00,-0.16,-0.04,9.84
2026-01-26,25.21,25.89,25.92,24.88,48243,125058059.11,4.16,3.56,0.89,10.96
2026-01-27,25.66,26.30,26.33,25.15,42953,111681662.69,4.56,1.58,0.41,9.76
2026-01-28,26.29,26.05,26.62,25.76,27746,73264942.58,3.27,-0.95,-0.25,6.31
2026-01-29,26.13,25.57,26.18,25.49,28863,75424238.00,2.65,-1.84,-0.48,6.56
2026-01-30,25.48,26.16,26.33,25.48,23085,60811435.00,3.32,2.31,0.59,5.25
2026-02-02,26.10,26.54,27.29,25.93,33520,91287963.84,5.20,1.45,0.38,7.62
2026-02-03,26.80,27.29,27.39,26.31,22471,61501647.85,4.07,2.83,0.75,5.11
2026-02-04,27.21,26.93,27.33,26.25,24150,65474883.72,3.96,-1.32,-0.36,5.49
2026-02-05,26.73,25.69,27.08,25.57,35034,92716068.60,5.61,-4.60,-1.24,7.96
2026-02-06,25.69,25.33,26.00,25.14,46297,119995328.00,3.35,-1.40,-0.36,10.52
2026-02-09,25.60,25.31,25.83,24.94,36797,94634130.05,3.51,-0.08,-0.02,8.36
2026-02-10,25.36,25.09,25.52,24.99,21433,54816885.80,2.09,-0.87,-0.22,4.87
2026-02-11,25.10,24.80,25.31,24.72,15092,38278841.04,2.35,-1.16,-0.29,3.43
2026-02-12,24.80,24.54,24.86,24.42,13014,32538181.57,1.77,-1.05,-0.26,2.96
2026-02-13,24.61,24.89,25.07,24.34,17334,43672434.90,2.97,1.43,0.35,3.94
2026-02-24,25.02,25.36,25.60,24.97,17753,45482983.00,2.53,1.89,0.47,4.03
2026-02-25,25.35,26.12,26.30,25.12,22002,57701940.21,4.65,3.00,0.76,5.00
2026-02-26,26.12,26.21,26.37,25.78,14215,37568154.00,2.26,0.34,0.09,3.23
2026-02-27,26.19,27.03,27.09,25.98,27714,75061699.22,4.24,3.13,0.82,6.30
2026-03-02,26.76,26.67,26.86,25.87,29459,78921368.84,3.66,-1.33,-0.36,6.70
2026-03-03,26.67,25.65,26.84,25.57,21366,56476929.00,4.76,-3.82,-1.02,4.86
2026-03-04,25.54,25.61,26.00,25.44,20642,53839320.00,2.18,-0.16,-0.04,4.69
2026-03-05,26.10,25.63,26.14,25.46,15242,39828147.00,2.66,0.08,0.02,3.46
2026-03-06,25.60,26.21,26.36,25.56,16551,43734499.00,3.12,2.26,0.58,3.76
2026-03-09,26.12,25.86,26.13,25.36,20265,52781836.00,2.94,-1.34,-0.35,4.61
2026-03-10,26.03,26.58,26.64,25.77,15129,40342041.44,3.36,2.78,0.72,3.44
2026-03-11,26.69,26.79,27.22,26.54,19764,53724406.00,2.56,0.79,0.21,4.49
2026-03-12,26.79,26.24,27.28,26.12,18141,48948764.86,4.33,-2.05,-0.55,4.12
2026-03-13,26.48,26.84,27.04,26.14,31159,84142809.88,3.43,2.29,0.60,7.08
2026-03-16,26.70,25.67,26.89,25.12,37674,98099910.40,6.59,-4.36,-1.17,8.56
2026-03-17,25.63,24.68,25.91,24.68,18983,48500415.00,4.79,-3.86,-0.99,4.31
2026-03-18,24.98,25.27,25.42,24.59,13481,34137212.66,3.36,2.39,0.59,3.06
2026-03-19,25.24,26.04,26.19,25.14,30128,79126125.96,4.16,3.05,0.77,6.85
2026-03-20,26.25,25.99,26.51,25.75,34778,91747174.40,2.92,-0.19,-0.05,7.90
2026-03-23,25.67,23.71,25.83,23.45,26941,67695099.00,9.16,-8.77,-2.28,6.12
2026-03-24,24.39,24.11,24.39,23.72,21773,52961947.00,2.83,1.69,0.40,4.95
2026-03-25,24.24,24.52,24.77,24.24,25577,63650302.70,2.20,1.70,0.41,5.81
2026-03-26,24.65,24.11,24.65,23.80,18147,44218082.00,3.47,-1.67,-0.41,4.12
2026-03-27,23.88,24.36,24.51,23.70,16607,40768999.00,3.36,1.04,0.25,3.77
2026-03-30,24.16,24.35,24.40,23.94,25571,62644088.66,1.89,-0.04,-0.01,5.81
2026-03-31,24.35,23.96,24.54,23.91,27878,68293015.40,2.59,-1.60,-0.39,6.34
2026-04-01,24.24,25.11,25.19,24.17,45285,113891615.80,4.26,4.80,1.15,10.29
2026-04-02,24.94,24.54,25.12,24.04,40913,101835516.00,4.30,-2.27,-0.57,9.30
2026-04-03,24.53,24.36,24.64,23.89,22810,55880519.00,3.06,-0.73,-0.18,5.18
2026-04-07,24.25,24.39,24.51,23.94,29813,73321019.00,2.34,0.12,0.03,6.78
2026-04-08,24.57,25.04,25.07,24.43,43410,109102651.00,2.62,2.67,0.65,9.87
2026-04-09,25.00,24.49,25.00,24.19,34907,86630957.24,3.23,-2.20,-0.55,7.93
2026-04-10,24.49,24.60,24.76,24.22,36357,90558537.00,2.20,0.45,0.11,8.26
2026-04-13,24.36,24.54,24.60,24.16,21313,52711501.00,1.79,-0.24,-0.06,4.84
2026-04-14,24.59,24.64,24.72,24.31,24203,60091519.00,1.67,0.41,0.10,5.50
2026-04-15,24.64,24.49,24.74,24.38,13156,32649914.00,1.46,-0.61,-0.15,2.99
2026-04-16,24.48,24.41,24.68,24.22,34296,84927351.32,1.88,-0.33,-0.08,7.79
2026-04-17,24.39,24.50,24.54,24.25,20275,50207795.05,1.19,0.37,0.09,4.61
2026-04-20,24.49,24.62,24.68,24.30,33871,84101989.00,1.55,0.49,0.12,7.70
2026-04-21,24.59,24.50,24.67,24.35,26055,64655773.80,1.30,-0.49,-0.12,5.92
2026-04-22,24.46,24.47,24.67,24.29,30321,75314294.00,1.55,-0.12,-0.03,6.89
2026-04-23,24.46,23.89,24.46,23.69,29714,72001194.85,3.15,-2.37,-0.58,6.75
2026-04-24,23.91,23.92,24.00,23.36,33697,80815920.52,2.68,0.13,0.03,7.66
2026-04-27,23.84,23.75,24.04,23.67,18882,45659523.00,1.55,-0.71,-0.17,4.29
2026-04-28,23.77,23.44,23.90,23.39,13713,32815352.20,2.15,-1.31,-0.31,3.12
2026-04-29,23.47,23.52,23.68,23.34,15993,38213248.00,1.45,0.34,0.08,3.63
2026-04-30,23.36,23.48,23.60,23.36,13688,32623009.00,1.02,-0.17,-0.04,3.11
2026-05-06,23.63,23.09,23.72,22.89,22211,52555700.42,3.53,-1.66,-0.39,5.05
2026-05-07,23.12,23.07,23.24,22.64,28958,67775692.24,2.60,-0.09,-0.02,6.58
2026-05-08,23.24,25.41,25.41,23.08,52819,129072860.00,10.10,10.14,2.34,12.00
2026-05-11,25.41,24.76,25.63,24.48,63096,159271784.56,4.53,-2.56,-0.65,14.34
2026-05-12,24.76,24.85,25.55,24.57,42609,108175004.00,3.96,0.36,0.09,9.68
2026-05-13,25.10,24.32,25.35,24.29,34867,87055219.60,4.27,-2.13,-0.53,7.92
2026-05-14,24.52,23.32,24.52,23.25,33646,80810446.85,5.22,-4.11,-1.00,7.65
2026-05-15,23.36,25.69,25.69,23.15,88145,224261088.40,10.89,10.16,2.37,20.03
2026-05-18,25.74,26.64,27.44,25.45,143180,383090089.02,7.75,3.70,0.95,32.54
2026-05-19,26.10,26.49,26.55,25.67,76210,201703180.26,3.30,-0.56,-0.15,17.32
2026-05-20,26.64,26.30,26.91,26.09,51294,137620952.31,3.10,-0.72,-0.19,11.66
2026-05-21,26.30,24.85,26.47,24.77,61176,158692655.80,6.46,-5.51,-1.45,13.90
2026-05-22,25.03,25.64,25.92,24.54,44402,114532979.00,5.55,3.18,0.79,10.09
2026-05-25,25.72,24.87,25.74,24.59,34377,86959747.50,4.49,-3.00,-0.77,7.81
2026-05-26,24.86,24.72,25.60,24.09,38287,96249749.00,6.07,-0.60,-0.15,8.70
2026-05-27,24.66,23.59,24.94,23.32,36145,87553766.00,6.55,-4.57,-1.13,8.21
2026-05-28,23.64,23.45,24.01,22.65,29975,71020629.20,5.77,-0.59,-0.14,6.81
2026-05-29,23.29,21.92,23.54,21.74,30556,69440005.00,7.68,-6.52,-1.53,6.94
2026-06-01,21.92,22.24,22.47,21.64,14145,31933788.00,3.79,1.46,0.32,3.21
2026-06-02,22.28,21.79,22.53,21.64,17318,38456997.92,4.00,-2.02,-0.45,3.94
2026-06-03,21.79,21.29,21.90,21.05,20049,43552718.84,3.90,-2.29,-0.50,4.56
2026-06-04,21.23,21.00,21.43,20.78,14147,30274472.00,3.05,-1.36,-0.29,3.22
2026-06-05,21.07,21.81,22.28,20.69,24883,54803050.95,7.57,3.86,0.81,5.66
2026-06-08,21.37,20.85,21.65,20.34,21246,45710257.00,6.01,-4.40,-0.96,4.83
2026-06-09,20.85,21.49,22.32,20.85,30792,67151020.00,7.05,3.07,0.64,7.00
2026-06-10,21.31,21.25,21.86,21.07,25555,55664876.28,3.68,-1.12,-0.24,5.81
2026-06-11,21.05,20.71,21.69,20.50,18076,38357659.00,5.60,-2.54,-0.54,4.11
2026-06-12,21.02,20.81,21.04,19.92,26929,56607652.00,5.41,0.48,0.10,6.12
2026-06-15,21.02,20.64,21.47,20.56,23138,49309402.00,4.37,-0.82,-0.17,1.81
2026-06-16,20.65,20.07,20.82,20.06,25127,51922072.00,3.68,-2.76,-0.57,1.96
2026-06-17,20.09,19.69,20.25,19.62,18430,37321045.88,3.14,-1.89,-0.38,1.44
2026-06-18,19.70,19.34,19.74,19.15,21580,42539497.82,3.00,-1.78,-0.35,1.69
2026-06-22,19.34,19.54,19.63,18.54,34869,67298248.00,5.64,1.03,0.20,2.72
2026-06-23,19.48,19.74,20.12,19.36,21396,43145015.44,3.89,1.02,0.20,1.67
2026-06-24,19.74,19.16,19.74,19.05,16643,32628416.29,3.50,-2.94,-0.58,1.30
2026-06-25,19.15,19.03,19.16,18.55,21947,42178380.00,3.18,-0.68,-0.13,1.71
2026-06-26,18.99,18.58,18.99,18.35,20237,38399602.00,3.36,-2.36,-0.45,1.58
2026-06-29,18.35,18.15,18.64,17.62,21522,39607789.95,5.49,-2.31,-0.43,1.68
2026-06-30,18.15,17.91,18.34,17.82,20975,38542513.00,2.87,-1.32,-0.24,1.64
2026-07-01,17.90,18.68,19.02,17.76,21294,40068303.00,7.04,4.30,0.77,1.66
2026-07-02,18.73,19.25,19.71,18.56,23656,46535413.00,6.16,3.05,0.57,1.85
2026-07-03,19.35,19.94,20.38,19.30,24877,49394070.60,5.61,3.58,0.69,1.94
2026-07-06,20.00,20.07,20.28,19.53,19469,38840155.32,3.76,0.65,0.13,1.52
2026-07-07,20.07,20.13,20.38,19.77,16926,33931633.44,3.04,0.30,0.06,1.32
2026-07-08,20.15,19.36,20.27,19.31,16422,32245685.22,4.77,-3.83,-0.77,1.28
2026-07-09,19.33,18.93,19.43,18.54,15132,28662687.89,4.60,-2.22,-0.43,1.18
2026-07-10,18.90,19.00,19.30,18.64,12131,23132341.40,3.49,0.37,0.07,0.95
2026-07-13,19.08,18.65,19.09,18.53,13218,24800230.00,2.95,-1.84,-0.35,1.03
2026-07-14,18.75,18.85,18.85,18.30,10371,19315056.00,2.95,1.07,0.20,0.81
2026-07-15,18.88,19.07,19.14,18.76,9626,18281088.22,2.02,1.17,0.22,0.75
2026-07-16,19.12,19.12,19.68,18.74,11903,22903075.00,4.93,0.26,0.05,0.93
2026-07-17,19.13,18.12,19.42,17.93,16736,31193981.08,7.79,-5.23,-1.00,1.31
2026-07-20,18.30,17.50,18.51,17.30,19095,34203987.18,6.68,-3.42,-0.62,1.49
2026-07-21,17.50,17.26,17.55,16.50,22372,38042691.00,6.00,-1.37,-0.24,1.75
2026-07-22,17.08,16.74,17.35,16.71,11191,18970259.00,3.71,-3.01,-0.52,0.87
2026-07-23,16.83,17.45,17.50,16.74,12141,20905389.50,4.54,4.24,0.71,0.95
2026-07-24,17.39,17.17,17.45,16.96,8332,14324361.00,2.81,-1.60,-0.28,0.65
2026-07-27,17.12,17.60,17.74,17.07,8720,15252027.00,3.90,2.50,0.43,0.68
2026-07-28,17.59,17.62,17.88,17.41,8241,14592838.00,2.67,0.11,0.02,0.64
2026-07-29,17.59,17.93,18.02,17.50,9128,16271957.00,2.95,1.76,0.31,0.71