2026-01-05,86.18,89.01,90.60,86.18,7524,67907479.00,5.12,3.19,2.75,0.94
2026-01-06,89.78,89.52,90.07,88.03,8193,74008666.00,2.29,0.57,0.51,1.02
2026-01-07,89.39,91.03,91.49,89.39,9103,83429469.00,2.35,1.69,1.51,1.14
2026-01-08,91.03,90.72,91.93,89.39,6302,58031317.00,2.79,-0.34,-0.31,0.79
2026-01-09,90.23,90.08,91.04,88.53,8078,73659502.00,2.77,-0.71,-0.64,1.01
2026-01-12,91.90,108.35,108.35,90.11,41169,428218044.00,20.25,20.28,18.27,5.15
2026-01-13,118.71,96.89,118.71,96.73,37330,389554792.00,20.29,-10.58,-11.46,4.67
2026-01-14,97.63,96.90,100.15,95.23,22324,220293143.00,5.08,0.01,0.01,2.79
2026-01-15,95.30,96.03,97.23,92.91,14562,140314408.00,4.46,-0.90,-0.87,1.82
2026-01-16,97.41,98.83,100.71,95.23,17846,177107327.00,5.71,2.92,2.80,2.23
2026-01-19,98.68,101.84,105.22,97.73,18129,184788080.00,7.58,3.05,3.01,2.27
2026-01-20,100.22,98.42,102.40,96.89,13526,136160695.00,5.41,-3.36,-3.42,1.69
2026-01-21,97.73,101.78,103.21,97.29,16799,171885555.00,6.02,3.41,3.36,2.10
2026-01-22,103.15,101.17,104.85,99.01,10456,106584295.00,5.74,-0.60,-0.61,1.31
2026-01-23,100.73,102.04,103.13,97.94,13372,135777303.00,5.13,0.86,0.87,1.67
2026-01-26,102.61,98.75,104.84,96.98,18446,188756978.00,7.70,-3.22,-3.29,2.31
2026-01-27,98.75,102.74,103.31,95.95,15537,158792250.00,7.45,4.04,3.99,1.94
2026-01-28,103.73,107.44,112.11,103.73,26709,291385663.00,8.16,4.57,4.70,3.34
2026-01-29,104.72,108.84,116.71,104.44,24788,277929384.00,11.42,1.30,1.40,3.10
2026-01-30,106.64,110.27,110.99,105.83,17958,197474182.00,4.74,1.31,1.43,2.24
2026-02-02,109.73,103.57,109.73,101.73,17103,181403733.00,7.25,-6.08,-6.70,2.14
2026-02-03,103.73,103.58,106.52,101.42,12185,127704682.00,4.92,0.01,0.01,1.52
2026-02-04,102.69,98.58,103.58,97.33,11902,119681915.00,6.03,-4.83,-5.00,1.49
2026-02-05,97.74,96.72,98.23,95.83,8340,81800224.00,2.43,-1.89,-1.86,1.04
2026-02-06,95.83,94.75,97.15,94.21,8907,86250138.00,3.04,-2.04,-1.97,1.11
2026-02-09,96.73,95.81,98.59,95.23,9748,95388262.00,3.55,1.12,1.06,1.22
2026-02-10,95.88,98.56,101.13,95.44,13297,132500017.00,5.94,2.87,2.75,1.66
2026-02-11,97.73,97.73,99.99,97.13,6692,66739391.00,2.90,-0.84,-0.83,0.84
2026-02-12,98.32,97.65,98.52,97.13,5102,50529071.00,1.42,-0.08,-0.08,0.64
2026-02-13,97.61,98.83,103.33,96.46,12672,128505553.00,7.04,1.21,1.18,1.58
2026-02-24,98.83,101.42,104.21,98.23,12987,132521098.00,6.05,2.62,2.59,1.62
2026-02-25,104.73,110.23,115.73,102.04,36362,406533596.00,13.50,8.69,8.81,4.55
2026-02-26,110.23,112.77,115.73,108.03,23136,264483986.00,6.99,2.30,2.54,2.89
2026-02-27,110.73,115.39,116.72,108.85,18437,211708513.00,6.98,2.32,2.62,2.30
2026-03-02,114.11,110.59,115.11,109.73,15561,176064962.00,4.66,-4.16,-4.80,1.95
2026-03-03,109.42,103.09,112.26,102.83,20928,226985197.00,8.53,-6.78,-7.50,2.56
2026-03-04,102.82,102.86,106.02,102.23,11993,125781561.00,3.68,-0.22,-0.23,1.47
2026-03-05,106.24,110.25,110.73,103.14,13931,152451541.00,7.38,7.18,7.39,1.71
2026-03-06,109.23,108.63,109.38,105.23,13398,145453292.00,3.76,-1.47,-1.62,1.64
2026-03-09,106.59,109.83,113.71,102.73,14207,153432197.00,10.11,1.10,1.20,1.74
2026-03-10,111.73,112.52,114.68,110.76,13003,148201378.00,3.57,2.45,2.69,1.59
2026-03-11,112.63,110.43,114.61,110.24,11374,128955004.00,3.88,-1.86,-2.09,1.39
2026-03-12,109.84,111.53,112.60,105.63,15740,174250358.00,6.31,1.00,1.10,1.93
2026-03-13,110.17,120.92,127.73,107.73,40167,488478349.00,17.93,8.42,9.39,4.92
2026-03-16,118.72,129.79,130.20,117.73,33324,420425263.00,10.31,7.34,8.87,4.08
2026-03-17,127.00,125.44,129.26,124.73,20279,259057111.00,3.49,-3.35,-4.35,2.48
2026-03-18,124.98,132.77,134.73,124.98,26937,354438422.00,7.77,5.84,7.33,3.30
2026-03-19,128.04,127.16,131.73,125.24,19480,252166441.00,4.89,-4.23,-5.61,2.39
2026-03-20,126.74,133.23,138.73,125.17,29470,395388237.00,10.66,4.77,6.07,3.61
2026-03-23,125.03,119.73,129.67,119.73,19466,244024186.00,7.46,-10.13,-13.50,2.38
2026-03-24,122.23,136.23,136.42,118.02,33308,430263677.00,15.37,13.78,16.50,4.08
2026-03-25,137.73,132.68,138.11,129.74,29233,389878197.00,6.14,-2.61,-3.55,3.58
2026-03-26,131.63,129.80,132.53,124.74,19181,249252723.00,5.87,-2.17,-2.88,2.35
2026-03-27,124.28,126.69,130.23,124.28,14804,189820417.00,4.58,-2.40,-3.11,1.81
2026-03-30,123.73,126.01,127.52,121.85,9987,127126035.00,4.48,-0.54,-0.68,1.22
2026-03-31,126.01,118.31,132.52,117.73,24205,303916879.00,11.74,-6.11,-7.70,2.96
2026-04-01,122.72,120.23,123.73,115.84,17985,217652562.00,6.67,1.62,1.92,2.20
2026-04-02,120.11,116.22,120.11,114.93,14118,166342948.00,4.31,-3.34,-4.01,1.73
2026-04-03,117.06,110.73,119.13,109.73,30235,346714099.00,8.09,-4.72,-5.49,3.70
2026-04-07,109.73,112.51,114.72,109.73,12990,147733806.00,4.51,1.61,1.78,1.59
2026-04-08,115.61,120.23,121.72,115.53,17355,208675616.00,5.50,6.86,7.72,2.13
2026-04-09,118.53,119.24,122.66,117.73,11958,145313324.00,4.10,-0.82,-0.99,1.46
2026-04-10,119.73,119.22,122.38,117.73,11331,137649985.00,3.90,-0.02,-0.02,1.39
2026-04-13,118.92,117.79,120.73,116.73,9906,118799924.00,3.36,-1.20,-1.43,1.21
2026-04-14,118.59,120.18,121.51,117.95,11335,137155408.00,3.02,2.03,2.39,1.39
2026-04-15,121.43,117.39,121.43,116.50,12802,153300254.00,4.10,-2.32,-2.79,1.57
2026-04-16,117.74,115.99,118.24,114.79,12500,147250460.00,2.94,-1.19,-1.40,1.53
2026-04-17,116.73,120.45,121.60,115.43,13985,168521139.00,5.32,3.85,4.46,1.71
2026-04-20,121.45,123.23,126.23,118.16,18845,234411456.00,6.70,2.31,2.78,2.31
2026-04-21,122.10,119.83,122.35,118.56,10799,130642509.00,3.08,-2.76,-3.40,1.32
2026-04-22,120.40,120.71,122.60,118.23,11849,144684995.00,3.65,0.73,0.88,1.45
2026-04-23,120.33,119.31,122.21,115.73,16256,193637369.00,5.37,-1.16,-1.40,1.99
2026-04-24,119.29,117.62,120.73,116.03,8916,106417785.00,3.94,-1.42,-1.69,1.09
2026-04-27,118.73,121.53,122.93,117.53,11681,142609359.00,4.59,3.32,3.91,1.43
2026-04-28,120.83,119.27,122.64,117.44,13695,165997152.00,4.28,-1.86,-2.26,1.68
2026-04-29,118.08,118.10,121.48,116.11,14548,173794832.00,4.50,-0.98,-1.17,1.78
2026-04-30,116.62,120.64,122.61,113.57,20215,242379237.00,7.65,2.15,2.54,2.48
2026-05-06,122.56,118.91,123.73,118.23,22315,272714594.00,4.56,-1.43,-1.73,2.73
2026-05-07,120.12,121.08,122.23,117.92,19900,242425922.00,3.62,1.82,2.17,2.44
2026-05-08,121.08,119.43,122.53,117.33,14850,181053328.00,4.29,-1.36,-1.65,1.82
2026-05-11,120.53,124.09,126.00,119.83,27996,349651275.00,5.17,3.90,4.66,3.43
2026-05-12,123.73,123.53,124.39,119.73,19546,241434311.00,3.76,-0.45,-0.56,2.39
2026-05-13,122.84,120.70,123.45,118.73,21091,258968643.00,3.82,-2.29,-2.83,2.58
2026-05-14,121.60,111.70,122.00,111.70,28517,335267337.00,8.53,-7.46,-9.00,3.49
2026-05-15,112.72,111.08,115.73,108.78,21164,239492429.00,6.22,-0.56,-0.62,2.54
2026-05-18,111.09,121.79,128.90,111.09,37904,466480840.00,16.03,9.64,10.71,4.56
2026-05-19,122.43,127.93,129.21,119.83,28234,362121713.00,7.70,5.04,6.14,3.39
2026-05-20,128.08,129.06,131.61,126.16,23404,305373112.00,4.26,0.88,1.13,2.81
2026-05-21,131.73,119.49,131.73,118.73,28178,355679129.00,10.07,-7.42,-9.57,3.39
2026-05-22,122.46,118.27,122.46,116.70,20273,244311821.00,4.82,-1.02,-1.22,2.44
2026-05-25,119.08,117.74,120.73,116.72,15485,185762292.00,3.39,-0.45,-0.53,1.86
2026-05-26,117.73,115.13,117.73,110.51,20816,238564685.00,6.13,-2.22,-2.61,2.50
2026-05-27,116.68,110.64,116.68,108.39,18088,202932794.00,7.20,-3.90,-4.49,2.17
2026-05-28,110.03,108.43,110.42,105.73,13135,143526957.00,4.24,-2.00,-2.21,1.58
2026-05-29,107.33,108.92,112.23,103.73,18961,207170335.00,7.84,0.45,0.49,2.28
2026-06-01,108.24,108.60,115.61,105.93,15995,179649850.00,8.89,-0.29,-0.32,1.92
2026-06-02,109.01,116.73,117.84,107.83,23316,267709020.00,9.22,7.49,8.13,2.80
2026-06-03,119.73,118.32,123.73,116.52,22687,275082587.00,6.18,1.36,1.59,2.73
2026-06-04,116.09,118.55,121.95,114.75,15388,184994516.00,6.09,0.19,0.23,1.85
2026-06-05,117.81,124.74,127.98,115.10,29845,370907574.00,10.86,5.22,6.19,3.59
2026-06-08,120.36,141.30,149.69,119.11,61752,861713881.00,24.51,13.28,16.56,7.42
2026-06-09,147.00,150.79,152.91,140.00,41714,623609642.00,9.14,6.72,9.49,5.01
2026-06-10,150.00,144.18,153.99,140.42,30809,449204490.00,9.00,-4.38,-6.61,3.70
2026-06-11,142.00,135.04,143.59,132.26,34899,478003985.00,7.86,-6.34,-9.14,4.20
2026-06-12,135.05,131.74,143.00,130.27,28156,384421333.00,9.43,-2.44,-3.30,3.38
2026-06-15,132.53,140.58,141.72,128.84,25952,350992958.00,9.78,6.71,8.84,3.11
2026-06-16,140.04,141.30,142.98,138.04,17283,242673346.00,3.51,0.51,0.72,2.07
2026-06-17,135.22,141.96,145.87,135.22,16815,237499301.00,7.54,0.47,0.66,2.02
2026-06-18,141.95,142.42,144.31,139.00,17855,252939234.00,3.74,0.32,0.46,2.14
2026-06-22,142.58,139.13,144.10,135.01,22273,308246567.00,6.38,-2.31,-3.29,2.67
2026-06-23,139.38,138.30,140.31,133.33,18794,257517962.00,5.02,-0.60,-0.83,2.26
2026-06-24,136.20,135.09,138.80,133.00,16547,224591445.00,4.19,-2.32,-3.21,1.99
2026-06-25,137.78,131.38,137.78,130.32,18462,244059728.00,5.52,-2.75,-3.71,2.22
2026-06-26,132.68,130.23,136.43,123.31,26575,343510338.00,9.99,-0.88,-1.15,3.19