2026-01-05,31.79,32.14,32.44,31.69,100860,327131676.00,2.38,1.81,0.57,0.94
2026-01-06,32.26,33.15,33.36,32.16,125301,415200649.00,3.73,3.14,1.01,1.17
2026-01-07,33.31,33.88,35.09,33.16,188078,650046069.00,5.82,2.20,0.73,1.75
2026-01-08,34.08,33.82,34.79,33.34,127474,438385442.00,4.28,-0.18,-0.06,1.19
2026-01-09,33.74,35.17,35.36,33.38,149465,521589665.00,5.85,3.99,1.35,1.39
2026-01-12,35.79,35.11,35.86,34.64,140812,501058105.00,3.47,-0.17,-0.06,1.31
2026-01-13,35.00,34.65,35.30,34.00,118342,414327979.00,3.70,-1.31,-0.46,1.10
2026-01-14,34.59,33.87,34.91,33.47,127518,440890076.00,4.16,-2.25,-0.78,1.19
2026-01-15,33.71,34.51,34.64,33.61,91306,317031694.00,3.04,1.89,0.64,0.85
2026-01-16,34.69,34.32,34.97,34.11,63155,219789765.00,2.49,-0.55,-0.19,0.59
2026-01-19,34.21,37.79,37.79,34.20,141944,522178343.00,10.46,10.11,3.47,1.32
2026-01-20,37.79,37.46,38.49,36.82,166164,630170543.00,4.42,-0.87,-0.33,1.55
2026-01-21,37.49,37.58,37.90,37.02,109741,416200641.00,2.35,0.32,0.12,1.02
2026-01-22,37.51,38.09,38.27,37.37,103325,395703167.00,2.39,1.36,0.51,0.96
2026-01-23,38.28,39.29,39.58,37.94,149685,587328797.00,4.31,3.15,1.20,1.40
2026-01-26,38.90,37.76,39.25,37.34,138755,532173947.00,4.86,-3.89,-1.53,1.29
2026-01-27,37.77,38.43,38.89,37.68,86914,335820441.00,3.20,1.77,0.67,0.81
2026-01-28,38.21,39.35,39.49,38.11,96353,378788188.00,3.59,2.39,0.92,0.90
2026-01-29,38.96,38.39,39.94,38.27,117332,462985122.00,4.24,-2.44,-0.96,1.09
2026-01-30,36.91,36.76,38.09,35.34,184729,683860814.00,7.16,-4.25,-1.63,1.72
2026-02-02,36.27,34.21,36.84,34.17,164082,584832254.00,7.26,-6.94,-2.55,1.53
2026-02-03,34.84,35.85,35.88,34.67,114515,408464195.00,3.54,4.79,1.64,1.07
2026-02-04,35.84,35.97,36.01,35.06,75204,270751532.00,2.65,0.33,0.12,0.70
2026-02-05,35.91,35.06,36.06,34.76,70526,251014939.00,3.61,-2.53,-0.91,0.66
2026-02-06,34.58,35.11,35.81,34.25,63791,227694802.00,4.45,0.14,0.05,0.59
2026-02-09,36.01,35.43,36.06,35.21,53505,192051060.00,2.42,0.91,0.32,0.50
2026-02-10,35.42,35.30,35.65,35.10,41190,147200202.00,1.55,-0.37,-0.13,0.38
2026-02-11,35.15,35.73,36.25,35.13,59472,214986007.00,3.17,1.22,0.43,0.55
2026-02-12,36.11,36.19,36.49,35.51,52960,193580230.00,2.74,1.29,0.46,0.49
2026-02-13,36.31,35.16,36.31,35.15,54517,196394283.00,3.21,-2.85,-1.03,0.51
2026-02-24,35.61,36.74,36.96,35.61,74813,275221792.00,3.84,4.49,1.58,0.70
2026-02-25,36.79,36.96,37.71,36.62,78476,294539105.00,2.97,0.60,0.22,0.73
2026-02-26,37.31,37.25,37.35,36.58,66297,248145479.00,2.08,0.78,0.29,0.62
2026-02-27,37.11,37.34,37.85,36.74,73508,276743838.00,2.98,0.24,0.09,0.69
2026-03-02,37.34,38.33,38.52,37.12,119924,458940120.00,3.75,2.65,0.99,1.12
2026-03-03,38.21,36.39,38.79,36.09,141604,528973258.00,7.04,-5.06,-1.94,1.32
2026-03-04,35.95,37.28,37.71,35.94,114233,428072843.00,4.86,2.45,0.89,1.07
2026-03-05,37.94,36.70,37.94,36.58,118471,442504466.00,3.65,-1.56,-0.58,1.10
2026-03-06,36.61,37.11,37.47,36.13,70715,264142233.00,3.65,1.12,0.41,0.66
2026-03-09,36.69,35.97,36.83,35.26,96249,349626238.00,4.23,-3.07,-1.14,0.90
2026-03-10,36.19,36.04,36.47,35.72,56582,206142307.00,2.09,0.19,0.07,0.53
2026-03-11,36.13,35.53,36.18,35.35,57536,207323067.00,2.30,-1.42,-0.51,0.54
2026-03-12,35.75,34.43,35.83,33.96,95699,335074839.00,5.26,-3.10,-1.10,0.89
2026-03-13,34.33,34.01,34.87,33.96,54140,188134326.00,2.64,-1.22,-0.42,0.50
2026-03-16,34.50,33.52,35.19,33.06,87222,297836719.00,6.26,-1.44,-0.49,0.81
2026-03-17,33.62,33.36,33.91,33.32,67870,230767981.00,1.76,-0.48,-0.16,0.63
2026-03-18,33.36,33.02,33.43,32.45,75161,249686793.00,2.94,-1.02,-0.34,0.70
2026-03-19,32.73,31.37,32.89,31.22,94535,303771657.00,5.06,-5.00,-1.65,0.88
2026-03-20,31.44,31.11,31.83,31.11,76206,242138943.00,2.30,-0.83,-0.26,0.71
2026-03-23,30.32,29.48,30.90,29.31,98531,297900069.00,5.11,-5.24,-1.63,0.92
2026-03-24,30.00,30.01,30.24,29.35,64817,195852109.00,3.02,1.80,0.53,0.60
2026-03-25,30.50,30.90,30.96,30.31,59163,184266190.00,2.17,2.97,0.89,0.55
2026-03-26,30.81,30.42,31.34,30.31,56815,177190238.00,3.33,-1.55,-0.48,0.53
2026-03-27,30.20,31.06,31.27,30.06,60097,187782249.00,3.98,2.10,0.64,0.56
2026-03-30,30.73,30.86,30.91,30.34,54398,168807991.00,1.84,-0.64,-0.20,0.51
2026-03-31,30.84,30.00,31.07,29.92,49153,151150727.00,3.73,-2.79,-0.86,0.46
2026-04-01,30.74,30.94,31.09,30.38,67326,209604339.00,2.37,3.13,0.94,0.63
2026-04-02,30.89,30.14,30.89,29.93,42445,130139141.00,3.10,-2.59,-0.80,0.40
2026-04-03,30.60,31.53,31.94,30.52,107546,340618291.00,4.71,4.61,1.39,1.00
2026-04-07,31.53,32.94,32.94,31.29,176651,577351482.00,5.23,4.47,1.41,1.65
2026-04-08,32.41,33.24,33.41,31.91,170753,564644566.00,4.55,0.91,0.30,1.59
2026-04-09,32.61,33.10,34.08,32.35,130684,440691372.00,5.20,-0.42,-0.14,1.22
2026-04-10,33.31,33.12,33.66,32.91,102221,344347454.00,2.27,0.06,0.02,0.95
2026-04-13,33.30,31.93,33.35,31.89,125511,411280999.00,4.41,-3.59,-1.19,1.17
2026-04-14,32.11,32.22,32.47,31.83,92702,302001383.00,2.00,0.91,0.29,0.86
2026-04-15,32.32,31.82,32.68,31.44,113119,365716517.00,3.85,-1.24,-0.40,1.05
2026-04-16,31.93,32.71,32.87,31.61,132376,432938821.00,3.96,2.80,0.89,1.23
2026-04-17,32.49,32.41,32.98,32.11,100510,330394809.00,2.66,-0.92,-0.30,0.94
2026-04-20,32.52,32.72,33.13,31.73,111125,366492074.00,4.32,0.96,0.31,1.04
2026-04-21,32.78,33.70,33.94,32.66,146728,495720121.00,3.91,3.00,0.98,1.37
2026-04-22,33.61,34.58,34.96,33.51,172124,600259551.00,4.30,2.61,0.88,1.60
2026-04-23,34.61,33.77,34.61,33.44,137226,470149491.00,3.38,-2.34,-0.81,1.28
2026-04-24,33.91,34.86,35.80,33.46,201619,710923338.00,6.93,3.23,1.09,1.88
2026-04-27,35.22,35.41,35.72,34.61,173463,617225197.00,3.18,1.58,0.55,1.62
2026-04-28,35.08,35.20,35.57,34.16,153278,540206138.00,3.98,-0.59,-0.21,1.43
2026-04-29,34.91,35.28,35.50,34.41,144984,514865542.00,3.10,0.23,0.08,1.35
2026-04-30,35.61,36.01,36.11,34.54,210646,756255634.00,4.45,2.07,0.73,1.96
2026-05-06,36.37,36.21,36.40,35.39,186879,680202181.00,2.80,0.56,0.20,1.74
2026-05-07,35.93,35.31,36.01,35.01,178788,638940756.00,2.76,-2.49,-0.90,1.67
2026-05-08,34.96,33.93,35.12,33.91,175599,608645864.00,3.43,-3.91,-1.38,1.64
2026-05-11,33.95,34.52,34.69,33.41,146714,507122876.00,3.77,1.74,0.59,1.37
2026-05-12,34.52,32.91,34.52,32.41,213718,713497907.00,6.11,-4.66,-1.61,1.99
2026-05-13,32.51,34.85,35.19,32.23,213068,727832703.00,8.99,5.89,1.94,1.99
2026-05-14,35.49,36.27,36.91,35.21,384061,1402711521.00,4.88,4.07,1.42,3.58
2026-05-15,37.10,36.54,38.04,36.29,367643,1373941853.00,4.82,0.74,0.27,3.43
2026-05-18,36.73,35.02,36.81,34.73,285354,1022781922.00,5.69,-4.16,-1.52,2.66
2026-05-19,34.49,34.42,34.87,33.42,220572,760917510.00,4.14,-1.71,-0.60,2.06
2026-05-20,34.39,35.58,36.60,34.20,276723,994873416.00,6.97,3.37,1.16,2.58
2026-05-21,35.91,34.67,36.83,34.61,252328,910803874.00,6.24,-2.56,-0.91,2.35
2026-05-22,34.67,36.08,36.18,34.62,201716,724885194.00,4.50,4.07,1.41,1.88
2026-05-25,36.01,35.29,36.60,34.72,220752,792475035.00,5.21,-2.19,-0.79,2.06
2026-05-26,35.02,38.86,38.86,34.77,366757,1383802982.00,11.59,10.12,3.57,3.42
2026-05-27,40.48,39.61,42.55,39.32,595775,2413927808.00,8.31,1.93,0.75,5.55
2026-05-28,39.50,39.99,40.26,38.10,429475,1695439913.00,5.45,0.96,0.38,4.00
2026-05-29,40.60,38.31,41.84,38.05,407259,1646501277.00,9.48,-4.20,-1.68,3.80
2026-06-01,39.08,40.49,42.18,39.08,525097,2176613145.00,8.09,5.69,2.18,4.90
2026-06-02,41.61,43.02,44.14,40.62,698121,2964788014.00,8.69,6.25,2.53,6.51
2026-06-03,42.41,41.26,44.10,40.61,676732,2891791936.00,8.11,-4.09,-1.76,6.31
2026-06-04,40.27,43.17,45.11,40.12,648555,2838504720.00,12.09,4.63,1.91,6.05
2026-06-05,44.27,46.21,47.53,42.87,743602,3407491488.00,10.79,7.04,3.04,6.93
2026-06-08,45.11,49.83,50.87,45.11,1020374,5106742601.00,12.46,7.83,3.62,9.51
2026-06-09,50.21,52.41,53.25,48.64,1041168,5385394317.00,9.25,5.18,2.58,9.71
2026-06-10,53.61,57.69,57.69,53.14,621655,3549849381.00,8.68,10.07,5.28,5.80
2026-06-11,63.50,63.50,63.50,60.61,798379,5058464586.00,5.01,10.07,5.81,7.44
2026-06-12,63.18,57.15,63.25,57.15,1130784,6723738786.00,9.61,-10.00,-6.35,10.54
2026-06-15,57.10,56.27,57.85,52.89,1078692,6010907963.00,8.68,-1.54,-0.88,10.06
2026-06-16,57.21,58.00,61.58,57.00,1088290,6460086226.00,8.14,3.07,1.73,10.15
2026-06-17,57.00,63.80,63.80,55.14,1140442,6959652993.00,14.93,10.00,5.80,10.63
2026-06-18,64.65,65.16,66.99,61.00,1036304,6638928970.00,9.39,2.13,1.36,9.66
2026-06-22,67.00,70.22,71.40,65.50,975888,6683696448.00,9.05,7.77,5.06,9.10
2026-06-23,68.55,66.34,73.03,66.01,872298,6021267030.00,10.00,-5.53,-3.88,8.13
2026-06-24,64.89,67.15,68.93,64.40,774878,5184988575.00,6.83,1.22,0.81,7.22
2026-06-25,66.28,68.40,70.05,64.50,807787,5445536939.00,8.27,1.86,1.25,7.53
2026-06-26,69.00,62.30,69.12,61.56,786073,5103632218.00,11.05,-8.92,-6.10,7.33
2026-06-29,62.05,68.53,68.53,58.61,908881,5857973311.00,15.92,10.00,6.23,8.47
2026-06-30,71.77,75.38,75.38,69.54,1020717,7446881534.00,8.52,10.00,6.85,9.52
2026-07-01,76.81,81.00,82.92,76.81,1366671,11145300094.00,8.11,7.46,5.62,12.74
2026-07-02,76.81,82.17,88.10,73.82,1161193,9620861412.00,17.63,1.44,1.17,10.83
2026-07-03,82.00,76.01,85.80,73.95,1066836,8273815539.00,14.42,-7.50,-6.16,9.95
2026-07-06,76.88,68.41,79.80,68.41,960412,7010241273.00,14.98,-10.00,-7.60,8.95
2026-07-07,66.88,65.57,68.41,64.01,697116,4577275350.00,6.43,-4.15,-2.84,6.50
2026-07-08,65.00,62.51,66.69,61.00,653744,4179425515.00,8.68,-4.67,-3.06,6.10
2026-07-09,63.88,66.20,66.66,61.63,736761,4720246941.00,8.05,5.90,3.69,6.87
2026-07-10,66.25,60.58,70.50,60.53,955243,6221047413.00,15.06,-8.49,-5.62,8.91
2026-07-13,59.06,54.59,62.00,54.52,741591,4258679036.00,12.35,-9.89,-5.99,6.91
2026-07-14,54.58,55.70,56.44,53.33,566383,3108257042.00,5.70,2.03,1.11,5.28
2026-07-15,55.99,52.03,56.49,51.82,494684,2635321591.00,8.38,-6.59,-3.67,4.61
2026-07-16,51.07,48.68,51.80,48.22,454885,2273312921.00,6.88,-6.44,-3.35,4.24
2026-07-17,48.42,46.88,50.91,46.55,542499,2631499971.00,8.96,-3.70,-1.80,5.06
2026-07-20,48.19,42.19,48.65,42.19,569161,2512022365.00,13.78,-10.00,-4.69,5.31
2026-07-21,42.20,44.98,45.09,38.56,767179,3232378648.00,15.48,6.61,2.79,7.15
2026-07-22,44.00,44.27,45.98,43.50,537431,2400293923.00,5.51,-1.58,-0.71,5.01
2026-07-23,44.33,44.33,45.14,43.53,351226,1554800050.00,3.64,0.14,0.06,3.27
2026-07-24,43.11,43.86,45.80,42.81,469869,2094194260.00,6.74,-1.06,-0.47,4.38