2026-01-05,4.66,4.68,4.68,4.64,535016,264573742.00,0.86,0.21,0.01,0.40
2026-01-06,4.68,4.70,4.71,4.67,521100,258987540.00,0.85,0.43,0.02,0.39
2026-01-07,4.70,4.72,4.75,4.68,545838,273034965.00,1.49,0.43,0.02,0.41
2026-01-08,4.73,4.75,4.78,4.71,488899,245792444.00,1.48,0.64,0.03,0.36
2026-01-09,4.75,4.74,4.75,4.73,408467,205040540.00,0.42,-0.21,-0.01,0.30
2026-01-12,4.75,4.80,4.81,4.73,716477,361899079.00,1.69,1.27,0.06,0.53
2026-01-13,4.80,4.77,4.80,4.75,562805,284663270.00,1.04,-0.63,-0.03,0.42
2026-01-14,4.78,4.68,4.79,4.66,1384839,693387081.00,2.73,-1.89,-0.09,1.03
2026-01-15,4.69,4.67,4.70,4.66,545422,270379417.00,0.85,-0.21,-0.01,0.41
2026-01-16,4.70,4.63,4.75,4.62,1533108,758044599.00,2.78,-0.86,-0.04,1.14
2026-01-19,4.63,4.70,4.70,4.61,791426,391613802.00,1.94,1.51,0.07,0.59
2026-01-20,4.72,4.75,4.76,4.70,932995,467792469.00,1.28,1.06,0.05,0.70
2026-01-21,4.75,4.70,4.76,4.69,638844,318834496.00,1.47,-1.05,-0.05,0.48
2026-01-22,4.71,4.67,4.73,4.65,1191586,590257819.00,1.70,-0.64,-0.03,0.89
2026-01-23,4.67,4.67,4.69,4.66,695494,344454121.00,0.64,0.00,0.00,0.52
2026-01-26,4.68,4.72,4.75,4.67,1125411,562253376.00,1.71,1.07,0.05,0.84
2026-01-27,4.74,4.68,4.74,4.66,810748,402542106.00,1.69,-0.85,-0.04,0.60
2026-01-28,4.67,4.69,4.72,4.66,763517,379944349.00,1.28,0.21,0.01,0.57
2026-01-29,4.69,4.71,4.71,4.66,847470,420133822.00,1.07,0.43,0.02,0.63
2026-01-30,4.70,4.67,4.73,4.67,966511,481929099.00,1.27,-0.85,-0.04,0.72
2026-02-02,4.69,4.66,4.75,4.66,1205285,601641418.00,1.93,-0.21,-0.01,0.90
2026-02-03,4.68,4.64,4.70,4.61,1218236,599732830.00,1.93,-0.43,-0.02,0.91
2026-02-04,4.63,4.69,4.70,4.63,755984,374442765.00,1.51,1.08,0.05,0.56
2026-02-05,4.69,4.67,4.70,4.66,416056,206444776.00,0.85,-0.43,-0.02,0.31
2026-02-06,4.67,4.68,4.70,4.66,502183,249106590.00,0.86,0.21,0.01,0.37
2026-02-09,4.69,4.70,4.71,4.68,418726,208330429.00,0.64,0.43,0.02,0.31
2026-02-10,4.70,4.69,4.70,4.68,327972,163013653.00,0.43,-0.21,-0.01,0.24
2026-02-11,4.70,4.70,4.71,4.69,350250,174457091.00,0.43,0.21,0.01,0.26
2026-02-12,4.71,4.73,4.75,4.70,647657,324316509.00,1.06,0.64,0.03,0.48
2026-02-13,4.73,4.68,4.73,4.67,601208,299139514.00,1.27,-1.06,-0.05,0.45
2026-02-24,4.69,4.77,4.78,4.69,910829,458080960.00,1.92,1.92,0.09,0.68
2026-02-25,4.77,4.82,4.86,4.77,1001636,511447878.00,1.89,1.05,0.05,0.75
2026-02-26,4.84,4.91,4.91,4.82,1079406,557855226.00,1.87,1.87,0.09,0.81
2026-02-27,4.92,5.05,5.05,4.91,1392420,735136779.00,2.85,2.85,0.14,1.04
2026-03-02,5.02,5.15,5.16,4.98,1688930,910274648.00,3.56,1.98,0.10,1.26
2026-03-03,5.15,5.12,5.21,5.09,1669790,906509141.00,2.33,-0.58,-0.03,1.25
2026-03-04,5.09,5.13,5.16,5.03,1367440,739075521.00,2.54,0.20,0.01,1.02
2026-03-05,5.17,5.21,5.24,5.14,1093972,599598806.00,1.95,1.56,0.08,0.82
2026-03-06,5.21,5.20,5.23,5.15,823853,451461176.00,1.54,-0.19,-0.01,0.61
2026-03-09,5.19,5.22,5.29,5.17,1146412,633038159.00,2.31,0.38,0.02,0.85
2026-03-10,5.22,5.18,5.24,5.13,771615,422174114.00,2.11,-0.77,-0.04,0.58
2026-03-11,5.17,5.25,5.25,5.06,861781,470016291.00,3.67,1.35,0.07,0.64
2026-03-12,5.25,5.37,5.40,5.22,1268244,710368399.00,3.43,2.29,0.12,0.95
2026-03-13,5.40,5.29,5.40,5.26,910046,509764693.00,2.61,-1.49,-0.08,0.68
2026-03-16,5.29,5.20,5.33,5.18,767981,422897895.00,2.84,-1.70,-0.09,0.57
2026-03-17,5.19,5.16,5.27,5.15,671420,368469582.00,2.31,-0.77,-0.04,0.50
2026-03-18,5.18,5.18,5.24,5.12,656624,358225858.00,2.33,0.39,0.02,0.49
2026-03-19,5.15,5.18,5.26,5.14,550883,302284304.00,2.32,0.00,0.00,0.41
2026-03-20,5.17,5.15,5.27,5.11,715379,390826383.00,3.09,-0.58,-0.03,0.53
2026-03-23,5.10,4.97,5.13,4.94,1022429,543444823.00,3.69,-3.50,-0.18,0.76
2026-03-24,5.02,5.09,5.10,4.97,840074,446921481.00,2.62,2.41,0.12,0.63
2026-03-25,5.10,5.23,5.30,5.04,1219332,668904777.00,5.11,2.75,0.14,0.91
2026-03-26,5.22,5.38,5.44,5.20,1973049,1108650318.00,4.59,2.87,0.15,1.47
2026-03-27,5.32,5.43,5.45,5.23,1345106,760858789.00,4.09,0.93,0.05,1.00
2026-03-30,5.37,5.22,5.37,5.12,1304044,716953689.00,4.60,-3.87,-0.21,0.97
2026-03-31,5.18,5.15,5.26,5.12,792120,432829716.00,2.68,-1.34,-0.07,0.59
2026-04-01,5.19,5.19,5.24,5.13,744412,407113698.00,2.14,0.78,0.04,0.56
2026-04-02,5.19,5.23,5.27,5.15,742968,408965480.00,2.31,0.77,0.04,0.55
2026-04-03,5.23,5.13,5.24,5.11,600045,326258978.00,2.49,-1.91,-0.10,0.45
2026-04-07,5.12,5.14,5.16,5.07,487058,263083039.00,1.75,0.19,0.01,0.36
2026-04-08,5.17,5.20,5.20,5.11,636869,346242631.00,1.75,1.17,0.06,0.47
2026-04-09,5.18,5.17,5.21,5.15,496919,271239847.00,1.15,-0.58,-0.03,0.37
2026-04-10,5.20,5.19,5.24,5.16,500508,274584812.00,1.55,0.39,0.02,0.37
2026-04-13,5.17,5.20,5.20,5.13,581744,316915073.00,1.35,0.19,0.01,0.43
2026-04-14,5.20,5.24,5.27,5.19,535550,295538225.00,1.54,0.77,0.04,0.40
2026-04-15,5.26,5.26,5.29,5.16,608322,335815821.00,2.48,0.38,0.02,0.45
2026-04-16,5.25,5.26,5.28,5.22,403476,223039724.00,1.14,0.00,0.00,0.30
2026-04-17,5.25,5.23,5.28,5.20,370694,204339274.00,1.52,-0.57,-0.03,0.28
2026-04-20,5.22,5.33,5.34,5.20,693765,386568729.00,2.68,1.91,0.10,0.52
2026-04-21,5.36,5.44,5.52,5.35,773016,441787079.00,3.19,2.06,0.11,0.58
2026-04-22,5.44,5.48,5.52,5.42,687905,395995873.00,1.84,0.74,0.04,0.51
2026-04-23,5.47,5.52,5.55,5.40,748769,432252839.00,2.74,0.73,0.04,0.56
2026-04-24,5.51,5.52,5.59,5.47,636402,370023937.00,2.17,0.00,0.00,0.47
2026-04-27,5.49,5.50,5.58,5.42,722652,419077758.00,2.90,-0.36,-0.02,0.54
2026-04-28,5.38,5.61,5.63,5.32,1389824,803439280.00,5.64,2.00,0.11,1.04
2026-04-29,5.56,5.44,5.56,5.39,1012053,580071542.00,3.03,-3.03,-0.17,0.75
2026-04-30,5.41,5.42,5.47,5.34,583604,332264672.00,2.39,-0.37,-0.02,0.44
2026-05-06,5.42,5.48,5.50,5.39,836920,479647871.00,2.03,1.11,0.06,0.62
2026-05-07,5.50,5.56,5.61,5.47,721042,420279305.00,2.55,1.46,0.08,0.54
2026-05-08,5.55,5.58,5.70,5.52,635393,374336201.00,3.24,0.36,0.02,0.47
2026-05-11,5.62,5.64,5.69,5.53,577870,341554957.00,2.87,1.08,0.06,0.43
2026-05-12,5.64,5.69,5.75,5.62,654013,390992420.00,2.30,0.89,0.05,0.49
2026-05-13,5.71,5.72,5.83,5.68,962947,580640185.00,2.64,0.53,0.03,0.72
2026-05-14,5.73,5.75,5.90,5.69,1012189,615551963.00,3.67,0.52,0.03,0.75
2026-05-15,5.72,5.79,5.83,5.64,953634,573649844.00,3.30,0.70,0.04,0.71
2026-05-18,5.80,5.87,5.92,5.76,1029335,631468979.00,2.76,1.38,0.08,0.77
2026-05-19,5.87,6.42,6.49,5.82,2706526,1765512480.00,11.41,9.37,0.55,2.02
2026-05-20,6.19,5.75,6.24,5.75,2182957,1349064349.00,7.63,-10.44,-0.67,1.63
2026-05-21,5.62,5.43,5.67,5.43,1623023,947351105.00,4.17,-5.57,-0.32,1.21
2026-05-22,5.41,5.47,5.53,5.36,912798,523612377.00,3.13,0.74,0.04,0.68
2026-05-25,5.44,5.63,5.67,5.38,1015322,591901720.00,5.30,2.93,0.16,0.76
2026-05-26,5.61,5.80,5.87,5.57,1050929,634418785.00,5.33,3.02,0.17,0.78
2026-05-27,5.75,5.72,5.83,5.68,907524,547257403.00,2.59,-1.38,-0.08,0.68
2026-05-28,5.72,5.82,5.92,5.67,1164054,709383476.00,4.37,1.75,0.10,0.87
2026-05-29,5.82,6.19,6.32,5.78,2054216,1323584160.00,9.28,6.36,0.37,1.53
2026-06-01,6.27,6.42,6.45,6.00,1805624,1179770477.00,7.27,3.72,0.23,1.35
2026-06-02,6.32,6.11,6.32,6.09,1233165,793924890.00,3.58,-4.83,-0.31,0.92
2026-06-03,6.04,6.14,6.16,5.94,1158450,731073781.00,3.60,0.49,0.03,0.86
2026-06-04,6.05,5.96,6.14,5.93,801510,503041680.00,3.42,-2.93,-0.18,0.60
2026-06-05,5.94,5.71,6.06,5.69,962073,585182535.00,6.21,-4.19,-0.25,0.72
2026-06-08,5.55,5.67,5.74,5.53,591261,350397374.00,3.68,-0.70,-0.04,0.44
2026-06-09,5.69,5.70,5.71,5.56,512379,303168710.00,2.65,0.53,0.03,0.38
2026-06-10,5.65,5.69,5.75,5.58,574996,342309614.00,2.98,-0.18,-0.01,0.43
2026-06-11,5.64,6.02,6.07,5.63,990676,611372997.00,7.73,5.80,0.33,0.74
2026-06-12,5.95,5.98,6.06,5.82,1036129,646836585.00,3.99,-0.66,-0.04,0.77
2026-06-15,5.98,5.88,6.01,5.82,700147,432468277.00,3.18,-1.67,-0.10,0.52
2026-06-16,5.84,5.86,5.93,5.77,672788,412163004.00,2.72,-0.34,-0.02,0.50
2026-06-17,5.86,5.76,5.91,5.74,615111,375046710.00,2.90,-1.71,-0.10,0.46
2026-06-18,5.74,5.48,5.80,5.47,862094,507063493.00,5.73,-4.86,-0.28,0.64
2026-06-22,5.44,5.44,5.45,5.30,671230,379965406.00,2.74,-0.73,-0.04,0.50
2026-06-23,5.39,5.25,5.50,5.24,666808,375341839.00,4.78,-3.49,-0.19,0.50
2026-06-24,5.22,5.12,5.25,5.10,488682,265402892.00,2.86,-2.48,-0.13,0.36
2026-06-25,5.08,5.02,5.14,5.00,504978,269455183.00,2.73,-1.95,-0.10,0.38
2026-06-26,5.02,4.96,5.07,4.92,462775,243997671.00,2.99,-1.20,-0.06,0.35
2026-06-29,4.95,5.00,5.02,4.86,462875,242352780.00,3.23,0.81,0.04,0.35
2026-06-30,4.95,4.98,5.01,4.90,415074,217170081.00,2.20,-0.40,-0.02,0.31
2026-07-01,4.97,5.08,5.09,4.94,455671,242525975.00,3.01,2.01,0.10,0.34
2026-07-02,5.08,5.18,5.22,5.01,567843,307514668.00,4.13,1.97,0.10,0.42
2026-07-03,5.19,5.19,5.21,5.09,492416,266934964.00,2.32,0.19,0.01,0.37
2026-07-06,5.12,5.13,5.17,5.07,346283,186990706.00,1.93,-1.16,-0.06,0.26
2026-07-07,5.12,5.03,5.12,5.01,287100,152895591.00,2.14,-1.95,-0.10,0.21
2026-07-08,5.00,5.08,5.12,4.99,319090,171093270.00,2.58,0.99,0.05,0.24
2026-07-09,5.05,5.03,5.09,4.98,305623,162092032.00,2.17,-0.98,-0.05,0.23
2026-07-10,5.03,5.12,5.19,5.00,485957,261976204.00,3.78,1.79,0.09,0.36
2026-07-13,5.11,5.13,5.18,5.08,475105,256993533.00,1.95,0.20,0.01,0.35
2026-07-14,5.11,5.19,5.21,5.07,492326,268591006.00,2.73,1.17,0.06,0.37
2026-07-15,4.93,4.72,4.93,4.65,1203176,607113503.00,5.39,-9.06,-0.47,0.90
2026-07-16,4.71,4.77,4.80,4.70,506045,254876721.00,2.12,1.06,0.05,0.38
2026-07-17,4.77,4.89,4.96,4.74,718134,371444768.00,4.61,2.52,0.12,0.54
2026-07-20,4.87,5.06,5.06,4.85,797730,418342304.00,4.29,3.48,0.17,0.59
2026-07-21,5.05,5.04,5.13,4.96,686306,365452381.00,3.36,-0.40,-0.02,0.51
2026-07-22,5.01,5.11,5.11,5.00,542737,289547939.00,2.18,1.39,0.07,0.40
2026-07-23,5.07,5.17,5.19,5.04,438093,237645547.00,2.94,1.17,0.06,0.33
2026-07-24,5.16,5.08,5.19,5.07,498083,268591812.00,2.32,-1.74,-0.09,0.37
2026-07-27,5.05,5.08,5.09,5.02,425666,226851536.00,1.38,0.00,0.00,0.32
2026-07-28,5.08,5.05,5.08,5.00,427702,227258310.00,1.57,-0.59,-0.03,0.32
2026-07-29,5.03,5.14,5.14,5.02,632127,339266546.00,2.38,1.78,0.09,0.47
2026-07-30,5.14,5.07,5.16,5.05,792316,404199836.00,2.14,-1.36,-0.07,0.59
2026-07-31,5.07,5.07,5.08,4.96,848586,424490953.00,2.37,0.00,0.00,0.63
2026-08-03,5.03,5.02,5.05,4.99,682820,342452996.00,1.18,-0.99,-0.05,0.51
2026-08-04,5.02,4.97,5.03,4.96,612993,305161358.00,1.39,-1.00,-0.05,0.46
2026-08-05,4.95,4.94,4.97,4.91,492350,242654569.00,1.21,-0.60,-0.03,0.37