2026-01-05,24.76,25.08,25.30,23.85,592899,1451517650.07,5.86,1.33,0.33,5.60
2026-01-06,25.81,24.57,25.91,24.32,702318,1754095840.93,6.34,-2.03,-0.51,6.63
2026-01-07,24.64,24.32,25.24,24.06,470938,1161463397.20,4.80,-1.02,-0.25,4.45
2026-01-08,24.32,23.52,24.97,23.19,571169,1367850872.14,7.32,-3.29,-0.80,5.40
2026-01-09,23.41,23.12,24.20,22.93,619106,1454178822.43,5.40,-1.70,-0.40,5.85
2026-01-12,23.62,23.50,24.30,23.23,654095,1546972688.88,4.63,1.64,0.38,6.18
2026-01-13,23.95,24.36,25.75,23.61,1020882,2505366788.92,9.11,3.66,0.86,9.64
2026-01-14,24.00,23.54,24.90,23.20,757801,1819137751.26,6.98,-3.37,-0.82,7.16
2026-01-15,23.27,23.78,24.69,23.21,546088,1314970223.13,6.29,1.02,0.24,5.16
2026-01-16,23.63,23.00,24.19,22.67,535912,1238795086.61,6.39,-3.28,-0.78,5.06
2026-01-19,22.80,23.48,24.26,22.70,547583,1297622387.19,6.78,2.09,0.48,5.17
2026-01-20,23.69,23.92,24.42,23.00,576166,1361501203.16,6.05,1.87,0.44,5.44
2026-01-21,24.19,25.00,25.39,24.09,736428,1831097316.48,5.43,4.52,1.08,6.96
2026-01-22,25.00,24.59,25.38,24.48,472340,1169925134.73,3.60,-1.64,-0.41,4.46
2026-01-23,24.99,25.90,26.20,24.75,663318,1691350709.49,5.90,5.33,1.31,6.27
2026-01-26,26.41,25.19,26.41,25.01,570227,1457685062.43,5.41,-2.74,-0.71,5.39
2026-01-27,25.07,25.14,25.74,24.10,466602,1153351677.72,6.51,-0.20,-0.05,4.41
2026-01-28,26.07,26.04,26.33,25.17,668725,1722636705.53,4.61,3.58,0.90,6.32
2026-01-29,25.79,26.74,27.32,25.53,664048,1761467596.40,6.87,2.69,0.70,6.27
2026-01-30,26.17,24.70,26.17,24.07,684085,1694298291.08,7.85,-7.63,-2.04,6.46
2026-02-02,24.18,24.60,25.80,24.06,608846,1517334366.46,7.04,-0.40,-0.10,5.75
2026-02-03,25.20,25.25,25.76,24.40,466581,1171855372.02,5.53,2.64,0.65,4.41
2026-02-04,25.20,25.30,25.36,24.40,376017,936692119.10,3.80,0.20,0.05,3.55
2026-02-05,24.84,24.03,24.92,23.85,411424,998957499.21,4.23,-5.02,-1.27,3.89
2026-02-06,23.64,25.09,25.49,23.55,442606,1101905316.78,8.07,4.41,1.06,4.18
2026-02-09,25.48,25.58,25.79,25.12,267848,682619310.65,2.67,1.95,0.49,2.53
2026-02-10,25.53,25.23,25.73,24.92,172232,435449025.06,3.17,-1.37,-0.35,1.63
2026-02-11,25.24,26.61,26.98,25.11,478879,1264526988.31,7.41,5.47,1.38,4.52
2026-02-12,26.59,27.35,27.48,26.40,372924,1007746917.57,4.06,2.78,0.74,3.52
2026-02-13,26.60,27.16,27.70,26.59,298897,811716344.15,4.06,-0.69,-0.19,2.82
2026-02-24,27.78,28.13,28.80,27.71,489261,1380195132.18,4.01,3.57,0.97,4.62
2026-02-25,28.24,28.98,29.65,27.81,530175,1534503266.11,6.54,3.02,0.85,5.01
2026-02-26,28.70,26.44,28.70,26.08,1246801,3321716886.57,9.04,-8.76,-2.54,11.78
2026-02-27,26.39,27.73,27.95,26.24,669010,1815875776.34,6.47,4.88,1.29,6.32
2026-03-02,27.32,26.97,27.67,26.62,519026,1401858955.13,3.79,-2.74,-0.76,4.90
2026-03-03,26.65,25.64,27.03,25.55,446167,1159776166.03,5.49,-4.93,-1.33,4.21
2026-03-04,25.50,25.23,26.05,24.98,299854,763443969.40,4.17,-1.60,-0.41,2.83
2026-03-05,25.69,24.76,25.82,24.50,359182,899918010.59,5.23,-1.86,-0.47,3.39
2026-03-06,24.54,23.88,24.65,23.83,442640,1067654039.23,3.31,-3.55,-0.88,4.18
2026-03-09,23.23,24.13,24.30,22.72,446603,1048522685.17,6.62,1.05,0.25,4.22
2026-03-10,24.47,24.77,25.12,24.35,268577,665851486.97,3.19,2.65,0.64,2.54
2026-03-11,24.51,25.03,25.28,24.35,297874,743773626.69,3.75,1.05,0.26,2.81
2026-03-12,25.12,24.54,25.19,24.12,367162,898076912.99,4.27,-1.96,-0.49,3.47
2026-03-13,24.58,24.60,25.77,24.52,400018,1002732557.68,5.09,0.24,0.06,3.78
2026-03-16,24.58,24.26,24.98,23.79,342286,828644432.73,4.84,-1.38,-0.34,3.23
2026-03-17,24.29,23.29,24.58,23.15,400106,948926952.69,5.89,-4.00,-0.97,3.78
2026-03-18,23.30,23.23,23.39,22.78,296384,684164195.22,2.62,-0.26,-0.06,2.80
2026-03-19,22.83,22.11,22.96,21.89,411391,912211470.55,4.61,-4.82,-1.12,3.89
2026-03-20,22.28,22.00,22.99,21.83,311661,696309781.17,5.25,-0.50,-0.11,2.94
2026-03-23,21.42,22.00,22.95,21.31,445630,989549887.00,7.45,0.00,0.00,4.21
2026-03-24,22.26,21.95,22.54,21.15,388138,844790894.07,6.32,-0.23,-0.05,3.67
2026-03-25,22.20,21.92,22.65,21.62,441103,968032463.46,4.69,-0.14,-0.03,4.17
2026-03-26,21.87,23.05,23.23,21.80,654997,1492095725.35,6.52,5.16,1.13,6.19
2026-03-27,22.73,24.20,24.86,22.73,740927,1772071954.34,9.24,4.99,1.15,7.00
2026-03-30,24.38,23.79,24.46,23.60,499054,1197528245.81,3.55,-1.69,-0.41,4.71
2026-03-31,23.58,23.20,23.76,22.93,339171,789480343.72,3.49,-2.48,-0.59,3.20
2026-04-01,23.35,23.02,23.48,22.66,282017,650256164.86,3.53,-0.78,-0.18,2.66
2026-04-02,22.90,22.73,23.26,22.42,476700,1084887002.73,3.65,-1.26,-0.29,4.50
2026-04-03,22.69,22.07,23.33,22.00,314944,705093230.57,5.85,-2.90,-0.66,2.98
2026-04-07,22.21,22.10,22.43,21.90,220778,487815527.97,2.40,0.14,0.03,2.09
2026-04-08,22.10,23.18,23.19,22.06,359030,817277767.39,5.11,4.89,1.08,3.39
2026-04-09,24.25,23.31,24.46,22.61,574352,1344314386.41,7.98,0.56,0.13,5.43
2026-04-10,23.31,24.19,24.59,23.01,600064,1447466764.99,6.78,3.78,0.88,5.67
2026-04-13,24.85,26.13,26.53,24.85,891634,2306337762.75,6.95,8.02,1.94,8.42
2026-04-14,26.50,26.81,26.86,26.05,615860,1629115764.41,3.10,2.60,0.68,5.82
2026-04-15,26.81,26.14,27.08,26.01,499709,1321229433.61,3.99,-2.50,-0.67,4.72
2026-04-16,26.30,27.26,27.83,26.16,659519,1791281075.19,6.39,4.28,1.12,6.23
2026-04-17,27.59,28.09,28.58,27.27,694703,1954164351.71,4.81,3.04,0.83,6.56
2026-04-20,27.91,27.92,28.79,27.76,468452,1316778245.09,3.67,-0.61,-0.17,4.43
2026-04-21,28.31,27.99,28.63,27.32,493067,1386588738.79,4.69,0.25,0.07,4.66
2026-04-22,27.66,28.37,28.65,27.56,433040,1221912123.75,3.89,1.36,0.38,4.09
2026-04-23,28.36,27.78,28.55,27.50,426752,1189661887.51,3.70,-2.08,-0.59,4.03
2026-04-24,27.52,29.60,29.84,27.52,734800,2118490067.16,8.35,6.55,1.82,6.94
2026-04-27,27.30,28.97,29.38,27.29,998502,2833455643.05,7.06,-2.13,-0.63,9.42
2026-04-28,28.95,27.53,28.96,27.00,713304,1981683770.11,6.77,-4.97,-1.44,6.73
2026-04-29,27.30,30.28,30.28,26.95,815286,2383244574.62,12.10,9.99,2.75,7.69
2026-04-30,30.36,30.67,30.96,30.13,808688,2468355475.90,2.74,1.29,0.39,7.63
2026-05-06,31.50,31.08,32.00,30.70,722664,2252329428.34,4.24,1.34,0.41,6.82
2026-05-07,31.05,30.16,31.07,29.07,704140,2103782399.84,6.44,-2.96,-0.92,6.65
2026-05-08,30.13,30.50,31.68,29.94,633420,1947689806.12,5.77,1.13,0.34,5.98
2026-05-11,30.70,30.18,31.34,30.01,394939,1199354109.74,4.36,-1.05,-0.32,3.73
2026-05-12,30.38,29.02,30.39,28.58,562129,1641478348.41,6.00,-3.84,-1.16,5.31
2026-05-13,29.02,28.15,29.10,27.92,474756,1345858886.94,4.07,-3.00,-0.87,4.48
2026-05-14,28.15,26.70,28.20,26.62,433747,1179760038.99,5.61,-5.15,-1.45,4.09
2026-05-15,26.79,25.86,26.95,25.50,447963,1172040090.23,5.43,-3.15,-0.84,4.23
2026-05-18,25.80,25.20,26.00,25.03,366967,934352028.19,3.75,-2.55,-0.66,3.46
2026-05-19,25.01,24.66,25.15,23.95,457228,1115722823.90,4.76,-2.14,-0.54,4.32
2026-05-20,24.50,24.76,25.13,23.98,451085,1109116479.65,4.66,0.41,0.10,4.26
2026-05-21,24.85,23.71,25.25,23.70,482298,1186347770.67,6.26,-4.24,-1.05,4.55
2026-05-22,24.09,24.21,24.73,23.63,463095,1117335574.96,4.64,2.11,0.50,4.37
2026-05-25,24.69,24.94,25.38,24.36,567115,1410907217.41,4.21,3.02,0.73,5.35
2026-05-26,24.56,25.26,25.35,24.06,500593,1246992919.87,5.17,1.28,0.32,4.72
2026-05-27,25.32,24.14,25.84,24.01,486372,1199180020.30,7.24,-4.43,-1.12,4.59
2026-05-28,24.33,23.69,24.65,23.26,390867,924562451.02,5.76,-1.86,-0.45,3.69
2026-05-29,23.84,22.91,23.93,22.81,317382,736600942.76,4.73,-3.29,-0.78,3.00
2026-06-01,23.12,23.28,23.85,22.83,353883,827777687.50,4.45,1.62,0.37,3.34
2026-06-02,23.22,22.57,23.35,22.19,327155,739182200.09,4.98,-3.05,-0.71,3.09
2026-06-03,22.22,22.28,22.73,22.08,279586,626477208.43,2.88,-1.28,-0.29,2.64
2026-06-04,22.25,21.15,22.28,21.05,455956,976547054.64,5.52,-5.07,-1.13,4.30
2026-06-05,21.11,21.20,22.30,20.39,500248,1065694767.32,9.03,0.24,0.05,4.72
2026-06-08,21.01,20.50,21.55,20.09,415645,863769703.04,6.89,-3.30,-0.70,3.92
2026-06-09,20.78,21.80,21.95,20.29,506754,1068220919.55,8.10,6.34,1.30,4.78
2026-06-10,21.88,21.95,22.80,21.66,545695,1206503506.72,5.23,0.69,0.15,5.15
2026-06-11,22.00,22.55,23.37,21.68,692957,1567225076.83,7.70,2.73,0.60,6.54
2026-06-12,22.60,22.85,23.63,22.31,584955,1346117226.59,5.85,1.33,0.30,5.52