2026-01-05,23.78,23.61,23.90,23.33,40972,97117493.00,2.41,-0.13,-0.03,5.85
2026-01-06,23.62,23.66,24.12,23.38,47173,111548166.00,3.13,0.21,0.05,6.73
2026-01-07,23.67,23.25,23.70,23.19,40974,95747677.00,2.16,-1.73,-0.41,5.85
2026-01-08,23.20,24.56,24.65,23.13,95782,232383851.00,6.54,5.63,1.31,13.67
2026-01-09,24.44,25.08,25.09,24.29,87647,217200784.00,3.26,2.12,0.52,12.51
2026-01-12,25.83,29.38,30.10,25.83,199440,569651750.00,17.03,17.15,4.30,28.46
2026-01-20,28.58,29.77,32.10,26.30,254541,713621151.00,19.74,1.33,0.39,36.33
2026-01-21,28.50,29.95,32.62,28.38,235032,723478866.00,14.24,0.60,0.18,33.54
2026-01-22,29.50,28.89,30.20,27.92,162388,468411954.00,7.61,-3.54,-1.06,23.18
2026-01-23,28.02,31.65,31.91,28.02,237023,721074726.00,13.46,9.55,2.76,33.83
2026-01-26,31.50,33.21,34.48,30.41,225427,744118075.00,12.86,4.93,1.56,32.17
2026-01-27,32.73,32.28,33.94,32.06,128921,421802386.00,5.66,-2.80,-0.93,18.40
2026-01-28,31.90,36.00,37.36,31.30,204908,697735709.00,18.77,11.52,3.72,29.24
2026-01-29,35.36,38.14,40.61,35.36,186440,711101497.00,14.58,5.94,2.14,26.61
2026-01-30,37.90,38.02,38.59,36.54,116168,436059849.00,5.37,-0.31,-0.12,16.58
2026-02-02,39.11,36.20,39.32,36.16,89912,334556470.00,8.31,-4.79,-1.82,12.83
2026-02-03,37.10,37.23,37.80,35.11,106199,387548234.00,7.43,2.85,1.03,15.16
2026-02-04,37.01,35.16,37.11,34.28,98789,346767017.00,7.60,-5.56,-2.07,14.10
2026-02-05,34.86,35.07,36.00,34.80,54829,193738481.00,3.41,-0.26,-0.09,7.83
2026-02-06,35.08,34.70,35.80,34.30,53383,186551601.00,4.28,-1.06,-0.37,7.62
2026-02-09,35.39,36.48,37.28,35.00,75939,276543250.00,6.57,5.13,1.78,10.84
2026-02-10,36.46,38.95,41.47,36.45,150058,592001438.00,13.76,6.77,2.47,21.42
2026-02-11,39.19,37.43,39.75,37.30,99374,378647362.00,6.29,-3.90,-1.52,14.18
2026-02-12,38.98,36.67,39.03,36.48,60234,223342589.00,6.81,-2.03,-0.76,8.60
2026-02-13,36.43,35.61,36.80,35.20,57122,204955087.00,4.36,-2.89,-1.06,8.15
2026-02-24,36.24,34.85,36.40,34.00,57653,200873104.00,6.74,-2.13,-0.76,8.23
2026-02-25,34.35,32.58,34.92,32.43,109448,367079610.00,7.14,-6.51,-2.27,15.62
2026-02-26,32.87,34.28,35.70,32.56,102494,354260296.00,9.64,5.22,1.70,14.63
2026-02-27,33.65,34.12,34.57,33.22,61646,208630324.00,3.94,-0.47,-0.16,8.80
2026-03-02,33.47,33.62,35.00,33.42,56341,191491625.00,4.63,-1.47,-0.50,8.04
2026-03-03,33.68,31.44,33.68,31.40,52946,170812995.00,6.78,-6.48,-2.18,7.56
2026-03-04,31.06,31.49,32.42,30.90,45551,144395283.00,4.83,0.16,0.05,6.50
2026-03-05,32.60,32.09,32.60,31.38,36541,116287167.00,3.87,1.91,0.60,5.22
2026-03-06,31.93,38.51,38.51,31.93,118487,426264043.00,20.50,20.01,6.42,16.91
2026-03-09,38.00,38.81,39.50,36.93,144336,558708335.00,6.67,0.78,0.30,20.60
2026-03-10,38.81,39.12,39.70,37.94,105282,409860683.00,4.53,0.80,0.31,15.03
2026-03-11,39.00,40.34,40.35,38.15,120815,477448938.00,5.62,3.12,1.22,17.24
2026-03-12,40.50,39.13,41.29,38.83,84198,333825221.00,6.10,-3.00,-1.21,12.02
2026-03-13,38.66,38.04,39.73,37.50,69071,264433884.00,5.70,-2.79,-1.09,9.86
2026-03-16,38.15,38.39,38.91,37.37,45043,172225583.00,4.05,0.92,0.35,6.43
2026-03-17,38.42,37.12,38.75,37.10,45369,171136368.00,4.30,-3.31,-1.27,6.47
2026-03-18,37.25,37.13,37.96,36.47,43143,159465379.00,4.01,0.03,0.01,6.16
2026-03-19,36.70,35.19,37.00,34.90,56059,199692428.00,5.66,-5.22,-1.94,8.00
2026-03-20,35.54,34.00,35.98,33.94,39976,138604396.00,5.80,-3.38,-1.19,5.71
2026-03-23,33.99,32.41,34.34,31.88,45016,147823257.00,7.24,-4.68,-1.59,6.42
2026-03-24,33.38,34.36,34.42,32.16,39898,133002172.00,6.97,6.02,1.95,5.69
2026-03-25,34.30,34.45,35.19,33.85,38334,132409490.00,3.90,0.26,0.09,5.47
2026-03-26,34.44,34.75,36.55,34.00,69574,245226356.00,7.40,0.87,0.30,9.93
2026-03-27,34.03,34.59,35.47,33.60,46623,161581207.00,5.38,-0.46,-0.16,6.65
2026-03-30,34.28,33.01,34.28,32.30,47294,156576316.00,5.72,-4.57,-1.58,6.75
2026-03-31,33.01,34.00,36.38,32.50,72096,249370860.00,11.75,3.00,0.99,10.29
2026-04-01,35.00,34.06,35.32,33.49,43835,149947652.00,5.38,0.18,0.06,6.26
2026-04-02,34.06,33.05,34.06,32.80,30723,101950624.00,3.70,-2.97,-1.01,4.38
2026-04-03,33.20,32.43,33.40,31.92,25980,84376782.00,4.48,-1.88,-0.62,3.71
2026-04-07,32.43,33.90,35.08,32.03,39897,135119137.00,9.40,4.53,1.47,5.69
2026-04-08,34.49,35.64,35.88,34.28,42507,150381151.00,4.72,5.13,1.74,6.07
2026-04-09,35.48,36.15,36.50,34.94,39086,140229183.00,4.38,1.43,0.51,5.58
2026-04-10,36.85,35.93,36.92,35.71,28492,102956006.00,3.35,-0.61,-0.22,4.07
2026-04-13,35.70,35.70,36.20,35.23,24060,85702882.00,2.70,-0.64,-0.23,3.43
2026-04-14,35.93,35.14,35.93,34.96,27440,96954644.00,2.72,-1.57,-0.56,3.92
2026-04-15,35.34,35.08,35.88,35.00,26468,93596295.00,2.50,-0.17,-0.06,3.78
2026-04-16,35.30,35.70,36.42,35.30,33623,120231191.00,3.19,1.77,0.62,4.80
2026-04-17,35.79,35.19,36.00,34.96,21713,76505109.00,2.91,-1.43,-0.51,3.10
2026-04-20,35.11,36.27,36.88,34.67,38830,140283602.00,6.28,3.07,1.08,5.54
2026-04-21,36.15,36.05,36.43,35.40,24972,89504628.00,2.84,-0.61,-0.22,3.56
2026-04-22,35.99,34.65,36.15,34.20,43852,153125959.00,5.41,-3.88,-1.40,6.26
2026-04-23,34.56,34.83,35.84,34.20,37133,129746925.00,4.73,0.52,0.18,5.30
2026-04-24,34.55,33.72,34.66,33.28,35774,120757665.00,3.96,-3.19,-1.11,5.11
2026-04-27,34.22,34.67,34.99,33.60,31612,108429188.00,4.12,2.82,0.95,4.51
2026-04-28,34.34,34.50,35.45,34.02,28079,97608655.00,4.12,-0.49,-0.17,4.01
2026-04-29,34.49,35.00,35.21,33.91,23437,81028333.00,3.77,1.45,0.50,3.34
2026-04-30,34.96,34.76,35.11,34.00,19872,68605153.00,3.17,-0.69,-0.24,2.84
2026-05-06,35.00,35.06,36.25,34.78,32707,115708492.00,4.23,0.86,0.30,4.67
2026-05-07,34.81,36.42,37.50,34.81,65716,239932036.00,7.67,3.88,1.36,9.38
2026-05-08,36.43,36.20,37.26,36.02,42905,157088571.00,3.40,-0.60,-0.22,6.12
2026-05-11,36.27,35.92,36.49,35.16,46418,165436853.00,3.67,-0.77,-0.28,6.62
2026-05-12,35.92,34.12,35.92,33.80,43170,149787100.00,5.90,-5.01,-1.80,6.16
2026-05-13,34.12,33.50,34.27,33.31,32029,107978453.00,2.81,-1.82,-0.62,4.57
2026-05-14,33.50,32.90,34.87,32.71,40485,135166535.00,6.45,-1.79,-0.60,5.78
2026-05-15,32.76,33.88,34.58,32.07,46978,156119104.00,7.63,2.98,0.98,6.70
2026-05-18,33.54,33.16,34.38,32.50,29048,95713862.00,5.55,-2.13,-0.72,4.15
2026-05-19,33.20,36.11,36.66,32.84,74317,260596544.00,11.52,8.90,2.95,10.61
2026-05-20,36.41,35.83,36.41,34.80,45745,162554427.00,4.46,-0.78,-0.28,6.53
2026-05-21,35.68,35.99,38.50,35.61,77645,289404833.00,8.07,0.45,0.16,11.08
2026-05-22,36.20,37.60,38.60,35.85,78411,294467168.00,7.64,4.47,1.61,11.19
2026-05-25,37.67,36.90,38.72,36.50,51983,193258035.00,5.90,-1.86,-0.70,7.42
2026-05-26,36.69,35.99,37.19,35.20,51270,184136098.00,5.39,-2.47,-0.91,7.32
2026-05-27,35.89,34.79,36.58,34.43,39113,138310443.00,5.97,-3.33,-1.20,5.58
2026-05-28,34.85,34.95,35.17,33.70,31805,109456548.00,4.23,0.46,0.16,4.54
2026-05-29,35.20,33.75,36.18,33.51,36209,124728576.00,7.64,-3.43,-1.20,5.17
2026-06-01,33.50,38.20,39.08,33.30,119931,450163977.00,17.13,13.19,4.45,17.12
2026-06-02,37.99,36.96,38.77,36.31,76032,281984150.00,6.44,-3.25,-1.24,10.85
2026-06-03,36.80,41.35,43.80,35.78,161933,642903786.00,21.70,11.88,4.39,23.11
2026-06-04,39.88,43.68,44.88,39.51,152862,659033885.00,12.99,5.63,2.33,21.82
2026-06-05,43.35,42.37,43.99,42.10,95588,410760202.00,4.33,-3.00,-1.31,13.64
2026-06-08,40.16,40.68,43.26,39.91,73741,306806304.00,7.91,-3.99,-1.69,10.52
2026-06-09,40.96,41.43,42.30,39.70,75351,309167817.00,6.39,1.84,0.75,10.75
2026-06-10,40.41,41.20,41.40,38.68,68640,274976721.00,6.57,-0.56,-0.23,9.80
2026-06-11,40.63,38.23,41.20,37.00,73975,284476952.00,10.19,-7.21,-2.97,10.56
2026-06-12,38.49,38.12,39.13,37.35,55976,212661559.00,4.66,-0.29,-0.11,7.99
2026-06-15,38.43,43.06,45.15,38.43,116615,502147603.00,17.63,12.96,4.94,16.64
2026-06-16,42.77,44.74,45.86,42.42,93469,416775624.00,7.99,3.90,1.68,13.34
2026-06-17,44.30,46.00,47.00,43.77,73736,335374363.00,7.22,2.82,1.26,10.52
2026-06-18,44.90,44.58,45.87,43.33,64519,288385664.00,5.52,-3.09,-1.42,9.21
2026-06-22,44.90,43.45,44.93,41.02,82357,349341291.00,8.77,-2.53,-1.13,11.75
2026-06-23,42.91,45.45,47.00,42.74,88980,404374586.00,9.80,4.60,2.00,12.70
2026-06-24,44.81,44.94,46.31,43.20,67168,298705832.00,6.84,-1.12,-0.51,9.59
2026-06-25,45.02,43.25,45.60,42.30,52006,226553409.00,7.34,-3.76,-1.69,7.42
2026-06-26,42.76,42.60,45.70,40.71,83130,356910193.00,11.54,-1.50,-0.65,11.86
2026-06-29,42.39,42.24,44.07,41.02,54665,229971980.00,7.16,-0.85,-0.36,7.80
2026-06-30,42.35,41.20,43.04,41.08,50638,211384391.00,4.64,-2.46,-1.04,7.23
2026-07-01,40.99,40.70,44.20,40.20,112306,468392970.00,9.71,-1.21,-0.50,16.03
2026-07-02,40.29,41.39,42.35,39.01,78621,321698715.00,8.21,1.70,0.69,11.22
2026-07-03,41.42,41.17,42.68,40.60,65634,272246499.00,5.03,-0.53,-0.22,9.37
2026-07-06,41.06,37.61,41.49,37.61,66161,256614597.00,9.42,-8.65,-3.56,9.44
2026-07-07,37.57,36.81,39.28,35.88,45529,168700115.00,9.04,-2.13,-0.80,6.50
2026-07-08,36.85,37.00,38.90,35.71,56086,210584983.00,8.67,0.52,0.19,8.00
2026-07-09,37.29,37.82,38.19,35.75,49945,185755921.00,6.59,2.22,0.82,7.13
2026-07-10,37.37,42.42,45.38,37.20,150249,634574183.00,21.63,12.16,4.60,21.44
2026-07-13,41.59,42.46,45.45,41.59,142317,620206525.00,9.10,0.09,0.04,20.31
2026-07-14,42.68,40.89,43.77,38.17,122301,493775918.00,13.19,-3.70,-1.57,17.45
2026-07-15,41.71,39.73,42.10,39.20,64969,262861447.00,7.09,-2.84,-1.16,9.27
2026-07-16,39.15,40.93,42.76,38.50,88128,356444499.00,10.72,3.02,1.20,12.58
2026-07-17,40.74,36.00,41.55,35.10,123265,470922857.00,15.76,-12.04,-4.93,17.59
2026-07-20,36.66,38.83,40.50,36.32,148750,581441480.00,11.61,7.86,2.83,21.23
2026-07-21,38.61,41.13,41.37,37.53,111032,435304584.00,9.89,5.92,2.30,15.85
2026-07-22,41.00,41.55,42.99,40.44,86248,360575897.00,6.20,1.02,0.42,12.31
2026-07-23,41.50,41.85,42.23,39.31,65772,269364101.00,7.03,0.72,0.30,9.39
2026-07-24,41.43,40.95,41.70,39.65,58312,236948585.00,4.90,-2.15,-0.90,8.32
2026-07-27,40.95,40.70,42.92,39.11,73235,299184594.00,9.30,-0.61,-0.25,10.45
2026-07-28,40.36,39.28,41.98,38.55,84461,340201599.00,8.43,-3.49,-1.42,12.05
2026-07-29,39.69,38.90,40.99,37.12,65522,250231148.00,9.85,-0.97,-0.38,9.35
2026-07-30,38.58,35.68,39.27,35.22,76570,281936744.00,10.41,-8.28,-3.22,10.93
2026-07-31,37.30,41.53,42.50,35.15,173749,684091143.00,20.60,16.40,5.85,24.80
2026-08-03,41.00,36.82,41.26,36.60,141638,540020711.00,11.22,-11.34,-4.71,20.21
2026-08-04,36.80,38.12,38.69,36.80,75642,287078127.00,5.13,3.53,1.30,10.80
2026-08-05,38.10,41.38,43.00,37.50,106385,431215300.45,14.43,8.55,3.26,15.18