2026-01-05,51.99,54.76,56.06,50.14,177823,1353764220.00,11.26,4.19,2.20,3.49
2026-01-06,54.07,53.64,56.11,53.49,150260,1151833309.00,4.78,-2.05,-1.12,2.95
2026-01-07,52.64,57.93,59.03,52.29,242330,1932220272.00,12.57,8.00,4.29,4.75
2026-01-08,58.22,55.52,58.31,55.37,143422,1138978301.00,5.08,-4.16,-2.41,2.81
2026-01-09,55.53,61.09,61.09,54.21,324134,2629643524.00,12.39,10.03,5.57,6.35
2026-01-12,63.61,59.96,63.84,59.39,222051,1892906573.00,7.28,-1.85,-1.13,4.35
2026-01-13,59.96,59.50,61.26,58.61,146091,1229512178.00,4.42,-0.77,-0.46,2.86
2026-01-14,64.07,65.47,65.47,63.33,90953,832447367.00,3.60,10.03,5.97,1.78
2026-01-15,66.21,64.57,69.05,63.36,236138,2179506559.00,8.69,-1.37,-0.90,4.63
2026-01-16,65.28,71.05,71.05,65.28,309198,3032191880.00,8.94,10.04,6.48,6.06
2026-01-19,70.64,73.86,77.22,69.86,305967,3178449537.00,10.36,3.95,2.81,6.00
2026-01-20,73.96,71.05,74.89,69.58,222117,2232846710.00,7.19,-3.80,-2.81,4.35
2026-01-21,69.79,68.43,71.84,68.09,230875,2248459114.00,5.28,-3.69,-2.62,4.53
2026-01-22,68.75,68.94,71.61,68.21,159389,1555859971.00,4.97,0.75,0.51,3.12
2026-01-23,70.31,68.06,71.21,67.08,166560,1594714994.00,5.99,-1.28,-0.88,3.26
2026-01-26,67.95,65.21,68.36,64.39,194188,1791133680.00,5.83,-4.19,-2.85,3.81
2026-01-27,65.41,66.06,66.81,63.80,140803,1294140298.00,4.62,1.30,0.85,2.76
2026-01-28,65.84,64.01,65.86,63.14,132274,1191248110.00,4.12,-3.10,-2.05,2.59
2026-01-29,64.16,61.64,65.17,61.43,145992,1288075301.00,5.84,-3.70,-2.37,2.86
2026-01-30,61.66,61.79,63.08,59.71,149252,1290747823.00,5.47,0.24,0.15,2.93
2026-02-02,60.78,60.54,63.54,60.50,155574,1349712233.00,4.92,-2.02,-1.25,3.05
2026-02-03,61.41,62.00,62.29,60.00,119724,1031345331.00,3.78,2.41,1.46,2.35
2026-02-04,61.62,61.82,62.40,60.86,82742,717409076.00,2.48,-0.29,-0.18,1.62
2026-02-05,61.82,60.34,61.93,59.72,73834,626477037.00,3.57,-2.39,-1.48,1.45
2026-02-06,59.69,62.50,63.20,59.08,162383,1408519225.00,6.83,3.58,2.16,3.18
2026-02-09,62.99,60.24,62.99,60.01,133271,1136732251.00,4.77,-3.62,-2.26,2.61
2026-02-10,60.26,61.14,62.04,59.24,140964,1203284058.00,4.65,1.49,0.90,2.76
2026-02-11,60.91,58.93,60.91,58.71,106247,886712985.00,3.60,-3.61,-2.21,2.08
2026-02-12,58.77,60.46,62.28,58.61,114403,978260838.00,6.23,2.60,1.53,2.24
2026-02-13,59.87,59.29,60.43,58.76,72917,611568491.00,2.76,-1.94,-1.17,1.43
2026-02-24,61.21,58.57,61.93,58.10,102850,852271668.00,6.46,-1.21,-0.72,2.02
2026-02-25,58.34,60.23,61.04,57.56,116781,975314165.00,5.94,2.83,1.66,2.29
2026-02-26,60.24,60.45,61.56,59.56,92553,787101430.00,3.32,0.37,0.22,1.81
2026-02-27,60.33,60.19,61.91,59.73,74475,632004321.00,3.61,-0.43,-0.26,1.46
2026-03-02,58.36,58.14,59.64,57.57,123857,1016281654.00,3.44,-3.41,-2.05,2.43
2026-03-03,58.14,55.46,59.49,55.36,127302,1010812212.00,7.10,-4.61,-2.68,2.50
2026-03-04,54.85,54.15,55.84,53.61,116560,892517125.00,4.02,-2.36,-1.31,2.28
2026-03-05,55.24,54.23,55.29,53.74,71690,547686198.00,2.86,0.15,0.08,1.41
2026-03-06,54.43,56.58,58.00,53.82,118594,940451194.00,7.71,4.33,2.35,2.32
2026-03-09,54.11,54.64,54.86,52.42,114252,859727997.00,4.31,-3.43,-1.94,2.24
2026-03-10,55.50,56.62,57.07,55.18,101129,799164216.00,3.46,3.62,1.98,1.98
2026-03-11,56.94,55.82,57.50,55.49,90614,713906952.00,3.55,-1.41,-0.80,1.78
2026-03-12,56.06,55.49,56.86,54.50,77078,601935341.00,4.23,-0.59,-0.33,1.51
2026-03-13,55.01,53.91,55.64,53.72,67149,514935479.00,3.46,-2.85,-1.58,1.32
2026-03-16,54.01,51.89,54.01,50.64,133316,967528000.00,6.25,-3.75,-2.02,2.61
2026-03-17,52.06,50.14,52.29,49.79,85508,614978596.00,4.82,-3.37,-1.75,1.68
2026-03-18,50.75,51.22,51.45,50.19,62731,449177696.00,2.51,2.15,1.08,1.23
2026-03-19,50.30,49.45,50.92,49.07,99472,696016608.00,3.61,-3.46,-1.77,1.95
2026-03-20,49.59,45.50,50.47,45.50,210838,1394281770.00,10.05,-7.99,-3.95,4.13
2026-03-23,45.13,42.76,45.97,42.50,209514,1291913081.00,7.63,-6.02,-2.74,4.11
2026-03-24,44.02,42.64,44.07,41.29,145424,861037755.00,6.50,-0.28,-0.12,2.85
2026-03-25,43.24,46.93,46.93,42.66,175957,1123672868.00,10.01,10.06,4.29,3.45
2026-03-26,48.12,45.94,48.34,45.51,179191,1176517957.00,6.03,-2.11,-0.99,3.51
2026-03-27,45.69,47.08,48.04,45.32,126475,832325834.00,5.92,2.48,1.14,2.48
2026-03-30,46.52,47.08,47.77,46.23,123532,817667078.00,3.27,0.00,0.00,2.42
2026-03-31,47.01,46.29,47.76,46.21,95543,630746046.00,3.29,-1.68,-0.79,1.87
2026-04-01,47.20,47.85,48.90,46.94,108706,730263934.00,4.23,3.37,1.56,2.13
2026-04-02,47.57,47.15,48.79,46.84,87269,584475347.00,4.08,-1.46,-0.70,1.71
2026-04-03,47.19,46.09,47.40,46.06,79280,518443697.00,2.84,-2.25,-1.06,1.55
2026-04-07,46.49,46.01,47.28,45.74,68587,447333283.00,3.34,-0.17,-0.08,1.34
2026-04-08,47.36,47.88,48.27,47.11,98087,658791573.00,2.52,4.06,1.87,1.92
2026-04-09,47.33,46.71,48.26,46.43,99644,662406439.00,3.82,-2.44,-1.17,1.95
2026-04-10,46.90,46.44,48.60,46.22,131499,871275304.00,5.10,-0.58,-0.27,2.58
2026-04-13,46.26,44.06,46.26,43.91,174120,1094171971.00,5.06,-5.12,-2.38,3.41
2026-04-14,44.75,45.09,46.11,44.00,139719,885327812.00,4.79,2.34,1.03,2.74
2026-04-15,45.27,46.49,47.97,45.11,192805,1271255295.00,6.34,3.10,1.40,3.78
2026-04-16,48.16,47.84,49.22,47.50,195620,1328444839.00,3.70,2.90,1.35,3.83
2026-04-17,47.69,47.40,47.75,46.46,125750,833719040.00,2.70,-0.92,-0.44,2.46
2026-04-20,47.41,45.61,47.41,44.66,163295,1053575840.00,5.80,-3.78,-1.79,3.20
2026-04-21,45.38,45.52,46.89,45.15,152729,980783403.00,3.81,-0.20,-0.09,2.99
2026-04-22,45.21,45.79,46.33,44.82,121292,777005292.00,3.32,0.59,0.27,2.38
2026-04-23,45.74,44.08,45.74,43.43,179083,1112691747.00,5.04,-3.73,-1.71,3.51
2026-04-24,44.07,43.48,45.49,43.39,139639,867966419.00,4.76,-1.36,-0.60,2.74
2026-04-27,43.48,43.61,44.75,43.21,160288,991770186.00,3.54,0.30,0.13,3.14
2026-04-28,43.61,41.50,43.71,40.47,240722,1419990926.00,7.43,-4.84,-2.11,4.72
2026-04-29,41.21,40.76,41.28,40.16,185276,1059199180.00,2.70,-1.78,-0.74,3.63
2026-04-30,41.90,43.64,44.83,41.90,321288,1975408529.00,7.19,7.07,2.88,6.30
2026-05-06,43.66,44.58,45.81,43.65,296049,1868606986.00,4.95,2.15,0.94,5.80
2026-05-07,45.29,49.06,49.06,44.39,367489,2434104419.00,10.48,10.05,4.48,7.20
2026-05-08,48.45,50.61,51.89,48.20,514944,3665310674.00,7.52,3.16,1.55,10.09
2026-05-11,50.64,50.64,51.21,48.83,299962,2125404932.00,4.70,0.06,0.03,5.88
2026-05-12,50.89,51.36,52.79,50.50,335133,2440700720.00,4.52,1.42,0.72,6.57
2026-05-13,50.59,51.01,51.29,49.54,262216,1855909131.00,3.41,-0.68,-0.35,5.14
2026-05-14,51.01,50.36,52.39,50.00,257689,1847597020.00,4.69,-1.27,-0.65,5.05
2026-05-15,50.36,52.86,54.77,49.77,392156,2884546372.00,9.93,4.96,2.50,7.69
2026-05-18,52.61,55.26,56.34,52.40,305466,2355666659.00,7.45,4.54,2.40,5.99
2026-05-19,55.36,57.51,58.05,53.36,296474,2322459516.00,8.49,4.07,2.25,5.81
2026-05-20,57.00,57.38,58.32,55.88,340306,1941682507.00,4.24,-0.23,-0.13,4.76
2026-05-21,60.50,61.94,63.12,59.57,725517,4509788184.00,6.19,7.95,4.56,10.16
2026-05-22,60.82,61.10,64.98,60.20,618720,3863465507.00,7.72,-1.36,-0.84,8.66
2026-05-25,61.00,61.46,63.70,59.83,429797,2636298193.00,6.33,0.59,0.36,6.02
2026-05-26,60.38,60.10,61.38,58.58,418449,2506181189.00,4.56,-2.21,-1.36,5.86
2026-05-27,59.30,56.57,60.30,56.07,429640,2488489693.00,7.04,-5.87,-3.53,6.02
2026-05-28,56.88,54.19,56.88,53.17,388060,2106224663.00,6.56,-4.21,-2.38,5.43
2026-05-29,54.55,52.09,55.09,51.50,306690,1617945719.00,6.62,-3.88,-2.10,4.29
2026-06-01,51.99,50.51,52.54,49.86,234270,1198172283.00,5.14,-3.03,-1.58,3.28
2026-06-02,51.00,51.22,52.98,49.93,289484,1493470325.00,6.04,1.41,0.71,4.05
2026-06-03,50.99,52.79,53.98,49.98,345187,1823669454.00,7.81,3.07,1.57,4.83
2026-06-04,52.00,53.11,55.42,51.95,343172,1851371750.00,6.57,0.61,0.32,4.80
2026-06-05,53.15,52.21,54.48,50.54,297855,1556849727.00,7.42,-1.69,-0.90,4.17
2026-06-08,50.22,53.25,54.50,50.10,343538,1822035557.00,8.43,1.99,1.04,4.81
2026-06-09,53.45,52.58,53.50,50.78,292124,1513258549.00,5.11,-1.26,-0.67,4.09
2026-06-10,52.19,50.35,53.77,49.26,269459,1368358431.00,8.58,-4.24,-2.23,3.77
2026-06-11,50.34,50.50,52.10,49.50,210497,1068492479.00,5.16,0.30,0.15,2.95
2026-06-12,51.29,48.48,51.75,48.40,262750,1305596649.00,6.63,-4.00,-2.02,3.68
2026-06-15,48.51,52.68,52.91,48.50,310198,1582416016.00,9.10,8.66,4.20,4.34
2026-06-16,52.67,50.44,52.70,50.03,243450,1241579691.00,5.07,-4.25,-2.24,3.41
2026-06-17,50.08,50.36,51.38,49.00,215020,1075541096.00,4.72,-0.16,-0.08,3.01
2026-06-18,50.58,52.60,53.83,50.37,361778,1891584866.00,6.87,4.45,2.24,5.07
2026-06-22,51.45,49.10,52.40,48.02,383013,1897303290.00,8.33,-6.65,-3.50,5.36
2026-06-23,48.60,47.40,48.61,46.60,226970,1078360783.00,4.09,-3.46,-1.70,3.18
2026-06-24,47.64,48.96,51.04,46.20,326162,1604446666.00,10.21,3.29,1.56,4.57
2026-06-25,49.19,46.77,49.45,46.60,232228,1101716260.00,5.82,-4.47,-2.19,3.25
2026-06-26,46.77,45.47,47.91,45.16,206250,951278863.00,5.88,-2.78,-1.30,2.89
2026-06-29,45.50,47.60,48.05,44.20,286619,1320248495.00,8.47,4.68,2.13,4.01
2026-06-30,47.98,49.65,50.99,47.73,281501,1386571248.00,6.85,4.31,2.05,3.94