2026-01-05,7.34,7.30,7.36,7.20,122492,89272707.79,2.22,1.25,0.09,3.18
2026-01-06,7.33,7.40,7.45,7.33,133908,98896843.00,1.64,1.37,0.10,3.48
2026-01-07,7.39,7.50,7.53,7.34,177430,132747442.50,2.57,1.35,0.10,4.61
2026-01-08,7.44,7.61,7.65,7.42,193909,147012810.00,3.07,1.47,0.11,5.04
2026-01-09,7.60,7.64,7.67,7.53,200678,152564976.63,1.84,0.39,0.03,5.21
2026-01-12,7.70,7.60,7.73,7.51,208012,157688508.00,2.88,-0.52,-0.04,5.40
2026-01-13,7.60,7.63,7.84,7.50,248860,190364974.98,4.47,0.39,0.03,6.46
2026-01-14,7.51,7.57,7.70,7.46,233763,177091900.98,3.15,-0.79,-0.06,6.07
2026-01-15,7.53,7.78,7.86,7.48,303607,234603740.00,5.02,2.77,0.21,7.88
2026-01-16,7.80,7.63,7.95,7.61,260023,201490796.00,4.37,-1.93,-0.15,6.75
2026-01-19,7.56,7.78,7.79,7.52,187891,144742429.17,3.54,1.97,0.15,4.88
2026-01-20,7.78,7.71,7.80,7.57,154670,118402906.60,2.96,-0.90,-0.07,4.02
2026-01-21,7.69,7.89,7.94,7.60,205105,160578721.70,4.41,2.33,0.18,5.33
2026-01-22,7.88,7.93,7.94,7.80,165168,130297680.00,1.77,0.51,0.04,4.29
2026-01-23,8.00,8.08,8.11,7.89,188572,151218168.00,2.77,1.89,0.15,4.90
2026-01-26,8.17,8.13,8.31,8.02,316284,258005328.30,3.59,0.62,0.05,8.21
2026-01-27,8.11,7.88,8.11,7.77,240206,189481325.10,4.18,-3.08,-0.25,6.24
2026-01-28,7.85,8.06,8.13,7.72,273369,217028171.00,5.20,2.28,0.18,7.10
2026-01-29,8.07,8.00,8.23,7.91,254201,204599027.00,3.97,-0.74,-0.06,6.60
2026-01-30,7.86,7.74,7.90,7.56,222327,171690392.00,4.25,-3.25,-0.26,5.77
2026-02-02,7.61,7.46,7.69,7.46,158177,119840919.59,2.97,-3.62,-0.28,4.11
2026-02-03,7.54,7.64,7.69,7.51,126550,96381230.13,2.41,2.41,0.18,3.29
2026-02-04,7.76,7.67,7.84,7.56,118222,90822587.60,3.66,0.39,0.03,3.07
2026-02-05,7.60,7.66,7.86,7.58,152354,117581988.00,3.65,-0.13,-0.01,3.96
2026-02-06,7.60,7.63,7.77,7.55,110142,84683066.36,2.87,-0.39,-0.03,2.86
2026-02-09,7.74,7.70,7.75,7.62,114399,87822529.40,1.70,0.92,0.07,2.97
2026-02-10,7.73,7.66,7.75,7.64,75771,58296107.99,1.43,-0.52,-0.04,1.97
2026-02-11,7.64,7.71,7.78,7.64,85883,66383623.83,1.83,0.65,0.05,2.23
2026-02-12,7.70,7.71,7.81,7.62,90527,69970168.00,2.46,0.00,0.00,2.35
2026-02-13,7.67,7.62,7.79,7.60,93918,72155119.80,2.46,-1.17,-0.09,2.44
2026-02-24,7.71,7.94,7.96,7.69,130005,102348635.80,3.54,4.20,0.32,3.38
2026-02-25,8.00,7.91,8.05,7.88,108378,86365195.14,2.14,-0.38,-0.03,2.81
2026-02-26,7.99,7.93,8.01,7.86,78318,62090804.70,1.90,0.25,0.02,2.03
2026-02-27,7.94,8.10,8.12,7.90,150188,120966568.00,2.77,2.14,0.17,3.90
2026-03-02,8.00,7.90,8.16,7.66,228624,179668146.92,6.17,-2.47,-0.20,5.94
2026-03-03,7.91,7.45,7.95,7.42,180350,138712653.40,6.71,-5.70,-0.45,4.68
2026-03-04,7.37,7.49,7.59,7.30,102771,76929522.80,3.89,0.54,0.04,2.67
2026-03-05,7.66,7.58,7.72,7.52,107104,81625523.18,2.67,1.20,0.09,2.78
2026-03-06,7.55,7.70,7.72,7.48,78887,60411793.00,3.17,1.58,0.12,2.05
2026-03-09,7.58,7.54,7.70,7.44,120480,90690321.00,3.38,-2.08,-0.16,3.13
2026-03-10,7.58,7.60,7.68,7.55,84395,64153197.00,1.72,0.80,0.06,2.19
2026-03-11,7.60,7.46,7.69,7.44,145251,109535574.00,3.29,-1.84,-0.14,3.77
2026-03-12,7.45,7.37,7.48,7.33,90024,66530605.91,2.01,-1.21,-0.09,2.34
2026-03-13,7.35,7.26,7.44,7.23,81864,60050713.00,2.85,-1.49,-0.11,2.13
2026-03-16,7.26,7.34,7.37,7.12,113223,82126466.40,3.44,1.10,0.08,2.94
2026-03-17,7.32,7.13,7.40,7.10,78825,56970690.00,4.09,-2.86,-0.21,2.05
2026-03-18,7.18,7.15,7.18,7.04,58503,41583554.00,1.96,0.28,0.02,1.52
2026-03-19,7.11,6.87,7.14,6.85,99296,68989112.00,4.06,-3.92,-0.28,2.58
2026-03-20,6.96,6.63,6.99,6.62,123181,83153882.63,5.39,-3.49,-0.24,3.20
2026-03-23,6.55,6.16,6.55,6.06,170170,107412442.60,7.39,-7.09,-0.47,4.42
2026-03-24,6.32,6.49,6.49,6.18,129883,82218781.00,5.03,5.36,0.33,3.37
2026-03-25,6.59,6.61,6.65,6.51,97619,64465087.33,2.16,1.85,0.12,2.53
2026-03-26,6.61,6.47,6.67,6.42,80823,52644645.00,3.78,-2.12,-0.14,2.10
2026-03-27,6.40,6.72,6.72,6.36,104412,69065233.72,5.56,3.86,0.25,2.71
2026-03-30,6.68,6.81,6.84,6.60,132550,89255823.58,3.57,1.34,0.09,3.44
2026-03-31,6.81,6.69,6.93,6.67,99592,67594716.80,3.82,-1.76,-0.12,2.59
2026-04-01,6.85,6.74,6.88,6.67,78973,53126139.00,3.14,0.75,0.05,2.05
2026-04-02,6.74,6.61,6.77,6.52,93637,61999515.84,3.71,-1.93,-0.13,2.43
2026-04-03,6.65,6.41,6.69,6.33,73852,47462321.00,5.45,-3.03,-0.20,1.92
2026-04-07,6.46,6.58,6.62,6.40,96119,62929110.45,3.43,2.65,0.17,2.50
2026-04-08,6.69,6.97,7.16,6.68,171393,118758929.99,7.29,5.93,0.39,4.45
2026-04-09,6.95,6.86,7.07,6.81,97356,67085073.00,3.73,-1.58,-0.11,2.53
2026-04-10,6.93,6.91,7.01,6.85,70478,48841399.76,2.33,0.73,0.05,1.83
2026-04-13,6.91,6.91,6.96,6.79,66813,45944976.00,2.46,0.00,0.00,1.73
2026-04-14,6.98,6.84,7.03,6.74,73899,50430090.00,4.20,-1.01,-0.07,1.92
2026-04-15,6.90,6.70,6.91,6.66,85284,57465386.00,3.65,-2.05,-0.14,2.21
2026-04-16,6.69,6.81,6.84,6.65,71885,48592200.99,2.84,1.64,0.11,1.87
2026-04-17,6.80,6.78,6.86,6.71,79350,53846051.75,2.20,-0.44,-0.03,2.06
2026-04-20,6.77,6.80,6.90,6.74,106096,72276791.82,2.36,0.29,0.02,2.76
2026-04-21,6.77,6.60,6.78,6.52,144192,95190546.64,3.82,-2.94,-0.20,3.74
2026-04-22,6.57,6.54,6.59,6.45,110255,71895107.00,2.12,-0.91,-0.06,2.86
2026-04-23,6.51,6.39,6.55,6.35,93516,59969409.20,3.06,-2.29,-0.15,2.43
2026-04-24,6.38,6.55,6.57,6.27,95065,61046284.46,4.69,2.50,0.16,2.47
2026-04-27,6.47,6.67,6.69,6.39,121974,79772617.00,4.58,1.83,0.12,3.17
2026-04-28,6.62,6.66,6.75,6.58,112648,75044710.00,2.55,-0.15,-0.01,2.93
2026-04-29,6.67,6.82,6.90,6.60,106064,72178569.00,4.50,2.40,0.16,2.75
2026-04-30,6.79,6.83,6.95,6.77,75879,52040340.00,2.64,0.15,0.01,1.97
2026-05-06,6.90,6.83,6.94,6.76,94473,64363368.00,2.64,0.00,0.00,2.45
2026-05-07,6.84,6.77,6.90,6.75,100748,68577101.30,2.20,-0.88,-0.06,2.62
2026-05-08,6.74,6.87,6.88,6.73,82863,56464358.00,2.22,1.48,0.10,2.15
2026-05-11,6.94,6.82,6.94,6.74,96636,65731068.00,2.91,-0.73,-0.05,2.51
2026-05-12,6.81,6.53,6.84,6.50,125853,83380429.34,4.99,-4.25,-0.29,3.27
2026-05-13,6.57,6.56,6.64,6.51,88824,58410371.00,1.99,0.46,0.03,2.31
2026-05-14,6.57,6.38,6.59,6.34,113514,72789414.27,3.81,-2.74,-0.18,2.95
2026-05-15,6.35,6.31,6.49,6.28,107665,68647944.38,3.29,-1.10,-0.07,2.80
2026-05-18,6.27,6.36,6.38,6.21,114486,72067558.72,2.69,0.79,0.05,2.97
2026-05-19,6.34,6.35,6.45,6.26,89245,56585890.53,2.99,-0.16,-0.01,2.32
2026-05-20,6.29,6.22,6.34,6.16,72467,45058604.00,2.83,-2.05,-0.13,1.88
2026-05-21,6.25,6.00,6.39,5.98,102060,63108701.00,6.59,-3.54,-0.22,2.65
2026-05-22,6.06,6.18,6.22,5.92,93825,57281949.89,5.00,3.00,0.18,2.44
2026-05-25,6.21,6.18,6.35,6.12,106876,66442244.00,3.72,0.00,0.00,2.78
2026-05-26,6.17,5.95,6.18,5.88,101888,60900176.00,4.85,-3.72,-0.23,2.65
2026-05-27,5.95,5.78,6.02,5.73,96580,56116803.81,4.87,-2.86,-0.17,2.51
2026-05-28,5.73,5.78,5.83,5.63,90635,52124451.00,3.46,0.00,0.00,2.35
2026-05-29,5.80,5.57,5.85,5.54,85115,48246958.49,5.36,-3.63,-0.21,2.21
2026-06-01,5.57,5.76,5.84,5.45,105262,60432965.87,7.00,3.41,0.19,2.73
2026-06-02,5.82,5.69,5.83,5.58,79144,44798649.00,4.34,-1.22,-0.07,2.06
2026-06-03,5.67,5.59,5.68,5.49,80047,44562060.34,3.34,-1.76,-0.10,2.08
2026-06-04,5.53,5.47,5.58,5.41,80154,43749393.87,3.04,-2.15,-0.12,2.08
2026-06-05,5.44,5.55,5.65,5.34,97461,53765996.00,5.67,1.46,0.08,2.53
2026-06-08,5.39,5.31,5.55,5.21,98591,52836695.91,6.13,-4.32,-0.24,2.56
2026-06-09,5.35,5.34,5.41,5.26,75196,40078709.69,2.82,0.56,0.03,1.95
2026-06-10,5.27,5.29,5.58,5.15,125851,66519982.83,8.05,-0.94,-0.05,3.27
2026-06-11,5.25,5.28,5.32,5.16,82954,43433244.64,3.02,-0.19,-0.01,2.15
2026-06-12,5.33,5.38,5.45,5.23,92914,49881325.84,4.17,1.89,0.10,2.41
2026-06-15,5.43,5.33,5.60,5.27,125613,67993139.38,6.13,-0.93,-0.05,3.26
2026-06-16,5.30,5.35,5.38,5.20,113806,60166866.90,3.38,0.38,0.02,2.96
2026-06-17,5.50,5.16,5.59,5.13,164070,87091116.55,8.60,-3.55,-0.19,4.26
2026-06-18,5.16,5.17,5.23,5.00,123301,63418676.16,4.46,0.19,0.01,3.20
2026-06-22,5.19,5.27,5.28,5.01,141924,73219992.84,5.22,1.93,0.10,3.69
2026-06-23,5.26,5.27,5.40,5.20,130784,69649526.00,3.80,0.00,0.00,3.40
2026-06-24,5.26,4.99,5.28,4.90,154889,78004690.70,7.21,-5.31,-0.28,4.02
2026-06-25,4.95,4.91,5.05,4.82,97151,47611986.00,4.61,-1.60,-0.08,2.52
2026-06-26,4.87,4.80,4.91,4.73,91681,44099899.50,3.67,-2.24,-0.11,2.38
2026-06-29,4.69,4.76,4.83,4.57,107721,50854783.74,5.42,-0.83,-0.04,2.80