2026-01-05,3.67,3.72,3.73,3.67,135613,51023999.00,1.63,1.36,0.05,0.34
2026-01-06,3.73,3.93,3.96,3.73,723633,284435747.00,6.18,5.65,0.21,1.82
2026-01-07,3.95,3.91,3.95,3.88,345789,136870712.00,1.78,-0.51,-0.02,0.87
2026-01-08,3.90,3.87,3.91,3.86,191321,75137066.00,1.28,-1.02,-0.04,0.48
2026-01-09,3.87,3.87,3.89,3.84,224730,87969282.00,1.29,0.00,0.00,0.57
2026-01-12,3.88,3.90,3.93,3.87,272688,107735136.00,1.55,0.78,0.03,0.69
2026-01-13,3.90,3.89,3.95,3.88,231970,91930351.00,1.79,-0.26,-0.01,0.58
2026-01-14,3.89,3.90,3.94,3.87,252445,99922863.00,1.80,0.26,0.01,0.64
2026-01-15,3.90,3.92,3.96,3.89,266827,106245647.00,1.79,0.51,0.02,0.67
2026-01-16,3.92,3.87,3.93,3.85,220417,86637739.00,2.04,-1.28,-0.05,0.55
2026-01-19,3.86,4.04,4.05,3.84,543991,219192934.00,5.43,4.39,0.17,1.37
2026-01-20,3.98,4.07,4.09,3.97,374425,152657030.00,2.97,0.74,0.03,0.94
2026-01-21,4.06,4.05,4.09,4.00,256395,104709470.00,2.21,-0.49,-0.02,0.65
2026-01-22,4.05,4.10,4.12,4.02,315752,130687076.00,2.47,1.23,0.05,0.79
2026-01-23,4.10,4.10,4.13,4.08,288881,120002464.00,1.22,0.00,0.00,0.73
2026-01-26,4.08,4.10,4.17,4.08,326958,136178038.00,2.20,0.00,0.00,0.82
2026-01-27,4.09,4.03,4.13,4.00,378218,154348189.00,3.17,-1.71,-0.07,0.95
2026-01-28,4.01,4.11,4.15,4.01,338480,140657029.00,3.47,1.99,0.08,0.85
2026-01-29,4.13,4.27,4.39,4.13,777266,336056490.00,6.33,3.89,0.16,1.96
2026-01-30,4.23,4.29,4.33,4.19,479718,206662995.00,3.28,0.47,0.02,1.21
2026-02-02,4.28,4.01,4.28,4.00,594805,246148755.00,6.53,-6.53,-0.28,1.50
2026-02-03,4.04,4.05,4.07,4.00,316051,129101019.00,1.75,1.00,0.04,0.80
2026-02-04,4.05,4.11,4.13,4.05,314969,130584688.00,1.98,1.48,0.06,0.79
2026-02-05,4.10,4.05,4.12,4.03,245035,100955174.00,2.19,-1.46,-0.06,0.62
2026-02-06,4.03,4.08,4.13,4.00,236089,97656450.00,3.21,0.74,0.03,0.59
2026-02-09,4.09,4.18,4.21,4.07,462570,193277090.00,3.43,2.45,0.10,1.16
2026-02-10,4.17,4.13,4.18,4.08,325751,135856881.00,2.39,-1.20,-0.05,0.82
2026-02-11,4.12,4.27,4.32,4.10,653042,280363270.00,5.33,3.39,0.14,1.64
2026-02-12,4.25,4.29,4.37,4.20,544274,236381861.00,3.98,0.47,0.02,1.37
2026-02-13,4.25,4.27,4.31,4.22,302607,130567721.00,2.10,-0.47,-0.02,0.76
2026-02-24,4.32,4.32,4.38,4.26,404840,177401759.00,2.81,1.17,0.05,1.02
2026-02-25,4.32,4.41,4.51,4.32,583257,260859659.00,4.40,2.08,0.09,1.47
2026-02-26,4.41,4.38,4.49,4.35,426071,190035562.00,3.17,-0.68,-0.03,1.07
2026-02-27,4.35,4.41,4.43,4.33,314655,139866717.00,2.28,0.68,0.03,0.79
2026-03-02,4.39,4.41,4.47,4.37,381711,170629731.00,2.27,0.00,0.00,0.96
2026-03-03,4.37,4.24,4.38,4.22,568438,246870929.00,3.63,-3.85,-0.17,1.43
2026-03-04,4.18,4.20,4.29,4.17,306735,131104540.00,2.83,-0.94,-0.04,0.77
2026-03-05,4.25,4.28,4.33,4.19,392981,169348227.00,3.33,1.90,0.08,0.99
2026-03-06,4.28,4.43,4.45,4.24,593808,261894306.00,4.91,3.50,0.15,1.49
2026-03-09,4.60,4.45,4.84,4.44,1352582,629530903.00,9.03,0.45,0.02,3.41
2026-03-10,4.37,4.24,4.43,4.23,946059,411664792.00,4.49,-4.72,-0.21,2.38
2026-03-11,4.23,4.51,4.52,4.20,924788,409217491.00,7.55,6.37,0.27,2.33
2026-03-12,4.60,4.60,4.73,4.53,1443395,675193522.00,4.43,2.00,0.09,3.63
2026-03-13,4.56,4.66,4.79,4.56,1278443,604284133.00,5.00,1.30,0.06,3.22
2026-03-16,4.68,4.46,4.78,4.46,891226,413134064.00,6.87,-4.29,-0.20,2.24
2026-03-17,4.44,4.39,4.61,4.38,606913,274170403.00,5.16,-1.57,-0.07,1.53
2026-03-18,4.38,4.31,4.41,4.26,482716,211141682.00,3.42,-1.82,-0.08,1.22
2026-03-19,4.37,4.28,4.45,4.26,681653,298504502.00,4.41,-0.70,-0.03,1.72
2026-03-20,4.24,4.08,4.26,4.06,631322,264623154.00,4.67,-4.67,-0.20,1.59
2026-03-23,4.05,4.14,4.38,3.98,934379,397667586.00,9.80,1.47,0.06,2.35
2026-03-24,4.12,4.22,4.25,4.00,609104,253544382.00,6.04,1.93,0.08,1.53
2026-03-25,4.15,4.20,4.23,4.12,417789,176562330.00,2.61,-0.47,-0.02,1.05
2026-03-26,4.19,4.23,4.31,4.17,459222,196582574.00,3.33,0.71,0.03,1.16
2026-03-27,4.17,4.29,4.34,4.17,449392,194977350.00,4.02,1.42,0.06,1.13
2026-03-30,4.26,4.27,4.33,4.17,371923,159297782.00,3.73,-0.47,-0.02,0.94
2026-03-31,4.25,4.08,4.29,4.07,469960,197138970.00,5.15,-4.45,-0.19,1.18
2026-04-01,4.11,4.18,4.25,4.11,436026,184742171.00,3.43,2.45,0.10,1.10
2026-04-02,4.17,4.20,4.23,4.16,240303,102023630.00,1.67,0.48,0.02,0.60
2026-04-03,4.19,4.04,4.20,4.03,306616,126419332.00,4.05,-3.81,-0.16,0.77
2026-04-07,4.04,4.22,4.24,3.98,485633,203565799.00,6.44,4.46,0.18,1.22
2026-04-08,4.16,4.19,4.19,4.09,634487,265872952.00,2.37,-0.71,-0.03,1.60
2026-04-09,4.16,4.23,4.30,4.15,507598,217607747.00,3.58,0.95,0.04,1.28
2026-04-10,4.22,4.19,4.24,4.18,270686,115139850.00,1.42,-0.95,-0.04,0.68
2026-04-13,4.19,4.21,4.23,4.11,281971,119187628.00,2.86,0.48,0.02,0.71
2026-04-14,4.18,4.11,4.21,4.07,387969,161443633.00,3.33,-2.38,-0.10,0.98
2026-04-15,4.10,4.05,4.12,4.03,264942,108847654.00,2.19,-1.46,-0.06,0.67
2026-04-16,4.04,4.07,4.08,4.04,155111,63743962.00,0.99,0.49,0.02,0.39
2026-04-17,4.06,4.03,4.07,4.01,185669,75764493.00,1.47,-0.98,-0.04,0.47
2026-04-20,4.02,3.99,4.04,3.97,255217,103090335.00,1.74,-0.99,-0.04,0.64
2026-04-21,3.99,3.99,4.00,3.95,142787,57363027.00,1.25,0.00,0.00,0.36
2026-04-22,3.99,4.01,4.03,3.98,134320,54548826.00,1.25,0.50,0.02,0.34
2026-04-23,4.00,3.94,4.01,3.91,325272,129905825.00,2.49,-1.75,-0.07,0.82
2026-04-24,3.98,3.89,3.99,3.88,272176,108125296.00,2.79,-1.27,-0.05,0.69
2026-04-27,3.90,3.89,3.91,3.83,225271,88260452.00,2.06,0.00,0.00,0.57
2026-04-28,3.88,3.92,3.93,3.84,210651,82845694.00,2.31,0.77,0.03,0.53
2026-04-29,3.90,3.93,3.94,3.88,177242,70392553.00,1.53,0.26,0.01,0.45
2026-04-30,3.92,3.86,3.93,3.85,288963,113508863.00,2.04,-1.78,-0.07,0.73
2026-05-06,3.86,3.80,3.88,3.78,360626,139028412.00,2.59,-1.55,-0.06,0.91
2026-05-07,3.79,3.75,3.79,3.71,435505,164999332.00,2.11,-1.32,-0.05,1.10
2026-05-08,3.76,3.79,3.81,3.75,207190,79409083.00,1.60,1.07,0.04,0.52
2026-05-11,3.80,3.78,3.84,3.76,256533,98539438.00,2.11,-0.26,-0.01,0.65
2026-05-12,3.78,3.78,3.80,3.76,155330,59438632.00,1.06,0.00,0.00,0.39
2026-05-13,3.78,3.82,3.83,3.77,265866,102565998.00,1.59,1.06,0.04,0.67
2026-05-14,3.81,3.83,3.86,3.81,262835,102336305.00,1.31,0.26,0.01,0.66
2026-05-15,3.81,3.76,3.87,3.75,303653,117416432.00,3.13,-1.83,-0.07,0.76
2026-05-18,3.76,3.81,3.83,3.71,225074,85918175.00,3.19,1.33,0.05,0.57
2026-05-19,3.80,3.79,3.81,3.76,142367,54509093.00,1.31,-0.52,-0.02,0.36
2026-05-20,3.78,3.76,3.79,3.73,129023,49083625.00,1.58,-0.79,-0.03,0.32
2026-05-21,3.76,3.67,3.78,3.66,203884,77154540.00,3.19,-2.39,-0.09,0.51
2026-05-22,3.68,3.73,3.75,3.67,154423,58039169.00,2.18,1.63,0.06,0.39
2026-05-25,3.75,3.76,3.77,3.73,106565,40511458.00,1.07,0.80,0.03,0.27
2026-05-26,3.74,3.73,3.75,3.70,98362,37104825.00,1.33,-0.80,-0.03,0.25
2026-05-27,3.74,3.67,3.75,3.64,146892,54769725.00,2.95,-1.61,-0.06,0.37
2026-05-28,3.65,3.69,3.70,3.65,97893,36491951.00,1.36,0.54,0.02,0.25
2026-05-29,3.69,3.73,3.80,3.68,178556,67602566.00,3.25,1.08,0.04,0.45
2026-06-01,3.71,3.77,3.78,3.71,150407,57291270.00,1.88,1.07,0.04,0.38
2026-06-02,3.77,3.78,3.86,3.76,217635,83860487.00,2.65,0.27,0.01,0.55
2026-06-03,3.78,3.77,3.78,3.72,142176,53996839.00,1.59,-0.26,-0.01,0.36
2026-06-04,3.77,3.69,3.77,3.68,135871,51157299.00,2.39,-2.12,-0.08,0.34
2026-06-05,3.69,3.71,3.75,3.69,140348,52948630.00,1.63,0.54,0.02,0.35
2026-06-08,3.68,3.65,3.69,3.63,212031,78697163.00,1.62,-1.62,-0.06,0.53
2026-06-09,3.66,3.68,3.69,3.64,112154,41731054.00,1.37,0.82,0.03,0.28
2026-06-10,3.67,3.72,3.72,3.66,149750,55937685.00,1.63,1.09,0.04,0.38
2026-06-11,3.71,3.75,3.75,3.66,163900,61629785.00,2.42,0.81,0.03,0.41
2026-06-12,3.75,3.90,3.90,3.72,373267,143847359.00,4.80,4.00,0.15,0.94
2026-06-15,3.86,3.81,3.89,3.78,344375,134050164.00,2.82,-2.31,-0.09,0.87
2026-06-16,3.81,3.73,3.82,3.71,213423,81015500.00,2.89,-2.10,-0.08,0.54
2026-06-17,3.71,3.65,3.72,3.64,203330,75501626.00,2.14,-2.14,-0.08,0.51
2026-06-18,3.66,3.56,3.66,3.55,198762,72008178.00,3.01,-2.47,-0.09,0.50
2026-06-22,3.57,3.63,3.65,3.50,145209,51806907.00,4.21,1.97,0.07,0.37
2026-06-23,3.61,3.64,3.71,3.60,147550,54039280.00,3.03,0.28,0.01,0.37
2026-06-24,3.65,3.56,3.67,3.56,122272,43919636.00,3.02,-2.20,-0.08,0.31
2026-06-25,3.55,3.55,3.58,3.50,122282,43218782.00,2.25,-0.28,-0.01,0.31
2026-06-26,3.56,3.51,3.57,3.50,108029,37969727.00,1.97,-1.13,-0.04,0.27