2026-01-05,24.10,24.78,25.20,23.71,834116,2052092609.00,6.28,4.51,1.07,16.87
2026-01-06,24.78,24.88,25.60,23.92,783897,1941091206.00,6.78,0.40,0.10,15.86
2026-01-07,24.86,25.84,26.12,24.63,898012,2312999617.00,5.99,3.86,0.96,18.16
2026-01-08,26.40,26.82,28.40,25.88,1042339,2830848633.00,9.75,3.79,0.98,21.08
2026-01-09,26.71,28.68,29.35,26.00,966091,2690716933.00,12.49,6.94,1.86,19.54
2026-01-12,29.40,31.05,31.55,27.76,1238305,3674863746.00,13.21,8.26,2.37,25.05
2026-01-13,30.85,29.49,30.85,28.27,1000061,2945602624.00,8.31,-5.02,-1.56,20.23
2026-01-14,29.20,30.01,32.40,28.90,1075336,3301606812.00,11.87,1.76,0.52,21.75
2026-01-15,29.60,32.01,33.00,27.65,1108566,3340548589.00,17.83,6.66,2.00,22.42
2026-01-16,31.97,28.81,31.97,28.81,1038378,3067923177.00,9.87,-10.00,-3.20,21.00
2026-01-19,26.30,26.88,27.50,26.30,584048,1575836238.00,4.17,-6.70,-1.93,11.81
2026-01-20,26.88,25.82,27.19,25.29,492289,1280385770.00,7.07,-3.94,-1.06,9.96
2026-01-21,25.66,25.90,26.68,25.61,334538,876895914.00,4.14,0.31,0.08,6.77
2026-01-22,25.99,27.12,27.36,25.99,463705,1243245126.00,5.29,4.71,1.22,9.38
2026-01-23,27.11,26.91,27.32,26.55,414796,1114451188.00,2.84,-0.77,-0.21,8.39
2026-01-26,26.47,25.30,26.57,25.29,427398,1102310561.00,4.76,-5.98,-1.61,8.64
2026-01-27,25.21,25.54,25.55,24.46,287977,720403518.00,4.31,0.95,0.24,5.82
2026-01-28,25.41,23.95,25.46,23.26,552436,1328938191.00,8.61,-6.23,-1.59,11.17
2026-01-29,23.67,23.61,24.44,23.30,288220,689949973.00,4.76,-1.42,-0.34,5.83
2026-01-30,23.50,23.23,23.65,22.87,228792,531812951.00,3.30,-1.61,-0.38,4.63
2026-02-02,23.05,23.13,23.92,23.05,184264,434069414.00,3.75,-0.43,-0.10,3.73
2026-02-03,23.23,24.95,24.99,23.23,408366,993049075.00,7.61,7.87,1.82,8.26
2026-02-04,24.98,25.99,26.80,24.80,583797,1522322545.00,8.02,4.17,1.04,11.81
2026-02-05,25.48,26.10,26.45,25.16,343598,887360480.00,4.96,0.42,0.11,6.95
2026-02-06,25.48,26.68,27.17,25.48,369425,985043324.00,6.48,2.22,0.58,7.47
2026-02-09,26.69,27.10,27.27,26.36,358407,963973254.00,3.41,1.57,0.42,7.25
2026-02-10,27.13,26.40,27.31,26.31,261189,692778113.00,3.69,-2.58,-0.70,5.28
2026-02-11,26.50,25.75,26.63,25.73,219715,571725988.00,3.41,-2.46,-0.65,4.44
2026-02-12,25.81,26.24,26.88,25.63,262374,692512293.00,4.85,1.90,0.49,5.31
2026-02-13,26.09,25.93,26.31,25.88,136410,355424582.00,1.64,-1.18,-0.31,2.76
2026-02-24,25.90,25.37,26.19,25.25,227602,585077172.00,3.63,-2.16,-0.56,4.60
2026-02-25,25.60,25.34,25.70,25.15,198575,504016657.00,2.17,-0.12,-0.03,4.02
2026-02-26,25.36,25.11,25.55,24.90,224925,564280529.00,2.57,-0.91,-0.23,4.55
2026-02-27,25.01,25.71,26.10,24.92,296112,761398454.00,4.70,2.39,0.60,5.99
2026-03-02,25.48,28.28,28.28,25.37,732828,2005983254.00,11.32,10.00,2.57,14.82
2026-03-03,28.00,26.51,28.46,26.15,671167,1826102455.00,8.17,-6.26,-1.77,13.57
2026-03-04,25.99,26.06,27.00,25.85,399480,1052281025.00,4.34,-1.70,-0.45,8.08
2026-03-05,26.77,27.43,27.98,26.51,583105,1594997884.00,5.64,5.26,1.37,11.79
2026-03-06,26.99,26.80,27.49,26.05,442143,1184388543.00,5.25,-2.30,-0.63,8.94
2026-03-09,26.15,25.69,26.15,24.38,462634,1163254727.00,6.60,-4.14,-1.11,9.36
2026-03-10,25.92,26.85,26.92,25.80,401543,1062353087.00,4.36,4.52,1.16,8.12
2026-03-11,26.94,27.04,27.48,26.63,421077,1140349757.00,3.17,0.71,0.19,8.52
2026-03-12,26.75,26.29,27.69,25.33,565264,1481226568.00,8.73,-2.77,-0.75,11.43
2026-03-13,25.60,26.93,27.43,25.40,554917,1479201923.00,7.72,2.43,0.64,11.22
2026-03-16,26.60,25.38,26.80,25.05,441435,1132523335.00,6.50,-5.76,-1.55,8.93
2026-03-17,25.06,23.69,25.08,23.60,347004,841436061.00,5.83,-6.66,-1.69,7.02
2026-03-18,23.66,23.94,23.99,23.05,201793,477236824.00,3.97,1.06,0.25,4.08
2026-03-19,23.25,23.01,23.47,22.87,182773,423757719.00,2.51,-3.88,-0.93,3.70
2026-03-20,23.01,21.32,23.37,21.25,290706,645756379.00,9.21,-7.34,-1.69,5.88
2026-03-23,20.48,20.25,21.33,20.11,274101,567373024.00,5.72,-5.02,-1.07,5.54
2026-03-24,20.72,20.80,20.90,19.93,247751,505895416.00,4.79,2.72,0.55,5.01
2026-03-25,20.95,21.14,21.59,20.95,265666,564117315.00,3.08,1.63,0.34,5.37
2026-03-26,21.26,20.55,21.44,20.45,181145,376300448.00,4.68,-2.79,-0.59,3.66
2026-03-27,20.05,20.82,20.93,20.02,160999,330380132.00,4.43,1.31,0.27,3.26
2026-03-30,20.53,20.97,21.05,20.31,159990,331430914.00,3.55,0.72,0.15,3.24
2026-03-31,21.05,20.69,21.56,20.65,165881,349747296.00,4.34,-1.34,-0.28,3.36
2026-04-01,21.29,21.37,21.70,20.82,256116,543577293.00,4.25,3.29,0.68,5.18
2026-04-02,21.10,20.49,21.30,20.40,197328,409732618.00,4.21,-4.12,-0.88,3.99
2026-04-03,20.48,19.92,20.59,19.89,147268,296239538.00,3.42,-2.78,-0.57,2.98
2026-04-07,19.90,20.00,20.19,19.86,105628,211490135.00,1.66,0.40,0.08,2.14
2026-04-08,20.40,21.47,21.49,20.39,261572,551422608.00,5.50,7.35,1.47,5.29
2026-04-09,21.12,21.07,21.29,20.90,158790,334927444.00,1.82,-1.86,-0.40,3.21
2026-04-10,21.29,21.21,21.55,21.16,156876,334577032.00,1.85,0.66,0.14,3.17
2026-04-13,20.90,21.14,21.28,20.76,125259,263749501.00,2.45,-0.33,-0.07,2.53
2026-04-14,21.29,21.40,21.76,21.22,134115,286691516.00,2.55,1.23,0.26,2.71
2026-04-15,21.67,21.32,22.21,21.19,249156,542094966.00,4.77,-0.37,-0.08,5.04
2026-04-16,21.32,21.50,21.54,21.05,148639,317741466.00,2.30,0.84,0.18,3.01
2026-04-17,21.50,21.84,21.98,21.29,187295,406484134.00,3.21,1.58,0.34,3.79
2026-04-20,21.80,22.25,22.28,21.64,201037,443477261.00,2.93,1.88,0.41,4.07
2026-04-21,22.35,21.94,22.35,21.74,161566,354038431.00,2.74,-1.39,-0.31,3.27
2026-04-22,21.70,22.24,22.45,21.63,185820,408930152.00,3.74,1.37,0.30,3.76
2026-04-23,22.15,21.78,22.65,21.60,177976,392116417.00,4.72,-2.07,-0.46,3.60
2026-04-24,21.58,21.03,21.58,20.93,168746,357024373.00,2.98,-3.44,-0.75,3.41
2026-04-27,21.03,21.17,21.47,20.52,128387,270283624.00,4.52,0.67,0.14,2.60
2026-04-28,21.07,20.58,21.16,20.45,121092,251047874.00,3.35,-2.79,-0.59,2.45
2026-04-29,20.05,20.27,20.45,19.58,169127,339523969.00,4.23,-1.51,-0.31,3.42
2026-04-30,20.22,20.58,20.63,20.15,116720,238902055.00,2.37,1.53,0.31,2.36
2026-05-06,20.77,21.18,21.44,20.75,151600,320243756.00,3.35,2.92,0.60,3.07
2026-05-07,21.40,21.46,21.50,21.02,133674,285614219.00,2.27,1.32,0.28,2.70
2026-05-08,21.45,21.70,22.40,21.08,286809,623408778.00,6.15,1.12,0.24,5.80
2026-05-11,21.66,22.24,22.47,21.63,296398,655685644.00,3.87,2.49,0.54,5.99
2026-05-12,22.21,21.97,22.45,21.68,195479,429872987.00,3.46,-1.21,-0.27,3.95
2026-05-13,21.81,22.02,22.33,21.70,178325,393401491.00,2.87,0.23,0.05,3.61
2026-05-14,22.00,21.36,22.25,21.34,184814,402332740.00,4.13,-3.00,-0.66,3.74
2026-05-15,21.45,21.06,21.80,20.85,173499,368445505.00,4.45,-1.40,-0.30,3.51
2026-05-18,20.89,20.55,21.26,20.41,160068,331735353.00,4.04,-2.42,-0.51,3.24
2026-05-19,20.55,20.80,20.87,20.05,139161,285033706.00,3.99,1.22,0.25,2.81
2026-05-20,20.71,20.12,20.76,19.96,172044,346098883.00,3.85,-3.27,-0.68,3.48
2026-05-21,20.19,19.30,20.58,19.25,227274,454196295.00,6.61,-4.08,-0.82,4.60
2026-05-22,19.48,19.81,19.84,19.02,159937,312959013.00,4.25,2.64,0.51,3.23
2026-05-25,20.00,19.83,20.77,19.50,184114,370414482.00,6.41,0.10,0.02,3.72
2026-05-26,19.83,18.72,19.84,18.32,250343,469033459.00,7.67,-5.60,-1.11,5.06
2026-05-27,18.79,20.59,20.59,18.64,265492,539713610.00,10.42,9.99,1.87,5.37
2026-05-28,20.91,22.65,22.65,20.21,529449,1175418833.00,11.85,10.00,2.06,10.71
2026-05-29,23.80,24.92,24.92,23.30,547967,1352094013.00,7.15,10.02,2.27,11.08
2026-06-01,25.67,27.41,27.41,25.65,345598,936701221.00,7.06,9.99,2.49,6.99
2026-06-02,28.23,28.99,29.43,24.67,1465550,3976650538.00,17.37,5.76,1.58,29.64
2026-06-03,27.50,30.91,31.89,27.20,1084430,3270311875.00,16.18,6.62,1.92,21.93
2026-06-04,30.00,32.26,33.12,29.60,864678,2711629573.00,11.39,4.37,1.35,17.49
2026-06-05,31.94,32.70,34.10,31.40,724397,2385539937.00,8.37,1.36,0.44,14.65
2026-06-08,31.26,29.67,32.86,29.43,775473,2393502914.00,10.49,-9.27,-3.03,15.68
2026-06-09,30.85,29.00,32.64,28.29,900257,2748359280.00,14.66,-2.26,-0.67,18.21
2026-06-10,29.00,31.90,31.90,28.98,699939,2130379450.00,10.07,10.00,2.90,14.16
2026-06-11,31.21,33.60,35.09,30.58,968523,3313086717.00,14.14,5.33,1.70,19.59
2026-06-12,32.64,31.11,34.13,30.43,723429,2295112762.00,11.01,-7.41,-2.49,14.63
2026-06-15,31.50,34.22,34.22,31.28,438340,1464313441.00,9.45,10.00,3.11,8.87
2026-06-16,35.00,34.60,35.57,32.32,847530,2860581032.00,9.50,1.11,0.38,17.14
2026-06-17,33.00,35.95,37.77,32.86,723356,2604722106.00,14.19,3.90,1.35,14.63
2026-06-18,36.36,39.55,39.55,36.36,528979,2028387923.00,8.87,10.01,3.60,10.70
2026-06-22,39.00,37.14,41.40,35.88,857351,3245805993.00,13.96,-6.09,-2.41,17.34
2026-06-23,36.01,35.23,36.98,34.01,697809,2455384407.00,8.00,-5.14,-1.91,14.11
2026-06-24,35.00,33.32,36.45,32.10,749549,2519007173.00,12.35,-5.42,-1.91,15.16
2026-06-25,33.75,35.51,36.10,32.40,726076,2532797181.00,11.10,6.57,2.19,14.69
2026-06-26,34.10,32.06,34.50,31.96,580859,1895110591.00,7.15,-9.72,-3.45,11.75
2026-06-29,32.71,31.42,33.33,31.00,475817,1521256612.00,7.27,-2.00,-0.64,9.62