2026-01-05,15.92,16.05,16.05,15.71,204682,326091663.00,2.14,0.82,0.13,2.17
2026-01-06,16.07,17.02,17.22,16.02,596369,992845178.00,7.48,6.04,0.97,6.34
2026-01-07,16.85,16.46,16.87,16.34,398653,659694998.00,3.11,-3.29,-0.56,4.24
2026-01-08,16.35,16.45,16.64,16.35,217175,357485757.00,1.76,-0.06,-0.01,2.31
2026-01-09,16.40,16.71,16.77,16.39,257595,428498847.00,2.31,1.58,0.26,2.74
2026-01-12,16.90,17.85,18.04,16.82,673499,1171864432.00,7.30,6.82,1.14,7.16
2026-01-13,17.90,17.20,17.90,17.17,404678,707070049.00,4.09,-3.64,-0.65,4.30
2026-01-14,17.20,17.65,18.28,17.20,611768,1087523572.00,6.28,2.62,0.45,6.50
2026-01-15,17.50,17.30,17.60,17.06,314341,543906270.00,3.06,-1.98,-0.35,3.34
2026-01-16,17.53,16.92,17.54,16.80,306215,522250987.00,4.28,-2.20,-0.38,3.25
2026-01-19,16.65,16.62,16.84,16.42,238518,396384521.00,2.48,-1.77,-0.30,2.53
2026-01-20,16.63,16.39,16.79,16.24,241056,397425915.00,3.31,-1.38,-0.23,2.56
2026-01-21,16.23,16.23,16.58,16.16,206262,337001495.00,2.56,-0.98,-0.16,2.19
2026-01-22,16.29,16.33,16.47,16.22,172263,281273692.00,1.54,0.62,0.10,1.83
2026-01-23,16.35,16.51,16.64,16.29,211528,348947079.00,2.14,1.10,0.18,2.25
2026-01-26,16.52,16.12,16.52,15.98,275728,445641415.00,3.27,-2.36,-0.39,2.93
2026-01-27,16.12,16.06,16.23,15.63,189606,300707570.00,3.72,-0.37,-0.06,2.01
2026-01-28,16.06,15.91,16.15,15.81,152069,242534620.00,2.12,-0.93,-0.15,1.62
2026-01-29,15.75,15.83,16.19,15.52,183900,293019544.00,4.21,-0.50,-0.08,1.95
2026-01-30,15.83,15.56,15.94,15.41,171837,268035701.00,3.35,-1.71,-0.27,1.83
2026-02-02,15.50,15.23,15.68,15.20,130278,201331445.00,3.08,-2.12,-0.33,1.38
2026-02-03,15.39,15.51,15.55,15.23,121962,187853469.00,2.10,1.84,0.28,1.30
2026-02-04,15.40,15.53,15.65,15.28,120652,186284816.00,2.39,0.13,0.02,1.28
2026-02-05,15.42,15.27,15.48,15.24,121683,186751090.00,1.55,-1.67,-0.26,1.29
2026-02-06,15.20,15.12,15.40,15.08,137442,209306438.00,2.10,-0.98,-0.15,1.46
2026-02-09,15.33,15.37,15.40,15.20,129824,198861232.00,1.32,1.65,0.25,1.38
2026-02-10,15.38,15.24,15.50,15.21,165575,254496965.00,1.89,-0.85,-0.13,1.76
2026-02-11,15.26,15.24,15.42,15.17,136849,208950352.00,1.64,0.00,0.00,1.45
2026-02-12,15.24,15.12,15.31,15.01,159258,241484049.00,1.97,-0.79,-0.12,1.69
2026-02-13,15.08,15.08,15.33,15.07,141095,214050960.00,1.72,-0.26,-0.04,1.50
2026-02-24,15.16,15.09,15.19,15.03,139197,210110977.00,1.06,0.07,0.01,1.48
2026-02-25,15.08,15.31,15.41,15.06,166466,254492749.00,2.32,1.46,0.22,1.77
2026-02-26,15.37,15.16,15.44,15.13,134307,204277331.00,2.02,-0.98,-0.15,1.43
2026-02-27,15.15,15.46,15.46,15.15,173800,266827499.00,2.04,1.98,0.30,1.85
2026-03-02,15.24,14.83,15.27,14.75,257601,385277867.00,3.36,-4.08,-0.63,2.74
2026-03-03,14.85,14.14,14.92,14.06,228588,329858581.00,5.80,-4.65,-0.69,2.43
2026-03-04,14.09,13.86,14.22,13.79,148969,208294997.00,3.04,-1.98,-0.28,1.58
2026-03-05,14.08,14.15,14.44,13.97,145014,205171837.00,3.39,2.09,0.29,1.54
2026-03-06,14.10,14.50,14.55,14.09,131495,189191883.00,3.25,2.47,0.35,1.40
2026-03-09,14.28,14.34,14.45,14.04,137260,195141127.00,2.83,-1.10,-0.16,1.46
2026-03-10,14.51,14.38,14.66,14.31,123781,178774656.00,2.44,0.28,0.04,1.32
2026-03-11,14.43,14.30,14.44,14.24,91528,131231126.00,1.39,-0.56,-0.08,0.97
2026-03-12,14.24,14.39,14.53,14.22,100108,143991412.00,2.17,0.63,0.09,1.06
2026-03-13,14.30,14.02,14.38,13.99,123927,174910208.00,2.71,-2.57,-0.37,1.32
2026-03-16,14.02,14.16,14.25,13.97,133425,188222811.00,2.00,1.00,0.14,1.42
2026-03-17,14.19,14.08,14.44,14.06,131486,187340689.00,2.68,-0.56,-0.08,1.40
2026-03-18,14.09,14.00,14.17,13.85,113379,158142147.00,2.27,-0.57,-0.08,1.20
2026-03-19,13.82,13.83,14.03,13.76,112617,156074105.00,1.93,-1.21,-0.17,1.20
2026-03-20,13.84,13.32,13.89,13.32,148187,201410330.00,4.12,-3.69,-0.51,1.57
2026-03-23,13.10,12.66,13.20,12.52,190043,244271712.00,5.11,-4.95,-0.66,2.02
2026-03-24,12.85,12.94,12.95,12.48,155871,198160368.00,3.71,2.21,0.28,1.66
2026-03-25,12.93,12.95,13.09,12.87,129726,168276551.00,1.70,0.08,0.01,1.38
2026-03-26,12.95,12.49,12.95,12.49,110485,140108284.00,3.55,-3.55,-0.46,1.17
2026-03-27,12.36,12.85,13.00,12.32,144076,183393544.00,5.44,2.88,0.36,1.53
2026-03-30,12.68,12.82,12.87,12.51,131965,167860680.00,2.80,-0.23,-0.03,1.40
2026-03-31,12.81,12.52,12.96,12.50,108917,138433510.00,3.59,-2.34,-0.30,1.16
2026-04-01,12.75,12.86,13.00,12.60,145933,186876637.00,3.19,2.72,0.34,1.55
2026-04-02,12.79,12.43,12.81,12.36,128502,161044186.00,3.50,-3.34,-0.43,1.37
2026-04-03,12.55,12.26,12.60,12.24,82262,101709241.00,2.90,-1.37,-0.17,0.87
2026-04-07,12.25,12.63,12.99,12.25,167626,211990864.00,6.04,3.02,0.37,1.78
2026-04-08,12.86,13.16,13.18,12.84,197994,257869879.00,2.69,4.20,0.53,2.10
2026-04-09,12.96,12.75,13.00,12.70,139364,178653818.00,2.28,-3.12,-0.41,1.48
2026-04-10,12.75,13.00,13.18,12.75,224479,292517919.00,3.37,1.96,0.25,2.38
2026-04-13,12.80,12.84,13.02,12.77,140158,180667784.00,1.92,-1.23,-0.16,1.49
2026-04-14,12.95,12.84,12.99,12.73,137656,176404292.00,2.02,0.00,0.00,1.46
2026-04-15,12.89,12.62,12.93,12.57,119428,151643318.00,2.80,-1.71,-0.22,1.27
2026-04-16,12.63,12.85,12.90,12.59,130440,166742845.00,2.46,1.82,0.23,1.39
2026-04-17,12.80,12.76,12.85,12.58,105520,134102947.00,2.10,-0.70,-0.09,1.12
2026-04-20,12.76,12.48,12.77,12.43,171417,215245109.00,2.66,-2.19,-0.28,1.82
2026-04-21,12.50,12.10,12.50,11.99,218403,264229524.00,4.09,-3.04,-0.38,2.32
2026-04-22,12.00,13.31,13.31,11.88,460391,593143904.00,11.82,10.00,1.21,4.89
2026-04-23,13.43,13.59,13.83,13.43,574521,783969622.00,3.01,2.10,0.28,6.10
2026-04-24,13.46,13.33,13.70,13.28,249114,334268654.00,3.09,-1.91,-0.26,2.65
2026-04-27,13.32,13.60,13.78,13.16,286872,388853941.00,4.65,2.03,0.27,3.05
2026-04-28,13.50,13.45,13.73,13.40,212009,286699448.00,2.43,-1.10,-0.15,2.25
2026-04-29,13.43,13.50,13.68,13.37,191241,258542428.00,2.30,0.37,0.05,2.03
2026-04-30,13.48,13.68,13.83,13.45,241027,329176402.00,2.81,1.33,0.18,2.56
2026-05-06,13.82,13.83,13.94,13.67,314258,433657415.00,1.97,1.10,0.15,3.34
2026-05-07,13.87,13.83,13.92,13.65,208144,286665797.00,1.95,0.00,0.00,2.21
2026-05-08,13.80,13.77,14.23,13.71,288125,400979414.00,3.76,-0.43,-0.06,3.06
2026-05-11,13.73,13.92,13.98,13.57,303703,418415369.00,2.98,1.09,0.15,3.23
2026-05-12,13.82,13.88,14.20,13.63,296607,413940475.00,4.09,-0.29,-0.04,3.15
2026-05-13,13.87,13.73,13.88,13.57,194971,266975795.00,2.23,-1.08,-0.15,2.07
2026-05-14,13.87,13.20,13.88,13.19,226890,305845898.00,5.03,-3.86,-0.53,2.41
2026-05-15,13.21,12.84,13.29,12.74,219441,285107041.00,4.17,-2.73,-0.36,2.33
2026-05-18,12.79,14.12,14.12,12.71,471289,647737160.00,10.98,9.97,1.28,5.01
2026-05-19,14.23,14.41,14.64,14.15,573303,824208160.00,3.47,2.05,0.29,6.09
2026-05-20,14.40,14.16,14.42,14.07,259340,367945883.00,2.43,-1.73,-0.25,2.76
2026-05-21,14.16,13.81,14.68,13.81,385300,549729748.00,6.14,-2.47,-0.35,4.09
2026-05-22,13.94,13.67,13.94,13.39,241793,328590379.00,3.98,-1.01,-0.14,2.57
2026-05-25,13.69,13.86,14.29,13.61,231152,321810286.00,4.97,1.39,0.19,2.46
2026-05-26,13.74,14.14,14.27,13.52,270714,379011274.00,5.41,2.02,0.28,2.88
2026-05-27,14.00,13.72,14.27,13.66,209904,291712392.00,4.31,-2.97,-0.42,2.23
2026-05-28,13.61,13.62,13.80,13.00,269801,360827689.00,5.83,-0.73,-0.10,2.87
2026-05-29,13.62,13.08,13.73,13.05,215695,286219618.00,4.99,-3.96,-0.54,2.29
2026-06-01,13.08,13.42,13.93,13.08,236105,319594892.00,6.50,2.60,0.34,2.51
2026-06-02,13.38,13.03,13.45,12.78,226839,295909147.00,4.99,-2.91,-0.39,2.41
2026-06-03,13.03,12.90,13.36,12.77,213905,278801660.00,4.53,-1.00,-0.13,2.27
2026-06-04,12.81,12.44,12.92,12.35,198925,250081376.00,4.42,-3.57,-0.46,2.11
2026-06-05,12.52,12.47,12.80,12.20,206883,258894653.00,4.82,0.24,0.03,2.20
2026-06-08,12.20,12.04,12.52,12.01,188006,229876148.00,4.09,-3.45,-0.43,2.00
2026-06-09,12.11,12.24,12.27,11.89,175202,212192094.00,3.16,1.66,0.20,1.86
2026-06-10,12.14,11.90,12.26,11.60,181041,215610345.00,5.39,-2.78,-0.34,1.92
2026-06-11,11.80,11.21,11.90,11.10,235627,267177133.00,6.72,-5.80,-0.69,2.50
2026-06-12,11.35,11.53,11.82,11.10,248419,285225209.00,6.42,2.85,0.32,2.64
2026-06-15,11.60,11.75,12.27,11.58,253613,300372824.00,5.98,1.91,0.22,2.69
2026-06-16,11.66,11.75,11.90,11.55,144312,169261696.00,2.98,0.00,0.00,1.53
2026-06-17,11.68,11.44,11.81,11.32,156962,180926004.00,4.17,-2.64,-0.31,1.67
2026-06-18,11.40,11.10,11.52,11.10,164641,185495048.00,3.67,-2.97,-0.34,1.75
2026-06-22,11.02,11.83,11.89,10.70,373068,422334314.00,10.72,6.58,0.73,3.96
2026-06-23,11.71,11.87,12.29,11.65,310419,374310111.00,5.41,0.34,0.04,3.30
2026-06-24,11.87,11.18,11.92,11.12,242289,274997061.00,6.74,-5.81,-0.69,2.57
2026-06-25,11.10,11.14,11.43,10.98,222253,248412600.00,4.03,-0.36,-0.04,2.36
2026-06-26,11.07,10.24,11.07,10.20,296614,312204186.00,7.81,-8.08,-0.90,3.15
2026-06-29,10.24,10.00,10.37,9.93,183101,184681399.00,4.30,-2.34,-0.24,1.95
2026-06-30,9.98,10.06,10.12,9.87,141683,141957607.00,2.50,0.60,0.06,1.51
2026-07-01,10.06,11.07,11.07,10.03,309980,330645524.00,10.34,10.04,1.01,3.29
2026-07-02,11.07,10.48,11.19,10.45,280451,301359236.00,6.68,-5.33,-0.59,2.98
2026-07-03,10.58,10.46,10.81,10.41,183994,194391914.00,3.82,-0.19,-0.02,1.95
2026-07-06,10.55,10.26,10.63,10.25,137643,142652176.00,3.63,-1.91,-0.20,1.46
2026-07-07,10.27,9.99,10.28,9.95,135893,136822161.00,3.22,-2.63,-0.27,1.44
2026-07-08,9.99,10.14,10.23,9.90,154239,155221054.00,3.30,1.50,0.15,1.64
2026-07-09,10.05,10.21,10.25,9.92,161831,162935752.00,3.25,0.69,0.07,1.72
2026-07-10,10.18,10.17,10.48,9.96,187091,191982835.00,5.09,-0.39,-0.04,1.99
2026-07-13,10.17,9.75,10.27,9.70,201330,198941910.00,5.60,-4.13,-0.42,2.14
2026-07-14,9.95,9.88,9.97,9.72,155801,153573269.00,2.56,1.33,0.13,1.66
2026-07-15,9.85,10.15,10.22,9.80,145285,146552098.00,4.25,2.73,0.27,1.54