2026-01-05,92.54,99.92,102.62,92.50,176337,1703717178.00,11.05,9.06,8.30,7.97
2026-01-06,98.51,106.67,110.62,98.43,309278,3291880850.00,12.20,6.76,6.75,13.99
2026-01-07,108.82,110.42,111.39,105.78,244736,2673441756.00,5.26,3.52,3.75,11.07
2026-01-08,109.62,111.90,117.12,108.90,190842,2157102264.00,7.44,1.34,1.48,8.63
2026-01-09,109.90,113.13,113.88,109.23,153764,1723406394.00,4.16,1.10,1.23,6.95
2026-01-12,112.02,114.85,116.22,109.83,151544,1733256699.00,5.65,1.52,1.72,6.85
2026-01-13,113.68,114.70,118.28,113.24,140193,1618993836.00,4.39,-0.13,-0.15,6.34
2026-01-14,115.06,119.95,121.62,113.97,206315,2460223179.00,6.67,4.58,5.25,9.33
2026-01-15,118.75,128.24,128.29,117.95,193763,2437815595.00,8.62,6.91,8.29,8.76
2026-01-16,126.96,128.73,130.98,124.59,201172,2572067155.00,4.98,0.38,0.49,9.10
2026-01-19,130.51,126.43,131.61,125.88,138585,1779217769.00,4.45,-1.79,-2.30,6.27
2026-01-20,125.99,127.27,129.12,123.90,130954,1663363952.00,4.13,0.66,0.84,5.92
2026-01-21,125.62,123.41,129.02,122.32,171311,2135520120.00,5.26,-3.03,-3.86,7.75
2026-01-22,125.52,123.30,126.59,121.70,105242,1301884743.00,3.96,-0.09,-0.11,4.76
2026-01-23,123.21,121.65,123.21,116.62,157162,1885990633.00,5.34,-1.34,-1.65,7.11
2026-01-26,121.12,117.62,121.12,116.72,100532,1192018846.00,3.62,-3.31,-4.03,4.55
2026-01-27,117.78,119.02,119.95,116.02,118097,1400190301.00,3.34,1.19,1.40,5.34
2026-01-28,119.50,118.17,120.54,116.63,99299,1175559991.00,3.29,-0.71,-0.85,4.49
2026-01-29,118.60,113.10,119.32,113.09,117473,1359209043.00,5.27,-4.29,-5.07,5.31
2026-02-06,113.20,123.23,129.23,109.95,425954,5149266256.00,17.05,8.96,10.13,19.26
2026-02-09,124.62,129.00,136.45,124.62,315325,4147783973.00,9.60,4.68,5.77,14.26
2026-02-10,127.71,131.82,132.94,124.48,221098,2843828858.00,6.56,2.19,2.82,10.00
2026-02-11,129.42,130.31,132.97,125.62,147246,1924029751.00,5.58,-1.15,-1.51,6.66
2026-02-12,132.26,143.92,145.86,131.14,242849,3397237907.00,11.30,10.44,13.61,10.98
2026-02-13,140.82,144.67,147.50,139.82,169254,2448509956.00,5.34,0.52,0.75,7.65
2026-02-24,143.68,142.62,144.62,136.63,163186,2309145507.00,5.52,-1.42,-2.05,7.38
2026-02-25,145.48,158.92,164.18,144.45,241831,3731082094.00,13.83,11.43,16.30,10.94
2026-02-26,158.96,162.62,163.42,155.62,205946,3295464659.00,4.91,2.33,3.70,9.31
2026-02-27,158.62,161.63,163.28,156.65,136750,2199364931.00,4.08,-0.61,-0.99,6.18
2026-03-02,155.95,157.46,161.62,155.94,152764,2420086414.00,3.51,-2.58,-4.17,6.91
2026-03-03,156.66,154.20,167.43,153.90,201565,3216148321.00,8.59,-2.07,-3.26,9.12
2026-03-04,149.62,149.63,155.59,148.13,146148,2213173919.00,4.84,-2.96,-4.57,6.61
2026-03-05,155.63,151.12,156.12,148.88,137461,2088881080.00,4.84,1.00,1.49,6.22
2026-03-06,150.10,147.99,151.55,146.40,101321,1510502815.00,3.41,-2.07,-3.13,4.58
2026-03-09,144.51,151.13,152.61,141.57,140142,2065017956.00,7.46,2.12,3.14,6.34
2026-03-10,153.47,153.80,154.35,150.15,125253,1920151273.00,2.78,1.77,2.67,5.66
2026-03-11,152.62,148.88,154.22,147.82,113985,1709080691.00,4.16,-3.20,-4.92,5.15
2026-03-12,149.62,147.14,152.50,142.69,104547,1536381081.00,6.59,-1.17,-1.74,4.73
2026-03-13,144.72,144.52,150.02,143.62,79046,1158305684.00,4.35,-1.78,-2.62,3.57
2026-03-16,145.37,142.32,146.52,138.12,92774,1309875544.00,5.81,-1.52,-2.20,4.20
2026-03-17,143.23,135.74,143.72,135.62,81506,1129964506.00,5.69,-4.62,-6.58,3.69
2026-03-18,137.51,137.04,138.22,134.43,66707,911063860.00,2.79,0.96,1.30,3.02
2026-03-19,135.75,136.27,139.57,133.17,94164,1286129994.00,4.67,-0.56,-0.77,4.26
2026-03-20,137.00,132.76,139.56,132.62,85954,1175156820.00,5.09,-2.58,-3.51,3.89
2026-03-23,130.39,125.33,132.51,124.33,81831,1050779633.00,6.16,-5.60,-7.43,3.70
2026-03-24,127.86,130.47,130.96,125.10,89605,1150581602.00,4.68,4.10,5.14,4.05
2026-03-25,133.14,136.97,141.49,133.08,124555,1729216495.00,6.45,4.98,6.50,5.63
2026-03-26,136.93,133.22,136.97,132.28,54863,739653907.00,3.42,-2.74,-3.75,2.48
2026-03-27,131.11,145.64,147.60,130.47,161925,2298871452.00,12.86,9.32,12.42,7.32
2026-03-30,144.46,146.11,146.11,141.12,108713,1568346573.00,3.43,0.32,0.47,4.92
2026-03-31,144.42,138.84,144.92,138.22,89506,1262457482.00,4.59,-4.98,-7.27,4.05
2026-04-01,143.50,139.89,144.22,138.62,82346,1162410436.00,4.03,0.76,1.05,3.72
2026-04-02,139.15,135.12,139.52,133.02,73107,993083223.00,4.65,-3.41,-4.77,3.31
2026-04-03,135.92,148.76,151.07,134.94,170880,2486660259.00,11.94,10.09,13.64,7.73
2026-04-07,149.61,149.13,152.90,147.66,85025,1274670034.00,3.52,0.25,0.37,3.85
2026-04-08,150.16,159.23,160.27,149.22,159594,2502923780.00,7.41,6.77,10.10,7.22
2026-04-09,155.62,156.59,159.62,154.98,91020,1433609692.00,2.91,-1.66,-2.64,4.12
2026-04-10,158.60,156.12,164.42,156.12,124555,1993283485.00,5.30,-0.30,-0.47,5.63
2026-04-13,154.86,155.64,158.34,154.46,93733,1465250090.00,2.49,-0.31,-0.48,4.24
2026-04-14,157.62,161.54,164.12,156.30,106446,1708595527.00,5.02,3.79,5.90,4.81
2026-04-15,161.55,153.97,161.55,153.03,96647,1517364827.00,5.27,-4.69,-7.57,4.37
2026-04-16,154.31,153.67,154.97,149.74,75258,1154861258.00,3.40,-0.19,-0.30,3.40
2026-04-17,151.38,159.04,161.35,149.31,129997,2045460620.00,7.83,3.49,5.37,5.88
2026-04-20,158.46,156.58,158.47,152.90,91598,1426685188.00,3.50,-1.55,-2.46,4.14
2026-04-21,156.62,156.84,159.56,152.75,84595,1323624963.00,4.35,0.17,0.26,3.83
2026-04-22,156.19,160.28,160.30,154.83,114255,1814553800.00,3.49,2.19,3.44,5.17
2026-04-23,160.42,155.57,162.62,151.97,124957,1949984880.00,6.64,-2.94,-4.71,5.65
2026-04-24,154.82,155.83,158.12,153.49,79381,1238065510.00,2.98,0.17,0.26,3.59
2026-04-27,159.62,167.37,171.58,159.62,174994,2926930147.00,7.68,7.41,11.54,7.91
2026-04-28,167.42,178.99,179.62,164.66,189639,3317275314.00,8.94,6.94,11.62,8.58
2026-04-29,167.62,175.01,175.38,161.91,197760,3333671208.00,7.53,-2.22,-3.98,8.94
2026-04-30,171.62,179.33,190.73,168.62,149517,2646512191.00,12.63,2.47,4.32,6.76
2026-05-06,184.62,181.63,195.22,180.63,162894,3055031712.00,8.14,1.28,2.30,7.37
2026-05-07,182.93,186.17,186.22,176.90,126308,2305292337.00,5.13,2.50,4.54,5.71
2026-05-08,180.22,173.05,181.42,171.62,169390,2982263054.00,5.26,-7.05,-13.12,7.66
2026-05-11,176.52,184.62,184.62,173.63,174301,3148505378.00,6.35,6.69,11.57,7.88
2026-05-12,182.62,181.39,182.90,177.39,121006,2177606349.00,2.98,-1.75,-3.23,5.47
2026-05-13,176.66,185.87,186.89,173.71,139601,2515239696.00,7.27,2.47,4.48,6.31
2026-05-14,186.62,179.62,194.62,179.62,146179,2738766932.00,8.07,-3.36,-6.25,6.61
2026-05-15,181.29,189.48,197.61,180.73,205757,3881658925.00,9.40,5.49,9.86,9.31
2026-05-18,189.54,200.88,202.12,185.90,188945,3732169408.00,8.56,6.02,11.40,8.55
2026-05-19,198.62,213.55,216.11,195.62,198009,4101653222.00,10.20,6.31,12.67,8.96
2026-05-20,209.50,213.30,217.62,204.86,157565,3324368874.00,5.98,-0.12,-0.25,7.13
2026-05-21,216.12,190.64,221.84,188.52,234997,4864849767.00,15.62,-10.62,-22.66,10.63
2026-05-22,192.99,196.60,201.87,184.00,172282,3326538719.00,9.37,3.13,5.96,7.79
2026-05-25,197.90,207.99,209.38,189.68,170883,3445613606.00,10.02,5.79,11.39,7.73
2026-05-26,205.63,197.09,205.63,188.25,185035,3609431677.00,8.36,-5.24,-10.90,8.37
2026-05-27,195.00,183.40,197.99,182.24,164118,3116623253.00,7.99,-6.95,-13.69,7.42
2026-05-28,182.18,203.05,204.97,181.67,252079,4956263868.00,12.70,10.71,19.65,11.40
2026-05-29,204.00,190.20,204.14,187.74,182067,3527764334.00,8.08,-6.33,-12.85,8.23
2026-06-01,189.25,188.06,198.60,186.55,135236,2593346677.00,6.34,-1.13,-2.14,6.12
2026-06-02,188.60,209.22,215.88,188.60,258816,5361965694.00,14.51,11.25,21.16,11.70
2026-06-03,209.16,208.00,214.44,204.27,181713,3796265619.00,4.86,-0.58,-1.22,8.22
2026-06-04,205.00,210.53,213.46,205.00,133711,2811072405.00,4.07,1.22,2.53,6.05
2026-06-05,205.55,201.19,215.96,198.20,150400,3099130636.00,8.44,-4.44,-9.34,6.80
2026-06-08,195.00,193.57,205.80,191.00,139820,2747500909.00,7.36,-3.79,-7.62,6.32
2026-06-09,199.00,224.88,226.50,195.22,232551,4958217832.00,16.16,16.18,31.31,10.52
2026-06-10,224.85,243.67,249.88,220.00,278644,6509198720.00,13.29,8.36,18.79,12.60
2026-06-11,255.13,292.40,292.40,255.13,216001,6027696458.00,15.30,20.00,48.73,9.77
2026-06-12,337.21,274.08,338.88,271.93,480243,14147876609.77,22.90,-6.27,-18.32,21.72