2026-01-05,124.33,122.91,124.42,122.44,7689,94622097.00,1.62,0.65,0.79,3.29
2026-01-06,122.56,124.27,124.27,122.27,8446,104357649.00,1.63,1.11,1.36,3.62
2026-01-07,124.29,123.43,124.52,122.98,6854,84719637.00,1.24,-0.68,-0.84,2.93
2026-01-08,123.43,126.22,126.42,122.74,12684,158659967.00,2.98,2.26,2.79,5.43
2026-01-09,126.02,127.42,129.12,126.02,16813,214541404.00,2.46,0.95,1.20,7.20
2026-01-12,127.92,131.26,132.27,127.92,20993,274386385.00,3.41,3.01,3.84,8.99
2026-01-13,130.43,124.45,130.62,124.44,19208,242833554.00,4.71,-5.19,-6.81,8.22
2026-01-14,124.10,125.05,127.72,123.91,15801,198648726.00,3.06,0.48,0.60,6.76
2026-01-15,124.58,125.97,126.62,123.41,10660,133215014.00,2.57,0.74,0.92,4.56
2026-01-16,125.92,128.39,129.73,125.46,15732,201609849.00,3.39,1.92,2.42,6.74
2026-01-19,127.92,128.38,131.91,127.88,12575,162869753.00,3.14,-0.01,-0.01,5.38
2026-01-20,128.42,127.66,130.92,126.62,11716,150521364.00,3.35,-0.56,-0.72,5.02
2026-01-21,126.53,128.67,129.42,125.50,8552,109829881.00,3.07,0.79,1.01,3.66
2026-01-22,128.56,128.12,129.79,127.93,9680,124650769.00,1.45,-0.43,-0.55,4.14
2026-01-23,128.34,131.14,132.65,127.05,16586,216615619.00,4.37,2.36,3.02,7.10
2026-01-26,130.92,127.07,131.04,125.95,14200,181434927.00,3.88,-3.10,-4.07,6.08
2026-01-27,126.24,126.62,128.20,123.92,10199,128337763.00,3.37,-0.35,-0.45,4.37
2026-01-28,126.27,123.09,127.82,123.00,10920,136335859.00,3.81,-2.79,-3.53,4.68
2026-01-29,122.92,122.02,124.80,121.12,7253,89264487.00,2.99,-0.87,-1.07,3.11
2026-01-30,121.22,121.02,122.34,119.94,6111,73948206.00,1.97,-0.82,-1.00,2.62
2026-02-02,120.92,117.21,122.06,116.93,6839,81718062.00,4.24,-3.15,-3.81,2.93
2026-02-03,118.93,121.13,121.91,118.12,7689,92795394.00,3.23,3.34,3.92,3.29
2026-02-04,120.89,118.93,121.49,117.72,6596,78618533.00,3.11,-1.82,-2.20,2.82
2026-02-05,118.24,118.15,119.50,117.73,3727,44185134.00,1.49,-0.66,-0.78,1.60
2026-02-06,117.82,117.44,118.55,116.58,4383,51595571.00,1.67,-0.60,-0.71,1.88
2026-02-09,119.38,117.64,119.87,117.25,6298,74292717.00,2.23,0.17,0.20,2.70
2026-02-10,117.97,116.92,118.52,116.92,5682,66794799.00,1.36,-0.61,-0.72,2.43
2026-02-11,117.72,117.50,118.27,116.27,3937,46257552.00,1.71,0.50,0.58,1.69
2026-02-12,117.50,116.20,118.42,116.08,5059,58974092.00,1.99,-1.11,-1.30,2.17
2026-02-13,116.35,117.00,117.71,116.03,4756,55786980.00,1.45,0.69,0.80,2.04
2026-02-24,118.15,120.20,120.57,117.12,8520,101737098.00,2.95,2.74,3.20,3.65
2026-02-25,120.20,121.44,122.19,119.73,6478,78636994.00,2.05,1.03,1.24,2.77
2026-02-26,121.82,120.62,122.22,120.32,5909,71477521.00,1.56,-0.68,-0.82,2.53
2026-02-27,120.63,119.41,120.89,118.93,5283,63135679.00,1.62,-1.00,-1.21,2.26
2026-03-02,123.92,123.30,125.92,121.03,20959,259552807.00,4.10,3.26,3.89,8.97
2026-03-03,121.03,122.72,124.90,119.20,16198,198045366.00,4.62,-0.47,-0.58,6.93
2026-03-04,119.91,127.08,128.72,118.92,27750,350103790.00,7.99,3.55,4.36,11.88
2026-03-05,123.92,124.20,126.42,123.92,16152,201290614.00,1.97,-2.27,-2.88,6.91
2026-03-06,124.20,124.41,125.60,124.12,10750,134157807.00,1.19,0.17,0.21,4.60
2026-03-09,125.12,121.70,125.51,121.70,12540,154375406.00,3.06,-2.18,-2.71,5.37
2026-03-10,119.92,121.25,121.52,119.43,10285,123838304.00,1.72,-0.37,-0.45,4.40
2026-03-11,121.02,119.55,121.42,119.06,8212,98430430.00,1.95,-1.40,-1.70,3.52
2026-03-12,119.96,116.85,120.04,116.42,9574,112813138.00,3.03,-2.26,-2.70,4.10
2026-03-13,116.72,115.39,117.50,115.09,6037,70258045.00,2.06,-1.25,-1.46,2.58
2026-03-16,115.42,117.41,118.09,114.94,5228,61048906.00,2.73,1.75,2.02,2.24
2026-03-17,117.54,114.98,117.79,114.92,5915,68652402.00,2.44,-2.07,-2.43,2.53
2026-03-18,114.99,114.72,115.86,113.53,4357,49855982.00,2.03,-0.23,-0.26,1.87
2026-03-19,113.92,113.42,114.87,112.92,5405,61505820.00,1.70,-1.13,-1.30,2.31
2026-03-20,113.92,112.42,113.98,112.40,3836,43307868.00,1.39,-0.88,-1.00,1.64
2026-03-23,113.92,105.92,113.92,104.92,8483,93473502.00,8.01,-5.78,-6.50,3.63
2026-03-24,112.46,109.52,112.52,106.94,6062,66083316.00,5.27,3.40,3.60,2.60
2026-03-25,109.52,115.26,117.52,108.92,11062,126241113.00,7.85,5.24,5.74,4.74
2026-03-26,115.02,113.76,115.82,113.27,6281,71840862.00,2.21,-1.30,-1.50,2.69
2026-03-27,112.75,113.27,115.81,111.78,5874,66988643.00,3.54,-0.43,-0.49,2.51
2026-03-30,113.27,114.65,114.91,112.22,7854,89586631.00,2.37,1.22,1.38,3.36
2026-03-31,114.77,113.35,115.43,112.66,7644,87246653.00,2.42,-1.13,-1.30,3.27
2026-04-01,114.90,115.41,115.54,112.94,7150,81960385.00,2.29,1.82,2.06,3.06
2026-04-02,114.91,113.83,115.41,113.04,5995,68582611.00,2.05,-1.37,-1.58,2.57
2026-04-03,113.83,111.10,114.39,111.03,4124,46212156.00,2.95,-2.40,-2.73,1.77
2026-04-07,113.01,114.02,115.79,110.42,8608,98543202.00,4.83,2.63,2.92,3.69
2026-04-08,115.52,115.00,115.82,114.07,8196,94080286.00,1.53,0.86,0.98,3.51
2026-04-09,115.00,112.47,115.00,111.62,7107,80274839.00,2.94,-2.20,-2.53,3.04
2026-04-10,113.92,115.84,118.60,112.46,13102,152012797.00,5.46,3.00,3.37,5.61
2026-04-13,115.43,115.41,116.43,112.82,7714,88638396.00,3.12,-0.37,-0.43,3.30
2026-04-14,116.21,126.92,126.92,114.44,28327,339531177.00,10.81,9.97,11.51,12.13
2026-04-15,123.92,127.10,129.92,120.12,35752,449588521.00,7.72,0.14,0.18,15.31
2026-04-16,127.13,124.87,127.92,122.73,18061,226018612.00,4.08,-1.75,-2.23,7.73
2026-04-17,123.93,126.44,127.32,123.42,16775,211216682.00,3.12,1.26,1.57,7.18
2026-04-20,127.26,128.18,132.55,124.28,20924,270218492.00,6.54,1.38,1.74,8.96
2026-04-21,128.73,126.89,129.50,125.58,11400,144810548.00,3.06,-1.01,-1.29,4.88
2026-04-22,125.59,127.06,128.40,125.59,8981,114522225.00,2.21,0.13,0.17,3.85
2026-04-23,126.48,126.72,128.81,125.34,9260,117557745.00,2.73,-0.27,-0.34,3.96
2026-04-24,126.03,133.42,136.45,126.03,30517,404312064.00,8.22,5.29,6.70,13.06
2026-04-27,130.92,127.71,131.92,125.77,22317,285596136.00,4.61,-4.28,-5.71,9.55
2026-04-28,127.71,124.13,128.71,123.60,12887,161210565.00,4.00,-2.80,-3.58,5.52
2026-04-29,123.92,128.32,131.33,123.80,14617,187885598.00,6.07,3.38,4.19,6.26
2026-04-30,128.25,130.73,132.52,128.25,10222,133710729.00,3.33,1.88,2.41,4.38
2026-05-06,131.10,132.38,134.72,130.77,11119,147923674.00,3.02,1.26,1.65,4.76
2026-05-07,132.36,133.79,133.79,126.62,22636,294105875.00,5.42,1.07,1.41,9.69
2026-05-08,132.46,136.21,139.92,131.07,24114,331262831.00,6.61,1.81,2.42,10.32
2026-05-11,137.80,133.80,140.65,133.36,21702,293249389.00,5.35,-1.77,-2.41,9.29
2026-05-12,133.10,131.87,134.71,129.71,14223,187328472.00,3.74,-1.44,-1.93,6.09
2026-05-13,131.88,129.97,132.48,127.93,13806,179867891.00,3.45,-1.44,-1.90,5.91
2026-05-14,130.25,129.92,132.92,126.20,16162,208676268.00,5.17,-0.04,-0.05,6.92
2026-05-15,128.89,130.40,132.91,127.04,14295,186729374.00,4.52,0.37,0.48,6.12
2026-05-18,129.96,126.42,130.82,124.92,16643,211207197.00,4.52,-3.05,-3.98,7.13
2026-05-19,125.91,127.55,127.81,124.94,10586,134160852.00,2.27,0.89,1.13,4.53
2026-05-20,126.57,128.70,131.10,126.55,12285,158300833.00,3.57,0.90,1.15,5.26
2026-05-21,128.52,122.22,129.92,121.92,17028,213526166.00,6.22,-5.03,-6.48,7.29
2026-05-22,122.23,123.97,124.84,120.55,8051,99247201.00,3.51,1.43,1.75,3.45
2026-05-25,124.92,124.31,126.10,122.02,9844,122544649.00,3.29,0.27,0.34,4.21
2026-05-26,123.92,118.34,124.21,116.62,13358,159585081.00,6.11,-4.80,-5.97,5.72
2026-05-27,118.34,115.42,120.55,114.12,10731,125136679.00,5.43,-2.47,-2.92,4.59
2026-05-28,114.92,114.13,116.40,112.43,7133,81370948.00,3.44,-1.12,-1.29,3.05
2026-05-29,114.74,108.36,116.34,107.93,10911,121251450.00,7.37,-5.06,-5.77,4.67
2026-06-01,108.00,108.00,109.99,105.45,7549,80972978.00,4.19,-0.33,-0.36,3.23
2026-06-02,108.01,104.24,108.97,104.17,7842,82267359.00,4.44,-3.48,-3.76,3.36
2026-06-03,104.24,107.44,108.85,104.24,10081,107550509.00,4.42,3.07,3.20,4.32
2026-06-04,107.00,103.20,107.00,103.00,9022,93839027.00,3.72,-3.95,-4.24,3.86
2026-06-05,102.62,101.72,103.80,100.37,6192,62922218.00,3.32,-1.43,-1.48,2.65
2026-06-08,97.50,97.10,100.80,95.80,7801,76478223.00,4.92,-4.54,-4.62,3.34
2026-06-09,100.66,107.81,109.90,98.40,15985,166635667.00,11.84,11.03,10.71,6.84
2026-06-10,107.00,108.28,111.08,105.00,12539,135463532.00,5.64,0.44,0.47,5.37
2026-06-11,115.00,123.10,129.39,113.40,31609,375864730.00,14.77,13.69,14.82,13.53
2026-06-12,119.10,113.83,122.00,111.00,24345,281094858.00,8.94,-7.53,-9.27,10.42
2026-06-15,109.96,111.62,113.00,108.08,13717,152435890.00,4.32,-1.94,-2.21,5.87
2026-06-16,111.46,109.18,111.61,107.42,12808,139195666.00,3.75,-2.19,-2.44,5.48
2026-06-17,108.43,105.50,108.53,105.15,11475,121530229.00,3.10,-3.37,-3.68,4.91
2026-06-18,104.61,104.24,106.50,102.80,8389,87543958.00,3.51,-1.19,-1.26,3.59
2026-06-22,104.12,104.10,105.81,102.00,8880,92482656.00,3.66,-0.13,-0.14,3.80
2026-06-23,104.20,108.10,110.88,103.68,13813,148720836.00,6.92,3.84,4.00,5.91
2026-06-24,107.00,125.50,128.09,106.68,38783,462126251.00,19.81,16.10,17.40,16.60
2026-06-25,122.76,126.00,130.82,121.02,34659,442173064.00,7.81,0.40,0.50,14.84
2026-06-26,125.29,120.35,128.00,116.00,27363,329301832.00,9.52,-4.48,-5.65,11.71
2026-06-29,122.65,120.70,123.71,116.81,19966,241240446.00,5.73,0.29,0.35,8.55
2026-06-30,120.81,132.35,138.74,120.70,40550,534053365.00,14.95,9.65,11.65,17.36
2026-07-01,132.03,145.56,147.80,129.60,42305,588558423.00,13.75,9.98,13.21,18.11
2026-07-02,140.02,137.90,146.29,137.90,25117,354038288.00,5.76,-5.26,-7.66,10.75
2026-07-03,137.75,130.68,140.30,130.00,24286,323645846.00,7.47,-5.24,-7.22,10.40
2026-07-06,132.49,129.60,138.08,128.87,21244,281527354.00,7.05,-0.83,-1.08,9.09
2026-07-07,129.61,126.72,130.34,122.18,19298,244029699.00,6.30,-2.22,-2.88,8.26
2026-07-08,125.09,128.95,133.53,125.09,18486,239017353.00,6.66,1.76,2.23,7.91
2026-07-09,128.58,130.19,131.30,127.50,16657,215562632.00,2.95,0.96,1.24,7.13
2026-07-10,130.00,124.80,132.87,124.65,22149,283936856.00,6.31,-4.14,-5.39,9.48
2026-07-13,123.46,114.25,125.02,113.65,19678,232112882.00,9.11,-8.45,-10.55,8.42
2026-07-14,115.36,109.64,115.67,107.10,19757,216403942.00,7.50,-4.04,-4.61,8.46
2026-07-15,109.55,106.71,109.59,105.15,11558,123477004.00,4.05,-2.67,-2.93,4.95
2026-07-16,105.54,105.63,109.38,104.56,13711,145823990.00,4.52,-1.01,-1.08,5.87
2026-07-17,105.00,97.83,106.00,96.88,18236,183918067.00,8.63,-7.38,-7.80,7.81
2026-07-20,100.00,92.72,100.00,90.38,18470,175293540.00,9.83,-5.22,-5.11,7.91
2026-07-21,92.73,95.38,95.49,87.71,16547,152620338.00,8.39,2.87,2.66,7.08
2026-07-22,94.03,90.71,95.28,90.49,14049,129670945.00,5.02,-4.90,-4.67,6.01
2026-07-23,91.80,96.40,97.55,90.00,21057,197742441.00,8.32,6.27,5.69,9.01
2026-07-24,94.67,93.10,98.76,93.10,13063,124820569.00,5.87,-3.42,-3.30,5.59
2026-07-27,92.00,96.00,96.18,90.51,12896,120790170.00,6.09,3.11,2.90,5.52
2026-07-28,95.00,93.41,98.54,92.87,14765,140776029.00,5.91,-2.70,-2.59,6.32
2026-07-29,93.51,93.50,95.02,90.20,12977,120519999.00,5.16,0.10,0.09,5.56
2026-07-30,93.49,88.02,93.98,87.61,16580,149131955.00,6.81,-5.86,-5.48,7.10
2026-07-31,90.09,92.61,95.17,90.00,16480,153505657.00,5.87,5.21,4.59,7.06
2026-08-03,92.23,93.48,93.80,91.50,8554,79455881.00,2.48,0.94,0.87,3.66
2026-08-04,93.48,98.50,99.40,92.74,16369,158457691.00,7.12,5.37,5.02,7.01
2026-08-05,98.49,100.05,102.88,97.29,13385,134837470.00,5.68,1.57,1.55,5.73