2026-01-05,3.78,3.78,3.82,3.70,538622,203081348.00,3.15,-0.79,-0.03,2.09
2026-01-06,3.78,3.79,3.83,3.76,440945,168272373.00,1.85,0.26,0.01,1.71
2026-01-07,3.79,3.84,3.87,3.76,601705,230904519.00,2.90,1.32,0.05,2.34
2026-01-08,3.85,3.95,3.98,3.85,649687,256894671.00,3.39,2.86,0.11,2.52
2026-01-09,3.96,4.08,4.16,3.94,911852,372932843.00,5.57,3.29,0.13,3.54
2026-01-12,4.08,4.16,4.19,4.06,817560,340073389.00,3.19,1.96,0.08,3.18
2026-01-13,4.16,4.17,4.30,4.06,860680,363098921.00,5.77,0.24,0.01,3.34
2026-01-14,4.16,4.10,4.29,4.06,794625,333837246.00,5.52,-1.68,-0.07,3.09
2026-01-15,4.09,4.06,4.11,3.98,643491,261661423.00,3.17,-0.98,-0.04,2.50
2026-01-16,4.09,4.02,4.10,3.96,518670,208946171.00,3.45,-0.99,-0.04,2.02
2026-01-19,4.02,4.07,4.14,3.99,553664,226742527.00,3.73,1.24,0.05,2.15
2026-01-20,4.08,4.00,4.11,3.95,453352,182402576.00,3.93,-1.72,-0.07,1.76
2026-01-21,3.98,3.98,4.00,3.92,279712,111692933.00,2.00,-0.50,-0.02,1.09
2026-01-22,3.98,4.00,4.03,3.97,321545,129323081.00,1.51,0.50,0.02,1.25
2026-01-23,4.00,4.05,4.08,3.99,463978,188620071.00,2.25,1.25,0.05,1.80
2026-01-26,4.08,3.87,4.09,3.84,744150,291642141.00,6.17,-4.44,-0.18,2.89
2026-01-27,3.88,3.86,3.89,3.74,549089,210073155.00,3.88,-0.26,-0.01,2.13
2026-01-28,3.85,3.79,3.88,3.78,353600,135396589.00,2.59,-1.81,-0.07,1.37
2026-01-29,3.77,3.74,3.82,3.72,378032,143093103.00,2.64,-1.32,-0.05,1.47
2026-01-30,3.74,3.68,3.77,3.62,627955,231857157.00,4.01,-1.60,-0.06,2.44
2026-02-02,3.65,3.72,3.84,3.63,641835,242833202.00,5.71,1.09,0.04,2.49
2026-02-03,3.74,3.93,3.98,3.70,929486,360839747.00,7.53,5.65,0.21,3.61
2026-02-04,3.93,3.98,4.01,3.87,612337,243976054.00,3.56,1.27,0.05,2.38
2026-02-05,3.98,3.86,4.00,3.85,507612,198906800.00,3.77,-3.02,-0.12,1.97
2026-02-06,3.84,3.94,4.00,3.79,588980,231834319.00,5.44,2.07,0.08,2.29
2026-02-09,4.02,4.34,4.34,4.00,2359962,1016872315.00,8.63,10.15,0.40,9.17
2026-02-10,4.38,4.30,4.41,4.28,1808018,790842595.00,3.00,-0.92,-0.04,7.03
2026-02-11,4.33,4.29,4.41,4.24,1009437,436581721.00,3.95,-0.23,-0.01,3.92
2026-02-12,4.28,4.31,4.40,4.22,726863,314618037.00,4.20,0.47,0.02,2.82
2026-02-13,4.32,4.12,4.33,4.10,770864,322667861.00,5.34,-4.41,-0.19,3.00
2026-02-24,4.17,4.14,4.24,4.13,419524,175692046.00,2.67,0.49,0.02,1.63
2026-02-25,4.13,4.18,4.29,4.12,704347,297965678.00,4.11,0.97,0.04,2.74
2026-02-26,4.16,4.22,4.25,4.14,564695,238213582.00,2.63,0.96,0.04,2.19
2026-02-27,4.23,4.22,4.25,4.17,449300,190122103.00,1.90,0.00,0.00,1.75
2026-03-02,4.18,4.23,4.25,4.06,727637,304089398.00,4.50,0.24,0.01,2.83
2026-03-03,4.20,4.14,4.31,4.11,1009286,425621886.00,4.73,-2.13,-0.09,3.92
2026-03-04,4.06,3.98,4.08,3.95,881293,354738588.00,3.14,-3.86,-0.16,3.42
2026-03-05,4.02,4.08,4.12,3.95,622958,252806854.00,4.27,2.51,0.10,2.42
2026-03-06,4.05,4.08,4.09,3.95,442964,178780661.00,3.43,0.00,0.00,1.72
2026-03-09,4.06,3.92,4.10,3.87,652213,258560272.00,5.64,-3.92,-0.16,2.53
2026-03-10,3.94,4.00,4.09,3.93,565616,229403128.00,4.08,2.04,0.08,2.20
2026-03-11,4.00,4.00,4.04,3.95,395227,158237465.00,2.25,0.00,0.00,1.54
2026-03-12,3.99,3.97,4.03,3.93,423803,169194590.00,2.50,-0.75,-0.03,1.65
2026-03-13,3.95,3.91,4.09,3.90,640124,256676238.00,4.79,-1.51,-0.06,2.49
2026-03-16,3.90,4.30,4.30,3.90,1317763,553229741.00,10.23,9.97,0.39,5.12
2026-03-17,4.27,4.27,4.39,4.20,1585768,687795092.00,4.42,-0.70,-0.03,6.16
2026-03-18,4.30,4.15,4.31,4.11,884916,369411352.00,4.68,-2.81,-0.12,3.44
2026-03-19,4.12,4.00,4.13,3.99,711774,288818455.00,3.37,-3.61,-0.15,2.77
2026-03-20,4.03,3.86,4.10,3.86,758148,301492701.00,6.00,-3.50,-0.14,2.95
2026-03-23,3.90,3.59,3.95,3.55,918821,344806780.00,10.36,-6.99,-0.27,3.57
2026-03-24,3.67,3.85,3.88,3.62,869778,328593855.00,7.24,7.24,0.26,3.38
2026-03-25,3.86,3.87,3.97,3.81,587415,230019247.00,4.16,0.52,0.02,2.28
2026-03-26,3.87,3.87,3.94,3.81,442331,172047345.00,3.36,0.00,0.00,1.72
2026-03-27,3.84,3.91,3.92,3.82,345620,135029566.00,2.58,1.03,0.04,1.34
2026-03-30,3.84,3.90,3.91,3.76,394751,152453324.00,3.84,-0.26,-0.01,1.53
2026-03-31,3.89,3.93,3.96,3.85,450170,177112334.00,2.82,0.77,0.03,1.75
2026-04-01,4.00,4.03,4.08,3.96,559923,226060082.00,3.05,2.54,0.10,2.18
2026-04-02,4.00,3.97,4.08,3.92,437865,175866923.00,3.97,-1.49,-0.06,1.70
2026-04-03,3.97,3.81,3.99,3.81,424182,164582103.00,4.53,-4.03,-0.16,1.65
2026-04-07,3.82,3.85,3.89,3.77,259893,100434907.00,3.15,1.05,0.04,1.01
2026-04-08,3.94,3.93,3.99,3.87,523029,206146352.00,3.12,2.08,0.08,2.03
2026-04-09,3.92,3.83,3.95,3.82,407126,157999759.00,3.31,-2.54,-0.10,1.58
2026-04-10,3.86,3.73,3.86,3.72,545858,207137701.00,3.66,-2.61,-0.10,2.12
2026-04-13,3.73,3.65,3.74,3.61,458645,167936895.00,3.49,-2.14,-0.08,1.78
2026-04-14,3.67,3.65,3.69,3.59,378892,138160577.00,2.74,0.00,0.00,1.47
2026-04-15,3.68,3.74,3.78,3.62,480434,178842112.00,4.38,2.47,0.09,1.87
2026-04-16,3.74,3.77,3.78,3.68,316219,118627217.00,2.67,0.80,0.03,1.23
2026-04-17,3.75,3.82,3.85,3.66,575133,217429556.00,5.04,1.33,0.05,2.24
2026-04-20,3.81,3.86,3.91,3.77,381939,147659149.00,3.66,1.05,0.04,1.48
2026-04-21,3.86,3.78,3.89,3.75,334961,127868140.00,3.63,-2.07,-0.08,1.30
2026-04-22,3.78,3.75,3.81,3.74,307690,116468067.00,1.85,-0.79,-0.03,1.20
2026-04-23,3.76,3.65,3.76,3.63,406415,149591197.00,3.47,-2.67,-0.10,1.58
2026-04-24,3.66,3.65,3.67,3.57,315118,114803352.00,2.74,0.00,0.00,1.22
2026-04-27,3.67,3.66,3.70,3.63,282707,104164321.00,1.92,0.27,0.01,1.10
2026-04-28,3.66,3.72,3.78,3.64,393348,147053376.00,3.83,1.64,0.06,1.53
2026-04-29,3.70,3.76,3.82,3.70,381862,144605175.00,3.23,1.08,0.04,1.48
2026-04-30,3.74,3.66,3.78,3.64,494987,183584949.00,3.72,-2.66,-0.10,1.92
2026-05-06,3.68,3.64,3.70,3.62,445593,164143066.00,2.19,-0.55,-0.02,1.73
2026-05-07,3.66,3.74,3.79,3.64,566151,210222108.00,4.12,2.75,0.10,2.20
2026-05-08,3.74,3.96,4.01,3.71,984716,383760367.00,8.02,5.88,0.22,3.83
2026-05-11,3.96,3.88,3.99,3.86,656517,258243661.00,3.28,-2.02,-0.08,2.55
2026-05-12,3.88,3.78,3.89,3.75,497943,190532185.00,3.61,-2.58,-0.10,1.94
2026-05-13,3.77,3.86,3.92,3.73,662986,255919062.00,5.03,2.12,0.08,2.58
2026-05-14,3.85,3.74,3.85,3.74,443273,168676697.00,2.85,-3.11,-0.12,1.72
2026-05-15,3.74,3.61,3.76,3.57,687959,251146714.00,5.08,-3.48,-0.13,2.67
2026-05-18,3.62,3.68,3.70,3.61,382776,140511324.00,2.49,1.94,0.07,1.49
2026-05-19,3.68,3.69,3.74,3.60,393216,144667850.00,3.80,0.27,0.01,1.53
2026-05-20,3.66,3.67,3.73,3.63,385104,142299444.00,2.71,-0.54,-0.02,1.50
2026-05-21,3.68,3.52,3.71,3.51,520130,188278067.00,5.45,-4.09,-0.15,2.02
2026-05-22,3.53,3.43,3.55,3.40,458982,158545789.00,4.26,-2.56,-0.09,1.78
2026-05-25,3.43,3.42,3.49,3.38,500611,173182956.00,3.21,-0.29,-0.01,1.95
2026-05-26,3.40,3.39,3.46,3.28,531954,180105825.00,5.26,-0.88,-0.03,2.07
2026-05-27,3.40,3.35,3.41,3.33,315723,106842222.00,2.36,-1.18,-0.04,1.23
2026-05-28,3.35,3.31,3.36,3.24,345681,114584487.00,3.58,-1.19,-0.04,1.34
2026-05-29,3.31,3.29,3.50,3.27,557785,188561156.00,6.95,-0.60,-0.02,2.17
2026-06-01,3.29,3.32,3.34,3.28,253621,84646636.00,1.82,0.91,0.03,0.99
2026-06-02,3.33,3.24,3.33,3.19,358426,116789657.00,4.22,-2.41,-0.08,1.39
2026-06-03,3.23,3.20,3.23,3.14,388444,124620973.00,2.78,-1.23,-0.04,1.51
2026-06-04,3.18,3.21,3.28,3.15,367332,119468668.00,4.06,0.31,0.01,1.43
2026-06-05,3.21,3.25,3.31,3.19,405996,133135463.00,3.74,1.25,0.04,1.58
2026-06-08,3.25,3.03,3.25,2.99,517051,161211417.00,8.00,-6.77,-0.22,2.01
2026-06-09,3.04,3.02,3.06,2.97,275899,83599880.00,2.97,-0.33,-0.01,1.07
2026-06-10,3.02,2.97,3.04,2.91,403232,120633236.00,4.30,-1.66,-0.05,1.57
2026-06-11,2.96,2.95,3.04,2.92,261532,78276164.00,4.04,-0.67,-0.02,1.02
2026-06-12,2.97,3.13,3.17,2.96,574281,178520794.00,7.12,6.10,0.18,2.23
2026-06-15,3.17,3.23,3.30,3.16,528443,171906177.00,4.47,3.19,0.10,2.05
2026-06-16,3.29,3.17,3.30,3.14,515339,165961529.00,4.95,-1.86,-0.06,2.00
2026-06-17,3.15,3.14,3.16,3.11,252204,79516504.00,1.58,-0.95,-0.03,0.98
2026-06-18,3.10,3.08,3.12,3.04,267796,82834022.00,2.55,-1.91,-0.06,1.04
2026-06-22,3.10,3.15,3.15,3.03,327022,101267477.00,3.90,2.27,0.07,1.27
2026-06-23,3.14,3.09,3.19,3.07,277962,87166558.00,3.81,-1.90,-0.06,1.08
2026-06-24,3.11,3.04,3.11,2.98,277287,84020311.00,4.21,-1.62,-0.05,1.08
2026-06-25,3.02,3.07,3.18,3.00,365743,113571413.00,5.92,0.99,0.03,1.42
2026-06-26,3.06,2.91,3.06,2.89,413309,121689749.00,5.54,-5.21,-0.16,1.61