2026-01-05,4.81,4.75,4.82,4.75,242307,129356958.40,1.46,-1.04,-0.05,0.71
2026-01-06,4.75,4.79,4.79,4.74,192095,102820448.70,1.05,0.84,0.04,0.56
2026-01-07,4.81,4.91,4.91,4.78,416376,226753036.47,2.71,2.51,0.12,1.21
2026-01-08,4.93,4.88,4.95,4.87,282651,155249966.82,1.63,-0.61,-0.03,0.82
2026-01-09,4.88,4.91,4.92,4.85,233817,128349232.36,1.43,0.61,0.03,0.68
2026-01-12,4.92,4.91,4.93,4.88,224154,122966460.86,1.02,0.00,0.00,0.65
2026-01-13,4.92,4.89,4.92,4.87,195482,107101698.26,1.02,-0.41,-0.02,0.57
2026-01-14,4.86,4.85,4.90,4.83,206623,112885115.50,1.43,-0.82,-0.04,0.60
2026-01-15,4.85,4.81,4.85,4.80,173941,93948567.32,1.03,-0.82,-0.04,0.51
2026-01-16,4.81,4.75,4.82,4.75,169513,90724625.72,1.46,-1.25,-0.06,0.49
2026-01-19,4.74,4.82,4.83,4.74,164493,88600174.80,1.89,1.47,0.07,0.48
2026-01-20,4.83,4.88,4.89,4.82,227272,123740703.87,1.45,1.24,0.06,0.66
2026-01-21,4.87,4.86,4.87,4.83,130154,70750263.99,0.82,-0.41,-0.02,0.38
2026-01-22,4.85,4.92,4.92,4.84,232732,127468909.25,1.65,1.23,0.06,0.68
2026-01-23,4.93,4.92,4.93,4.88,157205,86321554.80,1.02,0.00,0.00,0.46
2026-01-26,4.92,4.96,4.97,4.89,264320,146107781.36,1.63,0.81,0.04,0.77
2026-01-27,4.96,4.86,4.96,4.83,224234,122408923.77,2.62,-2.02,-0.10,0.65
2026-01-28,4.85,5.04,5.04,4.85,400150,222803190.68,3.91,3.70,0.18,1.17
2026-01-29,5.04,5.03,5.10,4.98,342399,192679493.88,2.38,-0.20,-0.01,1.00
2026-01-30,5.05,5.00,5.16,4.97,397258,224470234.70,3.78,-0.60,-0.03,1.16
2026-02-02,4.95,4.77,4.96,4.75,441752,239727285.50,4.20,-4.60,-0.23,1.29
2026-02-03,4.80,4.78,4.83,4.75,189403,101478270.50,1.68,0.21,0.01,0.55
2026-02-04,4.80,5.06,5.07,4.78,676352,377138526.21,6.07,5.86,0.28,1.97
2026-02-05,5.00,4.95,5.00,4.88,400730,221515968.00,2.37,-2.17,-0.11,1.17
2026-02-06,4.91,4.91,4.95,4.86,233117,128382188.08,1.82,-0.81,-0.04,0.68
2026-02-09,4.93,4.92,4.95,4.90,195190,107530566.63,1.02,0.20,0.01,0.57
2026-02-10,4.92,4.93,4.95,4.85,213924,117848035.78,2.03,0.20,0.01,0.62
2026-02-11,4.93,5.00,5.03,4.90,295420,164895534.99,2.64,1.42,0.07,0.86
2026-02-12,5.02,5.00,5.05,4.96,198974,111560931.24,1.80,0.00,0.00,0.58
2026-02-13,4.98,4.93,5.01,4.92,198409,110120125.88,1.80,-1.40,-0.07,0.58
2026-02-24,4.97,5.05,5.07,4.96,303061,171127942.36,2.23,2.43,0.12,0.88
2026-02-25,5.07,5.09,5.15,5.04,322458,184375797.14,2.18,0.79,0.04,0.94
2026-02-26,5.09,5.05,5.15,5.02,230482,130552583.09,2.55,-0.79,-0.04,0.67
2026-02-27,5.05,5.15,5.15,5.03,280569,160553978.40,2.38,1.98,0.10,0.82
2026-03-02,5.23,5.21,5.25,5.12,441923,256615841.57,2.52,1.17,0.06,1.29
2026-03-03,5.23,5.32,5.41,5.19,858086,509092451.59,4.22,2.11,0.11,2.50
2026-03-04,5.25,5.27,5.33,5.11,509084,297105723.86,4.14,-0.94,-0.05,1.48
2026-03-05,5.25,5.19,5.25,5.09,398289,230274841.20,3.04,-1.52,-0.08,1.16
2026-03-06,5.15,5.15,5.17,5.07,308896,176975038.40,1.93,-0.77,-0.04,0.90
2026-03-09,5.38,5.25,5.41,5.23,705079,419551006.50,3.50,1.94,0.10,2.05
2026-03-10,5.10,5.12,5.21,5.10,458819,263649594.17,2.10,-2.48,-0.13,1.34
2026-03-11,5.11,5.19,5.21,5.02,429188,246295399.98,3.71,1.37,0.07,1.25
2026-03-12,5.25,5.37,5.46,5.19,819076,489646509.32,5.20,3.47,0.18,2.39
2026-03-13,5.38,5.33,5.43,5.32,462926,278139955.64,2.05,-0.74,-0.04,1.35
2026-03-16,5.34,5.24,5.39,5.22,402416,237616260.11,3.19,-1.69,-0.09,1.17
2026-03-17,5.23,5.19,5.28,5.17,295990,172745419.63,2.10,-0.95,-0.05,0.86
2026-03-18,5.18,5.15,5.25,5.10,307348,177632117.90,2.89,-0.77,-0.04,0.90
2026-03-19,5.19,5.22,5.25,5.15,312612,182222354.00,1.94,1.36,0.07,0.91
2026-03-20,5.18,5.14,5.25,5.09,355934,205581012.01,3.07,-1.53,-0.08,1.04
2026-03-23,5.20,5.16,5.28,5.14,555681,324734592.09,2.72,0.39,0.02,1.62
2026-03-24,5.09,5.23,5.25,5.05,390250,225652239.38,3.88,1.36,0.07,1.14
2026-03-25,5.18,5.25,5.30,5.05,413411,239924822.89,4.78,0.38,0.02,1.20
2026-03-26,5.25,5.28,5.29,5.18,348549,204565248.30,2.10,0.57,0.03,1.02
2026-03-27,5.25,5.27,5.32,5.22,279268,164725489.55,1.89,-0.19,-0.01,0.81
2026-03-30,5.28,5.29,5.38,5.24,349219,207012900.18,2.66,0.38,0.02,1.02
2026-03-31,5.27,5.13,5.30,5.11,344414,199699923.45,3.59,-3.02,-0.16,1.00
2026-04-01,5.14,5.10,5.16,5.07,225420,129245959.50,1.75,-0.58,-0.03,0.66
2026-04-02,5.10,5.05,5.15,5.02,269573,153319660.10,2.55,-0.98,-0.05,0.79
2026-04-03,5.05,4.90,5.05,4.87,245619,135499433.24,3.56,-2.97,-0.15,0.72
2026-04-07,4.91,4.98,4.98,4.83,221345,121883063.14,3.06,1.63,0.08,0.64
2026-04-08,4.91,4.96,4.96,4.88,265991,147181049.55,1.61,-0.40,-0.02,0.77
2026-04-09,4.95,4.90,4.98,4.89,175971,97026492.60,1.81,-1.21,-0.06,0.51
2026-04-10,4.93,4.95,4.98,4.90,174525,96736806.12,1.63,1.02,0.05,0.51
2026-04-13,4.95,4.97,5.03,4.93,175003,97607910.79,2.02,0.40,0.02,0.51
2026-04-14,4.98,4.97,4.99,4.93,147255,81653904.62,1.21,0.00,0.00,0.43
2026-04-15,4.95,4.94,4.96,4.91,119981,66302045.92,1.01,-0.60,-0.03,0.35
2026-04-16,4.93,4.95,4.96,4.93,136757,75817556.40,0.61,0.20,0.01,0.40
2026-04-17,4.95,4.94,4.96,4.93,108743,60177396.40,0.61,-0.20,-0.01,0.32
2026-04-20,4.92,4.87,4.94,4.86,193457,105881569.46,1.62,-1.42,-0.07,0.56
2026-04-21,4.87,4.95,4.95,4.86,183016,100879577.95,1.85,1.64,0.08,0.53
2026-04-22,4.95,4.97,5.00,4.93,167381,93251701.25,1.41,0.40,0.02,0.49
2026-04-23,4.96,5.07,5.09,4.95,297893,167999370.01,2.82,2.01,0.10,0.87
2026-04-24,5.07,5.05,5.10,5.02,197839,111977067.80,1.58,-0.39,-0.02,0.58
2026-04-27,5.03,5.05,5.08,5.00,158140,89568410.49,1.58,0.00,0.00,0.46
2026-04-28,5.05,5.15,5.17,5.05,249356,142906316.17,2.38,1.98,0.10,0.73
2026-04-29,5.10,5.08,5.12,5.01,288792,163997265.70,2.14,-1.36,-0.07,0.84
2026-04-30,5.07,5.02,5.08,4.97,277507,155949712.39,2.17,-1.18,-0.06,0.81
2026-05-06,5.02,5.08,5.09,4.97,273033,153986646.96,2.39,1.20,0.06,0.80
2026-05-07,5.07,5.05,5.14,4.95,359242,202261778.80,3.74,-0.59,-0.03,1.05
2026-05-08,5.05,5.19,5.27,5.02,634415,367026982.76,4.95,2.77,0.14,1.85
2026-05-11,5.11,5.05,5.16,5.04,444207,253211486.08,2.31,-2.70,-0.14,1.29
2026-05-12,5.06,4.92,5.07,4.91,427471,237549830.65,3.17,-2.57,-0.13,1.25
2026-05-13,4.95,4.94,4.99,4.92,257927,142615085.91,1.42,0.41,0.02,0.75
2026-05-14,4.93,4.88,4.94,4.86,232049,126955321.37,1.62,-1.21,-0.06,0.68
2026-05-15,4.88,4.85,4.89,4.83,198473,107815644.16,1.23,-0.61,-0.03,0.58
2026-05-18,4.84,4.87,4.89,4.79,158026,85553325.28,2.06,0.41,0.02,0.46
2026-05-19,4.85,4.87,4.89,4.85,95986,52388974.84,0.82,0.00,0.00,0.28
2026-05-20,4.88,4.85,4.89,4.84,87956,47852748.04,1.03,-0.41,-0.02,0.26
2026-05-21,4.84,4.80,4.86,4.79,111764,60393393.64,1.44,-1.03,-0.05,0.33
2026-05-22,4.80,4.79,4.83,4.75,108129,57957923.21,1.67,-0.21,-0.01,0.31
2026-05-25,4.88,4.93,5.03,4.87,288702,159382302.53,3.34,2.92,0.14,0.84
2026-05-26,4.86,4.86,4.90,4.82,148975,80964438.99,1.62,-1.42,-0.07,0.43
2026-05-27,4.83,4.76,4.85,4.74,182667,97894157.50,2.26,-2.06,-0.10,0.53
2026-05-28,4.76,4.82,4.86,4.75,151734,81872516.56,2.31,1.26,0.06,0.44
2026-05-29,4.84,4.85,4.94,4.79,279619,152872309.38,3.11,0.62,0.03,0.81
2026-06-01,4.87,5.05,5.05,4.81,569337,317361852.24,4.95,4.12,0.20,1.66
2026-06-02,5.03,4.99,5.09,4.98,400875,225793343.09,2.18,-1.19,-0.06,1.17
2026-06-03,4.96,5.07,5.12,4.90,474225,266124835.22,4.41,1.60,0.08,1.38
2026-06-04,5.06,5.19,5.25,5.05,610089,352514416.03,3.94,2.37,0.12,1.78
2026-06-05,5.15,5.23,5.29,5.13,439548,257294213.88,3.08,0.77,0.04,1.28
2026-06-08,5.19,5.09,5.23,5.05,338733,194057316.26,3.44,-2.68,-0.14,0.99
2026-06-09,5.03,4.93,5.07,4.84,307824,169829432.00,4.52,-3.14,-0.16,0.90
2026-06-10,4.87,4.68,4.89,4.66,473298,250497767.00,4.67,-5.07,-0.25,1.38
2026-06-11,4.68,4.80,4.85,4.67,310057,165713199.48,3.85,2.56,0.12,0.90
2026-06-12,4.80,4.98,4.98,4.75,341137,187320405.46,4.79,3.75,0.18,0.99
2026-06-15,4.95,4.85,4.96,4.80,340596,186127601.79,3.21,-2.61,-0.13,0.99
2026-06-16,4.82,4.68,4.85,4.66,375206,198033512.60,3.92,-3.51,-0.17,1.09
2026-06-17,4.73,4.63,4.73,4.60,214454,99150554.07,2.78,-1.07,-0.05,0.57
2026-06-18,4.61,4.47,4.61,4.38,299389,132976072.28,4.97,-3.46,-0.16,0.79
2026-06-22,4.44,4.48,4.54,4.34,235375,104572848.00,4.47,0.22,0.01,0.62
2026-06-23,4.44,4.41,4.52,4.40,225839,100326293.71,2.68,-1.56,-0.07,0.60
2026-06-24,4.41,4.23,4.44,4.21,233488,99967648.76,5.22,-4.08,-0.18,0.62
2026-06-25,4.20,4.06,4.21,4.04,278019,113716420.24,4.02,-4.02,-0.17,0.74
2026-06-26,4.04,3.89,4.06,3.87,275939,108996393.28,4.68,-4.19,-0.17,0.73
2026-06-29,3.89,4.01,4.04,3.81,223715,88192835.59,5.91,3.08,0.12,0.59
2026-06-30,4.00,3.98,4.02,3.93,143498,56936629.20,2.24,-0.75,-0.03,0.38
2026-07-01,3.97,4.07,4.11,3.94,198006,80192825.55,4.27,2.26,0.09,0.52
2026-07-02,4.09,4.17,4.19,4.07,206281,85265320.50,2.95,2.46,0.10,0.55
2026-07-03,4.18,4.27,4.32,4.17,183468,78169672.24,3.60,2.40,0.10,0.49
2026-07-06,4.29,4.43,4.46,4.22,289481,127061456.66,5.62,3.75,0.16,0.77
2026-07-07,4.43,4.25,4.44,4.22,204231,87429184.48,4.97,-4.06,-0.18,0.54
2026-07-08,4.22,4.28,4.34,4.22,159061,68073757.45,2.82,0.71,0.03,0.42
2026-07-09,4.26,4.21,4.29,4.19,127938,54139644.60,2.34,-1.64,-0.07,0.34
2026-07-10,4.18,4.24,4.26,4.13,158533,66774818.12,3.09,0.71,0.03,0.42
2026-07-13,4.25,4.32,4.34,4.22,137846,59184947.75,2.83,1.89,0.08,0.36
2026-07-14,4.31,4.42,4.45,4.29,193423,84646253.33,3.70,2.31,0.10,0.51
2026-07-15,4.41,4.49,4.52,4.37,176351,78924003.80,3.39,1.58,0.07,0.47
2026-07-16,4.49,4.50,4.54,4.43,195221,87652075.96,2.45,0.22,0.01,0.52
2026-07-17,4.50,4.49,4.59,4.47,289928,131911736.33,2.67,-0.22,-0.01,0.77
2026-07-20,4.46,4.62,4.65,4.46,310851,142931413.67,4.23,2.90,0.13,0.82
2026-07-21,4.60,4.67,4.74,4.55,355747,166329741.22,4.11,1.08,0.05,0.94
2026-07-22,4.68,4.72,4.75,4.61,284939,133300710.60,3.00,1.07,0.05,0.75
2026-07-23,4.72,4.87,4.88,4.69,315888,152526844.59,4.03,3.18,0.15,0.84
2026-07-24,4.89,4.80,4.98,4.77,342709,167408709.18,4.31,-1.44,-0.07,0.91
2026-07-27,4.76,4.76,4.80,4.71,232568,110544121.14,1.88,-0.83,-0.04,0.62
2026-07-28,4.75,4.64,4.75,4.56,262446,121146742.08,3.99,-2.52,-0.12,0.69
2026-07-29,4.64,4.78,4.80,4.63,254374,120825857.19,3.66,3.02,0.14,0.67
2026-07-30,4.79,4.75,4.83,4.72,184858,88331114.10,2.30,-0.63,-0.03,0.49
2026-07-31,4.72,4.74,4.75,4.65,221415,103955352.98,2.11,-0.21,-0.01,0.59