2026-01-05,17.01,17.31,17.66,16.96,865897,1517845732.00,4.14,2.37,0.40,2.16
2026-01-06,17.24,17.32,17.68,17.14,623518,1093897081.00,3.12,0.06,0.01,1.56
2026-01-07,17.42,17.36,17.63,17.20,561747,988446682.00,2.48,0.23,0.04,1.40
2026-01-08,17.27,17.36,17.68,17.16,413441,725324874.00,3.00,0.00,0.00,1.03
2026-01-09,17.32,17.52,17.86,17.16,531853,944032140.00,4.03,0.92,0.16,1.33
2026-01-12,17.66,17.63,17.97,17.43,569055,1017606189.00,3.08,0.63,0.11,1.42
2026-01-13,17.63,17.47,17.80,17.32,378537,670773929.00,2.72,-0.91,-0.16,0.95
2026-01-14,17.44,17.37,17.68,17.21,485284,854527115.00,2.69,-0.57,-0.10,1.21
2026-01-15,17.37,18.14,18.32,17.35,749317,1362769834.00,5.58,4.43,0.77,1.87
2026-01-16,18.16,18.59,18.89,18.16,763112,1438480640.00,4.02,2.48,0.45,1.91
2026-01-19,18.69,18.87,18.95,18.30,554830,1046408453.00,3.50,1.51,0.28,1.39
2026-01-20,19.01,18.90,19.31,18.51,513153,976635370.00,4.24,0.16,0.03,1.28
2026-01-21,18.89,20.25,20.59,18.79,1015447,2031174809.00,9.52,7.14,1.35,2.54
2026-01-22,20.71,21.07,21.39,20.37,1251032,2639669138.00,5.04,4.05,0.82,3.13
2026-01-23,20.85,20.57,21.34,20.39,974790,2036569594.00,4.51,-2.37,-0.50,2.44
2026-01-26,20.57,20.45,21.18,20.28,704949,1470856040.00,4.38,-0.58,-0.12,1.76
2026-01-27,20.33,20.32,20.59,20.14,487724,1001226817.00,2.20,-0.64,-0.13,1.22
2026-01-28,20.45,21.61,21.95,20.34,1055990,2275741722.00,7.92,6.35,1.29,2.64
2026-01-29,21.62,21.11,21.92,20.66,816162,1742809062.00,5.83,-2.31,-0.50,2.04
2026-01-30,20.68,21.18,21.39,20.32,637170,1341957970.00,5.07,0.33,0.07,1.59
2026-02-02,20.95,19.96,21.00,19.81,1008349,2068383907.00,5.62,-5.76,-1.22,2.52
2026-02-03,20.26,20.50,20.57,19.76,536911,1093008212.00,4.06,2.71,0.54,1.34
2026-02-04,20.56,21.74,22.23,20.05,1405547,3003795095.00,10.63,6.05,1.24,3.51
2026-02-05,21.71,21.57,22.27,21.23,895962,1958295654.00,4.78,-0.78,-0.17,2.24
2026-02-06,21.70,21.80,22.06,20.91,768137,1673193834.00,5.33,1.07,0.23,1.92
2026-02-09,22.21,22.25,22.58,21.85,732567,1640824282.00,3.35,2.06,0.45,1.83
2026-02-10,22.31,23.13,23.49,22.10,905095,2093248043.00,6.25,3.96,0.88,2.26
2026-02-11,23.81,25.46,25.46,23.80,1067350,2721681776.00,7.18,10.07,2.33,2.67
2026-02-12,26.21,27.29,27.64,26.00,2512610,6840275724.00,6.44,7.19,1.83,6.28
2026-02-13,26.61,25.54,26.74,25.40,1324284,3467309351.00,4.91,-6.41,-1.75,3.31
2026-02-24,27.11,28.11,28.11,26.91,1278299,3560836651.00,4.70,10.06,2.57,3.19
2026-02-25,28.25,27.43,28.39,27.01,1579632,4364011929.00,4.91,-2.42,-0.68,3.95
2026-02-26,27.23,28.31,28.69,26.77,1376714,3875081777.00,7.00,3.21,0.88,3.44
2026-02-27,27.41,26.85,27.79,26.59,1423961,3878339640.00,4.24,-5.16,-1.46,3.56
2026-03-02,26.12,28.16,28.51,26.12,1210279,3379577628.00,8.90,4.88,1.31,3.02
2026-03-03,28.21,26.26,28.70,26.19,1325806,3613756397.00,8.91,-6.75,-1.90,3.31
2026-03-04,26.06,26.23,27.08,26.06,870829,2321964264.00,3.88,-0.11,-0.03,2.18
2026-03-05,27.11,27.20,27.96,26.71,958427,2637014832.00,4.77,3.70,0.97,2.39
2026-03-06,26.91,26.16,27.06,25.81,858024,2269213613.00,4.60,-3.82,-1.04,2.14
2026-03-09,24.94,25.81,26.01,24.33,911367,2301262993.00,6.42,-1.34,-0.35,2.28
2026-03-10,26.41,26.67,27.06,26.11,665748,1788587357.00,3.68,3.33,0.86,1.66
2026-03-11,26.94,26.31,27.41,26.27,566313,1523396976.00,4.27,-1.35,-0.36,1.41
2026-03-12,25.93,26.31,26.76,25.62,623880,1639609932.00,4.33,0.00,0.00,1.56
2026-03-13,26.31,25.91,26.61,25.76,588574,1550588947.00,3.23,-1.52,-0.40,1.47
2026-03-16,25.73,24.52,25.90,23.76,1479579,3638843435.00,8.26,-5.36,-1.39,3.70
2026-03-17,24.52,23.73,24.91,23.70,746261,1821974510.00,4.93,-3.22,-0.79,1.86
2026-03-18,24.04,24.39,24.49,23.63,602913,1465539966.00,3.62,2.78,0.66,1.51
2026-03-19,24.29,23.26,24.29,23.10,682588,1619003139.00,4.88,-4.63,-1.13,1.71
2026-03-20,23.63,22.46,23.99,22.33,895355,2070250681.00,7.14,-3.44,-0.80,2.24
2026-03-23,22.23,23.24,23.71,21.40,1259221,2930185595.00,10.28,3.47,0.78,3.15
2026-03-24,23.69,23.96,24.01,23.18,1042556,2488871634.00,3.57,3.10,0.72,2.60
2026-03-25,24.49,25.10,25.38,24.49,1072092,2694515059.00,3.71,4.76,1.14,2.68
2026-03-26,24.91,24.31,25.23,24.15,565630,1401031659.00,4.30,-3.15,-0.79,1.41
2026-03-27,23.67,24.80,24.87,23.59,655226,1607544931.00,5.27,2.02,0.49,1.64
2026-03-30,24.31,24.66,25.40,23.84,687384,1701309562.00,6.29,-0.56,-0.14,1.72
2026-03-31,24.51,24.12,24.84,23.71,515916,1258727100.00,4.58,-2.19,-0.54,1.29
2026-04-01,25.66,25.52,26.49,25.25,849928,2200168177.00,5.14,5.80,1.40,2.12
2026-04-02,25.51,25.44,25.86,25.11,579347,1482720883.00,2.94,-0.31,-0.08,1.45
2026-04-03,25.61,25.76,26.96,25.51,740933,1949678886.00,5.70,1.26,0.32,1.85
2026-04-07,26.02,26.14,27.38,25.90,831151,2219829131.00,5.75,1.48,0.38,2.08
2026-04-08,26.96,27.16,27.31,26.36,1036675,2809672382.00,3.63,3.90,1.02,2.59
2026-04-09,26.81,27.81,27.86,26.21,952071,2611902787.00,6.08,2.39,0.65,2.38
2026-04-10,29.15,29.00,29.66,27.91,1151843,3351855113.00,6.29,4.28,1.19,2.88
2026-04-13,28.88,31.92,31.92,28.80,1209739,3768517950.00,10.76,10.07,2.92,3.02
2026-04-14,32.88,32.28,33.11,31.75,1738279,5652095568.00,4.26,1.13,0.36,4.34
2026-04-15,31.61,30.91,32.71,30.69,1378014,4363855629.00,6.26,-4.24,-1.37,3.44
2026-04-16,31.93,32.81,33.68,31.63,1702501,5614277957.00,6.63,6.15,1.90,4.25
2026-04-17,32.46,33.31,34.31,32.18,1552061,5175745870.00,6.49,1.52,0.50,3.88
2026-04-20,32.89,31.52,33.09,31.31,1718987,5537118419.00,5.34,-5.37,-1.79,4.29
2026-04-21,31.52,31.56,31.86,31.01,1005176,3181209924.00,2.70,0.13,0.04,2.51
2026-04-22,31.31,32.06,32.13,30.84,1360090,4303959512.00,4.09,1.58,0.50,3.40
2026-04-23,32.61,33.33,34.21,32.54,1603687,5367115334.00,5.21,3.96,1.27,4.01
2026-04-24,33.31,32.81,33.50,31.62,1283901,4195021218.00,5.64,-1.56,-0.52,3.21
2026-04-27,33.69,33.25,35.02,33.01,1347029,4557029465.00,6.13,1.34,0.44,3.36
2026-04-28,33.43,34.31,35.18,33.27,1484054,5091942724.00,5.74,3.19,1.06,3.71
2026-04-29,33.99,35.51,36.07,33.96,1771971,6292092907.00,6.15,3.50,1.20,4.43
2026-04-30,35.46,34.31,35.48,32.51,1867694,6317398755.00,8.36,-3.38,-1.20,4.67
2026-05-06,35.01,36.81,37.59,35.01,1652310,6049621422.00,7.52,7.29,2.50,4.13
2026-05-07,36.82,37.74,38.24,36.21,1334336,4995276491.00,5.51,2.53,0.93,3.33
2026-05-08,37.26,37.81,38.51,36.64,1156005,4377511572.00,4.95,0.19,0.07,2.89
2026-05-11,38.30,37.82,39.69,36.79,1562436,5948600548.00,7.67,0.03,0.01,3.90
2026-05-12,37.71,37.63,37.82,35.83,1361856,5022461675.00,5.26,-0.50,-0.19,3.40
2026-05-13,36.81,37.91,38.19,36.31,1329007,4981997618.00,5.00,0.74,0.28,3.32
2026-05-14,39.11,37.43,39.11,36.71,1555877,5921246004.00,6.33,-1.27,-0.48,3.89
2026-05-15,37.41,33.67,37.81,33.67,2086697,7318975326.00,11.06,-10.05,-3.76,5.21
2026-05-18,33.61,33.95,34.63,32.69,1380053,4681486757.00,5.76,0.83,0.28,3.45
2026-05-19,33.74,34.71,34.87,32.52,1305090,4424270109.00,6.92,2.24,0.76,3.26
2026-05-20,34.58,34.92,35.79,34.31,1066972,3760695510.00,4.26,0.61,0.21,2.67
2026-05-21,35.31,35.33,37.61,34.93,1800636,6563602293.00,7.67,1.17,0.41,4.50
2026-05-22,35.61,38.16,38.16,35.61,1715411,6445085254.00,7.22,8.01,2.83,4.29
2026-05-25,38.78,39.23,39.31,37.61,1580696,6115003343.00,4.45,2.80,1.07,3.95
2026-05-26,38.80,41.09,42.76,38.79,1950592,8007205231.00,10.12,4.74,1.86,4.87
2026-05-27,41.29,39.53,41.42,39.00,1262841,5053636569.00,5.89,-3.80,-1.56,3.15
2026-05-28,39.27,43.48,43.48,38.69,1762793,7290062390.00,12.12,9.99,3.95,4.40
2026-05-29,43.48,42.10,43.98,42.01,1675785,7177068895.00,4.53,-3.17,-1.38,4.19
2026-06-01,41.29,38.32,41.66,37.90,2146854,8382675211.00,8.93,-8.98,-3.78,5.36
2026-06-02,37.56,38.90,39.64,37.30,1778027,6871368967.00,6.11,1.51,0.58,4.44
2026-06-03,38.80,37.91,40.15,37.20,1858187,7207661252.00,7.58,-2.54,-0.99,4.64
2026-06-04,37.32,38.39,39.17,36.50,1562319,5887619226.00,7.04,1.27,0.48,3.90
2026-06-05,38.00,36.96,39.39,36.83,1448798,5522948282.00,6.67,-3.72,-1.43,3.62
2026-06-08,34.13,35.56,36.66,34.13,1146994,4085229396.00,6.85,-3.79,-1.40,2.87
2026-06-09,37.07,39.12,39.12,37.00,1801910,6930508991.00,5.96,10.01,3.56,4.50
2026-06-10,40.00,39.37,40.72,38.90,2090866,8328363736.00,4.65,0.64,0.25,5.22
2026-06-11,39.11,41.07,41.70,38.00,1907052,7698299010.00,9.40,4.32,1.70,4.76
2026-06-12,42.50,41.61,44.16,41.31,2092437,8937260562.00,6.94,1.31,0.54,5.23