2026-01-05,18.74,18.61,18.93,18.38,108521,202019601.00,2.95,-0.11,-0.02,1.29
2026-01-06,18.68,19.22,19.34,18.67,207592,396939064.00,3.60,3.28,0.61,2.47
2026-01-07,19.39,19.47,19.62,19.03,163314,316690385.00,3.07,1.30,0.25,1.94
2026-01-08,19.47,19.25,19.59,19.21,111781,217148190.00,1.95,-1.13,-0.22,1.33
2026-01-09,19.26,19.40,19.57,19.15,117721,228896894.00,2.18,0.78,0.15,1.40
2026-01-12,19.34,19.04,19.61,18.78,197045,375444222.00,4.28,-1.86,-0.36,2.34
2026-01-13,19.05,19.27,19.67,18.89,172366,332928372.00,4.10,1.21,0.23,2.05
2026-01-14,19.40,19.20,19.80,19.04,164645,320271384.00,3.94,-0.36,-0.07,1.96
2026-01-15,19.17,19.42,19.70,19.05,142631,278570506.00,3.39,1.15,0.22,1.69
2026-01-16,19.72,19.20,19.72,19.07,115192,222301157.00,3.35,-1.13,-0.22,1.37
2026-01-19,19.05,19.83,20.06,19.02,190800,376797185.00,5.42,3.28,0.63,2.27
2026-01-20,19.83,19.84,20.08,19.33,150910,297433653.00,3.78,0.05,0.01,1.79
2026-01-21,19.81,20.07,20.32,19.55,175346,352309932.00,3.88,1.16,0.23,2.08
2026-01-22,20.10,20.25,20.55,19.89,186963,378856339.00,3.29,0.90,0.18,2.22
2026-01-23,20.31,20.45,20.55,20.08,182895,371879250.00,2.32,0.99,0.20,2.17
2026-01-26,20.55,21.47,21.69,20.55,355515,757001708.00,5.57,4.99,1.02,4.22
2026-01-27,21.41,20.86,21.47,20.31,262444,546581169.00,5.40,-2.84,-0.61,3.12
2026-01-28,20.72,21.20,21.39,20.41,246327,518768129.00,4.70,1.63,0.34,2.93
2026-01-29,21.27,20.52,21.47,20.48,243388,509616335.00,4.67,-3.21,-0.68,2.89
2026-01-30,20.31,19.82,20.45,19.27,202440,401080313.00,5.75,-3.41,-0.70,2.41
2026-02-02,19.62,18.88,19.80,18.88,159646,309425931.00,4.64,-4.74,-0.94,1.90
2026-02-03,19.25,19.38,19.46,18.93,111430,214306594.00,2.81,2.65,0.50,1.32
2026-02-04,19.54,19.39,19.62,19.08,97328,188197472.00,2.79,0.05,0.01,1.16
2026-02-05,19.20,18.98,19.42,18.77,98287,187404385.00,3.35,-2.11,-0.41,1.17
2026-02-06,18.75,18.96,19.28,18.56,91106,174138611.00,3.79,-0.11,-0.02,1.08
2026-02-09,19.26,19.11,19.30,19.02,69426,133111664.00,1.48,0.79,0.15,0.82
2026-02-10,19.14,19.04,19.20,18.94,92601,176900764.00,1.36,-0.37,-0.07,1.10
2026-02-11,19.07,19.26,19.58,18.95,118281,229485372.00,3.31,1.16,0.22,1.41
2026-02-12,19.29,19.40,19.70,19.21,105220,205487218.00,2.54,0.73,0.14,1.25
2026-02-13,19.31,19.11,19.47,18.95,97903,188347827.00,2.68,-1.49,-0.29,1.16
2026-02-24,19.38,19.74,20.02,19.23,158310,313031920.00,4.13,3.30,0.63,1.88
2026-02-25,19.86,20.61,20.88,19.83,248775,510838549.00,5.32,4.41,0.87,2.96
2026-02-26,21.05,20.78,21.13,20.50,166767,346547342.00,3.06,0.82,0.17,1.98
2026-02-27,20.65,22.24,22.44,20.59,357993,785961135.00,8.90,7.03,1.46,4.25
2026-03-02,22.24,22.74,23.04,21.60,411763,923730616.00,6.47,2.25,0.50,4.89
2026-03-03,22.81,21.61,23.04,21.50,296051,653532866.00,6.77,-4.97,-1.13,3.52
2026-03-04,21.27,21.42,21.96,21.26,179822,388281968.00,3.24,-0.88,-0.19,2.14
2026-03-05,21.95,21.10,21.95,20.89,169799,361137460.00,4.95,-1.49,-0.32,2.02
2026-03-06,20.95,20.95,21.32,20.66,105155,221366022.00,3.13,-0.71,-0.15,1.25
2026-03-09,20.66,20.50,20.84,19.86,160469,325898156.00,4.68,-2.15,-0.45,1.91
2026-03-10,20.72,20.54,20.83,20.38,130439,268704273.00,2.20,0.20,0.04,1.55
2026-03-11,20.60,21.33,21.40,20.50,198409,420006743.00,4.38,3.85,0.79,2.36
2026-03-12,21.45,21.17,21.45,20.85,147603,311452740.00,2.81,-0.75,-0.16,1.75
2026-03-13,20.91,20.85,21.60,20.65,141728,299465946.00,4.49,-1.51,-0.32,1.68
2026-03-16,20.74,19.79,20.92,19.72,173620,348622401.00,5.76,-5.08,-1.06,2.06
2026-03-17,19.87,19.17,20.13,19.10,127382,249497171.00,5.20,-3.13,-0.62,1.51
2026-03-18,19.17,19.23,19.33,18.95,95458,183002402.00,1.98,0.31,0.06,1.13
2026-03-19,19.03,18.23,19.12,18.21,197807,369060695.00,4.73,-5.20,-1.00,2.35
2026-03-20,18.28,17.98,18.56,17.93,98181,180224680.00,3.46,-1.37,-0.25,1.17
2026-03-23,17.91,17.18,18.09,17.01,176485,310781616.00,6.01,-4.45,-0.80,2.10
2026-03-24,17.55,17.41,17.64,16.97,114656,198414423.00,3.90,1.34,0.23,1.36
2026-03-25,17.45,17.73,17.79,17.45,89120,157961013.00,1.95,1.84,0.32,1.06
2026-03-26,17.65,17.60,18.05,17.48,118070,209841529.00,3.21,-0.73,-0.13,1.40
2026-03-27,17.42,17.89,18.15,17.37,102079,182860603.00,4.43,1.65,0.29,1.21
2026-03-30,17.85,18.23,18.83,17.78,143729,264251182.00,5.87,1.90,0.34,1.71
2026-03-31,18.15,17.72,18.27,17.69,106745,191510763.00,3.18,-2.80,-0.51,1.27
2026-04-01,17.96,18.01,18.18,17.87,71083,128391043.00,1.75,1.64,0.29,0.84
2026-04-02,18.06,17.65,18.07,17.50,79473,141275957.00,3.16,-2.00,-0.36,0.94
2026-04-03,17.66,17.33,17.73,17.25,56184,97992641.00,2.72,-1.81,-0.32,0.67
2026-04-07,17.31,17.40,17.65,17.31,46593,81486362.00,1.96,0.40,0.07,0.55
2026-04-08,17.72,17.95,17.97,17.65,146300,261206494.00,1.84,3.16,0.55,1.74
2026-04-09,17.80,17.77,17.82,17.57,76000,134956075.00,1.39,-1.00,-0.18,0.90
2026-04-10,17.82,17.52,18.05,17.45,149726,266004863.00,3.38,-1.41,-0.25,1.78
2026-04-13,17.36,17.57,17.68,17.32,94056,165079294.00,2.05,0.29,0.05,1.12
2026-04-14,17.59,17.53,17.66,17.29,124241,217263435.00,2.11,-0.23,-0.04,1.48
2026-04-15,17.63,17.56,17.86,17.48,98278,174230286.00,2.17,0.17,0.03,1.17
2026-04-16,17.58,17.75,17.81,17.51,84125,149442157.00,1.71,1.08,0.19,1.00
2026-04-17,17.69,17.80,17.86,17.62,95556,169837394.00,1.35,0.28,0.05,1.14
2026-04-20,17.83,17.96,18.10,17.68,140750,252642336.00,2.36,0.90,0.16,1.67
2026-04-21,17.97,18.14,18.28,17.83,118240,214424170.00,2.51,1.00,0.18,1.40
2026-04-22,18.03,18.24,18.36,17.98,122401,223484844.00,2.09,0.55,0.10,1.45
2026-04-23,18.23,17.68,18.36,17.66,168132,300783594.00,3.84,-3.07,-0.56,2.00
2026-04-24,17.63,17.77,17.88,17.43,107869,190721978.00,2.55,0.51,0.09,1.28
2026-04-27,17.75,17.96,18.12,17.64,114378,205316462.00,2.70,1.07,0.19,1.36
2026-04-28,17.95,17.44,17.95,17.28,144124,252466200.00,3.73,-2.90,-0.52,1.71
2026-04-29,17.05,17.65,17.65,16.84,167965,289937721.00,4.64,1.20,0.21,2.00
2026-04-30,17.76,18.29,18.75,17.76,262274,484232029.00,5.61,3.63,0.64,3.12
2026-05-06,18.56,18.81,19.04,18.53,228433,431047252.00,2.79,2.84,0.52,2.71
2026-05-07,18.81,18.62,18.90,18.35,163007,302647411.00,2.92,-1.01,-0.19,1.94
2026-05-08,18.55,18.95,19.32,18.45,213360,402069922.00,4.67,1.77,0.33,2.53
2026-05-11,19.00,19.08,19.36,18.68,240281,458891689.00,3.59,0.69,0.13,2.85
2026-05-12,19.08,18.72,19.08,18.53,130694,245339554.00,2.88,-1.89,-0.36,1.55
2026-05-13,18.63,18.64,18.83,18.55,123872,231918348.00,1.50,-0.43,-0.08,1.47
2026-05-14,18.55,18.47,18.91,17.95,204042,381808813.00,5.15,-0.91,-0.17,2.42
2026-05-15,20.24,20.32,20.32,19.99,476997,970005286.00,1.79,10.02,1.85,5.67
2026-05-18,20.28,21.62,21.88,19.63,896863,1868661160.00,11.07,6.40,1.30,10.66
2026-05-19,20.95,21.51,22.08,20.53,551126,1178830980.00,7.17,-0.51,-0.11,6.55
2026-05-20,21.64,21.98,22.42,21.45,494432,1086002690.00,4.51,2.19,0.47,5.87
2026-05-21,21.55,20.92,22.47,20.86,462028,1000898108.00,7.32,-4.82,-1.06,5.49
2026-05-22,21.04,22.71,22.83,20.98,567456,1252272652.00,8.84,8.56,1.79,6.74
2026-05-25,22.22,21.45,22.45,21.23,469003,1015225968.00,5.37,-5.55,-1.26,5.57
2026-05-26,21.17,20.88,21.31,20.38,333782,696523888.00,4.34,-2.66,-0.57,3.97
2026-05-27,20.60,19.61,21.23,19.52,360519,729108279.00,8.19,-6.08,-1.27,4.28
2026-05-28,19.73,19.57,19.83,19.08,234100,456242229.00,3.82,-0.20,-0.04,2.78
2026-05-29,19.52,18.20,19.61,18.03,290785,545066360.00,8.07,-7.00,-1.37,3.45
2026-06-01,17.22,18.83,19.43,17.22,274905,516462972.00,12.14,3.46,0.63,3.27
2026-06-02,18.94,18.58,18.98,18.30,149873,279477995.00,3.61,-1.33,-0.25,1.78
2026-06-03,18.45,18.19,19.05,18.06,159500,295708714.00,5.33,-2.10,-0.39,1.90
2026-06-04,18.00,18.02,18.26,17.60,171190,307244189.00,3.63,-0.93,-0.17,2.03
2026-06-05,17.94,18.28,18.83,17.58,232781,428198477.00,6.94,1.44,0.26,2.77
2026-06-08,17.75,17.61,18.75,17.46,238403,430044821.00,7.06,-3.67,-0.67,2.83
2026-06-09,17.95,17.01,18.00,16.78,255705,438119784.00,6.93,-3.41,-0.60,3.04
2026-06-10,16.91,17.79,18.37,16.75,292202,516502129.00,9.52,4.59,0.78,3.47
2026-06-11,17.70,18.82,18.94,17.62,370161,685265346.00,7.42,5.79,1.03,4.40
2026-06-12,19.15,18.72,19.39,18.55,348892,664088467.00,4.46,-0.53,-0.10,4.15
2026-06-15,19.55,19.47,20.02,18.75,355989,692359777.00,6.78,4.01,0.75,4.23
2026-06-16,19.25,19.77,20.20,19.11,331559,656181669.00,5.60,1.54,0.30,3.94
2026-06-17,19.58,19.87,20.35,19.45,276899,552242491.00,4.55,0.51,0.10,3.29
2026-06-18,19.65,19.32,19.83,19.16,261690,510593631.00,3.37,-2.77,-0.55,3.11
2026-06-22,19.33,20.63,20.74,19.31,420833,850716811.00,7.40,6.78,1.31,5.00
2026-06-23,20.44,20.03,21.05,19.89,317530,651593031.00,5.62,-2.91,-0.60,3.77
2026-06-24,19.98,20.46,20.87,19.49,276992,560347990.00,6.89,2.15,0.43,3.29
2026-06-25,20.25,19.55,20.71,19.45,273072,543339655.00,6.16,-4.45,-0.91,3.24
2026-06-26,19.35,18.96,20.03,18.94,272689,531663986.00,5.58,-3.02,-0.59,3.24
2026-06-29,19.50,19.10,20.50,18.42,338270,651303898.00,10.97,0.74,0.14,4.02
2026-06-30,18.94,20.10,20.25,18.83,344988,680500677.00,7.43,5.24,1.00,4.10
2026-07-01,20.25,22.12,22.12,20.13,511902,1099889700.00,9.90,10.05,2.02,6.08
2026-07-02,22.95,24.34,24.34,21.65,1071074,2514932730.00,12.16,10.04,2.22,12.73
2026-07-03,24.09,22.09,24.10,21.90,938629,2120515691.00,9.04,-9.24,-2.25,11.15
2026-07-06,22.04,20.19,22.35,20.17,619081,1304338277.00,9.87,-8.60,-1.90,7.36
2026-07-07,19.94,19.29,20.40,19.05,374169,735650388.00,6.69,-4.46,-0.90,4.45
2026-07-08,19.29,17.83,19.37,17.83,434035,793961510.00,7.98,-7.57,-1.46,5.16
2026-07-09,17.91,17.07,18.05,16.59,438061,751900406.00,8.19,-4.26,-0.76,5.20
2026-07-10,16.97,16.66,17.77,16.61,434479,743477461.00,6.80,-2.40,-0.41,5.16
2026-07-13,16.66,15.77,16.71,15.70,334720,537421824.00,6.06,-5.34,-0.89,3.98
2026-07-14,15.70,16.12,16.15,15.45,220115,349012299.00,4.44,2.22,0.35,2.62
2026-07-15,16.12,15.93,16.23,15.88,196505,316270096.00,2.17,-1.18,-0.19,2.33
2026-07-16,15.76,15.84,16.03,15.68,148536,235615155.00,2.20,-0.56,-0.09,1.76
2026-07-17,15.88,16.08,16.40,15.76,275033,443099178.00,4.04,1.52,0.24,3.27
2026-07-20,16.19,14.82,16.26,14.78,293382,447613699.00,9.20,-7.84,-1.26,3.49
2026-07-21,14.64,15.13,15.32,14.06,228843,337781581.00,8.50,2.09,0.31,2.72
2026-07-22,14.88,14.91,15.12,14.77,144584,215950824.00,2.31,-1.45,-0.22,1.72
2026-07-23,14.95,15.96,16.07,14.81,244945,380055470.00,8.45,7.04,1.05,2.91
2026-07-24,15.66,15.87,16.28,15.62,215323,344398791.00,4.14,-0.56,-0.09,2.56
2026-07-27,15.88,16.27,16.37,15.81,161231,260737795.00,3.53,2.52,0.40,1.92
2026-07-28,16.00,15.92,16.18,15.85,101615,162558761.00,2.03,-2.15,-0.35,1.21
2026-07-29,15.92,16.09,16.26,15.51,126901,202178257.00,4.71,1.07,0.17,1.51
2026-07-30,15.98,15.94,16.36,15.82,107566,173076979.00,3.36,-0.93,-0.15,1.28
2026-07-31,16.11,16.04,16.37,16.00,133634,216203603.00,2.32,0.63,0.10,1.59
2026-08-03,15.92,16.23,16.28,15.82,84927,137054127.00,2.87,1.18,0.19,1.01
2026-08-04,16.23,16.36,16.42,16.20,106374,173645515.00,1.36,0.80,0.13,1.26
2026-08-05,16.40,16.60,16.76,16.31,119250,197694903.00,2.75,1.47,0.24,1.42