2026-01-05,6.34,6.41,6.42,6.33,39759,25383839.00,1.42,1.10,0.07,0.60
2026-01-06,6.41,6.44,6.48,6.39,33554,21605265.00,1.40,0.47,0.03,0.51
2026-01-07,6.44,6.41,6.48,6.38,33329,21444495.00,1.55,-0.47,-0.03,0.50
2026-01-08,6.41,6.47,6.48,6.38,33689,21709638.00,1.56,0.94,0.06,0.51
2026-01-09,6.48,6.64,6.64,6.47,65127,42745088.00,2.63,2.63,0.17,0.99
2026-01-12,6.68,6.91,6.91,6.68,138316,94498780.00,3.46,4.07,0.27,2.09
2026-01-13,7.00,6.90,7.07,6.88,164418,114747476.00,2.75,-0.14,-0.01,2.49
2026-01-14,6.90,7.01,7.12,6.88,140479,98606881.00,3.48,1.59,0.11,2.13
2026-01-15,7.03,6.92,7.04,6.89,84400,58549059.00,2.14,-1.28,-0.09,1.28
2026-01-16,6.99,6.69,7.01,6.64,117448,79017984.00,5.35,-3.32,-0.23,1.78
2026-01-19,6.62,6.58,6.64,6.52,72905,47943870.00,1.79,-1.64,-0.11,1.10
2026-01-20,6.58,6.65,6.68,6.53,64805,42886139.00,2.28,1.06,0.07,0.98
2026-01-21,6.60,6.58,6.67,6.55,55745,36832636.00,1.80,-1.05,-0.07,0.84
2026-01-22,6.61,6.69,6.70,6.56,56665,37720452.00,2.13,1.67,0.11,0.86
2026-01-23,6.72,6.75,6.81,6.67,56442,38074474.00,2.09,0.90,0.06,0.85
2026-01-26,6.60,6.68,6.72,6.59,78613,52184706.00,1.93,-1.04,-0.07,1.19
2026-01-27,6.72,6.61,6.73,6.48,57968,38087576.00,3.74,-1.05,-0.07,0.88
2026-01-28,6.61,6.59,6.65,6.56,47150,31113615.00,1.36,-0.30,-0.02,0.71
2026-01-29,6.58,6.73,6.84,6.52,78564,52842986.00,4.86,2.12,0.14,1.19
2026-01-30,6.73,6.75,6.79,6.65,73850,49686049.00,2.08,0.30,0.02,1.12
2026-02-02,6.68,6.68,6.85,6.65,85170,57704114.00,2.96,-1.04,-0.07,1.29
2026-02-03,6.73,6.81,6.84,6.72,71466,48470261.00,1.80,1.95,0.13,1.08
2026-02-04,6.80,6.84,6.91,6.79,66209,45287258.00,1.76,0.44,0.03,1.00
2026-02-05,6.82,6.87,6.95,6.79,62872,43349733.00,2.34,0.44,0.03,0.95
2026-02-06,6.87,6.80,6.88,6.72,52200,35545208.00,2.33,-1.02,-0.07,0.79
2026-02-09,6.83,6.96,6.99,6.83,79831,55311344.00,2.35,2.35,0.16,1.21
2026-02-10,6.99,7.18,7.26,6.97,196694,140656096.00,4.17,3.16,0.22,2.98
2026-02-11,7.17,7.05,7.17,6.97,143772,101339672.00,2.79,-1.81,-0.13,2.18
2026-02-12,7.02,6.79,7.09,6.79,90570,62048937.00,4.26,-3.69,-0.26,1.37
2026-02-13,6.75,6.67,6.86,6.64,82286,55355221.00,3.24,-1.77,-0.12,1.25
2026-02-24,6.69,6.61,6.74,6.53,73189,48200356.00,3.15,-0.90,-0.06,1.11
2026-02-25,6.61,6.63,6.68,6.55,60423,40040679.00,1.97,0.30,0.02,0.91
2026-02-26,6.62,6.55,6.64,6.51,57769,37869376.00,1.96,-1.21,-0.08,0.87
2026-02-27,6.55,6.54,6.58,6.46,77096,50156308.00,1.83,-0.15,-0.01,1.17
2026-03-02,6.49,6.35,6.49,6.30,90501,57673546.00,2.91,-2.91,-0.19,1.37
2026-03-03,6.35,6.24,6.42,6.21,74002,46697100.00,3.31,-1.73,-0.11,1.12
2026-03-04,6.17,6.13,6.24,6.09,60654,37332123.00,2.40,-1.76,-0.11,0.92
2026-03-05,6.22,6.24,6.25,6.16,44881,27896873.00,1.47,1.79,0.11,0.68
2026-03-06,6.21,6.32,6.33,6.21,47684,29915648.00,1.92,1.28,0.08,0.72
2026-03-09,6.24,6.27,6.30,6.18,47944,29873354.00,1.90,-0.79,-0.05,0.73
2026-03-10,6.34,6.35,6.36,6.28,33965,21486296.00,1.28,1.28,0.08,0.51
2026-03-11,6.35,6.33,6.37,6.30,26893,17030354.00,1.10,-0.31,-0.02,0.41
2026-03-12,6.32,6.29,6.36,6.28,46012,29023281.00,1.26,-0.63,-0.04,0.70
2026-03-13,6.27,6.24,6.34,6.22,31307,19667345.00,1.91,-0.79,-0.05,0.47
2026-03-16,6.21,6.30,6.30,6.20,34738,21777775.00,1.60,0.96,0.06,0.53
2026-03-17,6.30,6.27,6.37,6.27,39428,24951475.00,1.59,-0.48,-0.03,0.60
2026-03-18,6.26,6.31,6.33,6.24,37400,23486231.00,1.44,0.64,0.04,0.57
2026-03-19,6.28,6.24,6.35,6.21,33914,21277101.00,2.22,-1.11,-0.07,0.51
2026-03-20,6.25,6.07,6.27,6.06,52397,32144072.00,3.37,-2.72,-0.17,0.79
2026-03-23,6.03,5.65,6.03,5.60,87797,50796389.00,7.08,-6.92,-0.42,1.33
2026-03-24,5.76,5.91,5.94,5.67,47146,27360531.00,4.78,4.60,0.26,0.71
2026-03-25,5.93,6.03,6.05,5.91,36160,21690971.00,2.37,2.03,0.12,0.55
2026-03-26,6.03,5.97,6.08,5.91,35172,21025353.00,2.82,-1.00,-0.06,0.53
2026-03-27,5.90,5.99,6.00,5.87,25416,15143846.00,2.18,0.34,0.02,0.38
2026-03-30,5.94,6.02,6.05,5.90,29390,17589897.00,2.50,0.50,0.03,0.44
2026-03-31,6.01,6.01,6.13,6.00,33042,20076879.00,2.16,-0.17,-0.01,0.50
2026-04-01,6.08,6.02,6.10,5.98,29020,17466252.00,2.00,0.17,0.01,0.44
2026-04-02,6.02,5.92,6.04,5.88,24304,14446062.00,2.66,-1.66,-0.10,0.37
2026-04-03,5.99,5.77,5.99,5.74,30551,17694785.00,4.22,-2.53,-0.15,0.46
2026-04-07,5.82,5.96,5.97,5.74,36492,21451631.00,3.99,3.29,0.19,0.55
2026-04-08,6.04,6.20,6.20,6.00,54234,33180637.00,3.36,4.03,0.24,0.82
2026-04-09,6.19,6.09,6.20,6.06,37094,22709902.00,2.26,-1.77,-0.11,0.56
2026-04-10,6.12,6.08,6.18,6.08,35525,21760668.00,1.64,-0.16,-0.01,0.54
2026-04-13,6.02,6.00,6.04,5.94,31401,18770188.00,1.64,-1.32,-0.08,0.48
2026-04-14,6.04,6.02,6.06,5.95,27824,16688936.00,1.83,0.33,0.02,0.42
2026-04-15,6.07,5.95,6.07,5.89,31890,19050332.00,2.99,-1.16,-0.07,0.48
2026-04-16,5.97,6.05,6.08,5.90,31764,19058785.00,3.03,1.68,0.10,0.48
2026-04-17,6.05,5.99,6.05,5.92,29489,17577503.00,2.15,-0.99,-0.06,0.45
2026-04-20,6.02,6.03,6.05,5.92,29254,17567541.00,2.17,0.67,0.04,0.44
2026-04-21,6.00,6.03,6.09,5.99,24914,15070444.00,1.66,0.00,0.00,0.38
2026-04-22,6.00,5.98,6.00,5.92,22734,13562065.00,1.33,-0.83,-0.05,0.34
2026-04-23,5.97,5.95,6.00,5.92,23982,14285358.00,1.34,-0.50,-0.03,0.36
2026-04-24,5.98,6.00,6.06,5.90,37978,22693440.00,2.69,0.84,0.05,0.57
2026-04-27,5.97,6.06,6.09,5.96,36959,22272095.00,2.17,1.00,0.06,0.56
2026-04-28,6.09,6.07,6.15,6.03,35395,21539221.00,1.98,0.17,0.01,0.54
2026-04-29,6.09,6.14,6.21,6.04,38466,23723864.00,2.80,1.15,0.07,0.58
2026-04-30,6.20,6.32,6.42,6.15,93586,59382085.00,4.40,2.93,0.18,1.42
2026-05-06,6.30,6.28,6.40,6.24,64232,40442088.00,2.53,-0.63,-0.04,0.97
2026-05-07,6.27,6.27,6.33,6.22,48793,30535535.00,1.75,-0.16,-0.01,0.74
2026-05-08,6.27,6.28,6.30,6.24,36860,23121572.00,0.96,0.16,0.01,0.56
2026-05-11,6.30,6.24,6.39,6.22,41461,25977058.00,2.71,-0.64,-0.04,0.63
2026-05-12,6.28,6.10,6.28,6.08,40232,24763531.00,3.21,-2.24,-0.14,0.61
2026-05-13,6.26,6.18,6.29,6.15,59936,37243796.00,2.30,1.31,0.08,0.91
2026-05-14,6.20,6.03,6.22,6.03,49136,29916231.00,3.07,-2.43,-0.15,0.74
2026-05-15,6.00,6.02,6.12,5.98,38353,23222348.00,2.32,-0.17,-0.01,0.58
2026-05-18,6.02,6.02,6.04,5.90,53247,31764933.00,2.33,0.00,0.00,0.81
2026-05-19,6.02,6.20,6.20,6.00,47218,28980932.00,3.32,2.99,0.18,0.71
2026-05-20,6.12,6.02,6.20,5.98,49308,29802329.00,3.55,-2.90,-0.18,0.75
2026-05-21,6.11,5.81,6.11,5.81,53074,31715205.00,4.98,-3.49,-0.21,0.80
2026-05-22,5.81,5.87,5.93,5.76,41256,24053883.00,2.93,1.03,0.06,0.62
2026-05-25,5.85,5.93,6.04,5.85,48542,28858679.00,3.24,1.02,0.06,0.73
2026-05-26,5.93,5.73,5.97,5.67,50670,29173517.00,5.06,-3.37,-0.20,0.77
2026-05-27,5.70,5.60,5.84,5.56,44085,24815044.00,4.89,-2.27,-0.13,0.67
2026-05-28,5.60,5.59,5.73,5.48,36220,20291060.00,4.46,-0.18,-0.01,0.55
2026-05-29,5.65,5.61,5.73,5.57,45295,25555775.00,2.86,0.36,0.02,0.69
2026-06-01,5.64,5.95,6.00,5.57,81794,47882110.00,7.66,6.06,0.34,1.24
2026-06-02,5.96,5.71,5.98,5.67,66035,38035107.00,5.21,-4.03,-0.24,1.00
2026-06-03,5.67,5.56,5.75,5.54,57154,31973723.00,3.68,-2.63,-0.15,0.87
2026-06-04,5.56,5.35,5.60,5.30,68014,36691268.00,5.40,-3.78,-0.21,1.03
2026-06-05,5.34,5.51,5.57,5.34,61997,33874519.00,4.30,2.99,0.16,0.94
2026-06-08,5.46,5.46,5.61,5.33,68417,37391659.00,5.08,-0.91,-0.05,1.04
2026-06-09,5.48,5.57,5.62,5.39,64298,35507532.00,4.21,2.01,0.11,0.97
2026-06-10,5.83,6.13,6.13,5.83,186264,113803197.00,5.39,10.05,0.56,2.82
2026-06-11,6.26,5.63,6.50,5.57,440511,266163783.00,15.17,-8.16,-0.50,6.67
2026-06-12,5.65,6.19,6.19,5.45,340711,200021285.00,13.14,9.95,0.56,5.16
2026-06-15,5.83,5.81,5.93,5.74,394291,229768916.00,3.07,-6.14,-0.38,5.97
2026-06-16,5.78,5.55,5.79,5.49,268884,149540746.00,5.16,-4.48,-0.26,4.07
2026-06-17,5.50,5.32,5.52,5.31,179022,96315161.00,3.78,-4.14,-0.23,2.71
2026-06-18,5.27,5.01,5.27,5.01,161152,81646270.00,4.89,-5.83,-0.31,2.44
2026-06-22,4.95,5.07,5.07,4.78,144952,71195484.00,5.79,1.20,0.06,2.19
2026-06-23,4.99,5.09,5.15,4.98,103901,52928163.00,3.35,0.39,0.02,1.57
2026-06-24,5.13,4.93,5.13,4.89,81449,40411029.00,4.72,-3.14,-0.16,1.23
2026-06-25,4.89,4.85,4.92,4.79,60736,29408461.00,2.64,-1.62,-0.08,0.92
2026-06-26,4.82,4.73,4.85,4.70,62277,29581737.00,3.09,-2.47,-0.12,0.94
2026-06-29,4.71,4.67,4.75,4.56,75819,35269462.00,4.02,-1.27,-0.06,1.15
2026-06-30,4.73,4.64,4.75,4.57,68175,31628790.00,3.85,-0.64,-0.03,1.03
2026-07-01,4.69,4.76,4.84,4.61,68551,32454558.00,4.96,2.59,0.12,1.04
2026-07-02,4.73,4.73,4.90,4.73,71428,34326794.00,3.57,-0.63,-0.03,1.08
2026-07-03,4.76,4.80,4.82,4.71,67626,32262379.00,2.33,1.48,0.07,1.02
2026-07-06,4.77,4.76,4.85,4.72,52593,25130734.00,2.71,-0.83,-0.04,0.80
2026-07-07,4.74,4.68,4.76,4.65,52626,24752863.00,2.31,-1.68,-0.08,0.80
2026-07-08,4.66,4.68,4.70,4.60,37692,17559038.00,2.14,0.00,0.00,0.57
2026-07-09,4.63,4.68,4.75,4.58,43965,20559918.00,3.63,0.00,0.00,0.67
2026-07-10,4.65,4.82,4.89,4.60,88589,42571049.00,6.20,2.99,0.14,1.34
2026-07-13,4.76,4.66,4.83,4.63,64500,30262553.00,4.15,-3.32,-0.16,0.98
2026-07-14,4.68,4.82,4.85,4.62,71452,33909388.00,4.94,3.43,0.16,1.08
2026-07-15,4.76,4.92,4.95,4.75,79270,38779828.00,4.15,2.07,0.10,1.20
2026-07-16,4.89,4.96,5.01,4.86,68314,33890283.00,3.05,0.81,0.04,1.03
2026-07-17,4.96,4.84,5.06,4.78,62769,30840846.00,5.65,-2.42,-0.12,0.95
2026-07-20,4.78,4.81,4.94,4.74,55666,26911161.00,4.13,-0.62,-0.03,0.84
2026-07-21,4.85,4.73,4.85,4.67,63009,29789622.00,3.74,-1.66,-0.08,0.95
2026-07-22,4.72,4.64,4.76,4.61,48063,22381672.00,3.17,-1.90,-0.09,0.73
2026-07-23,4.61,4.73,4.74,4.61,41087,19230685.00,2.80,1.94,0.09,0.62
2026-07-24,4.71,4.61,4.73,4.59,36585,16972266.00,2.96,-2.54,-0.12,0.55
2026-07-27,4.62,4.73,4.75,4.60,43270,20338196.00,3.25,2.60,0.12,0.65
2026-07-28,4.69,4.82,4.84,4.69,52397,25167245.00,3.17,1.90,0.09,0.79
2026-07-29,4.85,4.90,4.95,4.82,52988,25997950.00,2.70,1.66,0.08,0.80