2026-01-05,57.94,60.11,60.52,57.94,26611,160384833.00,4.44,3.39,1.97,1.61
2026-01-06,64.40,62.85,65.90,61.48,61903,392332426.00,7.35,4.56,2.74,3.75
2026-01-07,62.40,60.31,62.59,60.30,39524,244495356.00,3.64,-4.04,-2.54,2.40
2026-01-08,60.31,59.98,60.74,59.70,29224,177514461.00,1.72,-0.55,-0.33,1.77
2026-01-09,60.03,61.70,62.16,59.38,37748,233725611.00,4.63,2.87,1.72,2.29
2026-01-12,61.60,61.64,62.50,60.91,39129,243526750.00,2.58,-0.10,-0.06,2.37
2026-01-13,61.40,60.52,62.60,60.40,28818,178706573.00,3.57,-1.82,-1.12,1.75
2026-01-14,60.53,61.12,62.76,60.50,31929,199092755.00,3.73,0.99,0.60,1.94
2026-01-15,61.89,61.58,61.90,60.73,18638,115177298.00,1.91,0.75,0.46,1.13
2026-01-16,61.61,63.80,64.60,61.55,32201,205775822.00,4.95,3.61,2.22,1.95
2026-01-19,63.62,62.88,64.51,62.62,26782,171241125.00,2.96,-1.44,-0.92,1.62
2026-01-20,63.04,62.20,63.75,61.28,25351,159677885.00,3.93,-1.08,-0.68,1.54
2026-01-21,61.91,64.10,64.40,61.45,31674,201902289.00,4.74,3.05,1.90,1.92
2026-01-22,64.38,63.11,64.40,61.92,27906,177547951.00,3.87,-1.54,-0.99,1.69
2026-01-23,63.11,62.87,63.33,62.41,17080,108323059.00,1.46,-0.38,-0.24,1.04
2026-01-26,62.89,62.03,64.00,62.00,33627,213451015.00,3.18,-1.34,-0.84,2.04
2026-01-27,62.57,69.40,71.40,62.06,78397,535994753.00,15.06,11.88,7.37,4.75
2026-01-28,77.40,75.92,82.90,74.93,139886,1097543686.00,11.48,9.39,6.52,8.48
2026-01-29,74.87,74.70,79.30,72.90,92566,707619816.00,8.43,-1.61,-1.22,5.61
2026-01-30,74.08,72.55,74.40,67.40,101430,722585211.00,9.37,-2.88,-2.15,6.15
2026-02-02,74.01,68.96,77.77,68.85,76155,551963436.00,12.29,-4.95,-3.59,4.62
2026-02-03,69.91,66.91,70.39,64.50,79938,535356881.00,8.54,-2.97,-2.05,4.84
2026-02-04,65.95,64.40,68.70,63.77,54646,360959701.00,7.37,-3.75,-2.51,3.31
2026-02-05,63.34,63.09,63.85,62.28,36847,234625861.00,2.44,-2.03,-1.31,2.23
2026-02-06,62.45,62.88,64.19,61.76,50579,322531618.00,3.85,-0.33,-0.21,3.07
2026-02-09,63.17,65.20,65.77,62.80,47818,313068023.00,4.72,3.69,2.32,2.90
2026-02-10,65.18,64.12,66.18,63.92,24920,162229001.00,3.47,-1.66,-1.08,1.51
2026-02-11,64.15,64.76,65.79,63.14,40613,263754045.00,4.13,1.00,0.64,2.46
2026-02-12,65.28,67.29,67.90,64.52,41353,279754914.00,5.22,3.91,2.53,2.51
2026-02-13,66.94,65.13,66.94,65.10,27111,180443038.00,2.73,-3.21,-2.16,1.64
2026-02-24,64.96,66.54,68.82,64.04,68743,463504936.00,7.34,2.16,1.41,4.17
2026-02-25,66.57,70.12,71.82,66.57,60795,429397999.00,7.89,5.38,3.58,3.68
2026-02-26,70.05,68.52,71.40,68.08,46389,322725341.00,4.73,-2.28,-1.60,2.81
2026-02-27,68.19,67.51,68.19,65.92,35397,238897550.00,3.31,-1.47,-1.01,2.15
2026-03-02,66.30,67.18,67.86,64.65,43173,288394100.00,4.75,-0.49,-0.33,2.62
2026-03-03,66.90,69.22,71.64,66.89,69398,489566391.00,7.07,3.04,2.04,4.21
2026-03-04,68.79,64.65,69.35,64.27,48702,324043418.00,7.34,-6.60,-4.57,2.95
2026-03-05,65.91,64.97,66.83,64.62,23656,156530348.00,3.42,0.49,0.32,1.43
2026-03-06,65.84,66.80,67.29,64.85,23380,156475764.00,3.76,2.82,1.83,1.42
2026-03-09,67.24,80.28,80.28,66.96,138758,1064302633.00,19.94,20.18,13.48,8.41
2026-03-10,89.42,85.58,92.40,77.90,214956,1784353955.00,18.06,6.60,5.30,13.03
2026-03-11,83.51,84.20,84.29,77.00,234217,1887711857.00,8.52,-1.61,-1.38,14.20
2026-03-12,82.41,75.42,84.29,75.02,182760,1455202017.00,11.01,-10.43,-8.78,11.08
2026-03-13,73.33,76.70,77.33,69.95,144088,1063902028.00,9.79,1.70,1.28,8.73
2026-03-16,74.40,74.79,75.60,72.00,103295,770015012.00,4.69,-2.49,-1.91,6.26
2026-03-17,75.38,70.40,76.63,70.40,91583,673056644.00,8.33,-5.87,-4.39,5.55
2026-03-18,70.40,72.34,74.03,70.25,82582,601995500.00,5.37,2.76,1.94,5.01
2026-03-19,69.90,70.04,72.68,68.73,70972,506702236.00,5.46,-3.18,-2.30,4.30
2026-03-20,70.10,67.44,70.83,67.40,57120,395759566.00,4.90,-3.71,-2.60,3.46
2026-03-23,66.40,67.90,70.25,66.14,67418,464310126.00,6.09,0.68,0.46,4.09
2026-03-24,68.94,68.97,69.24,66.22,40088,274522200.00,4.45,1.58,1.07,2.43
2026-03-25,69.36,71.85,73.58,69.27,66544,482699753.00,6.25,4.18,2.88,4.03
2026-03-26,71.38,69.37,72.26,68.92,37086,263451800.00,4.65,-3.45,-2.48,2.25
2026-03-27,67.80,69.48,70.22,67.40,27123,189260045.00,4.07,0.16,0.11,1.64
2026-03-30,68.62,68.93,69.68,67.90,24793,171785369.00,2.56,-0.79,-0.55,1.50
2026-03-31,69.67,67.09,70.50,66.51,43852,302153039.00,5.79,-2.67,-1.84,2.66
2026-04-01,68.40,70.51,70.90,68.32,57506,405269112.00,3.85,5.10,3.42,3.49
2026-04-02,69.58,68.03,70.40,67.58,34430,238266711.00,4.00,-3.52,-2.48,2.09
2026-04-03,68.22,68.38,68.79,66.76,30652,209590070.00,2.98,0.51,0.35,1.86
2026-04-07,68.00,68.28,69.47,67.23,29192,201579167.00,3.28,-0.15,-0.10,1.77
2026-04-08,70.40,72.29,72.38,69.50,48871,351302325.00,4.22,5.87,4.01,2.96
2026-04-09,71.40,72.31,73.55,70.82,51492,376650317.00,3.78,0.03,0.02,3.12
2026-04-10,73.14,75.50,75.91,72.34,70464,528981091.00,4.94,4.41,3.19,4.27
2026-04-13,74.70,73.98,75.70,72.90,46185,345362717.00,3.71,-2.01,-1.52,2.80
2026-04-14,74.73,76.40,76.78,73.78,52686,400061746.00,4.06,3.27,2.42,3.19
2026-04-15,75.60,74.12,78.30,73.90,50552,384669606.00,5.76,-2.98,-2.28,3.06
2026-04-16,74.50,74.48,74.95,73.98,26754,200993226.00,1.31,0.49,0.36,1.62
2026-04-17,74.42,74.55,75.10,73.01,36565,272761809.00,2.81,0.09,0.07,2.22
2026-04-20,74.90,74.40,75.05,74.02,27496,206387504.00,1.38,-0.20,-0.15,1.67
2026-04-21,74.20,72.83,74.57,72.40,35583,262175982.00,2.92,-2.11,-1.57,2.16
2026-04-22,73.20,73.40,73.49,72.20,27100,199542744.00,1.77,0.78,0.57,1.64
2026-04-23,73.25,71.90,73.47,71.30,30093,219119209.00,2.96,-2.04,-1.50,1.82
2026-04-24,71.72,71.56,72.58,71.09,23688,171229611.00,2.07,-0.47,-0.34,1.44
2026-04-27,72.20,72.47,74.00,72.11,36773,270493894.00,2.64,1.27,0.91,2.23
2026-04-28,77.60,73.50,77.95,72.91,76154,574559526.00,6.95,1.42,1.03,4.62
2026-04-29,72.78,74.16,74.90,71.48,48541,360334720.00,4.65,0.90,0.66,2.94
2026-04-30,74.45,75.18,75.55,73.24,45743,343774380.00,3.11,1.38,1.02,2.77
2026-05-06,75.56,76.09,78.24,75.48,52560,407158603.00,3.67,1.21,0.91,3.19
2026-05-07,76.09,74.40,76.10,72.00,80575,597350982.00,5.39,-2.22,-1.69,4.88
2026-05-08,73.29,71.40,73.29,70.90,70693,512859095.00,3.21,-4.03,-3.00,4.28
2026-05-11,71.51,75.71,75.90,71.28,78301,582969048.00,6.47,6.04,4.31,4.75
2026-05-12,75.71,77.62,77.70,73.67,59967,459561548.00,5.32,2.52,1.91,3.63
2026-05-13,76.20,81.88,81.89,75.32,80748,646433306.00,8.46,5.49,4.26,4.89
2026-05-14,81.44,81.63,82.90,79.87,60595,498667467.00,3.70,-0.31,-0.25,3.67
2026-05-15,81.21,81.28,83.49,78.40,51793,417019415.00,6.24,-0.43,-0.35,3.14
2026-05-18,80.23,80.77,82.85,79.36,45886,371786048.00,4.29,-0.63,-0.51,2.78
2026-05-19,80.10,80.00,81.58,79.18,56856,454681603.00,2.97,-0.95,-0.77,3.45
2026-05-20,79.61,82.33,84.40,79.20,57410,472504549.00,6.50,2.91,2.33,3.48
2026-05-21,83.00,76.92,83.88,76.26,57023,458727522.00,9.26,-6.57,-5.41,3.46
2026-05-22,77.63,76.80,79.10,76.38,50515,389944615.00,3.54,-0.16,-0.12,3.06
2026-05-25,76.78,77.88,79.50,76.39,45951,356671917.00,4.05,1.41,1.08,2.78
2026-05-26,77.01,73.78,78.00,71.56,83551,612404023.00,8.27,-5.26,-4.10,5.06
2026-05-27,74.27,70.96,74.30,70.31,56714,406868458.00,5.41,-3.82,-2.82,3.44
2026-05-28,71.00,69.92,71.44,68.89,37630,263380446.00,3.59,-1.47,-1.04,2.28
2026-05-29,69.61,67.17,70.24,66.61,41526,281882198.00,5.19,-3.93,-2.75,2.52
2026-06-01,68.83,71.30,73.73,68.20,69656,496313344.00,8.23,6.15,4.13,4.22
2026-06-02,71.30,69.78,71.30,68.63,34578,241330371.00,3.74,-2.13,-1.52,2.10
2026-06-03,69.90,68.50,71.27,67.51,34542,238784653.00,5.39,-1.83,-1.28,2.09
2026-06-04,67.44,66.82,68.38,66.33,33574,225492044.00,2.99,-2.45,-1.68,2.03
2026-06-05,66.61,65.38,67.29,65.07,30991,204587424.00,3.32,-2.16,-1.44,1.88
2026-06-08,64.01,62.52,64.88,61.61,33171,209492219.00,5.00,-4.37,-2.86,2.01
2026-06-09,63.74,63.10,63.83,61.80,22125,138758248.00,3.25,0.93,0.58,1.34
2026-06-10,62.12,61.62,62.87,60.78,21699,133699736.00,3.31,-2.35,-1.48,1.32
2026-06-11,61.43,60.38,62.25,59.82,25813,156430690.00,3.94,-2.01,-1.24,1.56
2026-06-12,61.17,62.27,62.65,61.17,40730,252388196.00,2.45,3.13,1.89,2.47
2026-06-15,62.18,63.70,64.27,62.02,36771,233421057.00,3.61,2.30,1.43,2.23
2026-06-16,63.88,63.12,63.93,61.63,33755,211394473.00,3.61,-0.91,-0.58,2.05
2026-06-17,62.80,63.98,64.50,62.15,27433,174002907.00,3.72,1.36,0.86,1.66
2026-06-18,64.04,63.77,64.66,63.31,27758,177385114.00,2.11,-0.33,-0.21,1.68
2026-06-22,63.79,62.85,65.30,61.86,32821,207142823.00,5.39,-1.44,-0.92,1.99
2026-06-23,62.86,61.41,63.50,61.12,27327,170472524.00,3.79,-2.29,-1.44,1.66
2026-06-24,61.42,61.42,62.65,60.51,25782,158805496.00,3.48,0.02,0.01,1.56
2026-06-25,61.53,62.03,63.17,61.14,28015,174513183.00,3.31,0.99,0.61,1.70
2026-06-26,61.40,57.75,61.51,57.70,38996,230185002.00,6.14,-6.90,-4.28,2.36
2026-06-29,58.01,56.70,58.32,55.95,39779,227233175.00,4.10,-1.82,-1.05,2.41
2026-06-30,57.00,61.02,62.19,56.66,51858,310736693.64,9.75,7.62,4.32,3.14