2026-01-05,20.43,20.58,20.58,20.34,23323,47983587.48,1.17,0.73,0.15,3.76
2026-01-06,20.61,20.60,20.65,20.49,27491,56734655.40,0.78,0.10,0.02,4.43
2026-01-07,20.61,20.61,20.78,20.53,25894,53588976.69,1.21,0.05,0.01,4.18
2026-01-08,20.59,20.71,20.71,20.50,25854,53525358.95,1.02,0.49,0.10,4.17
2026-01-09,20.73,20.70,20.75,20.60,30101,62442988.64,0.72,-0.05,-0.01,4.85
2026-01-12,20.70,20.81,20.81,20.62,37474,77901725.61,0.92,0.53,0.11,6.04
2026-01-13,20.81,21.02,21.25,20.60,68520,143875513.11,3.12,1.01,0.21,11.05
2026-01-14,20.96,20.84,21.23,20.73,65954,138999973.35,2.38,-0.86,-0.18,10.64
2026-01-15,20.93,20.87,21.00,20.64,38387,80088816.62,1.73,0.14,0.03,6.19
2026-01-16,21.44,21.06,21.58,20.93,62148,132079908.92,3.11,0.91,0.19,10.02
2026-01-19,20.94,22.09,22.10,20.93,126574,275726890.99,5.56,4.89,1.03,20.42
2026-01-20,21.87,21.53,21.87,21.46,81501,176959964.88,1.86,-2.54,-0.56,13.15
2026-01-21,21.41,21.29,21.41,21.13,50352,107321699.59,1.30,-1.11,-0.24,8.12
2026-01-22,21.23,21.41,21.45,21.20,38659,82884413.70,1.17,0.56,0.12,6.24
2026-01-23,21.40,21.49,21.71,21.28,49270,106227225.18,2.01,0.37,0.08,7.95
2026-01-26,21.43,21.25,21.63,21.14,42742,91605589.47,2.28,-1.12,-0.24,6.89
2026-01-27,21.15,21.08,21.19,20.48,41693,87291557.85,3.34,-0.80,-0.17,6.72
2026-01-28,21.08,20.58,21.08,20.55,38320,79771769.12,2.51,-2.37,-0.50,6.18
2026-01-29,20.63,20.35,20.73,20.29,29699,60958555.30,2.14,-1.12,-0.23,4.79
2026-01-30,20.35,20.41,20.52,20.13,22144,45177597.00,1.92,0.29,0.06,3.57
2026-02-02,20.42,20.45,20.78,20.42,29854,61745337.12,1.76,0.20,0.04,4.82
2026-02-03,20.58,20.68,20.71,20.44,23990,49607037.50,1.32,1.12,0.23,3.87
2026-02-04,20.61,20.86,21.00,20.54,29801,62372186.26,2.22,0.87,0.18,4.81
2026-02-05,20.77,20.55,20.85,20.48,22330,46227712.00,1.77,-1.49,-0.31,3.60
2026-02-06,20.43,20.66,20.80,20.39,19044,39493631.48,2.00,0.54,0.11,3.07
2026-02-09,20.83,20.74,20.83,20.65,20458,42576134.57,0.87,0.39,0.08,3.30
2026-02-10,20.74,20.60,20.78,20.59,20178,41840204.80,0.92,-0.68,-0.14,3.25
2026-02-11,20.69,20.61,20.69,20.49,11692,24175562.56,0.97,0.05,0.01,1.89
2026-02-12,20.62,20.66,20.77,20.36,21581,44649976.22,1.99,0.24,0.05,3.48
2026-02-13,20.53,20.36,20.65,20.29,21863,44919822.44,1.74,-1.45,-0.30,3.53
2026-02-24,20.43,20.79,20.79,20.43,30150,62558999.40,1.77,2.11,0.43,4.86
2026-02-25,20.80,20.82,20.85,20.72,24176,50442125.20,0.63,0.14,0.03,3.90
2026-02-26,20.83,21.11,21.13,20.73,40019,84385125.14,1.92,1.39,0.29,6.45
2026-02-27,21.06,21.23,21.28,20.93,34459,73146832.20,1.66,0.57,0.12,5.56
2026-03-02,21.03,21.09,21.23,20.81,35647,75360366.36,1.98,-0.66,-0.14,5.75
2026-03-03,21.09,20.82,21.47,20.77,44272,93843793.71,3.32,-1.28,-0.27,7.14
2026-03-04,20.20,21.36,21.37,20.20,69985,148308937.68,5.62,2.59,0.54,11.29
2026-03-05,21.43,21.70,22.04,21.37,106755,233191215.74,3.14,1.59,0.34,17.22
2026-03-06,21.68,22.04,22.41,21.53,119791,264323564.26,4.06,1.57,0.34,19.32
2026-03-09,21.93,22.13,22.38,21.81,104620,232339821.20,2.59,0.41,0.09,16.87
2026-03-10,22.13,21.93,22.14,21.77,66889,146928059.23,1.67,-0.90,-0.20,10.79
2026-03-11,21.99,22.01,22.23,21.63,58457,128555752.13,2.74,0.36,0.08,9.43
2026-03-12,21.95,22.21,22.31,21.65,85214,188338878.14,3.00,0.91,0.20,13.74
2026-03-13,22.13,22.26,22.61,21.88,93085,208408256.56,3.29,0.23,0.05,15.01
2026-03-16,22.37,22.80,23.00,22.20,117218,265212982.43,3.59,2.43,0.54,18.91
2026-03-17,22.72,23.80,24.68,22.35,187130,438936756.79,10.22,4.39,1.00,30.18
2026-03-18,23.39,25.05,26.19,23.27,280596,702810870.94,12.27,5.25,1.25,45.26
2026-03-19,23.96,24.33,24.93,23.54,194713,471812372.35,5.55,-2.87,-0.72,31.41
2026-03-20,23.85,22.33,24.77,22.13,174601,407647947.95,10.85,-8.22,-2.00,28.16
2026-03-23,21.19,21.29,22.28,21.13,128288,277996203.18,5.15,-4.66,-1.04,20.36
2026-03-24,21.73,22.81,23.21,21.44,192486,435301099.21,8.31,7.14,1.52,30.55
2026-03-25,22.82,22.90,23.23,22.61,146128,335976178.62,2.72,0.39,0.09,23.19
2026-03-26,22.94,22.17,23.03,22.03,98128,220135265.48,4.37,-3.19,-0.73,15.58
2026-03-27,21.76,22.48,22.73,21.63,81671,182967537.43,4.96,1.40,0.31,12.96
2026-03-30,22.04,21.86,22.44,20.99,87783,189827959.86,6.45,-2.76,-0.62,13.93
2026-03-31,21.79,21.77,22.35,21.37,79786,175839553.05,4.48,-0.41,-0.09,12.66
2026-04-01,22.21,22.11,22.50,21.95,72532,161478531.56,2.53,1.56,0.34,11.51
2026-04-02,22.06,21.68,22.73,21.58,76003,168651559.00,5.20,-1.94,-0.43,12.06
2026-04-03,21.94,20.00,21.94,19.96,102689,210833401.90,9.13,-7.75,-1.68,16.30
2026-04-07,20.00,20.04,20.31,19.66,52025,104606118.46,3.25,0.20,0.04,8.26
2026-04-08,20.49,20.69,20.71,20.30,58872,121472580.42,2.05,3.24,0.65,9.34
2026-04-09,20.51,19.95,20.61,19.80,68257,137425239.65,3.91,-3.58,-0.74,10.83
2026-04-10,20.11,20.05,20.29,19.95,48648,98270337.82,1.70,0.50,0.10,7.72
2026-04-13,19.91,20.06,20.08,19.76,44996,89851687.97,1.60,0.05,0.01,7.14
2026-04-14,20.10,19.92,20.15,19.74,45095,90040680.59,2.04,-0.70,-0.14,7.16
2026-04-15,19.93,20.28,20.52,19.85,80868,164660163.89,3.36,1.81,0.36,12.84
2026-04-16,20.29,20.31,20.33,19.95,44490,90034578.60,1.87,0.15,0.03,7.06
2026-04-17,20.24,20.16,20.48,20.03,34465,69700762.22,2.22,-0.74,-0.15,5.47
2026-04-20,20.17,20.96,21.12,20.03,93650,194471699.45,5.41,3.97,0.80,14.87
2026-04-21,20.83,20.58,20.91,20.33,58279,119778170.00,2.77,-1.81,-0.38,9.25
2026-04-22,20.43,20.60,20.60,20.34,35121,72233831.26,1.26,0.10,0.02,5.57
2026-04-23,20.69,20.34,20.85,20.06,49783,101697194.66,3.83,-1.26,-0.26,7.90
2026-04-24,20.16,20.16,20.43,19.99,38073,77095164.08,2.16,-0.88,-0.18,6.04
2026-04-27,20.17,20.25,20.27,19.85,30673,61940033.63,2.08,0.45,0.09,4.87
2026-04-28,20.13,19.91,20.22,19.88,36536,73254466.35,1.68,-1.68,-0.34,5.80
2026-04-29,19.86,20.15,20.21,19.81,29690,59827096.27,2.01,1.21,0.24,4.71
2026-04-30,20.23,19.99,20.23,19.96,26606,53469645.30,1.34,-0.79,-0.16,4.22
2026-05-06,20.01,20.32,20.39,20.01,41802,84859492.36,1.90,1.65,0.33,6.64
2026-05-07,20.48,20.58,20.59,20.29,50263,103358122.83,1.48,1.28,0.26,7.98
2026-05-08,20.53,20.81,20.82,20.40,48169,99739370.38,2.04,1.12,0.23,7.65
2026-05-11,20.93,20.77,20.98,20.59,45549,94771187.26,1.87,-0.19,-0.04,7.23
2026-05-12,20.81,21.59,21.73,20.71,117593,252403915.66,4.91,3.95,0.82,18.67
2026-05-13,21.53,22.89,23.76,21.33,173180,389653963.22,11.26,6.02,1.30,27.49
2026-05-14,22.83,21.92,22.83,21.81,112726,250477379.83,4.46,-4.24,-0.97,17.89
2026-05-15,21.93,21.59,22.13,21.51,66958,146176211.43,2.83,-1.51,-0.33,10.63
2026-05-18,21.53,21.73,21.78,21.35,45964,99573863.91,1.99,0.65,0.14,7.30
2026-05-19,21.63,21.95,21.96,21.42,54630,118940440.01,2.49,1.01,0.22,8.67
2026-05-20,21.93,21.35,21.95,21.19,47740,102910391.69,3.46,-2.73,-0.60,7.58
2026-05-21,21.32,20.37,21.53,20.31,57759,121540496.80,5.71,-4.59,-0.98,9.17
2026-05-22,20.43,20.67,20.78,20.36,27437,56742321.86,2.06,1.47,0.30,4.36
2026-05-25,20.63,20.37,21.08,20.24,32722,67523500.50,4.06,-1.45,-0.30,5.19
2026-05-26,20.40,20.13,20.40,19.88,38645,77705092.87,2.55,-1.18,-0.24,6.13
2026-05-27,20.20,20.29,20.41,20.05,27073,54692366.36,1.79,0.79,0.16,4.30
2026-05-28,20.30,20.97,20.98,20.22,43829,90407225.28,3.75,3.35,0.68,6.96
2026-05-29,20.90,20.56,20.97,20.46,39081,80844230.47,2.43,-1.96,-0.41,6.20
2026-06-01,20.46,21.04,21.06,20.30,40412,84390579.94,3.70,2.33,0.48,6.41
2026-06-02,21.10,21.62,21.91,20.65,57908,123226908.69,5.99,2.76,0.58,9.19
2026-06-03,21.41,21.83,21.96,21.22,59030,127869426.77,3.42,0.97,0.21,9.37
2026-06-04,21.93,20.90,21.93,20.84,49000,104294640.95,4.99,-4.26,-0.93,7.78
2026-06-05,20.90,20.46,20.90,20.28,38622,79363970.10,2.97,-2.11,-0.44,6.13
2026-06-08,19.99,20.21,20.44,19.96,31534,63598347.98,2.35,-1.22,-0.25,5.01
2026-06-09,20.18,20.38,20.43,19.91,28282,56975799.82,2.57,0.84,0.17,4.49
2026-06-10,20.28,20.20,20.28,19.96,29318,58894271.68,1.57,-0.88,-0.18,4.65
2026-06-11,20.01,20.42,20.45,20.01,20907,42276056.00,2.18,1.09,0.22,3.32
2026-06-12,20.59,20.58,20.60,20.22,27287,55776346.58,1.86,0.78,0.16,4.33
2026-06-15,20.56,20.62,20.79,20.44,31724,65409662.96,1.70,0.19,0.04,5.04
2026-06-16,20.49,20.20,20.59,20.14,29837,60413584.33,2.18,-2.04,-0.42,4.74
2026-06-17,20.14,20.03,20.20,19.99,26366,52789914.34,1.04,-0.84,-0.17,4.19
2026-06-18,20.06,20.08,20.17,19.87,22379,44734508.84,1.50,0.25,0.05,3.55
2026-06-22,20.10,18.33,20.12,18.07,81934,151477094.40,10.21,-8.72,-1.75,13.01
2026-06-23,18.36,17.60,18.36,17.58,45275,80989416.10,4.26,-3.98,-0.73,7.19
2026-06-24,17.56,17.00,17.59,16.86,46267,79284938.96,4.15,-3.41,-0.60,7.34
2026-06-25,16.81,16.32,16.97,16.18,46204,75699405.38,4.65,-4.00,-0.68,7.33
2026-06-26,16.29,15.70,16.38,15.68,35437,56301831.74,4.29,-3.80,-0.62,5.62