2026-01-05,9.56,9.63,9.66,9.52,197672,189752675.00,1.46,0.21,0.02,2.43
2026-01-06,9.62,9.73,9.73,9.58,208269,201678155.00,1.56,1.04,0.10,2.56
2026-01-07,9.75,9.62,9.75,9.59,202623,195323179.00,1.64,-1.13,-0.11,2.49
2026-01-08,9.57,9.67,9.68,9.55,194371,187185749.00,1.35,0.52,0.05,2.39
2026-01-09,9.67,9.71,9.74,9.61,248200,240279955.00,1.34,0.41,0.04,3.05
2026-01-12,9.70,10.18,10.25,9.67,619860,621806136.00,5.97,4.84,0.47,7.62
2026-01-13,10.15,9.86,10.16,9.81,400244,397851970.00,3.44,-3.14,-0.32,4.92
2026-01-14,9.86,9.93,10.07,9.78,388252,386136561.00,2.94,0.71,0.07,4.78
2026-01-15,9.88,9.66,9.91,9.61,314167,305426591.00,3.02,-2.72,-0.27,3.86
2026-01-16,9.69,9.62,9.72,9.55,185059,177960362.00,1.76,-0.41,-0.04,2.28
2026-01-19,9.62,9.68,9.68,9.53,157443,151616960.00,1.56,0.62,0.06,1.94
2026-01-20,9.66,9.64,9.73,9.61,137820,132926528.00,1.24,-0.41,-0.04,1.70
2026-01-21,9.64,9.56,9.64,9.51,147104,140656113.00,1.35,-0.83,-0.08,1.81
2026-01-22,9.57,9.61,9.61,9.54,101793,97526967.00,0.73,0.52,0.05,1.25
2026-01-23,9.63,9.81,9.87,9.60,256396,249893671.00,2.81,2.08,0.20,3.15
2026-01-26,9.93,10.33,10.79,9.80,996432,1040292021.00,10.09,5.30,0.52,12.26
2026-01-27,10.33,10.75,10.99,10.01,956286,1015454428.00,9.49,4.07,0.42,11.76
2026-01-28,10.47,10.34,10.65,10.26,592819,617666313.00,3.63,-3.81,-0.41,7.29
2026-01-29,10.34,9.99,10.36,9.97,457001,461810390.00,3.77,-3.38,-0.35,5.62
2026-01-30,9.90,9.66,10.05,9.58,383189,373322908.00,4.70,-3.30,-0.33,4.71
2026-02-02,9.60,9.57,9.81,9.56,227734,220398719.00,2.59,-0.93,-0.09,2.80
2026-02-03,9.61,9.69,9.69,9.57,187917,181139869.00,1.25,1.25,0.12,2.31
2026-02-04,9.65,9.83,9.84,9.60,233955,228057163.00,2.48,1.44,0.14,2.88
2026-02-05,9.83,9.71,9.88,9.70,174938,170610163.00,1.83,-1.22,-0.12,2.15
2026-02-06,9.64,9.71,9.74,9.57,143667,138980462.00,1.75,0.00,0.00,1.77
2026-02-09,9.72,9.88,9.89,9.72,200254,196728324.00,1.75,1.75,0.17,2.46
2026-02-10,9.88,10.08,10.19,9.79,331071,331477194.00,4.05,2.02,0.20,4.07
2026-02-11,10.15,9.81,10.15,9.80,226405,224322381.00,3.47,-2.68,-0.27,2.78
2026-02-12,9.75,9.68,9.80,9.66,154780,150341225.00,1.43,-1.33,-0.13,1.90
2026-02-13,9.65,9.73,9.76,9.65,105058,102125028.00,1.14,0.52,0.05,1.29
2026-02-24,9.79,9.74,9.82,9.72,117416,114450031.00,1.03,0.10,0.01,1.44
2026-02-25,9.71,9.76,9.78,9.70,113579,110717952.00,0.82,0.21,0.02,1.40
2026-02-26,9.76,9.77,9.85,9.72,118603,115877415.00,1.33,0.10,0.01,1.46
2026-02-27,9.75,9.71,9.77,9.67,131343,127310593.00,1.02,-0.61,-0.06,1.62
2026-03-02,9.60,9.41,9.65,9.40,233348,221554095.00,2.57,-3.09,-0.30,2.87
2026-03-03,9.52,9.42,9.68,9.41,184808,175984590.00,2.87,0.11,0.01,2.27
2026-03-04,9.30,9.10,9.34,9.05,183035,167045378.00,3.08,-3.40,-0.32,2.25
2026-03-05,9.18,9.20,9.28,9.15,97735,89896374.00,1.43,1.10,0.10,1.20
2026-03-06,9.20,9.32,9.37,9.15,103793,96148179.00,2.39,1.30,0.12,1.28
2026-03-09,9.26,9.23,9.27,9.12,101755,93459854.00,1.61,-0.97,-0.09,1.25
2026-03-10,9.28,9.28,9.31,9.25,73904,68537205.00,0.65,0.54,0.05,0.91
2026-03-11,9.28,9.21,9.30,9.20,79293,73206879.00,1.08,-0.75,-0.07,0.98
2026-03-12,9.21,9.38,9.45,9.14,172848,160826419.00,3.37,1.85,0.17,2.13
2026-03-13,9.42,10.32,10.32,9.36,831871,837970442.00,10.23,10.02,0.94,10.23
2026-03-16,10.61,10.08,11.13,10.00,1200558,1255960166.00,10.95,-2.33,-0.24,14.77
2026-03-17,10.03,10.04,10.64,9.99,715769,733303042.00,6.45,-0.40,-0.04,8.80
2026-03-18,9.91,9.77,10.12,9.70,496669,488519117.00,4.18,-2.69,-0.27,6.11
2026-03-19,9.75,10.75,10.75,9.68,699706,742072303.00,10.95,10.03,0.98,8.61
2026-03-20,10.59,10.63,10.95,10.30,1201345,1268812629.00,6.05,-1.12,-0.12,14.78
2026-03-23,10.53,10.82,11.00,10.41,951641,1022584323.00,5.55,1.79,0.19,11.70
2026-03-24,10.81,10.88,11.09,10.60,760830,819857886.00,4.53,0.55,0.06,9.36
2026-03-25,10.78,10.60,10.84,10.49,714823,762320164.00,3.22,-2.57,-0.28,8.79
2026-03-26,10.50,10.10,10.60,10.06,590198,604086078.00,5.09,-4.72,-0.50,7.26
2026-03-27,9.90,10.06,10.19,9.62,557395,553539545.00,5.64,-0.40,-0.04,6.86
2026-03-30,9.90,9.60,9.97,9.18,544628,518237422.00,7.85,-4.57,-0.46,6.70
2026-03-31,9.60,9.29,9.70,9.28,374966,354240808.00,4.38,-3.23,-0.31,4.61
2026-04-01,9.38,9.31,9.44,9.23,272863,254028057.00,2.26,0.22,0.02,3.36
2026-04-02,9.27,9.01,9.31,9.00,326978,298474605.00,3.33,-3.22,-0.30,4.02
2026-04-03,8.98,8.30,9.01,8.24,422798,358711621.00,8.55,-7.88,-0.71,5.20
2026-04-07,8.80,8.51,8.81,8.43,273662,234192234.00,4.58,2.53,0.21,3.37
2026-04-08,8.50,8.79,8.85,8.50,324615,281814677.00,4.11,3.29,0.28,3.99
2026-04-09,8.66,8.54,8.69,8.48,239342,204652009.00,2.39,-2.84,-0.25,2.94
2026-04-10,8.57,8.61,8.68,8.53,191841,165468221.00,1.76,0.82,0.07,2.36
2026-04-13,8.60,8.65,8.65,8.48,155904,133548779.00,1.97,0.46,0.04,1.92
2026-04-14,8.65,8.69,8.69,8.55,161934,139659189.00,1.62,0.46,0.04,1.99
2026-04-15,8.69,8.87,9.05,8.69,305841,271196318.00,4.14,2.07,0.18,3.76
2026-04-16,8.80,8.92,8.95,8.73,204657,181126429.00,2.48,0.56,0.05,2.52
2026-04-17,8.92,8.76,8.93,8.73,164829,144790260.00,2.24,-1.79,-0.16,2.03
2026-04-20,8.75,8.80,8.80,8.65,156046,136183908.00,1.71,0.46,0.04,1.92
2026-04-21,8.84,8.68,8.84,8.66,117792,102368883.00,2.05,-1.36,-0.12,1.45
2026-04-22,8.62,8.57,8.65,8.55,128254,110114171.00,1.15,-1.27,-0.11,1.58
2026-04-23,8.53,8.40,8.56,8.40,164062,138406030.00,1.87,-1.98,-0.17,2.02
2026-04-24,8.41,8.47,8.55,8.33,114128,96625150.00,2.62,0.83,0.07,1.40
2026-04-27,8.46,8.51,8.55,8.32,111866,94281115.00,2.72,0.47,0.04,1.38
2026-04-28,8.48,8.33,8.50,8.33,104910,87953534.00,2.00,-2.12,-0.18,1.29
2026-04-29,8.24,8.38,8.43,8.24,84175,70457534.00,2.28,0.60,0.05,1.04
2026-04-30,8.40,8.36,8.44,8.32,77040,64429796.00,1.43,-0.24,-0.02,0.95
2026-05-06,8.36,8.53,8.53,8.36,131722,111686658.00,2.03,2.03,0.17,1.62
2026-05-07,8.55,8.66,8.66,8.53,145627,125328960.00,1.52,1.52,0.13,1.79
2026-05-08,8.65,8.67,8.70,8.55,113613,98132771.00,1.73,0.12,0.01,1.40
2026-05-11,8.67,8.60,8.69,8.55,124731,107256342.00,1.61,-0.81,-0.07,1.53
2026-05-12,8.60,8.80,8.92,8.60,243303,213820521.00,3.72,2.33,0.20,2.99
2026-05-13,8.80,8.83,8.91,8.63,208317,182932002.00,3.18,0.34,0.03,2.56
2026-05-14,8.80,8.53,8.81,8.53,154155,133025043.00,3.17,-3.40,-0.30,1.90
2026-05-15,8.52,8.46,8.63,8.44,97165,82744685.00,2.23,-0.82,-0.07,1.20
2026-05-18,8.48,8.37,8.48,8.35,89348,74820957.00,1.54,-1.06,-0.09,1.10
2026-05-19,8.38,8.44,8.45,8.36,68231,57380569.00,1.08,0.84,0.07,0.84
2026-05-20,8.42,8.28,8.42,8.24,95519,79153801.00,2.13,-1.90,-0.16,1.17
2026-05-21,8.30,7.96,8.35,7.94,132605,107875175.00,4.95,-3.86,-0.32,1.63
2026-05-22,7.95,7.82,8.00,7.71,136518,106458154.00,3.64,-1.76,-0.14,1.68
2026-05-25,7.75,7.57,7.85,7.49,164580,124718105.00,4.60,-3.20,-0.25,2.02
2026-05-26,7.55,7.96,8.18,7.41,237103,186294407.00,10.17,5.15,0.39,2.92
2026-05-27,7.81,7.59,7.84,7.54,151063,115749725.00,3.77,-4.65,-0.37,1.86
2026-05-28,7.55,7.63,7.72,7.53,74870,57159266.00,2.50,0.53,0.04,0.92
2026-05-29,7.60,7.69,7.83,7.57,90476,69734858.00,3.41,0.79,0.06,1.11
2026-06-01,7.69,7.87,7.91,7.47,112022,87143080.00,5.72,2.34,0.18,1.38
2026-06-02,7.84,7.61,7.84,7.60,93059,71324313.00,3.05,-3.30,-0.26,1.14
2026-06-03,7.55,7.48,7.59,7.42,84798,63309914.00,2.23,-1.71,-0.13,1.04
2026-06-04,7.46,7.13,7.48,7.10,127931,92248255.00,5.08,-4.68,-0.35,1.57
2026-06-05,7.14,7.17,7.30,7.00,111706,79833452.00,4.21,0.56,0.04,1.37
2026-06-08,7.00,6.92,7.15,6.87,101984,71169794.00,3.91,-3.49,-0.25,1.25
2026-06-09,6.97,7.00,7.02,6.77,94514,65553284.00,3.61,1.16,0.08,1.16
2026-06-10,6.93,6.96,6.99,6.84,76078,52632831.00,2.14,-0.57,-0.04,0.94
2026-06-11,6.93,6.85,6.95,6.79,72313,49482073.00,2.30,-1.58,-0.11,0.89
2026-06-12,6.90,6.97,7.01,6.81,86482,60056368.00,2.92,1.75,0.12,1.06