2026-01-05,37.69,38.18,38.41,37.21,12567,47779779.00,3.21,1.98,0.74,3.23
2026-01-06,38.41,38.15,38.70,37.73,11406,43563578.00,2.54,-0.08,-0.03,2.93
2026-01-07,38.32,38.56,38.98,38.20,12194,47159578.00,2.04,1.07,0.41,3.13
2026-01-08,38.56,38.88,39.12,38.30,11721,45489407.00,2.13,0.83,0.32,3.01
2026-01-09,38.88,39.20,39.28,38.40,12441,48452619.00,2.26,0.82,0.32,3.20
2026-01-12,39.44,40.05,40.29,39.11,13570,54034582.00,3.01,2.17,0.85,3.49
2026-01-13,40.26,39.33,40.48,39.10,13485,53466003.00,3.45,-1.80,-0.72,3.47
2026-01-14,39.33,41.01,42.68,39.20,32342,132762936.00,8.85,4.27,1.68,8.31
2026-01-15,41.04,40.44,41.05,39.53,17534,70347381.00,3.71,-1.39,-0.57,4.51
2026-01-16,40.46,41.31,41.66,39.82,18707,76237772.00,4.55,2.15,0.87,4.81
2026-01-19,41.63,41.03,41.64,40.51,12688,51940623.00,2.74,-0.68,-0.28,3.26
2026-01-20,41.03,41.29,41.89,40.70,16338,67597628.00,2.90,0.63,0.26,4.20
2026-01-21,40.47,42.10,42.30,40.45,14737,61590774.00,4.48,1.96,0.81,3.79
2026-01-22,42.30,42.10,42.94,41.72,16900,71417770.00,2.90,0.00,0.00,4.34
2026-01-23,42.40,42.28,42.41,41.80,13523,56858630.00,1.45,0.43,0.18,3.48
2026-01-26,42.20,41.03,42.26,40.41,15840,65198549.00,4.38,-2.96,-1.25,4.07
2026-01-27,40.58,41.94,42.15,39.03,22790,92920809.00,7.60,2.22,0.91,5.86
2026-01-28,42.16,41.96,43.10,41.37,21287,89963606.00,4.12,0.05,0.02,5.47
2026-01-29,41.96,41.00,42.60,40.68,15936,66409062.00,4.58,-2.29,-0.96,4.10
2026-01-30,40.45,41.86,41.97,40.26,14738,60822124.00,4.17,2.10,0.86,3.79
2026-02-02,42.10,39.38,42.10,39.30,15775,63442701.00,6.69,-5.92,-2.48,4.05
2026-02-03,39.80,40.60,41.12,39.50,16467,66833492.00,4.11,3.10,1.22,4.23
2026-02-04,41.29,39.75,41.29,39.24,16067,64302298.00,5.05,-2.09,-0.85,4.13
2026-02-05,40.40,39.68,40.40,39.01,13133,51933433.00,3.50,-0.18,-0.07,3.38
2026-02-06,39.49,39.51,40.20,39.10,10015,39692192.00,2.77,-0.43,-0.17,2.57
2026-02-09,39.88,40.57,40.88,39.68,14453,58573075.00,3.04,2.68,1.06,3.72
2026-02-10,40.77,39.96,40.77,39.80,9258,37319399.00,2.39,-1.50,-0.61,2.38
2026-02-11,40.19,40.06,40.48,39.71,8641,34638058.00,1.93,0.25,0.10,2.22
2026-02-12,40.26,40.90,41.18,39.82,12271,49976854.00,3.39,2.10,0.84,3.15
2026-02-13,40.61,41.02,41.65,40.61,10703,44191943.00,2.54,0.29,0.12,2.75
2026-02-24,41.50,41.68,42.00,40.80,13500,56184200.00,2.93,1.61,0.66,3.47
2026-02-25,41.05,41.62,42.03,40.92,11986,49816856.00,2.66,-0.14,-0.06,3.08
2026-02-26,41.63,42.50,43.00,41.28,17811,75176233.00,4.13,2.11,0.88,4.58
2026-02-27,42.29,42.54,42.54,41.51,11986,50253817.00,2.42,0.09,0.04,3.08
2026-03-02,41.85,41.15,42.50,40.81,16748,69298009.00,3.97,-3.27,-1.39,4.30
2026-03-03,41.15,38.83,41.65,38.70,19888,79385020.00,7.17,-5.64,-2.32,5.11
2026-03-04,38.51,37.83,39.20,37.77,12187,46729665.00,3.68,-2.58,-1.00,3.13
2026-03-05,39.25,39.68,40.50,39.25,15302,61036254.00,3.30,4.89,1.85,3.93
2026-03-06,40.08,42.61,43.49,39.39,25237,105650173.00,10.33,7.38,2.93,6.49
2026-03-09,41.74,42.76,43.38,41.42,22275,94009490.00,4.60,0.35,0.15,5.73
2026-03-10,43.10,47.06,50.72,43.10,56115,262584105.00,17.82,10.06,4.30,14.42
2026-03-11,46.58,46.10,48.19,45.82,46301,216349036.00,5.04,-2.04,-0.96,11.90
2026-03-12,46.30,48.17,48.56,44.90,48715,228619191.00,7.94,4.49,2.07,12.52
2026-03-13,48.17,45.75,48.20,45.75,28526,132528357.00,5.09,-5.02,-2.42,7.33
2026-03-30,54.90,54.90,54.90,50.81,72318,389935771.00,8.94,20.00,9.15,18.59
2026-03-31,53.40,49.70,56.89,49.22,90225,474334850.00,13.97,-9.47,-5.20,23.19
2026-04-01,51.45,52.26,53.33,49.78,64049,329861660.00,7.14,5.15,2.56,16.46
2026-04-02,54.80,56.21,60.98,54.00,79991,458172467.00,13.36,7.56,3.95,20.56
2026-04-03,57.22,56.41,57.31,53.35,57193,316661600.00,7.05,0.36,0.20,14.70
2026-04-07,55.88,55.77,59.22,54.68,43302,244447076.00,8.05,-1.13,-0.64,11.13
2026-04-08,57.00,66.92,66.92,56.00,82385,509166256.00,19.58,19.99,11.15,21.18
2026-04-09,65.11,78.50,79.56,64.73,102529,758412134.00,22.16,17.30,11.58,26.35
2026-04-10,80.07,81.11,84.73,76.06,93090,739279517.00,11.04,3.32,2.61,23.93
2026-04-13,79.80,84.63,87.31,79.80,81942,684562144.00,9.26,4.34,3.52,21.06
2026-04-14,86.75,95.60,99.73,86.32,95757,910296688.00,15.85,12.96,10.97,24.61
2026-04-15,95.73,91.51,97.00,90.00,66835,616429067.00,7.32,-4.28,-4.09,17.18
2026-04-16,93.00,93.98,95.54,90.11,45967,425954955.00,5.93,2.70,2.47,11.82
2026-04-17,93.99,101.86,105.00,93.99,75162,747382986.00,11.72,8.38,7.88,19.32
2026-04-20,98.81,91.19,100.85,89.70,99851,928931534.00,10.95,-10.48,-10.67,25.67
2026-04-21,91.00,88.96,91.00,86.46,53567,474013276.00,4.98,-2.45,-2.23,13.77
2026-04-22,90.32,88.46,90.60,86.81,49159,433225349.00,4.26,-0.56,-0.50,12.64
2026-04-23,88.47,82.30,89.02,81.21,59059,494006857.00,8.83,-6.96,-6.16,15.18
2026-04-24,83.11,83.47,87.68,80.68,75846,634478532.00,8.51,1.42,1.17,19.50
2026-04-27,83.66,95.99,96.64,83.66,107623,988239450.00,15.55,15.00,12.52,27.66
2026-04-28,97.71,92.20,98.33,91.00,56911,531615017.00,7.64,-3.95,-3.79,14.63
2026-04-29,90.00,89.28,91.52,86.05,48192,430497421.00,5.93,-3.17,-2.92,12.39
2026-04-30,90.90,96.00,97.00,87.16,90691,844635210.00,11.02,7.53,6.72,23.31
2026-05-06,98.79,91.90,103.50,91.00,102281,982653580.00,13.02,-4.27,-4.10,26.29
2026-05-07,91.76,95.40,97.89,89.20,67157,637500098.00,9.46,3.81,3.50,17.26
2026-05-08,94.91,107.46,112.00,93.00,93554,967304676.00,19.92,12.64,12.06,24.05
2026-05-11,111.72,123.53,126.50,106.00,88240,1013815185.00,19.08,14.95,16.07,22.68
2026-05-12,123.99,137.50,139.98,123.99,87278,1160993031.00,12.94,11.31,13.97,22.43
2026-05-13,135.00,139.40,145.67,128.00,85585,1181776051.00,12.85,1.38,1.90,22.00
2026-05-14,141.98,140.00,148.50,138.00,69008,985435830.00,7.53,0.43,0.60,17.74
2026-05-15,135.91,136.04,141.13,128.50,83571,1124658580.00,9.02,-2.83,-3.96,21.48
2026-05-18,133.00,130.00,134.99,127.94,53727,706383495.00,5.18,-4.44,-6.04,13.81
2026-05-19,132.00,126.96,133.20,122.55,38819,489469191.00,8.19,-2.34,-3.04,9.98
2026-05-20,128.00,126.74,133.49,123.12,46248,588123735.00,8.17,-0.17,-0.22,11.89
2026-05-21,129.74,116.00,130.57,116.00,54733,671019257.00,11.50,-8.47,-10.74,14.07
2026-05-22,117.10,119.99,121.73,115.49,33918,400771754.00,5.38,3.44,3.99,8.72
2026-05-25,120.05,123.83,131.00,116.54,58319,723346892.00,12.05,3.20,3.84,14.99
2026-05-26,122.01,110.00,123.14,99.06,60017,673463458.00,19.45,-11.17,-13.83,15.43
2026-05-27,113.20,106.24,113.20,105.57,41140,446078202.00,6.94,-3.42,-3.76,10.57
2026-05-28,106.82,112.32,112.96,104.01,31413,344721385.00,8.42,5.72,6.08,8.07
2026-05-29,115.07,113.78,119.00,111.33,36083,415054003.00,6.83,1.30,1.46,9.27
2026-06-01,113.78,105.23,114.00,102.01,34070,365015145.00,10.54,-7.51,-8.55,8.76
2026-06-02,104.83,104.05,107.56,101.00,26951,280945227.00,6.23,-1.12,-1.18,6.93
2026-06-03,104.55,107.30,112.88,102.48,36906,395785844.00,10.00,3.12,3.25,9.49
2026-06-04,105.00,104.00,113.40,101.80,40623,435304020.00,10.81,-3.08,-3.30,10.44
2026-06-05,104.40,100.40,104.40,97.96,27497,276338514.00,6.19,-3.46,-3.60,7.07
2026-06-08,95.01,97.51,100.98,95.00,28337,277028539.00,5.96,-2.88,-2.89,7.28
2026-06-09,98.39,106.62,107.55,97.98,47777,494468641.00,9.81,9.34,9.11,12.28
2026-06-10,104.00,94.70,106.13,92.00,45356,441518596.00,13.25,-11.18,-11.92,11.66
2026-06-11,94.50,95.86,98.50,93.01,26211,250978826.00,5.80,1.22,1.16,6.74
2026-06-12,97.50,94.27,100.99,94.02,28240,274647593.00,7.27,-1.66,-1.59,7.26