2026-01-05,12.04,12.31,12.32,12.04,36694,46340525.00,2.33,2.33,0.28,1.06
2026-01-06,12.31,12.33,12.38,12.24,39673,50383099.00,1.14,0.16,0.02,1.15
2026-01-07,12.36,12.21,12.36,12.18,43057,54466498.00,1.46,-0.97,-0.12,1.24
2026-01-08,12.20,12.45,12.49,12.15,52233,66645858.00,2.78,1.97,0.24,1.51
2026-01-09,12.42,12.48,12.48,12.38,48671,62516509.00,0.80,0.24,0.03,1.41
2026-01-12,12.48,12.57,12.58,12.41,52252,67457367.00,1.36,0.72,0.09,1.51
2026-01-13,12.61,12.65,12.84,12.53,76713,100464272.00,2.47,0.64,0.08,2.22
2026-01-14,12.68,12.56,12.73,12.40,70965,92257245.00,2.61,-0.71,-0.09,2.05
2026-01-15,12.56,12.61,12.69,12.51,32493,42317496.00,1.43,0.40,0.05,0.94
2026-01-16,12.62,12.53,12.65,12.51,30167,39112772.00,1.11,-0.63,-0.08,0.87
2026-01-19,12.49,12.82,12.85,12.48,55887,73613517.00,2.95,2.31,0.29,1.61
2026-01-20,12.82,12.96,13.07,12.81,52147,69613502.00,2.03,1.09,0.14,1.51
2026-01-21,13.37,13.38,13.55,13.26,123917,170562543.00,2.24,3.24,0.42,3.58
2026-01-22,13.38,13.48,13.52,13.32,77896,107612789.00,1.49,0.75,0.10,2.25
2026-01-23,13.46,13.38,13.51,13.28,59385,81714729.00,1.71,-0.74,-0.10,1.72
2026-01-26,13.57,13.89,13.89,13.38,110457,155447024.00,3.81,3.81,0.51,3.19
2026-01-27,13.66,13.56,13.74,13.32,82755,114988096.00,3.02,-2.38,-0.33,2.39
2026-01-28,13.61,13.51,13.73,13.47,54158,75648100.00,1.92,-0.37,-0.05,1.56
2026-01-29,13.47,13.39,13.57,13.32,46884,64831911.00,1.85,-0.89,-0.12,1.35
2026-01-30,13.41,13.48,13.62,13.33,62187,86185259.00,2.17,0.67,0.09,1.80
2026-02-02,13.43,13.32,13.52,13.31,74781,103370746.00,1.56,-1.19,-0.16,2.16
2026-02-03,13.32,13.60,13.63,13.32,66131,91869042.00,2.33,2.10,0.28,1.91
2026-02-04,13.65,13.69,13.80,13.58,49319,69493892.00,1.62,0.66,0.09,1.43
2026-02-05,13.69,13.66,13.84,13.63,39509,55833455.00,1.53,-0.22,-0.03,1.14
2026-02-06,13.56,13.63,13.80,13.54,38766,54690508.00,1.90,-0.22,-0.03,1.12
2026-02-09,13.69,13.66,13.80,13.59,38792,54610212.00,1.54,0.22,0.03,1.12
2026-02-10,13.66,13.64,13.74,13.58,27731,38963894.00,1.17,-0.15,-0.02,0.80
2026-02-11,13.63,13.62,13.70,13.55,24681,34613812.00,1.10,-0.15,-0.02,0.71
2026-02-12,13.67,13.50,13.67,13.48,27826,38770349.00,1.40,-0.88,-0.12,0.80
2026-02-13,13.46,13.42,13.61,13.42,24509,34082746.00,1.41,-0.59,-0.08,0.71
2026-02-24,13.40,13.66,13.73,13.39,37087,51961767.00,2.53,1.79,0.24,1.07
2026-02-25,13.64,13.69,13.79,13.63,32070,45214775.00,1.17,0.22,0.03,0.93
2026-02-26,13.69,13.70,13.79,13.62,31459,44286150.00,1.24,0.07,0.01,0.91
2026-02-27,13.74,13.84,13.97,13.66,59263,84444275.00,2.26,1.02,0.14,1.71
2026-03-02,13.74,13.50,13.86,13.48,55762,78262058.00,2.75,-2.46,-0.34,1.61
2026-03-03,13.46,13.11,13.58,13.06,64024,87771260.00,3.85,-2.89,-0.39,1.85
2026-03-04,13.06,12.99,13.25,12.90,45010,60505318.00,2.67,-0.92,-0.12,1.30
2026-03-05,13.20,12.95,13.26,12.89,40396,54382067.00,2.85,-0.31,-0.04,1.17
2026-03-06,12.92,13.44,13.47,12.92,48054,65652542.00,4.25,3.78,0.49,1.39
2026-03-09,13.29,13.29,13.55,13.26,47786,65805902.00,2.16,-1.12,-0.15,1.38
2026-03-10,13.41,13.38,13.48,13.27,28822,39621554.00,1.58,0.68,0.09,0.83
2026-03-11,13.39,13.34,13.43,13.28,25814,35416626.00,1.12,-0.30,-0.04,0.75
2026-03-12,13.40,13.39,13.45,13.19,39099,53726304.00,1.95,0.37,0.05,1.13
2026-03-13,13.32,13.44,13.63,13.30,50924,70781031.00,2.46,0.37,0.05,1.47
2026-03-16,13.40,13.43,13.60,13.34,37894,52540418.00,1.93,-0.07,-0.01,1.10
2026-03-17,13.38,13.12,13.51,13.08,37517,51385105.00,3.20,-2.31,-0.31,1.08
2026-03-18,13.12,13.14,13.20,12.94,31481,42348986.00,1.98,0.15,0.02,0.91
2026-03-19,13.01,12.81,13.15,12.77,36531,48702930.00,2.89,-2.51,-0.33,1.06
2026-03-20,12.82,12.46,12.88,12.46,41328,53702718.00,3.28,-2.73,-0.35,1.19
2026-03-23,12.40,11.54,12.40,11.40,91896,112529652.00,8.03,-7.38,-0.92,2.66
2026-03-24,11.92,11.86,11.92,11.47,48943,59162888.00,3.90,2.77,0.32,1.41
2026-03-25,11.90,11.85,11.96,11.79,43012,52796828.00,1.43,-0.08,-0.01,1.24
2026-03-26,11.95,11.83,12.07,11.76,42327,52079736.00,2.62,-0.17,-0.02,1.22
2026-03-27,11.72,12.11,12.16,11.68,44267,54929720.00,4.06,2.37,0.28,1.28
2026-03-30,11.90,12.08,12.20,11.87,46659,58136398.00,2.73,-0.25,-0.03,1.35
2026-03-31,12.08,11.96,12.22,11.93,32415,40434760.00,2.40,-0.99,-0.12,0.94
2026-04-01,12.22,12.20,12.22,11.99,33922,42523216.00,1.92,2.01,0.24,0.98
2026-04-02,12.14,12.36,12.46,12.13,39378,50128402.00,2.70,1.31,0.16,1.14
2026-04-03,12.27,11.92,12.34,11.90,35045,43724877.00,3.56,-3.56,-0.44,1.01
2026-04-07,12.00,12.28,12.53,11.81,49331,62187158.00,6.04,3.02,0.36,1.43
2026-04-08,12.47,12.49,12.62,12.35,55482,71335629.00,2.20,1.71,0.21,1.60
2026-04-09,12.45,12.19,12.60,12.12,45139,57373528.00,3.84,-2.40,-0.30,1.30
2026-04-10,12.30,12.36,12.42,12.19,35128,44735323.00,1.89,1.39,0.17,1.02
2026-04-13,12.45,12.22,12.45,12.08,38520,48405556.00,2.99,-1.13,-0.14,1.11
2026-04-14,12.24,12.29,12.31,12.07,35234,44447169.00,1.96,0.57,0.07,1.02
2026-04-15,12.32,12.45,12.50,12.32,39345,50464629.00,1.46,1.30,0.16,1.14
2026-04-16,12.49,12.47,12.49,12.36,31422,40332838.00,1.04,0.16,0.02,0.91
2026-04-17,12.48,12.24,12.50,12.15,37844,47882748.00,2.81,-1.84,-0.23,1.09
2026-04-20,12.28,12.24,12.33,12.11,28848,36352672.00,1.80,0.00,0.00,0.83
2026-04-21,12.20,12.16,12.31,12.11,21087,26530542.00,1.63,-0.65,-0.08,0.61
2026-04-22,12.09,12.15,12.30,12.08,32880,41257997.00,1.81,-0.08,-0.01,0.95
2026-04-23,12.19,12.04,12.19,11.99,28446,35402894.00,1.65,-0.91,-0.11,0.82
2026-04-24,12.07,12.08,12.12,11.93,26915,33473026.00,1.58,0.33,0.04,0.78
2026-04-27,12.08,12.17,12.20,11.95,35600,44373578.00,2.07,0.75,0.09,1.03
2026-04-28,12.10,12.05,12.29,12.01,35474,44534061.00,2.30,-0.99,-0.12,1.03
2026-04-29,11.80,11.61,11.80,11.27,82445,98518116.00,4.40,-3.65,-0.44,2.38
2026-04-30,11.61,11.57,11.67,11.51,42072,50398585.00,1.38,-0.34,-0.04,1.22
2026-05-06,11.65,11.29,11.65,11.25,83254,97970250.00,3.46,-2.42,-0.28,2.41
2026-05-07,11.33,11.27,11.35,11.16,51629,60028944.00,1.68,-0.18,-0.02,1.49
2026-05-08,11.23,11.29,11.30,11.20,33517,39038462.00,0.89,0.18,0.02,0.97
2026-05-11,11.32,11.38,11.39,11.22,35163,41125888.00,1.51,0.80,0.09,1.02
2026-05-12,11.41,11.19,11.43,11.11,46615,54089138.00,2.81,-1.67,-0.19,1.35
2026-05-13,11.13,11.11,11.16,11.02,29537,33874789.00,1.25,-0.71,-0.08,0.85
2026-05-14,11.08,10.99,11.11,10.93,32135,36609606.00,1.62,-1.08,-0.12,0.93
2026-05-15,10.99,10.94,11.08,10.90,28622,32588550.00,1.64,-0.45,-0.05,0.83
2026-05-18,10.94,10.93,11.02,10.81,26277,29588373.00,1.92,-0.09,-0.01,0.76
2026-05-19,10.95,10.99,11.03,10.82,19166,21801217.00,1.92,0.55,0.06,0.55
2026-05-20,10.99,10.96,11.00,10.84,19758,22310897.00,1.46,-0.27,-0.03,0.57
2026-05-21,10.96,10.74,11.02,10.71,27290,30764190.00,2.83,-2.01,-0.22,0.79
2026-05-22,10.72,10.74,10.79,10.63,20807,23121928.00,1.49,0.00,0.00,0.60
2026-05-25,10.73,10.53,10.74,10.50,28275,30979724.00,2.23,-1.96,-0.21,0.82
2026-05-26,10.50,10.41,10.53,10.30,32300,34904647.00,2.18,-1.14,-0.12,0.93
2026-05-27,10.38,10.20,10.40,10.12,32848,34884367.00,2.69,-2.02,-0.21,0.95
2026-05-28,10.16,10.17,10.28,9.99,30787,32426871.00,2.84,-0.29,-0.03,0.89
2026-05-29,10.13,10.22,10.35,10.10,29616,31471625.00,2.46,0.49,0.05,0.86
2026-06-01,10.23,10.53,10.55,10.16,40856,44207807.00,3.82,3.03,0.31,1.18
2026-06-02,10.48,10.34,10.60,10.27,34647,37300340.00,3.13,-1.80,-0.19,1.00
2026-06-03,10.36,10.13,10.36,10.07,26267,27688934.00,2.80,-2.03,-0.21,0.76
2026-06-04,10.04,9.95,10.16,9.91,24661,25630686.00,2.47,-1.78,-0.18,0.71
2026-06-05,9.94,10.03,10.11,9.89,20330,21178849.00,2.21,0.80,0.08,0.59
2026-06-08,9.95,9.83,10.09,9.72,30823,31750559.00,3.69,-1.99,-0.20,0.89
2026-06-09,9.89,10.04,10.07,9.81,27016,28024134.00,2.64,2.14,0.21,0.78
2026-06-10,9.98,10.07,10.11,9.95,24712,25779373.00,1.59,0.30,0.03,0.71
2026-06-11,10.02,9.83,10.07,9.73,22845,23381549.00,3.38,-2.38,-0.24,0.66
2026-06-12,9.85,10.07,10.07,9.78,29005,30082230.00,2.95,2.44,0.24,0.84
2026-06-15,10.06,10.15,10.23,10.05,38617,40600779.00,1.79,0.79,0.08,1.12
2026-06-16,10.11,10.04,10.12,9.97,27047,27092933.00,1.48,-1.08,-0.11,0.78
2026-06-17,10.01,9.78,10.04,9.75,24198,23760854.00,2.89,-2.59,-0.26,0.70
2026-06-18,9.79,9.89,9.94,9.65,21672,21311685.00,2.97,1.12,0.11,0.63
2026-06-22,9.90,10.24,10.24,9.65,39012,38834546.00,5.97,3.54,0.35,1.13
2026-06-23,10.18,10.38,10.47,10.11,26718,27689933.00,3.52,1.37,0.14,0.77
2026-06-24,10.34,10.25,10.39,10.08,20670,21097081.00,2.99,-1.25,-0.13,0.60
2026-06-25,10.16,10.22,10.28,10.00,21622,21880099.00,2.73,-0.29,-0.03,0.62
2026-06-26,10.12,9.81,10.38,9.81,22216,22104230.00,5.58,-4.01,-0.41,0.64
2026-06-29,9.72,10.08,10.14,9.56,28765,28426789.00,5.91,2.75,0.27,0.83
2026-06-30,10.05,9.79,10.09,9.73,21883,21476362.00,3.57,-2.88,-0.29,0.63
2026-07-01,9.79,10.10,10.13,9.67,27345,27293753.00,4.70,3.17,0.31,0.79
2026-07-02,10.10,10.33,10.41,10.05,33939,34901002.00,3.56,2.28,0.23,0.98
2026-07-03,10.30,10.45,10.51,10.28,26079,27188425.00,2.23,1.16,0.12,0.75
2026-07-06,10.50,10.55,10.75,10.45,40791,43249087.00,2.87,0.96,0.10,1.18
2026-07-07,10.45,10.24,10.55,10.21,25693,26443417.00,3.22,-2.94,-0.31,0.74
2026-07-08,10.24,10.29,10.37,10.00,22150,22681732.00,3.61,0.49,0.05,0.64
2026-07-09,10.21,10.12,10.30,9.99,22708,22919197.00,3.01,-1.65,-0.17,0.66
2026-07-10,10.17,10.22,10.32,9.97,24218,24689044.00,3.46,0.99,0.10,0.70
2026-07-13,10.17,10.27,10.32,10.10,26900,27516824.00,2.15,0.49,0.05,0.78
2026-07-14,10.28,10.44,10.46,10.10,23892,24742989.00,3.51,1.66,0.17,0.69
2026-07-15,10.44,10.53,10.65,10.37,35515,37422204.00,2.68,0.86,0.09,1.03
2026-07-16,10.48,11.01,11.07,10.43,72647,78779054.00,6.08,4.56,0.48,2.10
2026-07-17,10.98,10.70,11.13,10.60,56809,61808765.00,4.81,-2.82,-0.31,1.64
2026-07-20,10.72,10.52,10.83,10.37,41644,44079768.00,4.30,-1.68,-0.18,1.20
2026-07-21,10.41,10.31,10.57,10.20,45060,46604270.00,3.52,-2.00,-0.21,1.30
2026-07-22,10.32,10.18,10.39,10.11,32106,32862060.00,2.72,-1.26,-0.13,0.93
2026-07-23,10.10,10.26,10.30,10.08,21488,21875263.00,2.16,0.79,0.08,0.62
2026-07-24,10.19,9.95,10.29,9.95,24868,25048721.00,3.31,-3.02,-0.31,0.72
2026-07-27,10.00,10.10,10.16,9.87,15038,15189585.00,2.91,1.51,0.15,0.43
2026-07-28,10.04,10.10,10.19,10.03,14592,14770340.00,1.58,0.00,0.00,0.42
2026-07-29,10.08,10.22,10.28,10.08,27045,27585334.00,1.98,1.19,0.12,0.78