2026-01-05,15.31,16.43,16.83,15.31,281331,458026159.00,9.28,0.31,0.05,6.26
2026-01-06,16.01,16.26,17.53,15.86,298728,496773844.00,10.16,-1.03,-0.17,6.65
2026-01-07,16.45,16.22,16.55,15.77,177725,287338052.00,4.80,-0.25,-0.04,3.96
2026-01-08,16.06,16.37,16.78,16.06,188128,310825594.00,4.44,0.92,0.15,4.19
2026-01-09,16.30,15.70,16.36,15.65,182089,289947279.00,4.34,-4.09,-0.67,4.05
2026-01-12,15.70,15.70,16.10,15.52,189587,300377643.00,3.69,0.00,0.00,4.22
2026-01-13,15.77,15.78,16.28,15.25,148041,234321475.00,6.56,0.51,0.08,3.30
2026-01-14,15.68,15.63,15.85,15.41,115753,181130610.00,2.79,-0.95,-0.15,2.58
2026-01-15,15.51,15.62,15.94,15.50,70311,110405452.00,2.82,-0.06,-0.01,1.57
2026-01-16,16.17,17.19,17.19,16.17,80225,135976014.00,6.53,10.05,1.57,1.79
2026-01-19,17.43,18.35,18.42,16.83,335343,599694679.00,9.25,6.75,1.16,7.47
2026-01-20,17.94,18.40,18.89,17.55,206638,379943743.00,7.30,0.27,0.05,4.60
2026-01-21,18.22,17.95,18.73,17.70,106075,191497961.00,5.60,-2.45,-0.45,2.36
2026-01-22,18.00,17.86,18.34,17.65,83751,150375547.00,3.84,-0.50,-0.09,1.86
2026-01-23,17.95,17.40,18.00,17.26,89415,156196449.00,4.14,-2.58,-0.46,1.99
2026-01-26,17.41,17.37,17.74,17.13,79612,139052368.00,3.51,-0.17,-0.03,1.77
2026-01-27,17.55,17.90,18.46,17.30,129159,231445296.00,6.68,3.05,0.53,2.88
2026-01-28,17.78,18.34,19.05,17.55,179421,331434030.00,8.38,2.46,0.44,4.00
2026-01-29,18.20,17.62,18.42,17.55,119751,215095791.00,4.74,-3.93,-0.72,2.67
2026-01-30,17.45,18.25,18.72,17.26,123285,224307069.00,8.29,3.58,0.63,2.75
2026-02-02,18.50,17.78,18.75,17.78,83806,151528783.00,5.32,-2.58,-0.47,1.87
2026-02-03,17.80,18.61,18.73,17.80,90239,166468247.00,5.23,4.67,0.83,2.01
2026-02-04,18.38,19.09,19.47,18.38,91925,176002265.00,5.86,2.58,0.48,2.05
2026-02-05,18.94,17.80,18.94,17.47,100158,180861864.00,7.70,-6.76,-1.29,2.23
2026-02-06,17.49,17.52,17.85,17.26,51311,90426410.00,3.31,-1.57,-0.28,1.14
2026-02-09,17.56,17.38,17.62,17.01,53975,93929241.00,3.48,-0.80,-0.14,1.20
2026-02-10,17.49,17.80,17.95,17.13,52331,92498681.00,4.72,2.42,0.42,1.17
2026-02-11,17.65,17.29,18.01,17.12,47832,83226304.00,5.00,-2.87,-0.51,1.07
2026-02-12,17.17,17.42,17.73,17.13,41650,73252358.00,3.47,0.75,0.13,0.93
2026-02-13,17.40,17.36,17.61,17.15,33822,59052249.00,2.64,-0.34,-0.06,0.75
2026-02-24,17.45,17.80,17.87,17.20,44385,78542098.00,3.86,2.53,0.44,0.99
2026-02-25,17.83,17.80,17.93,17.51,26624,47286800.00,2.36,0.00,0.00,0.59
2026-02-26,17.94,17.66,18.00,17.22,55737,98470343.00,4.38,-0.79,-0.14,1.24
2026-02-27,17.63,17.87,18.00,17.50,30805,54940093.00,2.83,1.19,0.21,0.69
2026-03-02,17.86,18.20,18.93,17.65,84564,155663231.00,7.16,1.85,0.33,1.88
2026-03-03,18.24,17.55,18.55,17.48,59651,107211647.00,5.88,-3.57,-0.65,1.33
2026-03-04,17.30,17.70,18.20,17.25,44912,80127942.00,5.41,0.85,0.15,1.00
2026-03-05,17.76,18.30,18.43,17.76,51876,94650541.00,3.79,3.39,0.60,1.16
2026-03-06,18.33,18.59,19.21,18.08,81901,152762270.00,6.17,1.58,0.29,1.82
2026-03-09,18.37,17.53,18.38,17.12,78852,139063836.00,6.78,-5.70,-1.06,1.76
2026-03-10,17.74,17.91,18.12,17.49,41626,74517290.00,3.59,2.17,0.38,0.93
2026-03-11,17.91,17.82,18.33,17.76,51485,92905228.00,3.18,-0.50,-0.09,1.15
2026-03-12,17.82,16.85,17.82,16.77,80177,137522697.00,5.89,-5.44,-0.97,1.79
2026-03-13,16.83,17.32,17.60,16.55,72698,125015725.00,6.23,2.79,0.47,1.62
2026-03-16,17.15,16.83,17.28,16.33,55888,93253599.00,5.48,-2.83,-0.49,1.24
2026-03-17,17.15,18.52,18.52,16.85,119741,214912506.00,9.92,10.04,1.69,2.67
2026-03-18,18.63,17.35,18.90,17.08,188516,329534384.00,9.83,-6.32,-1.17,4.20
2026-03-19,16.95,16.59,17.02,16.10,127134,211437553.00,5.30,-4.38,-0.76,2.83
2026-03-20,16.80,17.38,17.68,16.60,137062,236793533.00,6.51,4.76,0.79,3.05
2026-03-23,17.14,16.47,17.49,16.35,86722,146254535.00,6.56,-5.24,-0.91,1.93
2026-03-24,16.95,16.64,17.15,16.26,56533,94470112.00,5.40,1.03,0.17,1.26
2026-03-25,16.71,16.45,16.97,16.33,53960,89898264.00,3.85,-1.14,-0.19,1.20
2026-03-26,16.45,16.34,16.89,16.25,50384,83445524.00,3.89,-0.67,-0.11,1.12
2026-03-27,16.13,16.41,16.58,16.12,37241,61128851.00,2.82,0.43,0.07,0.83
2026-03-30,16.29,16.96,17.16,16.29,75507,127484897.00,5.30,3.35,0.55,1.68
2026-03-31,17.07,16.37,17.38,16.32,50644,85053822.00,6.25,-3.48,-0.59,1.13
2026-04-01,16.66,16.74,17.03,16.46,32424,54420440.00,3.48,2.26,0.37,0.72
2026-04-02,16.74,16.99,17.25,16.68,42323,72258369.00,3.41,1.49,0.25,0.94
2026-04-03,17.00,16.27,17.23,16.24,47663,78533599.00,5.83,-4.24,-0.72,1.06
2026-04-07,16.33,15.82,16.44,15.70,54183,86596944.00,4.55,-2.77,-0.45,1.21
2026-04-08,16.15,16.56,16.60,16.10,40001,65761800.00,3.16,4.68,0.74,0.89
2026-04-09,16.72,17.25,17.32,16.27,74932,127211474.00,6.34,4.17,0.69,1.67
2026-04-10,17.35,17.34,17.91,17.15,58008,102119015.00,4.41,0.52,0.09,1.29
2026-04-13,17.30,17.80,17.93,17.20,48051,85262147.00,4.21,2.65,0.46,1.07
2026-04-14,18.15,19.59,19.59,18.00,86840,165020172.00,8.93,10.06,1.79,1.93
2026-04-15,19.59,17.63,20.10,17.63,210701,389655692.00,12.61,-10.01,-1.96,4.69
2026-04-16,17.88,17.73,18.02,17.35,99439,177096463.00,3.80,0.57,0.10,2.21
2026-04-17,17.82,18.35,18.40,17.55,84925,154170267.00,4.79,3.50,0.62,1.89
2026-04-20,18.35,18.27,18.38,17.85,67151,122044572.00,2.89,-0.44,-0.08,1.50
2026-04-21,18.30,18.43,18.71,18.11,60577,111923356.00,3.28,0.88,0.16,1.35
2026-04-22,18.13,17.92,18.39,17.65,68801,123533073.00,4.02,-2.77,-0.51,1.53
2026-04-23,18.04,17.60,18.15,17.51,55992,100147868.00,3.57,-1.79,-0.32,1.25
2026-04-24,17.47,17.13,17.73,17.01,51395,89180612.00,4.09,-2.67,-0.47,1.14
2026-04-27,17.13,17.14,17.45,16.88,28581,48937462.00,3.33,0.06,0.01,0.64
2026-04-28,17.13,16.92,17.13,16.80,30482,51723895.00,1.93,-1.28,-0.22,0.68
2026-04-29,16.92,17.32,17.47,16.70,41664,71665759.00,4.55,2.36,0.40,0.93
2026-04-30,17.01,17.44,17.55,17.01,37038,64236582.00,3.12,0.69,0.12,0.82
2026-05-06,17.47,17.97,18.24,17.38,57186,102670433.00,4.93,3.04,0.53,1.27
2026-05-07,17.98,18.79,18.87,17.94,59387,110266781.00,5.18,4.56,0.82,1.32
2026-05-08,18.79,19.30,19.59,18.37,78760,152092695.00,6.49,2.71,0.51,1.75
2026-05-11,19.30,19.74,20.21,18.97,80545,158872987.00,6.42,2.28,0.44,1.79
2026-05-12,19.67,19.15,20.10,19.02,65386,126513486.00,5.47,-2.99,-0.59,1.46
2026-05-13,19.25,19.05,19.50,19.01,56347,108666405.00,2.56,-0.52,-0.10,1.25
2026-05-14,19.40,19.07,19.45,18.78,44224,84305346.00,3.52,0.10,0.02,0.98
2026-05-15,19.08,19.48,20.20,18.92,72415,141407092.00,6.71,2.15,0.41,1.61
2026-05-18,19.21,19.22,19.85,19.01,53880,104304021.00,4.31,-1.33,-0.26,1.20
2026-05-19,19.45,19.24,19.63,18.97,41165,79283251.00,3.43,0.10,0.02,0.92
2026-05-20,19.24,18.59,19.39,18.47,71898,135190531.00,4.78,-3.38,-0.65,1.60
2026-05-21,18.45,16.87,18.45,16.75,162305,279151085.00,9.14,-9.25,-1.72,3.61
2026-05-22,16.47,16.39,16.95,15.78,126317,205155613.00,6.94,-2.85,-0.48,2.81
2026-05-25,16.42,15.83,16.51,15.65,81321,130059442.00,5.25,-3.42,-0.56,1.81
2026-05-26,15.75,15.83,15.88,15.25,71142,110667216.00,3.98,0.00,0.00,1.58
2026-05-27,15.65,17.42,17.42,15.65,105880,182853680.00,11.18,10.04,1.59,2.36
2026-05-28,16.95,16.47,17.17,16.40,205540,344350273.00,4.42,-5.45,-0.95,4.58
2026-05-29,16.56,14.96,16.57,14.87,153357,238082730.00,10.32,-9.17,-1.51,3.41
2026-06-01,15.10,15.26,15.56,14.76,90058,137347844.00,5.35,2.01,0.30,2.01
2026-06-02,15.25,15.44,15.65,14.83,74335,114071639.00,5.37,1.18,0.18,1.61
2026-06-03,15.29,15.07,15.54,14.85,53102,80799333.00,4.47,-2.40,-0.37,1.15
2026-06-04,15.04,14.76,15.43,14.56,54774,81729846.00,5.77,-2.06,-0.31,1.19
2026-06-05,14.86,14.57,14.86,14.35,50446,73710324.00,3.46,-1.29,-0.19,1.10
2026-06-08,14.39,14.23,14.41,13.93,53430,76097005.00,3.29,-2.33,-0.34,1.16
2026-06-09,14.36,14.52,14.58,14.11,50997,73376835.00,3.30,2.04,0.29,1.11
2026-06-10,14.45,14.27,14.50,14.11,37830,53860004.00,2.69,-1.72,-0.25,0.82
2026-06-11,14.08,14.13,14.53,13.89,72221,102407507.00,4.48,-0.98,-0.14,1.57
2026-06-12,14.10,13.62,14.30,13.60,85756,118737764.00,4.95,-3.61,-0.51,1.86
2026-06-15,13.50,13.85,14.10,13.25,136613,186163670.00,6.24,1.69,0.23,2.97
2026-06-16,13.74,13.41,13.78,13.30,99435,134516348.00,3.47,-3.18,-0.44,1.99
2026-06-17,13.36,14.14,14.68,13.12,281901,391246516.00,11.63,5.44,0.73,5.65
2026-06-18,14.05,14.22,15.38,14.03,277490,408574656.00,9.55,0.57,0.08,5.56
2026-06-22,14.77,15.15,15.33,14.06,236231,346119538.00,8.93,6.54,0.93,4.73
2026-06-23,15.29,16.67,16.67,15.25,163924,268262444.00,9.37,10.03,1.52,3.21
2026-06-24,16.97,16.29,16.97,15.52,305535,494035411.00,8.70,-2.28,-0.38,5.99
2026-06-25,16.20,15.35,16.50,15.31,174879,274139783.00,7.31,-5.77,-0.94,3.43
2026-06-26,15.57,15.36,16.40,15.35,178835,282863679.00,6.84,0.07,0.01,3.51
2026-06-29,15.37,15.06,15.88,14.58,152685,229040228.00,8.46,-1.95,-0.30,2.99
2026-06-30,14.98,16.10,16.29,14.80,224980,348784916.00,9.89,6.91,1.04,4.41
2026-07-01,15.98,16.80,16.90,15.87,178361,293776113.00,6.40,4.35,0.70,3.50
2026-07-02,16.49,17.50,17.91,16.49,173438,303869382.00,8.45,4.17,0.70,3.40
2026-07-03,17.50,17.60,18.15,17.31,104566,184615758.00,4.80,0.57,0.10,2.05
2026-07-06,17.58,16.18,17.58,16.10,109167,181987508.00,8.41,-8.07,-1.42,2.14
2026-07-07,16.18,16.16,16.52,15.80,89655,144787160.00,4.45,-0.12,-0.02,1.76
2026-07-08,16.17,15.93,16.29,15.60,66263,104637894.00,4.27,-1.42,-0.23,1.30
2026-07-09,15.77,16.18,16.60,15.38,103829,165748526.00,7.66,1.57,0.25,2.04
2026-07-10,15.78,16.05,16.42,15.78,96032,154399139.00,3.96,-0.80,-0.13,1.88
2026-07-13,15.67,15.00,16.00,14.95,75254,115485667.00,6.54,-6.54,-1.05,1.48
2026-07-14,15.00,15.20,15.45,14.85,46294,70070173.00,4.00,1.33,0.20,0.91
2026-07-15,15.23,14.83,15.23,14.70,42255,62928517.00,3.49,-2.43,-0.37,0.83
2026-07-16,14.80,14.46,15.06,14.30,37113,54317134.00,5.12,-2.49,-0.37,0.73
2026-07-17,14.40,13.76,14.50,13.30,97083,134299398.00,8.30,-4.84,-0.70,1.90
2026-07-20,13.73,13.32,13.99,13.20,69773,94685593.00,5.74,-3.20,-0.44,1.37
2026-07-21,13.30,13.40,13.46,11.99,141584,179413240.00,11.04,0.60,0.08,2.78
2026-07-22,13.27,12.86,13.33,12.70,65196,84734662.00,4.70,-4.03,-0.54,1.28
2026-07-23,12.88,12.71,13.04,12.62,48708,62186617.00,3.27,-1.17,-0.15,0.96
2026-07-24,12.65,12.25,12.82,12.22,44478,55346887.00,4.72,-3.62,-0.46,0.87
2026-07-27,12.30,13.38,13.40,12.16,75904,98482685.00,10.12,9.22,1.13,1.49
2026-07-28,13.14,13.15,13.65,13.10,57281,76387196.00,4.11,-1.72,-0.23,1.12
2026-07-29,13.09,12.94,13.26,12.67,46892,60579047.00,4.49,-1.60,-0.21,0.92