2026-01-05,7.51,7.57,7.58,7.47,400473,307949082.00,1.47,0.93,0.07,0.63
2026-01-06,7.57,7.76,7.77,7.55,807628,634463335.00,2.91,2.51,0.19,1.26
2026-01-07,7.76,7.69,7.78,7.65,459867,361565155.00,1.68,-0.90,-0.07,0.72
2026-01-08,7.65,7.60,7.67,7.59,506838,393904098.00,1.04,-1.17,-0.09,0.79
2026-01-09,7.60,7.66,7.70,7.59,351113,273829676.00,1.45,0.79,0.06,0.55
2026-01-12,7.66,7.75,7.77,7.63,515952,405909966.00,1.83,1.17,0.09,0.81
2026-01-13,7.77,7.74,7.83,7.70,559278,443051593.00,1.68,-0.13,-0.01,0.87
2026-01-14,7.72,7.67,7.86,7.64,737680,583346657.00,2.84,-0.90,-0.07,1.15
2026-01-15,7.62,7.55,7.66,7.53,431837,334025702.00,1.69,-1.56,-0.12,0.68
2026-01-16,7.58,7.47,7.60,7.46,392700,301286693.00,1.85,-1.06,-0.08,0.61
2026-01-19,7.45,7.48,7.51,7.44,300986,229414437.00,0.94,0.13,0.01,0.47
2026-01-20,7.50,7.51,7.53,7.46,305818,233922400.00,0.94,0.40,0.03,0.48
2026-01-21,7.50,7.44,7.51,7.42,341462,260036214.00,1.20,-0.93,-0.07,0.53
2026-01-22,7.44,7.48,7.51,7.44,273785,208838229.00,0.94,0.54,0.04,0.43
2026-01-23,7.48,7.48,7.54,7.46,330191,252436309.00,1.07,0.00,0.00,0.52
2026-01-26,7.48,7.56,7.63,7.46,555571,427164336.00,2.27,1.07,0.08,0.87
2026-01-27,7.54,7.45,7.54,7.38,431824,328589217.00,2.12,-1.46,-0.11,0.68
2026-01-28,7.47,7.58,7.84,7.44,1288082,1006113919.00,5.37,1.74,0.13,2.01
2026-01-29,7.57,7.68,7.70,7.45,1052273,809613803.00,3.30,1.32,0.10,1.65
2026-01-30,7.64,7.54,7.70,7.49,633790,489297911.00,2.73,-1.82,-0.14,0.99
2026-02-02,7.51,7.39,7.67,7.38,773602,592400843.00,3.85,-1.99,-0.15,1.21
2026-02-03,7.45,7.36,7.47,7.30,510389,382873087.00,2.30,-0.41,-0.03,0.80
2026-02-04,7.36,7.45,7.46,7.33,452588,341427633.00,1.77,1.22,0.09,0.71
2026-02-05,7.43,7.47,7.50,7.38,397394,301897335.00,1.61,0.27,0.02,0.62
2026-02-06,7.43,7.41,7.50,7.40,304693,231414767.00,1.34,-0.80,-0.06,0.48
2026-02-09,7.46,7.48,7.49,7.44,272617,207720149.00,0.67,0.94,0.07,0.43
2026-02-10,7.49,7.55,7.63,7.46,451632,348509553.00,2.27,0.94,0.07,0.71
2026-02-11,7.57,7.63,7.63,7.53,379902,294254621.00,1.32,1.06,0.08,0.59
2026-02-12,7.63,7.58,7.64,7.55,352151,272262664.00,1.18,-0.66,-0.05,0.55
2026-02-13,7.59,7.43,7.62,7.43,303395,232588823.00,2.51,-1.98,-0.15,0.47
2026-02-24,7.46,7.42,7.47,7.41,329478,249937370.00,0.81,-0.13,-0.01,0.52
2026-02-25,7.43,7.35,7.57,7.32,984507,746429163.00,3.37,-0.94,-0.07,1.54
2026-02-26,7.36,7.31,7.37,7.28,412356,307960234.00,1.22,-0.54,-0.04,0.64
2026-02-27,7.30,7.31,7.33,7.26,388273,289036828.00,0.96,0.00,0.00,0.61
2026-03-02,7.25,7.24,7.29,7.15,486062,358555747.00,1.92,-0.96,-0.07,0.76
2026-03-03,7.26,7.21,7.33,7.21,565583,419667862.00,1.66,-0.41,-0.03,0.88
2026-03-04,7.20,7.03,7.22,7.01,528186,382661943.00,2.91,-2.50,-0.18,0.83
2026-03-05,7.09,7.06,7.12,7.04,247318,178808309.00,1.14,0.43,0.03,0.39
2026-03-06,7.04,7.13,7.15,7.03,300765,218260885.00,1.70,0.99,0.07,0.47
2026-03-09,7.05,7.04,7.08,7.02,270374,194746798.00,0.84,-1.26,-0.09,0.42
2026-03-10,7.08,7.09,7.12,7.06,254388,184035472.00,0.85,0.71,0.05,0.40
2026-03-11,7.10,7.14,7.17,7.06,336974,244838902.00,1.55,0.71,0.05,0.53
2026-03-12,7.12,7.18,7.20,7.11,307731,225054448.00,1.26,0.56,0.04,0.48
2026-03-13,7.16,7.15,7.23,7.14,283633,207895535.00,1.25,-0.42,-0.03,0.44
2026-03-16,7.15,7.15,7.18,7.12,211878,154557769.00,0.84,0.00,0.00,0.33
2026-03-17,7.17,7.18,7.28,7.16,442769,326306827.00,1.68,0.42,0.03,0.69
2026-03-18,7.17,7.15,7.19,7.12,246113,179519773.00,0.97,-0.42,-0.03,0.38
2026-03-19,7.12,7.11,7.16,7.08,257102,186827159.00,1.12,-0.56,-0.04,0.40
2026-03-20,7.10,7.02,7.14,7.02,291933,210989348.00,1.69,-1.27,-0.09,0.46
2026-03-23,6.94,6.64,6.94,6.60,539942,373446054.00,4.84,-5.41,-0.38,0.84
2026-03-24,6.70,6.73,6.75,6.61,261196,178596227.00,2.11,1.36,0.09,0.41
2026-03-25,6.74,6.76,6.81,6.71,338687,234041177.00,1.49,0.45,0.03,0.53
2026-03-26,6.74,6.67,6.78,6.66,257129,176509316.00,1.78,-1.33,-0.09,0.40
2026-03-27,6.63,6.73,6.74,6.62,207560,142150558.00,1.80,0.90,0.06,0.32
2026-03-30,6.66,6.73,6.75,6.63,234396,160452012.00,1.78,0.00,0.00,0.37
2026-03-31,6.72,6.78,6.87,6.71,299368,208212545.00,2.38,0.74,0.05,0.47
2026-04-01,6.86,6.86,6.89,6.82,228158,159702544.00,1.03,1.18,0.08,0.36
2026-04-02,6.84,6.80,6.85,6.76,178240,123880120.00,1.31,-0.87,-0.06,0.28
2026-04-03,6.78,6.57,6.80,6.56,377971,256681636.00,3.53,-3.38,-0.23,0.59
2026-04-07,6.58,6.58,6.62,6.55,202699,136600503.00,1.07,0.15,0.01,0.32
2026-04-08,6.69,6.79,6.80,6.66,387850,266877423.00,2.13,3.19,0.21,0.61
2026-04-09,6.74,6.62,6.75,6.60,275163,187238345.00,2.21,-2.50,-0.17,0.43
2026-04-10,6.70,6.77,6.91,6.68,558628,389210873.00,3.47,2.27,0.15,0.87
2026-04-13,6.73,6.82,6.87,6.71,297811,207542689.00,2.36,0.74,0.05,0.47
2026-04-14,6.86,6.85,6.88,6.77,233296,162340675.00,1.61,0.44,0.03,0.36
2026-04-15,6.86,6.82,6.87,6.81,189299,132225167.00,0.88,-0.44,-0.03,0.30
2026-04-16,6.84,6.81,6.86,6.78,294200,204968003.00,1.17,-0.15,-0.01,0.46
2026-04-17,6.80,6.74,6.80,6.72,294955,203349736.00,1.17,-1.03,-0.07,0.46
2026-04-20,6.74,6.69,6.76,6.65,362293,248308038.00,1.63,-0.74,-0.05,0.57
2026-04-21,6.69,6.61,6.69,6.57,329369,222736878.00,1.79,-1.20,-0.08,0.52
2026-04-22,6.59,6.55,6.66,6.51,580511,390445903.00,2.27,-0.91,-0.06,0.91
2026-04-23,6.53,6.47,6.56,6.44,410714,272838961.00,1.83,-1.22,-0.08,0.64
2026-04-24,6.46,6.40,6.47,6.39,366672,240853328.00,1.24,-1.08,-0.07,0.57
2026-04-27,6.40,6.37,6.44,6.33,426960,278885313.00,1.72,-0.47,-0.03,0.67
2026-04-28,6.37,6.36,6.44,6.32,593300,387366446.00,1.88,-0.16,-0.01,0.93
2026-04-29,6.34,6.39,6.40,6.33,667328,434521581.00,1.10,0.47,0.03,1.04
2026-04-30,6.48,6.56,6.64,6.46,907178,607987018.00,2.82,2.66,0.17,1.42
2026-05-06,6.56,6.59,6.60,6.51,546810,367237188.00,1.37,0.46,0.03,0.86
2026-05-07,6.60,6.54,6.61,6.51,383635,256733727.00,1.52,-0.76,-0.05,0.60
2026-05-08,6.53,6.53,6.58,6.52,348775,233371125.00,0.92,-0.15,-0.01,0.55
2026-05-11,6.52,6.60,6.64,6.48,511812,343816996.00,2.45,1.07,0.07,0.80
2026-05-12,6.61,6.67,6.73,6.58,563468,383988377.00,2.27,1.06,0.07,0.88
2026-05-13,6.65,6.61,6.67,6.53,383964,258632775.00,2.10,-0.90,-0.06,0.60
2026-05-14,6.60,6.50,6.63,6.50,304926,204659105.00,1.97,-1.66,-0.11,0.48
2026-05-15,6.49,6.35,6.51,6.33,425077,278537372.00,2.77,-2.31,-0.15,0.66
2026-05-18,6.33,6.28,6.38,6.22,431602,277254607.00,2.52,-1.10,-0.07,0.68
2026-05-19,6.28,6.37,6.38,6.16,335802,217313790.00,3.50,1.43,0.09,0.53
2026-05-20,6.34,6.29,6.34,6.27,243876,157270704.00,1.10,-1.26,-0.08,0.38
2026-05-21,6.31,6.30,6.50,6.29,556914,365742845.00,3.34,0.16,0.01,0.87
2026-05-22,6.31,6.20,6.34,6.17,423236,269253646.00,2.70,-1.59,-0.10,0.66
2026-05-25,6.23,6.27,6.27,6.20,287191,183319181.00,1.13,1.13,0.07,0.45
2026-05-26,6.24,6.38,6.44,6.22,536164,349326156.00,3.51,1.75,0.11,0.84
2026-05-27,6.37,6.32,6.45,6.26,362287,234755815.00,2.98,-0.94,-0.06,0.57
2026-05-28,6.33,6.18,6.34,6.16,389796,248146323.00,2.85,-2.22,-0.14,0.61
2026-05-29,6.19,6.29,6.34,6.18,428145,275339670.00,2.59,1.78,0.11,0.67
2026-06-01,6.30,6.34,6.34,6.23,370364,238090121.00,1.75,0.79,0.05,0.58
2026-06-02,6.31,6.31,6.36,6.25,343015,221292828.00,1.74,-0.47,-0.03,0.54
2026-06-03,6.28,6.26,6.31,6.23,277678,178065070.00,1.27,-0.79,-0.05,0.43
2026-06-04,6.25,6.15,6.29,6.13,310409,197023050.00,2.56,-1.76,-0.11,0.49
2026-06-05,6.18,6.18,6.25,6.15,252229,160105848.00,1.63,0.49,0.03,0.39
2026-06-08,6.12,6.05,6.18,6.03,362825,226043822.00,2.43,-2.10,-0.13,0.57
2026-06-09,6.05,6.05,6.07,6.00,256990,158958524.00,1.16,0.00,0.00,0.40
2026-06-10,6.03,6.16,6.17,6.00,368961,230276947.00,2.81,1.82,0.11,0.58
2026-06-11,6.13,6.04,6.20,5.99,331768,206157231.00,3.41,-1.95,-0.12,0.52
2026-06-12,6.05,6.31,6.33,6.00,684097,435378250.00,5.46,4.47,0.27,1.07
2026-06-15,6.34,6.41,6.57,6.31,710658,468103057.00,4.12,1.58,0.10,1.11
2026-06-16,6.39,6.46,6.48,6.34,440431,289501197.00,2.18,0.78,0.05,0.69
2026-06-17,6.43,6.41,6.49,6.36,333740,219142175.00,2.01,-0.77,-0.05,0.52
2026-06-18,6.37,6.21,6.43,6.19,430932,276389190.00,3.74,-3.12,-0.20,0.67
2026-06-22,6.17,6.53,6.55,6.15,782418,511265677.00,6.44,5.15,0.32,1.22
2026-06-23,6.53,6.53,6.67,6.48,787347,530782867.00,2.91,0.00,0.00,1.23
2026-06-24,6.52,6.39,6.64,6.36,547001,361400489.00,4.29,-2.14,-0.14,0.86
2026-06-25,6.37,6.63,6.70,6.32,919351,617122437.00,5.95,3.76,0.24,1.44
2026-06-26,6.59,6.36,6.66,6.35,736030,489374240.00,4.68,-4.07,-0.27,1.15
2026-06-29,6.36,6.42,6.48,6.30,501850,328163148.00,2.83,0.94,0.06,0.78
2026-06-30,6.39,6.40,6.51,6.32,474791,311357810.00,2.96,-0.31,-0.02,0.74
2026-07-01,6.45,6.64,6.68,6.39,744473,489337463.00,4.53,3.75,0.24,1.16
2026-07-02,6.64,6.54,6.67,6.51,539647,355196030.00,2.41,-1.51,-0.10,0.84
2026-07-03,6.57,6.57,6.63,6.47,477572,312987147.00,2.45,0.46,0.03,0.75
2026-07-06,6.63,6.66,6.68,6.57,454685,300820468.00,1.67,1.37,0.09,0.71
2026-07-07,6.63,6.52,6.65,6.47,352299,230230708.00,2.70,-2.10,-0.14,0.55
2026-07-08,6.50,6.47,6.55,6.44,288527,186892954.00,1.69,-0.77,-0.05,0.45
2026-07-09,6.46,6.55,6.57,6.42,368536,239337760.00,2.32,1.24,0.08,0.58
2026-07-10,6.55,6.50,6.55,6.42,369023,238995206.00,1.98,-0.76,-0.05,0.58
2026-07-13,6.48,6.48,6.50,6.43,298013,192636530.00,1.08,-0.31,-0.02,0.47
2026-07-14,6.45,6.52,6.53,6.42,305730,198062471.00,1.70,0.62,0.04,0.48
2026-07-15,6.49,6.68,6.69,6.48,566845,374982815.00,3.22,2.45,0.16,0.89
2026-07-16,6.63,6.58,6.66,6.54,484434,318592015.00,1.80,-1.50,-0.10,0.76
2026-07-17,6.57,6.53,6.64,6.44,532579,349674712.00,3.04,-0.76,-0.05,0.83
2026-07-20,6.54,6.55,6.63,6.47,615240,403304619.00,2.45,0.31,0.02,0.96
2026-07-21,6.54,6.47,6.61,6.40,792134,514507400.00,3.21,-1.22,-0.08,1.24
2026-07-22,6.43,6.35,6.44,6.31,476186,302404478.00,2.01,-1.85,-0.12,0.74
2026-07-23,6.35,6.48,6.49,6.33,451829,290366132.00,2.52,2.05,0.13,0.71
2026-07-24,6.43,6.30,6.48,6.28,371969,236759732.00,3.09,-2.78,-0.18,0.58
2026-07-27,6.31,6.39,6.41,6.26,354318,225427674.00,2.38,1.43,0.09,0.55
2026-07-28,6.35,6.34,6.38,6.31,225355,142862053.00,1.10,-0.78,-0.05,0.35
2026-07-29,6.34,6.47,6.48,6.34,388936,250116250.00,2.21,2.05,0.13,0.61
2026-07-30,6.43,6.51,6.53,6.43,422382,274297933.00,1.55,0.62,0.04,0.66
2026-07-31,6.53,6.52,6.56,6.49,302105,197140632.00,1.08,0.15,0.01,0.47
2026-08-03,6.49,6.57,6.59,6.47,311780,204263941.00,1.84,0.77,0.05,0.49
2026-08-04,6.57,6.54,6.60,6.52,290450,190034762.00,1.22,-0.46,-0.03,0.45
2026-08-05,6.54,6.53,6.57,6.50,317565,207574075.00,1.07,-0.15,-0.01,0.50