2026-01-05,5.51,5.58,5.59,5.50,105024,60012341.00,1.64,1.45,0.08,0.92
2026-01-06,5.59,5.64,5.65,5.57,133413,77230529.00,1.43,1.08,0.06,1.16
2026-01-07,5.65,5.61,5.66,5.60,98665,57273129.00,1.06,-0.53,-0.03,0.86
2026-01-08,5.61,5.62,5.63,5.57,90952,52616358.00,1.07,0.18,0.01,0.79
2026-01-09,5.61,5.62,5.64,5.58,82548,47826202.00,1.07,0.00,0.00,0.72
2026-01-12,5.62,5.69,5.69,5.58,183629,106917488.00,1.96,1.25,0.07,1.60
2026-01-13,5.70,5.68,5.72,5.62,145602,85226802.00,1.76,-0.18,-0.01,1.27
2026-01-14,5.68,5.67,5.72,5.62,138784,81385935.00,1.76,-0.18,-0.01,1.21
2026-01-15,5.66,5.69,5.70,5.64,82711,48393544.00,1.06,0.35,0.02,0.72
2026-01-16,5.72,5.72,5.80,5.71,154628,91690385.00,1.58,0.53,0.03,1.35
2026-01-19,5.73,5.89,5.89,5.72,178482,107324759.00,2.97,2.97,0.17,1.56
2026-01-20,5.91,5.97,6.00,5.88,223166,136604302.00,2.04,1.36,0.08,1.95
2026-01-21,5.94,5.93,5.99,5.88,111542,68016966.00,1.84,-0.67,-0.04,0.97
2026-01-22,5.92,5.96,5.98,5.91,102567,62904450.00,1.18,0.51,0.03,0.89
2026-01-23,5.95,5.96,5.98,5.93,90614,55604297.00,0.84,0.00,0.00,0.79
2026-01-26,5.96,6.06,6.09,5.93,153474,95252478.00,2.68,1.68,0.10,1.34
2026-01-27,6.01,5.95,6.03,5.87,136362,83236203.00,2.64,-1.82,-0.11,1.19
2026-01-28,5.94,6.01,6.02,5.92,105868,65287174.00,1.68,1.01,0.06,0.92
2026-01-29,6.00,5.99,6.01,5.94,92671,57115556.00,1.16,-0.33,-0.02,0.81
2026-01-30,5.97,6.00,6.05,5.92,128997,79624862.00,2.17,0.17,0.01,1.13
2026-02-02,6.01,5.90,6.08,5.87,144917,89461859.00,3.50,-1.67,-0.10,1.26
2026-02-03,5.95,5.92,5.99,5.88,116932,71345854.00,1.86,0.34,0.02,1.02
2026-02-04,5.92,6.02,6.02,5.91,121522,74930313.00,1.86,1.69,0.10,1.06
2026-02-05,6.01,5.93,6.01,5.92,75837,46513565.00,1.50,-1.50,-0.09,0.66
2026-02-06,5.91,5.96,6.01,5.91,92663,57018414.00,1.69,0.51,0.03,0.81
2026-02-09,5.99,5.95,6.01,5.94,100622,61865547.00,1.17,-0.17,-0.01,0.88
2026-02-10,5.97,5.94,5.97,5.91,85272,52105958.00,1.01,-0.17,-0.01,0.74
2026-02-11,5.94,5.93,5.98,5.93,79019,48490250.00,0.84,-0.17,-0.01,0.69
2026-02-12,5.98,5.95,6.01,5.92,134201,82536219.00,1.52,0.34,0.02,1.17
2026-02-13,5.93,5.81,5.94,5.80,121452,73446170.00,2.35,-2.35,-0.14,1.06
2026-02-24,5.85,6.03,6.06,5.85,183132,113183755.00,3.61,3.79,0.22,1.60
2026-02-25,6.05,6.08,6.16,6.05,199551,125506248.00,1.82,0.83,0.05,1.74
2026-02-26,6.09,6.25,6.28,6.08,209218,133412487.00,3.29,2.80,0.17,1.82
2026-02-27,6.24,6.40,6.44,6.20,216876,141659939.00,3.84,2.40,0.15,1.89
2026-03-02,6.35,6.38,6.53,6.32,337486,222644122.00,3.28,-0.31,-0.02,2.94
2026-03-03,6.37,6.34,6.49,6.32,241537,159051038.00,2.66,-0.63,-0.04,2.11
2026-03-04,6.32,6.34,6.42,6.22,224646,146248152.00,3.15,0.00,0.00,1.96
2026-03-05,6.41,6.40,6.50,6.36,277389,183272747.00,2.21,0.95,0.06,2.42
2026-03-06,6.39,6.57,6.58,6.35,282721,189183403.00,3.59,2.66,0.17,2.47
2026-03-09,6.53,6.51,6.63,6.49,252185,169670581.00,2.13,-0.91,-0.06,2.20
2026-03-10,6.54,6.52,6.63,6.43,224897,150660470.00,3.07,0.15,0.01,1.96
2026-03-11,6.51,6.63,6.64,6.37,250188,167899581.00,4.14,1.69,0.11,2.18
2026-03-12,6.68,6.86,6.89,6.58,412347,286806640.00,4.68,3.47,0.23,3.60
2026-03-13,6.89,6.61,6.89,6.59,336560,231320580.00,4.37,-3.64,-0.25,2.94
2026-03-16,6.61,6.45,6.72,6.42,236578,158208982.00,4.54,-2.42,-0.16,2.06
2026-03-17,6.46,6.45,6.56,6.39,172024,114717330.00,2.64,0.00,0.00,1.50
2026-03-18,6.47,6.59,6.67,6.42,213397,144043868.00,3.88,2.17,0.14,1.86
2026-03-19,6.55,6.66,6.75,6.50,321668,219857640.00,3.79,1.06,0.07,2.81
2026-03-20,6.60,6.61,6.82,6.57,305837,209867992.00,3.75,-0.75,-0.05,2.67
2026-03-23,6.58,6.40,6.70,6.36,346868,231968062.00,5.14,-3.18,-0.21,3.03
2026-03-24,6.52,6.80,6.84,6.38,487369,332882601.00,7.19,6.25,0.40,4.25
2026-03-25,6.78,7.50,7.50,6.71,1094771,819308966.00,11.62,10.29,0.70,9.55
2026-03-26,7.49,8.25,8.27,7.26,1759261,1405632845.00,13.47,10.00,0.75,15.34
2026-03-27,7.75,7.81,7.95,7.49,1276284,1005695899.00,5.58,-5.33,-0.44,11.13
2026-03-30,7.57,7.07,7.69,7.01,1019130,745757327.00,8.71,-9.48,-0.74,8.89
2026-03-31,6.90,6.83,7.16,6.74,735479,521925869.00,5.94,-3.39,-0.24,6.41
2026-04-01,6.84,6.56,6.88,6.50,672994,457509458.00,5.56,-3.95,-0.27,5.87
2026-04-02,6.52,6.37,6.63,6.34,463722,307421895.00,4.42,-2.90,-0.19,4.04
2026-04-03,6.40,6.14,6.41,6.12,360122,230036228.00,4.55,-3.61,-0.23,3.14
2026-04-07,6.17,6.19,6.23,6.11,263072,167052154.00,1.95,0.81,0.05,2.29
2026-04-08,6.21,6.32,6.32,6.19,286005,184271180.00,2.10,2.10,0.13,2.49
2026-04-09,6.29,6.21,6.29,6.16,230729,147500853.00,2.06,-1.74,-0.11,2.01
2026-04-10,6.23,6.22,6.29,6.21,218803,140560812.00,1.29,0.16,0.01,1.91
2026-04-13,6.21,6.33,6.35,6.19,253289,163579555.00,2.57,1.77,0.11,2.21
2026-04-14,6.37,6.32,6.41,6.26,247475,160844358.00,2.37,-0.16,-0.01,2.16
2026-04-15,6.31,6.24,6.33,6.21,198617,127822481.00,1.90,-1.27,-0.08,1.73
2026-04-16,6.23,6.31,6.32,6.20,170867,110358216.00,1.92,1.12,0.07,1.49
2026-04-17,6.31,6.45,6.51,6.29,311219,205764316.00,3.49,2.22,0.14,2.71
2026-04-20,6.42,6.48,6.50,6.39,223206,148086462.00,1.71,0.47,0.03,1.95
2026-04-21,6.47,6.83,6.85,6.38,608896,416764089.00,7.25,5.40,0.35,5.31
2026-04-22,6.70,6.75,6.80,6.64,383646,264682989.00,2.34,-1.17,-0.08,3.35
2026-04-23,6.76,7.10,7.11,6.53,560558,391366921.00,8.59,5.19,0.35,4.89
2026-04-24,7.07,6.79,7.07,6.78,454134,320256479.00,4.08,-4.37,-0.31,3.96
2026-04-27,6.65,6.74,6.81,6.59,243641,168419321.00,3.24,-0.74,-0.05,2.13
2026-04-28,6.72,6.69,6.80,6.58,295904,203107467.00,3.26,-0.74,-0.05,2.58
2026-04-29,6.64,6.74,6.77,6.62,196109,135331203.00,2.24,0.75,0.05,1.71
2026-04-30,6.74,6.64,6.75,6.54,219991,149856576.00,3.12,-1.48,-0.10,1.92
2026-05-06,6.68,6.79,6.81,6.64,278552,192545065.00,2.56,2.26,0.15,2.43
2026-05-07,6.80,6.92,6.95,6.80,297524,210398482.00,2.21,1.91,0.13,2.60
2026-05-08,6.91,6.81,7.02,6.77,297444,209805592.00,3.61,-1.59,-0.11,2.59
2026-05-11,6.82,7.04,7.06,6.73,424241,303159987.00,4.85,3.38,0.23,3.70
2026-05-12,7.04,7.17,7.32,6.92,627219,460956088.00,5.68,1.85,0.13,5.47
2026-05-13,7.12,7.34,7.47,7.10,630287,473932181.00,5.16,2.37,0.17,5.50
2026-05-14,7.40,7.09,7.74,7.06,659800,498868610.00,9.26,-3.41,-0.25,5.75
2026-05-15,6.98,6.86,7.07,6.74,480677,339008344.00,4.65,-3.24,-0.23,4.19
2026-05-18,6.79,6.94,7.04,6.77,332036,235585462.00,3.94,1.17,0.08,2.90
2026-05-19,6.95,7.31,7.35,6.84,535476,394213749.00,7.35,5.33,0.37,4.67
2026-05-20,7.27,6.87,7.30,6.84,472139,338228487.00,6.29,-6.02,-0.44,4.12
2026-05-21,6.82,6.67,6.95,6.65,335911,234975363.00,4.37,-2.91,-0.20,2.93
2026-05-22,6.67,6.87,7.00,6.59,343788,240477034.00,6.15,3.00,0.20,3.00
2026-05-25,6.86,7.00,7.06,6.83,313835,224167475.00,3.35,1.89,0.13,2.74
2026-05-26,6.99,6.98,7.10,6.78,329000,234142155.00,4.57,-0.29,-0.02,2.87
2026-05-27,6.99,7.07,7.17,6.94,423739,306884688.00,3.30,1.29,0.09,3.70
2026-05-28,7.09,7.48,7.51,7.00,743504,555164483.00,7.21,5.80,0.41,6.48
2026-05-29,7.28,7.54,7.69,7.24,763782,588135662.00,6.02,0.80,0.06,6.66
2026-06-01,7.47,7.68,7.71,7.20,660254,507577105.00,6.76,1.86,0.14,5.76
2026-06-02,7.52,7.31,7.55,7.29,464421,351295049.00,3.39,-4.82,-0.37,4.05
2026-06-03,7.31,7.64,7.64,7.17,576771,438504634.00,6.43,4.51,0.33,5.03
2026-06-04,7.49,7.37,7.58,7.35,405666,309395633.00,3.01,-3.53,-0.27,3.54
2026-06-05,7.32,6.90,7.47,6.85,439153,318399318.00,8.41,-6.38,-0.47,3.83
2026-06-08,6.72,6.51,6.84,6.44,286795,195621406.00,5.80,-5.65,-0.39,2.50
2026-06-09,6.55,6.62,6.64,6.31,218541,145687362.00,5.07,1.69,0.11,1.91
2026-06-10,6.53,6.25,6.53,6.23,212203,138822919.00,4.53,-5.59,-0.37,1.85
2026-06-11,6.22,6.33,6.36,6.20,150579,97603927.00,2.56,1.28,0.08,1.31
2026-06-12,6.38,6.46,6.59,6.29,187707,124477025.00,4.74,2.05,0.13,1.64
2026-06-15,6.43,6.49,6.54,6.43,173272,115436983.00,1.70,0.46,0.03,1.51
2026-06-16,6.50,6.53,6.64,6.45,191960,129197037.00,2.93,0.62,0.04,1.67
2026-06-17,6.54,6.37,6.57,6.35,185236,122373811.00,3.37,-2.45,-0.16,1.62
2026-06-18,6.32,5.99,6.42,5.98,286162,181293875.00,6.91,-5.97,-0.38,2.50
2026-06-22,5.95,6.06,6.06,5.82,193880,118791867.00,4.01,1.17,0.07,1.69
2026-06-23,6.04,5.99,6.10,5.95,134015,83204565.00,2.48,-1.16,-0.07,1.17
2026-06-24,5.99,5.93,6.00,5.84,147082,89615422.00,2.67,-1.00,-0.06,1.28
2026-06-25,5.92,5.79,5.92,5.74,171156,102434838.00,3.04,-2.36,-0.14,1.49
2026-06-26,5.78,5.68,5.87,5.67,143063,84910187.00,3.45,-1.90,-0.11,1.25
2026-06-29,5.67,5.70,5.77,5.54,123516,72242513.00,4.05,0.35,0.02,1.08
2026-06-30,5.70,5.68,5.70,5.60,89379,52125221.00,1.75,-0.35,-0.02,0.78
2026-07-01,5.72,5.82,5.88,5.67,149829,89281655.00,3.70,2.46,0.14,1.31
2026-07-02,5.84,5.85,5.91,5.79,122252,73677098.00,2.06,0.52,0.03,1.07
2026-07-03,5.83,5.94,5.95,5.83,96255,58441764.00,2.05,1.54,0.09,0.84
2026-07-06,5.93,5.91,5.96,5.84,114757,69661908.00,2.02,-0.51,-0.03,1.00
2026-07-07,5.88,5.65,5.91,5.65,103356,61009587.00,4.40,-4.40,-0.26,0.90
2026-07-08,5.66,5.60,5.68,5.59,75129,43662932.00,1.59,-0.88,-0.05,0.66
2026-07-09,5.57,5.57,5.63,5.50,79795,45800064.00,2.32,-0.54,-0.03,0.70
2026-07-10,5.58,5.63,5.69,5.50,98690,57241483.00,3.41,1.08,0.06,0.86
2026-07-13,5.59,5.55,5.63,5.51,86275,49540890.00,2.13,-1.42,-0.08,0.75
2026-07-14,5.55,5.72,5.74,5.54,106553,62187826.00,3.60,3.06,0.17,0.93
2026-07-15,5.70,5.77,5.80,5.67,64425,38296097.00,2.27,0.87,0.05,0.56
2026-07-16,5.78,5.74,5.82,5.69,102989,60975659.00,2.25,-0.52,-0.03,0.90
2026-07-17,5.71,5.81,5.92,5.71,164583,99167832.00,3.66,1.22,0.07,1.44
2026-07-20,5.82,6.08,6.19,5.81,276120,171056565.00,6.54,4.65,0.27,2.41
2026-07-21,6.02,6.00,6.03,5.89,204390,125279167.00,2.30,-1.32,-0.08,1.78
2026-07-22,5.97,6.03,6.06,5.94,162305,100215372.00,2.00,0.50,0.03,1.42
2026-07-23,5.99,6.13,6.16,5.94,171484,107128057.00,3.65,1.66,0.10,1.50
2026-07-24,6.08,5.92,6.15,5.91,146017,90240517.00,3.92,-3.43,-0.21,1.27
2026-07-27,5.88,5.97,6.01,5.76,129297,76710813.00,4.22,0.84,0.05,1.13
2026-07-28,5.95,5.91,5.96,5.85,95594,56441840.00,1.84,-1.01,-0.06,0.83
2026-07-29,5.92,6.02,6.05,5.86,135472,81118179.00,3.21,1.86,0.11,1.18
2026-07-30,5.96,5.98,6.10,5.93,114263,68569832.00,2.82,-0.66,-0.04,1.00
2026-07-31,5.98,6.07,6.08,5.98,83288,50301665.00,1.67,1.51,0.09,0.73
2026-08-03,6.08,6.21,6.22,6.06,141430,87196316.00,2.64,2.31,0.14,1.23
2026-08-04,6.21,6.15,6.22,6.10,131105,80445852.00,1.93,-0.97,-0.06,1.14
2026-08-05,6.16,6.07,6.16,6.06,116914,71100529.00,1.63,-1.30,-0.08,1.02