2026-01-05,2.28,2.22,2.32,2.22,562316,126347012.84,4.50,0.00,0.00,3.95
2026-01-06,2.22,2.27,2.30,2.21,817493,186023930.08,4.05,2.25,0.05,5.74
2026-01-07,2.28,2.25,2.28,2.24,403732,90973084.50,1.76,-0.88,-0.02,2.83
2026-01-08,2.24,2.27,2.28,2.23,342724,77320219.00,2.22,0.89,0.02,2.40
2026-01-09,2.27,2.27,2.28,2.24,429231,97030591.00,1.76,0.00,0.00,3.01
2026-01-12,2.27,2.29,2.30,2.26,585355,133743791.94,1.76,0.88,0.02,4.11
2026-01-13,2.29,2.26,2.32,2.25,548959,125432061.38,3.06,-1.31,-0.03,3.85
2026-01-14,2.28,2.26,2.30,2.22,639147,144788615.76,3.54,0.00,0.00,4.48
2026-01-15,2.24,2.19,2.24,2.18,523413,115226752.00,2.65,-3.10,-0.07,3.67
2026-01-16,2.19,2.16,2.22,2.16,379957,82888551.69,2.74,-1.37,-0.03,2.67
2026-01-19,2.16,2.28,2.38,2.15,874976,198168663.18,10.65,5.56,0.12,6.14
2026-01-20,2.26,2.26,2.30,2.24,504738,114565243.68,2.63,-0.88,-0.02,3.54
2026-01-21,2.26,2.25,2.28,2.23,381625,85655269.08,2.21,-0.44,-0.01,2.68
2026-01-22,2.24,2.31,2.32,2.22,693607,158235287.13,4.44,2.67,0.06,4.87
2026-01-23,2.31,2.33,2.33,2.29,453491,104785142.60,1.73,0.87,0.02,3.18
2026-01-26,2.33,2.29,2.35,2.27,422219,97014164.16,3.43,-1.72,-0.04,2.96
2026-01-27,2.29,2.26,2.29,2.22,412239,92679577.67,3.06,-1.31,-0.03,2.89
2026-01-28,2.25,2.24,2.28,2.23,294254,66124047.00,2.21,-0.88,-0.02,2.06
2026-01-29,2.24,2.24,2.28,2.22,363491,81821217.47,2.68,0.00,0.00,2.55
2026-01-30,2.02,2.02,2.05,2.02,842849,170361620.32,1.34,-9.82,-0.22,5.91
2026-02-02,2.00,2.02,2.08,1.91,1133169,229626529.05,8.42,0.00,0.00,7.95
2026-02-03,2.07,2.04,2.08,2.01,518706,105379932.36,3.47,0.99,0.02,3.64
2026-02-04,2.05,2.13,2.17,2.03,746810,157809459.71,6.86,4.41,0.09,5.24
2026-02-05,2.14,2.13,2.18,2.12,370080,79330819.27,2.82,0.00,0.00,2.60
2026-02-06,2.13,2.16,2.17,2.12,296848,63791002.43,2.35,1.41,0.03,2.08
2026-02-09,2.18,2.26,2.28,2.17,543288,121781204.65,5.09,4.63,0.10,3.81
2026-02-10,2.27,2.32,2.33,2.23,507303,116544526.13,4.42,2.65,0.06,3.56
2026-02-11,2.31,2.32,2.36,2.28,382066,88947861.64,3.45,0.00,0.00,2.68
2026-02-12,2.31,2.28,2.32,2.24,407812,92902665.64,3.45,-1.72,-0.04,2.86
2026-02-13,2.28,2.28,2.32,2.27,286336,65757204.28,2.19,0.00,0.00,2.01
2026-02-24,2.31,2.29,2.33,2.28,258204,59420580.00,2.19,0.44,0.01,1.81
2026-02-25,2.29,2.52,2.52,2.29,911615,223359531.72,10.04,10.04,0.23,6.40
2026-02-26,2.52,2.77,2.77,2.49,1865880,483564056.15,11.11,9.92,0.25,13.09
2026-02-27,2.95,2.81,3.05,2.71,4334203,1263393479.71,12.27,1.44,0.04,30.41
2026-03-02,2.53,2.53,2.53,2.53,416689,105422317.00,0.00,-9.96,-0.28,2.92
2026-03-03,2.50,2.44,2.66,2.42,2967160,754792568.49,9.49,-3.56,-0.09,20.82
2026-03-04,2.35,2.38,2.51,2.20,1784538,423930477.81,12.70,-2.46,-0.06,12.52
2026-03-05,2.48,2.47,2.58,2.42,1488663,370966747.07,6.72,3.78,0.09,10.45
2026-03-06,2.48,2.51,2.54,2.39,1124192,278671072.05,6.07,1.62,0.04,7.89
2026-03-09,2.52,2.54,2.57,2.46,985829,247624153.72,4.38,1.20,0.03,6.92
2026-03-10,2.54,2.50,2.56,2.49,634205,159077078.31,2.76,-1.57,-0.04,4.45
2026-03-11,2.50,2.48,2.51,2.41,593044,146225463.84,4.00,-0.80,-0.02,4.16
2026-03-12,2.45,2.38,2.47,2.35,869300,207758182.04,4.84,-4.03,-0.10,6.10
2026-03-13,2.39,2.36,2.42,2.33,565304,134648198.60,3.78,-0.84,-0.02,3.97
2026-03-16,2.39,2.32,2.40,2.28,649809,151217021.90,5.08,-1.69,-0.04,4.56
2026-03-17,2.34,2.30,2.36,2.29,393666,91476921.48,3.02,-0.86,-0.02,2.76
2026-03-18,2.30,2.35,2.35,2.27,397135,91547087.75,3.48,2.17,0.05,2.79
2026-03-19,2.33,2.19,2.34,2.17,803480,179552047.35,7.23,-6.81,-0.16,5.64
2026-03-20,2.20,2.19,2.26,2.13,611910,134475552.65,5.94,0.00,0.00,4.29
2026-03-23,2.15,2.07,2.20,2.06,574877,122196211.46,6.39,-5.48,-0.12,4.03
2026-03-24,2.09,2.16,2.16,2.04,604639,126808686.72,5.80,4.35,0.09,4.24
2026-03-25,2.16,2.18,2.21,2.13,412685,89906161.64,3.70,0.93,0.02,2.90
2026-03-26,2.22,2.10,2.23,2.10,392569,84357540.80,5.96,-3.67,-0.08,2.75
2026-03-27,2.07,2.13,2.15,2.07,282261,59678942.00,3.81,1.43,0.03,1.98
2026-03-30,2.09,2.11,2.15,2.06,288707,60629717.40,4.23,-0.94,-0.02,2.03
2026-03-31,2.12,2.03,2.14,2.02,471643,97895694.94,5.69,-3.79,-0.08,3.31
2026-04-01,2.05,2.08,2.10,2.04,404643,83885306.20,2.96,2.46,0.05,2.84
2026-04-02,2.08,2.03,2.09,2.02,275948,56472713.00,3.37,-2.40,-0.05,1.94
2026-04-03,2.04,1.96,2.04,1.94,387638,76270223.00,4.93,-3.45,-0.07,2.72
2026-04-07,2.00,2.04,2.05,1.97,366195,74029380.60,4.08,4.08,0.08,2.57
2026-04-08,2.08,2.08,2.09,2.05,338931,70264755.56,1.96,1.96,0.04,2.38
2026-04-09,2.09,2.07,2.09,2.04,275136,56786506.00,2.40,-0.48,-0.01,1.93
2026-04-10,2.07,2.08,2.10,2.06,273232,56905005.34,1.93,0.48,0.01,1.92
2026-04-13,2.05,2.04,2.06,2.02,361506,73619042.68,1.92,-1.92,-0.04,2.54
2026-04-14,2.06,2.05,2.10,2.03,379893,77946605.76,3.43,0.49,0.01,2.67
2026-04-15,2.07,1.98,2.07,1.97,536196,107590178.40,4.88,-3.41,-0.07,3.76
2026-04-16,1.95,1.96,1.98,1.91,568834,110174571.40,3.54,-1.01,-0.02,3.99
2026-04-17,1.95,1.94,1.97,1.91,374878,72518457.64,3.06,-1.02,-0.02,2.63
2026-04-20,1.93,2.02,2.08,1.92,747885,151220411.44,8.25,4.12,0.08,5.25
2026-04-21,2.02,1.98,2.02,1.96,335708,66354058.00,2.97,-1.98,-0.04,2.36
2026-04-22,1.96,1.93,1.98,1.92,447986,86663756.20,3.03,-2.53,-0.05,3.14
2026-04-23,1.93,1.87,1.93,1.86,471058,88601211.14,3.63,-3.11,-0.06,3.31
2026-04-24,1.85,1.86,1.87,1.81,404404,73940544.75,3.21,-0.53,-0.01,2.84
2026-04-27,1.85,1.89,1.90,1.77,427240,78373936.22,6.99,1.61,0.03,3.00
2026-04-28,1.88,1.93,1.97,1.86,689492,133665991.80,5.82,2.12,0.04,4.84
2026-04-30,1.83,1.96,2.01,1.83,1522492,285059019.08,9.33,1.55,0.03,10.68
2026-05-06,1.92,1.89,1.97,1.86,657014,125025771.19,5.61,-3.57,-0.07,4.61
2026-05-07,1.90,1.98,1.98,1.89,288786,56629770.20,4.76,4.76,0.09,2.03
2026-05-08,2.00,2.08,2.08,2.00,759997,156217504.04,4.04,5.05,0.10,5.33
2026-05-11,2.13,2.05,2.14,2.04,716884,149291103.58,4.81,-1.44,-0.03,5.03
2026-05-12,2.06,2.15,2.15,2.02,601306,126061089.90,6.34,4.88,0.10,4.22
2026-05-13,2.16,2.21,2.25,2.11,643992,141355579.86,6.51,2.79,0.06,4.52
2026-05-14,2.17,2.30,2.32,2.15,703837,161042607.66,7.69,4.07,0.09,4.94
2026-05-15,2.28,2.42,2.42,2.28,832159,199129730.77,6.09,5.22,0.12,5.84
2026-05-18,2.45,2.30,2.49,2.30,1050939,247182127.09,7.85,-4.96,-0.12,7.37
2026-05-19,2.31,2.23,2.36,2.19,619921,138694300.23,7.39,-3.04,-0.07,4.35
2026-05-20,2.23,2.24,2.32,2.21,429425,97282412.94,4.93,0.45,0.01,3.01
2026-05-21,2.24,2.15,2.26,2.15,387718,85210601.54,4.91,-4.02,-0.09,2.72
2026-05-22,2.17,2.26,2.26,2.16,389280,86695299.72,4.65,5.12,0.11,2.73
2026-05-25,2.35,2.30,2.37,2.29,497587,115853208.30,3.54,1.77,0.04,3.49
2026-05-26,2.32,2.28,2.38,2.26,404575,93333565.60,5.22,-0.87,-0.02,2.84
2026-05-27,2.30,2.27,2.31,2.19,391066,88071041.33,5.26,-0.44,-0.01,2.74
2026-05-28,2.25,2.27,2.30,2.23,258377,58479892.24,3.08,0.00,0.00,1.81
2026-05-29,2.27,2.21,2.28,2.19,276334,61506327.00,3.96,-2.64,-0.06,1.94
2026-06-01,2.22,2.28,2.30,2.17,313010,70656334.55,5.88,3.17,0.07,2.20
2026-06-02,2.29,2.31,2.32,2.26,288244,66081137.92,2.63,1.32,0.03,2.02
2026-06-03,2.31,2.24,2.33,2.22,328948,74341667.80,4.76,-3.03,-0.07,2.31
2026-06-04,2.25,2.33,2.35,2.20,504585,116018840.19,6.70,4.02,0.09,3.54
2026-06-05,2.31,2.30,2.41,2.29,370586,86519916.40,5.15,-1.29,-0.03,2.60
2026-06-08,2.25,2.26,2.32,2.23,255625,57975201.80,3.91,-1.74,-0.04,1.79
2026-06-09,2.27,2.24,2.27,2.21,204680,45579336.27,2.65,-0.88,-0.02,1.44
2026-06-10,2.23,2.13,2.23,2.13,316359,68203382.00,4.46,-4.91,-0.11,2.22
2026-06-11,2.07,2.06,2.13,2.02,298663,61440743.10,5.16,-3.29,-0.07,2.10
2026-06-12,2.07,2.11,2.12,2.07,207921,43619684.70,2.43,2.43,0.05,1.46
2026-06-15,2.12,2.21,2.21,2.12,250382,54606666.97,4.27,4.74,0.10,1.76
2026-06-16,2.22,2.18,2.23,2.15,227553,49414432.60,3.62,-1.36,-0.03,1.60
2026-06-17,2.16,2.17,2.19,2.14,156422,33879533.10,2.29,-0.46,-0.01,1.10
2026-06-18,2.17,2.12,2.17,2.09,258659,55069077.40,3.69,-2.30,-0.05,1.81
2026-06-22,2.08,2.10,2.12,2.02,283761,58585239.75,4.72,-0.94,-0.02,1.99
2026-06-23,2.12,2.02,2.12,2.02,258961,53513975.70,4.76,-3.81,-0.08,1.82
2026-06-24,1.92,1.92,1.96,1.92,275442,52944144.00,1.98,-4.95,-0.10,1.93
2026-06-25,1.82,1.82,1.84,1.82,147945,26932249.00,1.04,-5.21,-0.10,1.04
2026-06-26,1.73,1.73,1.73,1.73,163943,28362139.00,0.00,-4.95,-0.09,1.15
2026-06-29,1.72,1.82,1.82,1.72,77871,13889050.88,5.78,5.20,0.09,0.55
2026-06-30,1.91,1.91,1.91,1.91,72446,13837147.80,0.00,4.95,0.09,0.51
2026-07-01,2.01,1.95,2.01,1.93,403031,79244348.56,4.19,2.09,0.04,2.83
2026-07-02,1.94,1.93,2.00,1.89,234240,45478781.88,5.64,-1.03,-0.02,1.64
2026-07-03,1.95,1.83,1.96,1.83,371949,69645402.80,6.74,-5.18,-0.10,2.61
2026-07-06,1.82,1.97,2.00,1.76,427492,81104948.29,13.11,7.65,0.14,3.00
2026-07-07,1.97,1.90,2.00,1.88,214614,41234339.51,6.09,-3.55,-0.07,1.51
2026-07-08,1.90,1.93,1.98,1.85,194205,37292111.62,6.84,1.58,0.03,1.36
2026-07-09,1.88,1.89,1.95,1.88,179492,34354996.70,3.63,-2.07,-0.04,1.26
2026-07-10,1.87,1.88,1.90,1.80,206990,38243183.92,5.29,-0.53,-0.01,1.45
2026-07-13,1.86,1.79,1.87,1.77,169484,30675384.25,5.32,-4.79,-0.09,1.19
2026-07-14,1.80,1.82,1.83,1.76,134141,24168423.21,3.91,1.68,0.03,0.94
2026-07-15,1.80,1.77,1.83,1.76,154056,27453816.20,3.85,-2.75,-0.05,1.08
2026-07-16,1.73,1.63,1.77,1.60,468838,78658381.68,9.60,-7.91,-0.14,3.29
2026-07-17,1.59,1.48,1.61,1.47,499210,75851763.80,8.59,-9.20,-0.15,3.50
2026-07-20,1.48,1.43,1.53,1.40,287513,42509130.34,8.78,-3.38,-0.05,2.02
2026-07-21,1.42,1.33,1.43,1.29,466428,61936696.62,9.79,-6.99,-0.10,3.27
2026-07-22,1.31,1.35,1.38,1.30,234579,31604558.03,6.02,1.50,0.02,1.65
2026-07-23,1.36,1.44,1.44,1.34,278886,39229121.40,7.41,6.67,0.09,1.96
2026-07-24,1.43,1.38,1.44,1.37,186123,25987597.00,4.86,-4.17,-0.06,1.31
2026-07-27,1.37,1.40,1.41,1.36,155660,21606753.29,3.62,1.45,0.02,1.09
2026-07-28,1.38,1.39,1.41,1.37,166428,23150368.60,2.86,-0.71,-0.01,1.17
2026-07-29,1.39,1.44,1.46,1.39,248841,35367136.40,5.04,3.60,0.05,1.75