2026-01-05,19.96,19.65,20.02,19.42,4294,8625699.68,3.05,-0.10,-0.02,1.90
2026-01-06,19.83,20.21,20.35,19.78,6382,13033896.34,2.90,2.85,0.56,2.83
2026-01-07,20.36,20.07,20.39,19.96,4771,9741217.79,2.13,-0.69,-0.14,2.11
2026-01-08,20.15,20.20,20.24,19.79,5120,10410819.75,2.24,0.65,0.13,2.27
2026-01-09,20.20,20.35,20.56,20.03,5259,10820572.34,2.62,0.74,0.15,2.33
2026-01-12,20.51,21.06,21.18,20.34,7775,16380591.46,4.13,3.49,0.71,3.45
2026-01-13,21.38,20.83,21.58,20.77,9118,19594341.00,3.85,-1.09,-0.23,4.04
2026-01-14,20.72,20.98,21.45,20.66,6973,14865665.54,3.79,0.72,0.15,3.09
2026-01-15,20.98,20.69,21.28,20.54,5096,10766138.36,3.53,-1.38,-0.29,1.39
2026-01-16,20.80,20.72,20.85,20.54,4311,9039719.83,1.50,0.14,0.03,1.18
2026-01-19,20.82,20.72,20.82,20.49,3024,6351327.89,1.59,0.00,0.00,0.83
2026-01-20,20.89,20.91,20.91,20.56,4464,9379507.85,1.69,0.92,0.19,1.22
2026-01-21,20.87,20.90,21.14,20.81,3880,8252113.50,1.58,-0.05,-0.01,1.06
2026-01-22,20.88,21.27,21.29,20.77,4918,10492542.99,2.49,1.77,0.37,1.34
2026-01-23,21.33,21.43,21.61,21.30,5098,11087308.04,1.46,0.75,0.16,1.39
2026-01-26,21.39,21.28,21.62,21.08,4520,9738247.64,2.52,-0.70,-0.15,1.23
2026-01-27,21.30,21.12,21.31,20.53,2826,6008428.16,3.67,-0.75,-0.16,0.77
2026-01-28,21.14,21.45,22.08,20.97,13491,29537802.58,5.26,1.56,0.33,3.69
2026-01-29,21.41,21.27,21.79,21.14,7727,16804083.24,3.03,-0.84,-0.18,2.11
2026-01-30,21.12,20.98,21.63,20.98,5480,11829308.32,3.06,-1.36,-0.29,1.47
2026-02-02,20.91,20.39,21.39,20.36,5354,11214106.20,4.91,-2.81,-0.59,1.44
2026-02-03,20.52,20.76,20.85,20.23,4039,8451049.11,3.04,1.81,0.37,1.09
2026-02-04,20.78,20.73,21.03,20.54,3332,7017540.18,2.36,-0.14,-0.03,0.90
2026-02-05,20.71,20.52,20.77,20.42,2236,4664593.37,1.69,-1.01,-0.21,0.60
2026-02-06,20.50,20.58,21.05,20.43,4319,9093762.16,3.02,0.29,0.06,1.16
2026-02-09,20.64,20.78,20.96,20.64,2290,4824264.41,1.55,0.97,0.20,0.62
2026-02-10,20.80,20.30,20.88,20.24,3467,7211784.47,3.08,-2.31,-0.48,0.93
2026-02-11,20.27,20.37,20.49,20.12,1834,3777614.18,1.82,0.34,0.07,0.49
2026-02-12,20.47,20.28,20.56,20.18,1867,3854377.97,1.87,-0.44,-0.09,0.50
2026-02-13,20.28,20.25,20.48,20.21,6403,13223882.36,1.33,-0.15,-0.03,1.72
2026-02-24,20.48,20.57,20.78,20.28,4625,9639798.52,2.47,1.58,0.32,1.24
2026-02-25,20.58,20.62,20.71,20.50,2073,4332872.49,1.02,0.24,0.05,0.56
2026-02-26,20.72,20.51,20.77,20.44,2892,6014026.19,1.60,-0.53,-0.11,0.78
2026-02-27,20.62,20.29,20.62,20.24,2492,5145031.75,1.85,-1.07,-0.22,0.67
2026-03-02,20.12,19.93,20.42,19.72,4517,9143983.09,3.45,-1.77,-0.36,1.22
2026-03-03,20.10,20.20,20.82,19.90,8896,18423720.79,4.62,1.35,0.27,2.39
2026-03-04,19.95,19.84,20.44,19.62,3445,6984599.17,4.06,-1.78,-0.36,0.93
2026-03-05,20.06,19.92,20.12,19.80,4331,8758246.81,1.61,0.40,0.08,1.17
2026-03-06,19.94,20.22,20.30,19.86,2801,5718010.84,2.21,1.51,0.30,0.75
2026-03-09,20.23,19.60,20.55,19.47,8950,18045431.33,5.34,-3.07,-0.62,2.41
2026-03-10,19.65,19.76,19.94,19.38,3501,6992331.46,2.86,0.82,0.16,0.94
2026-03-11,19.75,19.54,20.04,19.52,3637,7289336.50,2.63,-1.11,-0.22,0.98
2026-03-12,19.61,19.49,19.81,19.38,3301,6566583.70,2.20,-0.26,-0.05,0.89
2026-03-13,19.49,19.22,19.81,19.22,2840,5615730.94,3.03,-1.39,-0.27,0.76
2026-03-16,19.21,19.14,19.42,18.95,2217,4314771.21,2.45,-0.42,-0.08,0.60
2026-03-17,19.10,18.59,19.28,18.55,4225,8071857.66,3.81,-2.87,-0.55,1.14
2026-03-18,18.50,18.22,18.70,18.02,3839,7126322.67,3.66,-1.99,-0.37,1.03
2026-03-19,18.05,17.65,18.17,17.32,6482,11583605.33,4.67,-3.13,-0.57,1.74
2026-03-20,17.63,17.64,18.06,17.36,2808,5066573.19,3.97,-0.06,-0.01,0.76
2026-03-23,17.52,16.67,17.70,15.72,4938,8559694.40,11.22,-5.50,-0.97,1.33
2026-03-24,16.77,17.20,17.22,16.74,4838,8386594.99,2.88,3.18,0.53,1.30
2026-03-25,17.39,17.25,17.51,17.10,2752,4823790.53,2.38,0.29,0.05,0.74
2026-03-26,17.22,17.08,17.69,17.01,4642,8189239.47,3.94,-0.99,-0.17,1.25
2026-03-27,16.92,17.15,17.28,16.84,2439,4237196.08,2.58,0.41,0.07,0.66
2026-03-30,17.15,16.79,17.29,16.67,3242,5562348.30,3.62,-2.10,-0.36,0.87
2026-03-31,16.85,16.73,17.25,16.72,4862,7437325.63,3.16,-0.36,-0.06,1.31
2026-04-01,16.91,17.05,17.30,16.91,2770,4117409.97,2.33,1.91,0.32,0.75
2026-04-02,17.12,17.32,17.57,17.05,2710,4784084.45,3.05,1.58,0.27,0.73
2026-04-03,17.47,16.92,17.47,16.84,2296,4011713.45,3.64,-2.31,-0.40,0.62
2026-04-07,16.84,16.97,17.08,16.66,2068,3539516.87,2.48,0.30,0.05,0.56
2026-04-08,17.25,17.58,17.65,17.10,2377,4210063.28,3.24,3.59,0.61,0.64
2026-04-09,17.60,17.25,17.60,17.10,1923,3385974.14,2.84,-1.88,-0.33,0.52
2026-04-10,17.29,17.53,17.85,17.18,2928,5225096.57,3.88,1.62,0.28,0.79
2026-04-13,17.47,17.33,17.81,17.22,2870,5077114.88,3.37,-1.14,-0.20,0.77
2026-04-14,17.33,17.40,17.56,17.15,1895,3337559.52,2.37,0.40,0.07,0.51
2026-04-15,17.47,17.40,17.51,17.24,1514,2674892.49,1.55,0.00,0.00,0.41
2026-04-16,17.37,17.55,17.55,17.10,2167,3812007.37,2.59,0.86,0.15,0.58
2026-04-17,17.60,18.29,18.40,17.23,6180,11211988.03,6.67,4.22,0.74,1.66
2026-04-20,18.27,18.42,18.79,18.14,4510,8483195.73,3.55,0.71,0.13,1.21
2026-04-21,18.42,18.03,18.52,17.81,2194,4020146.42,3.85,-2.12,-0.39,0.59
2026-04-22,17.98,18.05,18.38,17.85,3260,5991409.99,2.94,0.11,0.02,0.88
2026-04-23,18.05,17.91,18.17,17.68,2784,5055234.94,2.71,-0.78,-0.14,0.75
2026-04-24,17.78,17.42,17.85,17.35,2354,4200621.74,2.79,-2.74,-0.49,0.63
2026-04-27,17.36,17.29,17.51,16.94,1714,2993431.48,3.27,-0.75,-0.13,0.46
2026-04-28,17.34,16.99,17.67,16.92,2616,4602270.27,4.34,-1.74,-0.30,0.70
2026-04-29,17.82,17.61,18.67,17.31,9389,17191111.63,8.00,3.65,0.62,2.53
2026-04-30,17.51,17.94,18.50,17.34,8639,15814164.18,6.59,1.87,0.33,2.32
2026-05-06,17.95,18.19,18.40,17.95,4135,7634214.18,2.51,1.39,0.25,1.11
2026-05-07,18.22,18.32,18.64,18.17,3309,6189357.35,2.58,0.71,0.13,0.89
2026-05-08,18.32,18.61,18.80,18.24,4004,7541130.40,3.06,1.58,0.29,1.08
2026-05-11,18.72,18.51,18.88,18.32,2806,5259857.73,3.01,-0.54,-0.10,0.75
2026-05-12,18.48,18.20,18.62,18.13,3038,5671938.28,2.65,-1.67,-0.31,0.82
2026-05-13,18.32,18.32,18.54,18.12,2244,4166405.88,2.31,0.66,0.12,0.60
2026-05-14,18.32,17.86,18.46,17.84,2364,4341770.07,3.38,-2.51,-0.46,0.64
2026-05-15,17.87,17.97,18.32,17.69,3162,5785646.71,3.53,0.62,0.11,0.85
2026-05-18,17.84,17.46,17.92,17.33,3027,5393641.21,3.28,-2.84,-0.51,0.81
2026-05-19,17.37,18.42,18.60,17.37,7606,13984866.67,7.04,5.50,0.96,2.05
2026-05-20,18.28,17.85,18.50,17.74,4668,8585111.18,4.13,-3.09,-0.57,1.26
2026-05-21,17.98,16.97,18.01,16.92,3317,5906102.35,6.11,-4.93,-0.88,0.89
2026-05-22,17.17,17.14,17.27,16.74,2348,4076465.40,3.12,1.00,0.17,0.63
2026-05-25,17.12,16.66,17.14,16.37,2645,4495874.01,4.49,-2.80,-0.48,0.71
2026-05-26,16.56,16.04,16.65,15.80,3193,5226880.44,5.10,-3.72,-0.62,0.86
2026-05-27,15.94,15.65,16.20,15.38,4317,6886294.57,5.11,-2.43,-0.39,1.16
2026-05-28,15.57,16.28,16.37,15.48,3669,5955582.18,5.69,4.03,0.63,0.99
2026-05-29,16.20,16.26,16.54,15.92,4237,7007588.75,3.81,-0.12,-0.02,1.14
2026-06-01,16.34,16.59,16.88,15.93,3133,5254820.37,5.84,2.03,0.33,0.84
2026-06-02,16.58,16.48,16.70,16.15,2065,3450143.92,3.32,-0.66,-0.11,0.56
2026-06-03,16.65,16.20,16.68,16.05,2404,3956500.58,3.82,-1.70,-0.28,0.65
2026-06-04,16.17,15.70,16.34,15.53,2469,3889344.70,5.00,-3.09,-0.50,0.66
2026-06-05,15.61,16.63,16.74,15.55,4660,7654960.44,7.58,5.92,0.93,1.25
2026-06-08,16.53,16.92,17.29,16.30,4159,6988135.15,5.95,1.74,0.29,1.12
2026-06-09,16.83,16.51,17.16,16.34,3686,6152771.87,4.85,-2.42,-0.41,0.99
2026-06-10,16.27,16.12,16.80,16.03,2355,3846411.95,4.66,-2.36,-0.39,0.63
2026-06-11,16.02,15.20,16.32,15.20,3406,5281139.67,6.95,-5.71,-0.92,0.92
2026-06-12,15.29,15.53,15.78,15.07,2895,4508423.00,4.67,2.17,0.33,0.78
2026-06-15,15.58,15.53,15.71,15.30,2064,3194943.47,2.64,0.00,0.00,0.56
2026-06-16,15.63,15.70,15.80,15.20,3480,5387344.75,3.86,1.09,0.17,0.94
2026-06-17,15.70,16.17,16.66,15.66,8556,13806507.79,6.37,2.99,0.47,2.30
2026-06-18,16.12,15.61,16.15,15.37,5403,8496475.18,4.82,-3.46,-0.56,1.45
2026-06-22,15.40,15.51,15.70,14.45,6768,10139585.88,8.01,-0.64,-0.10,1.82
2026-06-23,15.36,16.06,16.70,15.36,6130,9358068.75,8.64,3.55,0.55,1.65
2026-06-24,16.06,15.35,16.06,15.26,3619,5598780.86,4.98,-4.42,-0.71,0.97
2026-06-25,15.30,15.05,15.50,14.61,6245,9402346.76,5.80,-1.95,-0.30,1.68
2026-06-26,14.95,14.11,15.18,13.93,7599,10673853.60,8.31,-6.25,-0.94,2.04
2026-06-29,14.01,14.08,14.15,13.39,4107,5643570.32,5.39,-0.21,-0.03,1.10
2026-06-30,13.82,14.02,14.60,13.78,4349,5831008.49,5.82,-0.43,-0.06,1.17
2026-07-01,13.96,14.50,14.52,13.62,3781,5361581.11,6.42,3.42,0.48,1.02
2026-07-02,14.36,14.46,14.85,14.10,3797,5489283.41,5.17,-0.28,-0.04,1.02
2026-07-03,14.46,14.93,14.95,14.30,4043,5909463.66,4.50,3.25,0.47,1.09
2026-07-06,14.83,14.69,15.30,14.60,2527,3756384.53,4.69,-1.61,-0.24,0.68
2026-07-07,14.60,14.69,14.86,14.60,1307,1925148.59,1.77,0.00,0.00,0.35
2026-07-08,14.75,14.54,14.75,14.43,943,1374092.38,2.18,-1.02,-0.15,0.25