2026-01-05,14.14,14.87,15.24,14.14,353961,534380194.00,7.76,4.87,0.69,7.06
2026-01-06,15.03,15.07,15.26,14.73,285443,434728660.00,3.56,1.34,0.20,5.70
2026-01-07,15.10,14.91,15.13,14.79,231590,351227429.00,2.26,-1.06,-0.16,4.62
2026-01-08,14.79,14.86,15.28,14.70,231085,350897206.00,3.89,-0.34,-0.05,4.61
2026-01-09,14.77,15.07,15.25,14.76,228113,348144562.00,3.30,1.41,0.21,4.55
2026-01-12,15.27,14.85,15.38,14.74,349185,527244684.00,4.25,-1.46,-0.22,6.97
2026-01-13,14.85,14.93,15.21,14.74,294260,447379590.00,3.16,0.54,0.08,5.87
2026-01-14,15.10,15.36,15.84,14.98,395493,618493627.00,5.76,2.88,0.43,7.89
2026-01-15,15.36,15.41,15.76,14.91,377840,590432733.00,5.53,0.33,0.05,7.54
2026-01-16,15.36,15.41,15.94,15.30,311981,493539452.00,4.15,0.00,0.00,6.23
2026-01-19,15.31,15.03,15.33,14.78,298821,457841122.00,3.57,-2.47,-0.38,5.96
2026-01-20,15.11,14.95,15.22,14.26,362980,541288889.00,6.39,-0.53,-0.08,7.24
2026-01-21,14.88,15.37,15.52,14.83,321787,498064317.00,4.62,2.81,0.42,6.42
2026-01-22,15.35,15.20,15.35,14.94,214380,328954890.00,2.67,-1.11,-0.17,4.28
2026-01-23,15.47,15.87,16.07,15.38,441711,707478731.00,4.54,4.41,0.67,8.81
2026-01-26,16.25,15.93,16.44,15.71,447780,724263373.00,4.60,0.38,0.06,8.93
2026-01-27,15.79,15.63,15.87,15.18,343335,541415881.00,4.33,-1.88,-0.30,6.85
2026-01-28,15.68,16.83,17.06,15.43,581828,966328408.00,10.43,7.68,1.20,11.61
2026-01-29,17.26,16.21,17.27,15.85,636539,1055587003.00,8.44,-3.68,-0.62,12.70
2026-01-30,15.44,14.84,15.70,14.58,452948,682309758.00,6.91,-8.45,-1.37,9.04
2026-02-02,14.11,13.99,14.61,13.98,335700,482627619.00,4.25,-5.73,-0.85,6.70
2026-02-03,14.26,14.44,14.52,14.02,193005,277617468.00,3.57,3.22,0.45,3.85
2026-02-04,14.68,14.55,14.79,14.38,187115,273657105.00,2.84,0.76,0.11,3.73
2026-02-05,14.31,14.05,14.41,13.92,148322,210974994.00,3.37,-3.44,-0.50,2.96
2026-02-06,13.65,14.13,14.33,13.46,148264,209978634.00,6.19,0.57,0.08,2.96
2026-02-09,14.49,14.11,14.49,14.05,128571,183495800.00,3.11,-0.14,-0.02,2.57
2026-02-10,14.12,13.84,14.12,13.80,143099,200977477.00,2.27,-1.91,-0.27,2.86
2026-02-11,13.89,14.39,14.65,13.80,219423,317741359.00,6.14,3.97,0.55,4.38
2026-02-12,14.42,14.32,14.60,14.30,150997,219285101.00,2.08,-0.49,-0.07,3.01
2026-02-13,14.14,14.30,14.60,14.14,145186,210593838.00,3.21,-0.14,-0.02,2.90
2026-02-24,14.65,14.51,14.70,14.38,166851,244065947.00,2.24,1.47,0.21,3.33
2026-02-25,14.50,15.04,15.19,14.50,190087,285951905.00,4.76,3.65,0.53,3.79
2026-02-26,15.12,15.08,15.22,14.84,186185,281817999.00,2.53,0.27,0.04,3.72
2026-02-27,15.00,15.81,15.88,14.98,280672,437391610.00,5.97,4.84,0.73,5.60
2026-03-02,16.00,15.90,16.06,15.41,315289,499541895.00,4.11,0.57,0.09,6.29
2026-03-03,15.71,14.98,15.89,14.90,266497,409027061.00,6.23,-5.79,-0.92,5.32
2026-03-04,14.70,14.81,15.10,14.57,181779,271991268.00,3.54,-1.13,-0.17,3.63
2026-03-05,14.98,14.59,15.05,14.48,149233,220812169.00,3.85,-1.49,-0.22,2.98
2026-03-06,14.45,14.36,14.70,14.34,131572,191904192.00,2.47,-1.58,-0.23,2.63
2026-03-09,13.96,13.91,14.08,13.48,194501,269917076.00,4.18,-3.13,-0.45,3.88
2026-03-10,14.05,14.08,14.38,13.86,153208,217555303.00,3.74,1.22,0.17,3.06
2026-03-11,14.07,13.88,14.09,13.80,113573,159059403.00,2.06,-1.42,-0.20,2.27
2026-03-12,13.78,13.63,13.88,13.55,111757,154267704.00,2.38,-1.80,-0.25,2.23
2026-03-13,13.61,13.49,13.95,13.48,136470,187662174.00,3.45,-1.03,-0.14,2.72
2026-03-16,13.43,13.09,13.48,12.94,173722,229933109.00,4.00,-2.97,-0.40,3.47
2026-03-17,13.08,12.83,13.33,12.78,141198,185128477.00,4.20,-1.99,-0.26,2.82
2026-03-18,12.83,12.77,12.89,12.63,114617,147099232.00,2.03,-0.47,-0.06,2.29
2026-03-19,12.53,12.28,12.62,12.21,174095,217377650.00,3.21,-3.84,-0.49,3.47
2026-03-20,12.28,12.03,12.47,12.00,138040,170406816.00,3.83,-2.04,-0.25,2.75
2026-03-23,11.80,11.38,11.87,11.31,194337,227589855.00,4.66,-5.40,-0.65,3.88
2026-03-24,11.73,11.83,11.84,11.54,151384,178237008.00,2.64,3.95,0.45,3.02
2026-03-25,12.07,12.02,12.20,11.95,138972,169050140.00,2.11,1.61,0.19,2.77
2026-03-26,11.92,11.37,11.96,11.30,214010,248689452.00,5.49,-5.41,-0.65,4.27
2026-03-27,11.37,11.58,11.58,11.26,162809,188452902.00,2.81,1.85,0.21,3.25
2026-03-30,11.46,11.61,11.69,11.43,159395,185864130.00,2.25,0.26,0.03,3.18
2026-03-31,11.64,11.53,11.85,11.53,130390,153487193.00,2.76,-0.69,-0.08,2.60
2026-04-01,11.78,11.66,11.92,11.55,150220,176663383.00,3.21,1.13,0.13,3.00
2026-04-02,11.60,11.46,11.60,11.35,103758,119929988.00,2.14,-1.72,-0.20,2.07
2026-04-03,11.44,11.20,11.48,11.14,102231,115634258.00,2.97,-2.27,-0.26,2.04
2026-04-07,11.22,11.22,11.31,11.12,97517,110440682.00,1.70,0.18,0.02,1.95
2026-04-08,11.49,11.73,11.73,11.49,168792,198359383.00,2.14,4.55,0.51,3.37
2026-04-09,11.62,11.63,11.72,11.52,116759,136845559.00,1.71,-0.85,-0.10,2.33
2026-04-10,11.74,11.89,12.10,11.68,148905,179023820.00,3.61,2.24,0.26,0.30
2026-04-13,11.80,12.14,12.38,11.77,187730,229890885.00,5.13,2.10,0.25,0.38
2026-04-14,12.28,12.19,12.35,12.05,160681,197761584.00,2.47,0.41,0.05,0.33
2026-04-15,12.33,12.13,12.43,12.10,147049,181805507.00,2.71,-0.49,-0.06,0.30
2026-04-16,12.16,12.43,12.56,12.16,179156,223754893.00,3.30,2.47,0.30,0.37
2026-04-17,12.38,12.80,12.97,12.24,238569,303769229.00,5.87,2.98,0.37,0.49
2026-04-20,12.76,12.82,12.95,12.55,244980,315381698.00,3.13,0.16,0.02,0.50
2026-04-21,12.83,12.88,12.99,12.69,147111,190387957.00,2.34,0.47,0.06,0.30
2026-04-22,13.64,14.18,14.18,13.47,214981,303915483.00,5.51,10.09,1.30,0.44
2026-04-23,14.68,13.89,14.75,13.62,572713,805021756.00,7.97,-2.05,-0.29,1.17
2026-04-24,13.82,13.93,14.39,13.72,388062,551605822.00,4.82,0.29,0.04,0.79
2026-04-27,13.85,14.06,14.27,13.76,284868,402021531.00,3.66,0.93,0.13,0.58
2026-04-28,13.94,13.67,14.06,13.61,210620,291706469.00,3.20,-2.77,-0.39,0.43
2026-04-29,13.58,13.94,14.03,13.58,184338,257660087.00,3.29,1.98,0.27,0.38
2026-04-30,13.92,13.76,14.13,13.66,207915,290051031.00,3.37,-1.29,-0.18,0.42
2026-05-06,13.83,14.15,14.24,13.80,259803,368608557.00,3.20,2.83,0.39,0.53
2026-05-07,14.20,14.51,14.58,14.11,224038,325175167.00,3.32,2.54,0.36,0.46
2026-05-08,14.49,14.55,14.70,14.26,193837,282042279.00,3.03,0.28,0.04,0.40
2026-05-11,14.58,14.32,14.64,14.20,200856,291524596.00,3.02,-1.58,-0.23,0.41
2026-05-12,14.46,14.46,14.60,14.27,218405,317677235.00,2.30,0.98,0.14,0.45
2026-05-13,14.48,14.57,14.69,14.43,180014,263236229.00,1.80,0.76,0.11,0.37
2026-05-14,14.48,14.16,14.55,14.16,154084,222464674.00,2.68,-2.81,-0.41,0.31
2026-05-15,14.10,13.66,14.16,13.56,206560,287493119.00,4.24,-3.53,-0.50,0.42
2026-05-18,13.54,13.92,14.24,13.32,204889,285566839.00,6.73,1.90,0.26,0.42
2026-05-19,13.93,13.97,14.22,13.81,149980,211091304.00,2.95,0.36,0.05,0.31
2026-05-20,13.90,13.76,14.05,13.64,145226,201875914.00,2.93,-1.50,-0.21,0.30
2026-05-21,13.86,13.24,14.10,13.23,168723,232430914.00,6.32,-3.78,-0.52,0.34
2026-05-22,13.35,13.52,13.69,13.21,140434,190117567.00,3.63,2.11,0.28,0.29
2026-05-25,13.68,13.70,13.90,13.46,156715,215794533.00,3.25,1.33,0.18,0.32
2026-05-26,13.75,14.06,14.09,13.44,205695,287069242.00,4.74,2.63,0.36,0.42
2026-05-27,13.98,13.65,14.07,13.43,166077,229063213.00,4.55,-2.92,-0.41,0.34
2026-05-28,13.58,13.34,13.64,13.05,155760,208798985.00,4.32,-2.27,-0.31,0.32
2026-05-29,13.48,13.06,13.49,13.03,132614,176827585.00,3.45,-2.10,-0.28,0.27
2026-06-01,13.03,12.83,13.17,12.68,211162,273912655.00,3.75,-1.76,-0.23,0.43
2026-06-02,12.83,12.94,13.05,12.49,177400,228519837.00,4.36,0.86,0.11,0.36
2026-06-03,12.88,12.82,13.07,12.66,135639,175180229.00,3.17,-0.93,-0.12,0.28
2026-06-04,12.68,12.34,12.72,12.25,142054,177518663.00,3.67,-3.74,-0.48,0.29
2026-06-05,12.30,12.01,12.42,11.97,142372,174814272.00,3.65,-2.67,-0.33,0.29
2026-06-08,11.78,11.41,11.86,11.30,172932,202132069.00,4.66,-5.00,-0.60,0.35
2026-06-09,11.40,11.24,11.48,11.00,162897,183570274.00,4.21,-1.49,-0.17,0.33
2026-06-10,11.17,10.95,11.17,10.76,171520,188906184.00,3.65,-2.58,-0.29,0.35
2026-06-11,10.93,11.04,11.12,10.80,138090,153162395.00,2.92,0.82,0.09,0.28
2026-06-12,11.25,11.25,11.75,11.06,279566,321223078.00,6.25,1.90,0.21,0.57
2026-06-15,11.59,11.95,11.99,11.55,469633,559684227.00,3.91,6.22,0.70,0.96
2026-06-16,11.90,12.29,12.62,11.78,356274,442677380.00,7.03,2.85,0.34,0.73
2026-06-17,12.29,11.81,12.39,11.80,273459,329563676.00,4.80,-3.91,-0.48,0.56
2026-06-18,11.75,11.86,12.12,11.54,252167,300628341.00,4.91,0.42,0.05,0.51
2026-06-22,11.78,12.44,12.45,11.70,339209,414656453.00,6.32,4.89,0.58,0.69
2026-06-23,12.39,11.43,12.39,11.37,303043,358744095.00,8.20,-8.12,-1.01,0.62
2026-06-24,11.43,11.52,11.73,11.33,167450,194014790.00,3.50,0.79,0.09,0.34
2026-06-25,11.40,11.14,11.42,11.11,192462,218381959.00,2.69,-3.30,-0.38,0.39
2026-06-26,11.05,10.71,11.14,10.71,185490,203594671.00,3.86,-3.86,-0.43,0.38
2026-06-29,10.72,10.72,10.97,10.62,175015,189922917.00,3.27,0.09,0.01,0.36
2026-06-30,10.68,10.67,10.70,10.49,156576,167186610.00,1.96,-0.47,-0.05,0.32
2026-07-01,10.63,11.15,11.52,10.54,255424,288169342.00,9.18,4.50,0.48,0.52
2026-07-02,11.10,11.10,11.49,10.91,220866,248812295.00,5.20,-0.45,-0.05,0.45
2026-07-03,11.24,11.17,11.39,11.12,166784,189381581.00,2.43,0.63,0.07,0.34
2026-07-06,11.17,11.27,11.56,11.10,188558,214898149.00,4.12,0.90,0.10,0.38
2026-07-07,11.25,10.99,11.25,10.98,137992,154291028.00,2.40,-2.48,-0.28,0.28
2026-07-08,10.98,10.76,11.11,10.74,113657,124885899.00,3.37,-2.09,-0.23,0.23
2026-07-09,10.73,10.57,10.82,10.16,150805,159005519.00,6.13,-1.77,-0.19,0.31
2026-07-10,10.62,10.56,10.78,10.52,127413,136916309.00,2.46,-0.09,-0.01,0.26
2026-07-13,10.52,10.15,10.53,10.14,132438,137019568.00,3.69,-3.88,-0.41,0.27
2026-07-14,10.12,10.47,10.49,10.03,153585,158736713.00,4.53,3.15,0.32,0.31
2026-07-15,10.62,10.72,11.00,10.61,197081,215054767.00,3.72,2.39,0.25,0.40
2026-07-16,10.63,10.43,10.82,10.39,146648,155477686.00,4.01,-2.71,-0.29,0.30
2026-07-17,10.39,9.90,10.42,9.86,184201,185657223.00,5.37,-5.08,-0.53,0.38
2026-07-20,9.92,10.00,10.13,9.82,165756,165323498.00,3.13,1.01,0.10,0.34
2026-07-21,10.13,10.36,10.38,10.03,201422,205628891.00,3.50,3.60,0.36,0.41
2026-07-22,10.51,10.60,10.88,10.39,202610,216410541.00,4.73,2.32,0.24,0.41
2026-07-23,10.54,11.66,11.66,10.54,244520,275439119.00,10.57,10.00,1.06,0.50
2026-07-24,11.49,10.76,11.49,10.75,365010,400644661.00,6.35,-7.72,-0.90,0.74
2026-07-27,10.82,11.20,11.25,10.74,316271,348255854.00,4.74,4.09,0.44,0.65
2026-07-28,11.02,11.50,11.65,10.88,375910,425593752.00,6.88,2.68,0.30,0.77
2026-07-29,11.71,11.69,11.96,11.37,299409,349043114.00,5.13,1.65,0.19,0.61