2026-01-05,5.54,5.60,5.61,5.52,366755,204901118.00,1.62,1.08,0.06,0.82
2026-01-06,5.59,5.80,5.81,5.58,793201,455182775.00,4.11,3.57,0.20,1.76
2026-01-07,5.77,5.82,5.92,5.74,799629,467159594.00,3.10,0.34,0.02,1.78
2026-01-08,5.78,5.72,5.79,5.71,532303,305780890.00,1.37,-1.72,-0.10,1.18
2026-01-09,5.73,5.86,5.89,5.72,728260,425437010.00,2.97,2.45,0.14,1.62
2026-01-12,5.97,6.03,6.08,5.96,1221271,737706475.00,2.05,2.90,0.17,2.72
2026-01-13,6.04,6.09,6.28,5.94,1318610,802895545.00,5.64,1.00,0.06,2.93
2026-01-14,6.05,6.06,6.29,5.99,1518750,934364771.00,4.93,-0.49,-0.03,3.38
2026-01-15,6.01,5.88,6.07,5.86,799303,475098299.00,3.47,-2.97,-0.18,1.78
2026-01-16,5.94,5.77,5.97,5.75,623356,363265106.00,3.74,-1.87,-0.11,1.39
2026-01-19,5.76,5.82,5.88,5.73,456359,265803633.00,2.60,0.87,0.05,1.01
2026-01-20,5.82,5.82,5.83,5.75,407804,236526566.00,1.37,0.00,0.00,0.91
2026-01-21,5.81,5.80,5.83,5.78,353664,205585717.00,0.86,-0.34,-0.02,0.79
2026-01-22,5.78,5.85,5.91,5.78,427703,250359463.00,2.24,0.86,0.05,0.95
2026-01-23,6.14,6.03,6.39,6.02,1507778,927441750.00,6.32,3.08,0.18,3.35
2026-01-26,5.99,5.96,6.13,5.92,990953,596554281.00,3.48,-1.16,-0.07,2.20
2026-01-27,5.94,5.85,5.94,5.76,680090,397530413.00,3.02,-1.85,-0.11,1.51
2026-01-28,5.82,5.92,6.04,5.80,710469,419847220.00,4.10,1.20,0.07,1.58
2026-01-29,5.91,5.90,5.94,5.83,671017,395192862.00,1.86,-0.34,-0.02,1.49
2026-01-30,5.89,5.75,5.89,5.70,640909,370573520.00,3.22,-2.54,-0.15,1.42
2026-02-02,5.72,5.57,5.81,5.56,511943,291689632.00,4.35,-3.13,-0.18,1.14
2026-02-03,5.62,5.69,5.70,5.61,388646,220627839.00,1.62,2.15,0.12,0.86
2026-02-04,5.67,5.77,5.77,5.64,451806,258295770.00,2.28,1.41,0.08,1.00
2026-02-05,5.76,5.71,5.77,5.66,359850,205708530.00,1.91,-1.04,-0.06,0.80
2026-02-06,5.66,5.68,5.74,5.64,256974,146567000.00,1.75,-0.53,-0.03,0.57
2026-02-09,5.73,5.72,5.76,5.70,262368,150401898.00,1.06,0.70,0.04,0.58
2026-02-10,5.71,5.67,5.72,5.67,232972,132698395.00,0.87,-0.87,-0.05,0.52
2026-02-11,5.67,5.64,5.68,5.63,267322,151532561.00,0.88,-0.53,-0.03,0.59
2026-02-12,5.64,5.61,5.66,5.57,255130,143422528.00,1.60,-0.53,-0.03,0.57
2026-02-13,5.62,5.52,5.62,5.52,273396,152590651.00,1.78,-1.60,-0.09,0.61
2026-02-24,5.58,5.60,5.61,5.54,256652,143554869.00,1.27,1.45,0.08,0.57
2026-02-25,5.61,5.69,5.72,5.60,378230,215505201.00,2.14,1.61,0.09,0.84
2026-02-26,5.68,5.62,5.69,5.61,322710,182264213.00,1.41,-1.23,-0.07,0.72
2026-02-27,5.63,5.73,5.73,5.62,394036,224701607.00,1.96,1.96,0.11,0.88
2026-03-02,5.69,5.75,5.84,5.64,819275,471039655.00,3.49,0.35,0.02,1.82
2026-03-03,5.72,5.57,5.77,5.57,570383,323847796.00,3.48,-3.13,-0.18,1.27
2026-03-04,5.52,5.47,5.60,5.45,423442,233783167.00,2.69,-1.80,-0.10,0.94
2026-03-05,5.52,5.52,5.61,5.51,347887,193147609.00,1.83,0.91,0.05,0.77
2026-03-06,5.51,5.65,5.66,5.50,443607,249827663.00,2.90,2.36,0.13,0.99
2026-03-09,5.61,5.58,5.64,5.54,368457,205709776.00,1.77,-1.24,-0.07,0.82
2026-03-10,5.60,5.61,5.63,5.58,264287,148299751.00,0.90,0.54,0.03,0.59
2026-03-11,5.63,5.60,5.63,5.57,290453,162837442.00,1.07,-0.18,-0.01,0.65
2026-03-12,5.61,5.63,5.66,5.58,386665,217541757.00,1.43,0.54,0.03,0.86
2026-03-13,5.61,5.57,5.63,5.54,404844,226591940.00,1.60,-1.07,-0.06,0.90
2026-03-16,5.59,5.63,5.68,5.59,486945,275054329.00,1.62,1.08,0.06,1.08
2026-03-17,5.61,5.61,5.72,5.59,520896,294686013.00,2.31,-0.36,-0.02,1.16
2026-03-18,5.61,5.56,5.62,5.52,386889,215020917.00,1.78,-0.89,-0.05,0.86
2026-03-19,5.52,5.65,5.79,5.47,826701,464411901.00,5.76,1.62,0.09,1.84
2026-03-20,5.59,5.48,5.59,5.47,552311,305315140.00,2.12,-3.01,-0.17,1.23
2026-03-23,5.37,5.18,5.40,5.16,498950,264391974.00,4.38,-5.47,-0.30,1.11
2026-03-24,5.25,5.33,5.34,5.21,329553,174224586.00,2.51,2.90,0.15,0.73
2026-03-25,5.32,5.47,5.49,5.31,387002,210677421.00,3.38,2.63,0.14,0.86
2026-03-26,5.45,5.36,5.46,5.33,281455,151954191.00,2.38,-2.01,-0.11,0.63
2026-03-27,5.31,5.39,5.42,5.31,205188,110668322.00,2.05,0.56,0.03,0.46
2026-03-30,5.33,5.36,5.38,5.27,212276,113337177.00,2.04,-0.56,-0.03,0.47
2026-03-31,5.33,5.33,5.42,5.31,224422,120592944.00,2.05,-0.56,-0.03,0.50
2026-04-01,5.38,5.35,5.40,5.33,241548,129438464.00,1.31,0.38,0.02,0.54
2026-04-02,5.34,5.24,5.35,5.22,241707,127539409.00,2.43,-2.06,-0.11,0.54
2026-04-03,5.35,5.23,5.43,5.22,290115,153921591.00,4.01,-0.19,-0.01,0.64
2026-04-07,5.22,5.31,5.39,5.19,361882,192966390.00,3.82,1.53,0.08,0.80
2026-04-08,5.37,5.41,5.42,5.35,372504,200992706.00,1.32,1.88,0.10,0.83
2026-04-09,5.37,5.30,5.39,5.29,248131,132368078.00,1.85,-2.03,-0.11,0.55
2026-04-10,5.32,5.36,5.45,5.32,370595,200401838.00,2.45,1.13,0.06,0.82
2026-04-13,5.35,5.33,5.37,5.32,248371,133004381.00,0.93,-0.56,-0.03,0.55
2026-04-14,5.36,5.36,5.37,5.30,228829,122295780.00,1.31,0.56,0.03,0.51
2026-04-15,5.36,5.31,5.38,5.31,193978,103708265.00,1.31,-0.93,-0.05,0.43
2026-04-16,5.32,5.33,5.34,5.30,182275,97169311.00,0.75,0.38,0.02,0.41
2026-04-17,5.31,5.32,5.34,5.27,237070,125865658.00,1.31,-0.19,-0.01,0.53
2026-04-20,5.30,5.35,5.42,5.29,286640,153725496.00,2.44,0.56,0.03,0.64
2026-04-21,5.35,5.28,5.35,5.26,266647,141122283.00,1.68,-1.31,-0.07,0.59
2026-04-22,5.29,5.28,5.31,5.25,194588,102884528.00,1.14,0.00,0.00,0.43
2026-04-23,5.27,5.22,5.28,5.20,219194,114866599.00,1.52,-1.14,-0.06,0.49
2026-04-24,5.21,5.20,5.22,5.17,188828,98220346.00,0.96,-0.38,-0.02,0.42
2026-04-27,5.18,5.16,5.21,5.15,216688,112286443.00,1.15,-0.77,-0.04,0.48
2026-04-28,5.13,5.09,5.17,5.08,325369,166904575.00,1.74,-1.36,-0.07,0.72
2026-04-29,5.07,5.23,5.24,5.06,324595,168359219.00,3.54,2.75,0.14,0.72
2026-04-30,5.25,5.23,5.33,5.22,311432,164464978.00,2.10,0.00,0.00,0.69
2026-05-06,5.23,5.31,5.35,5.23,385746,205070292.00,2.29,1.53,0.08,0.86
2026-05-07,5.32,5.29,5.34,5.27,236751,125608188.00,1.32,-0.38,-0.02,0.53
2026-05-08,5.28,5.28,5.33,5.26,246649,130749912.00,1.32,-0.19,-0.01,0.55
2026-05-11,5.28,5.34,5.36,5.24,395675,210535458.00,2.27,1.14,0.06,0.88
2026-05-12,5.33,5.28,5.34,5.26,307535,163349659.00,1.50,-1.12,-0.06,0.68
2026-05-13,5.26,5.27,5.30,5.24,278646,146921147.00,1.14,-0.19,-0.01,0.62
2026-05-14,5.29,5.14,5.29,5.13,344042,179113306.00,3.04,-2.47,-0.13,0.76
2026-05-15,5.14,5.05,5.18,5.01,417741,212645334.00,3.31,-1.75,-0.09,0.93
2026-05-18,5.04,4.99,5.04,4.97,298046,149155180.00,1.39,-1.19,-0.06,0.66
2026-05-19,4.99,5.01,5.02,4.94,262301,130942851.00,1.60,0.40,0.02,0.58
2026-05-20,4.99,4.94,5.00,4.92,201823,99938171.00,1.60,-1.40,-0.07,0.45
2026-05-21,4.94,4.92,5.07,4.91,377528,189259194.00,3.24,-0.40,-0.02,0.84
2026-05-22,4.92,4.83,4.94,4.80,353027,171352174.00,2.85,-1.83,-0.09,0.78
2026-05-25,4.86,4.87,4.88,4.79,281867,136393291.00,1.86,0.83,0.04,0.63
2026-05-26,4.84,4.88,4.90,4.81,269088,131174304.00,1.85,0.21,0.01,0.60
2026-05-27,4.86,4.79,4.95,4.77,287719,139310854.00,3.69,-1.84,-0.09,0.64
2026-05-28,4.77,4.74,4.79,4.65,277103,131225214.00,2.92,-1.04,-0.05,0.62
2026-05-29,4.74,4.75,4.85,4.73,389678,187128528.00,2.53,0.21,0.01,0.87
2026-06-01,4.78,4.84,4.87,4.72,331160,159561782.00,3.16,1.89,0.09,0.74
2026-06-02,4.85,4.81,4.88,4.79,241793,116922078.00,1.86,-0.62,-0.03,0.54
2026-06-03,4.81,4.76,4.85,4.75,259564,124901381.00,2.08,-1.04,-0.05,0.58
2026-06-04,4.73,4.68,4.80,4.65,253289,119390227.00,3.15,-1.68,-0.08,0.56
2026-06-05,4.67,4.66,4.72,4.65,280286,131647024.00,1.50,-0.43,-0.02,0.62
2026-06-08,4.61,4.51,4.63,4.47,355236,161978209.00,3.43,-3.22,-0.15,0.79
2026-06-09,4.51,4.52,4.54,4.44,242037,109147489.00,2.22,0.22,0.01,0.54
2026-06-10,4.49,4.60,4.60,4.49,345978,157723519.00,2.43,1.77,0.08,0.77
2026-06-11,4.57,4.50,4.62,4.45,294562,133303653.00,3.70,-2.17,-0.10,0.65
2026-06-12,4.51,4.64,4.67,4.48,363961,167780546.00,4.22,3.11,0.14,0.81
2026-06-15,4.67,4.84,4.89,4.66,606534,292497679.00,4.96,4.31,0.20,1.35
2026-06-16,4.83,4.80,4.84,4.75,301571,145266531.00,1.86,-0.83,-0.04,0.67
2026-06-17,4.79,4.76,4.83,4.73,325075,155527814.00,2.08,-0.83,-0.04,0.72
2026-06-18,4.75,4.61,4.77,4.60,334722,156337412.00,3.57,-3.15,-0.15,0.74
2026-06-22,4.60,4.90,4.90,4.52,658601,313108994.00,8.24,6.29,0.29,1.46
2026-06-23,4.87,4.84,4.99,4.80,561183,275996609.00,3.88,-1.22,-0.06,1.25
2026-06-24,4.82,4.72,4.87,4.69,412758,196302820.00,3.72,-2.48,-0.12,0.92
2026-06-25,4.71,4.82,4.88,4.62,522426,249715576.00,5.51,2.12,0.10,1.16
2026-06-26,4.78,4.53,4.81,4.52,466084,216708160.00,6.02,-6.02,-0.29,1.04