2026-01-05,12.70,12.81,12.84,12.55,9125,11699673.36,2.30,1.75,0.22,1.72
2026-01-06,12.81,13.14,13.20,12.81,10143,13330337.07,3.04,2.58,0.33,1.91
2026-01-07,13.26,12.97,13.26,12.85,7635,10032020.23,3.12,-1.29,-0.17,1.44
2026-01-08,12.89,13.06,13.20,12.88,9409,12371162.50,2.47,0.69,0.09,1.77
2026-01-09,13.05,13.32,13.54,13.05,16106,21608993.95,3.75,1.99,0.26,3.04
2026-01-12,13.34,13.73,13.76,13.31,17977,24546846.16,3.38,3.08,0.41,3.39
2026-01-13,13.73,13.65,14.35,13.59,21282,29907236.99,5.54,-0.58,-0.08,4.01
2026-01-14,13.60,13.80,14.09,13.51,14983,20780800.10,4.25,1.10,0.15,2.83
2026-01-15,13.66,13.48,14.02,13.48,10030,13830160.81,3.91,-2.32,-0.32,1.89
2026-01-16,13.58,13.40,13.67,13.40,5852,7956777.50,2.00,-0.59,-0.08,1.10
2026-01-19,13.54,13.36,13.55,13.33,5132,6942770.00,1.64,-0.30,-0.04,0.97
2026-01-20,13.41,17.39,17.39,13.40,147283,237828573.70,29.87,30.16,4.03,27.77
2026-01-21,17.39,17.89,20.60,16.70,189607,351842683.94,22.43,2.88,0.50,35.75
2026-01-22,16.84,16.93,19.31,16.12,156137,275635212.64,17.83,-5.37,-0.96,29.44
2026-01-23,17.18,17.84,18.49,16.90,114995,204421510.05,9.39,5.38,0.91,21.68
2026-01-26,17.67,18.92,20.40,17.03,127704,241728003.69,18.89,6.05,1.08,24.08
2026-01-27,18.20,17.06,18.38,16.35,115917,198246781.23,10.73,-9.83,-1.86,21.86
2026-01-28,16.55,18.25,19.58,16.31,136302,247565497.07,19.17,6.98,1.19,25.70
2026-01-29,17.57,20.58,21.78,17.48,152190,294479481.66,23.56,12.77,2.33,28.70
2026-01-30,19.20,21.15,22.50,18.71,132925,270618476.22,18.42,2.77,0.57,25.07
2026-02-02,19.40,18.47,21.09,18.40,101959,203026158.72,12.72,-12.67,-2.68,19.23
2026-02-03,18.31,19.39,20.70,18.16,109473,215745164.47,13.75,4.98,0.92,20.64
2026-02-04,18.92,17.90,20.53,17.50,107745,203712361.24,15.63,-7.68,-1.49,20.32
2026-02-05,17.74,16.90,18.63,16.83,85870,152232631.70,10.06,-5.59,-1.00,16.19
2026-02-06,16.57,18.37,19.29,16.57,117812,214704867.08,16.09,8.70,1.47,22.22
2026-02-09,18.35,18.62,19.43,17.82,101186,188334502.45,8.76,1.36,0.25,19.08
2026-02-10,18.51,17.52,18.57,17.31,80549,143002498.24,6.77,-5.91,-1.10,15.19
2026-02-11,17.65,16.93,18.20,16.90,64637,112939595.54,7.42,-3.37,-0.59,12.19
2026-02-12,16.70,16.57,16.99,16.42,57401,95939744.78,3.37,-2.13,-0.36,10.82
2026-02-13,16.60,16.07,16.78,16.07,35832,59089607.59,4.28,-3.02,-0.50,6.76
2026-02-24,16.40,17.24,17.37,16.23,66693,113842623.86,7.09,7.28,1.17,12.58
2026-02-25,17.10,16.93,18.18,16.78,64391,112275418.29,8.12,-1.80,-0.31,12.14
2026-02-26,16.76,16.44,17.45,16.35,53009,89163904.78,6.50,-2.89,-0.49,10.00
2026-02-27,16.31,16.22,16.49,16.07,36097,58815413.77,2.55,-1.34,-0.22,6.81
2026-03-02,16.28,15.62,16.46,15.21,39303,62044907.70,7.71,-3.70,-0.60,7.41
2026-03-03,15.55,15.40,15.75,14.97,35774,55359542.75,4.99,-1.41,-0.22,6.75
2026-03-04,15.40,15.08,15.87,14.85,28996,44762623.94,6.62,-2.08,-0.32,5.47
2026-03-05,15.17,14.60,15.35,14.45,30259,44767950.72,5.97,-3.18,-0.48,5.71
2026-03-06,14.63,15.51,15.82,14.49,66527,102663745.42,9.11,6.23,0.91,12.55
2026-03-09,15.05,14.96,16.10,14.86,49554,76050796.98,7.99,-3.55,-0.55,9.34
2026-03-10,14.55,14.61,14.95,14.51,33784,49897655.00,2.94,-2.34,-0.35,6.37
2026-03-11,14.69,14.80,15.18,14.58,39125,58567459.26,4.11,1.30,0.19,7.38
2026-03-12,15.10,14.62,15.45,14.62,50342,76480665.90,5.61,-1.22,-0.18,9.49
2026-03-13,14.55,14.74,15.60,14.50,52973,80214191.19,7.52,0.82,0.12,9.99
2026-03-16,14.71,14.09,15.19,13.99,47647,69222160.28,8.14,-4.41,-0.65,8.98
2026-03-17,14.06,14.14,14.60,13.91,35255,50443935.41,4.90,0.35,0.05,6.65
2026-03-18,14.15,13.65,14.16,13.50,26977,37158419.34,4.67,-3.47,-0.49,5.09
2026-03-19,13.70,13.17,13.94,13.13,19502,26352946.39,5.93,-3.52,-0.48,3.68
2026-03-20,13.14,12.92,13.39,12.88,18412,24361153.54,3.87,-1.90,-0.25,3.47
2026-03-23,13.18,12.58,13.18,12.40,19716,25263148.11,6.04,-2.63,-0.34,3.72
2026-03-24,12.67,12.68,12.83,12.30,19642,24823118.16,4.21,0.79,0.10,3.70
2026-03-25,12.75,12.87,12.91,12.56,14057,18071214.70,2.76,1.50,0.19,2.65
2026-03-26,12.80,12.83,13.48,12.64,32751,43407875.94,6.53,-0.31,-0.04,6.18
2026-03-27,12.75,12.74,13.07,12.44,26867,34641792.10,4.91,-0.70,-0.09,5.07
2026-03-30,12.41,12.33,12.64,12.22,21011,26226187.50,3.30,-3.22,-0.41,3.96
2026-03-31,12.40,12.28,12.64,12.21,17986,22493838.43,3.49,-0.41,-0.05,3.39
2026-04-01,12.48,12.35,12.54,12.30,10086,12605727.36,1.95,0.57,0.07,1.90
2026-04-02,12.36,12.59,12.75,12.13,18828,23777514.78,5.02,1.94,0.24,3.55
2026-04-03,12.56,12.13,12.79,12.12,17336,21802939.66,5.32,-3.65,-0.46,3.27
2026-04-07,12.10,12.41,12.55,11.90,16051,19970473.36,5.36,2.31,0.28,3.03
2026-04-08,12.65,12.81,12.81,12.42,19363,24644568.06,3.14,3.22,0.40,3.65
2026-04-09,12.80,12.26,12.80,12.20,15823,19822278.37,4.68,-4.29,-0.55,2.98
2026-04-10,12.26,12.44,12.72,12.26,14015,17593197.15,3.75,1.47,0.18,2.64
2026-04-13,12.32,12.45,12.50,12.21,10607,13202697.20,2.33,0.08,0.01,2.00
2026-04-14,12.44,12.32,12.54,12.22,15900,19736273.70,2.57,-1.04,-0.13,3.00
2026-04-15,12.31,12.26,12.49,12.23,8547,10644887.41,2.11,-0.49,-0.06,1.61
2026-04-16,12.28,12.33,12.39,12.21,8060,9979098.62,1.47,0.57,0.07,1.52
2026-04-17,12.36,12.76,12.78,12.07,21460,26975964.22,5.76,3.49,0.43,4.05
2026-04-20,12.75,13.00,13.27,12.60,20383,26786488.94,5.25,1.88,0.24,3.84
2026-04-21,13.02,12.75,13.13,12.67,9821,12674187.07,3.54,-1.92,-0.25,1.85
2026-04-22,12.65,12.76,12.98,12.63,8935,11523908.89,2.75,0.08,0.01,1.68
2026-04-23,13.01,13.45,14.34,13.01,66635,91540093.04,10.42,5.41,0.69,12.57
2026-04-24,13.07,12.67,13.55,12.67,47138,61975281.64,6.54,-5.80,-0.78,8.89
2026-04-27,12.38,11.85,12.42,11.69,37484,44931501.69,5.76,-6.47,-0.82,7.07
2026-04-28,12.30,15.43,15.43,12.26,122308,172505410.82,26.75,30.21,3.58,23.06
2026-04-29,15.43,14.57,15.84,14.29,97975,146060045.80,10.05,-5.57,-0.86,18.48
2026-04-30,14.25,14.16,14.85,14.00,58835,85151244.51,5.83,-2.81,-0.41,11.09
2026-05-06,14.30,14.50,14.81,14.02,56324,81609691.56,5.58,2.40,0.34,10.62
2026-05-07,14.61,14.22,14.61,13.76,47259,67209314.88,5.86,-1.93,-0.28,8.91
2026-05-08,14.03,14.18,14.36,13.94,34290,48949290.75,2.95,-0.28,-0.04,6.47
2026-05-11,14.22,14.42,14.42,14.00,32090,45972383.01,2.96,1.69,0.24,6.05
2026-05-12,14.64,13.83,14.70,13.70,35947,50919517.73,6.93,-4.09,-0.59,6.78
2026-05-13,14.04,13.90,14.04,13.65,23104,32196992.38,2.82,0.51,0.07,4.36
2026-05-14,13.84,14.58,15.39,13.84,84645,125599033.30,11.15,4.89,0.68,15.96
2026-05-15,14.38,15.50,16.50,14.20,99823,157119042.06,15.78,6.31,0.92,18.82
2026-05-18,15.08,14.15,15.09,13.79,66239,94460467.23,8.39,-8.71,-1.35,12.49
2026-05-19,13.95,14.16,14.59,13.90,46360,66076306.20,4.88,0.07,0.01,8.74
2026-05-20,14.08,13.13,14.12,13.08,48407,65503374.25,7.34,-7.27,-1.03,9.13
2026-05-21,13.18,12.68,13.35,12.60,30245,39695276.89,5.71,-3.43,-0.45,5.70
2026-05-22,12.78,12.86,13.08,12.55,19673,25383249.95,4.18,1.42,0.18,3.71
2026-05-25,13.05,12.58,13.05,12.39,24447,30984837.71,5.13,-2.18,-0.28,4.61
2026-05-26,12.47,12.56,12.60,11.49,19549,24118745.40,8.82,-0.16,-0.02,3.69
2026-05-27,12.68,11.99,12.68,11.85,21375,26067813.45,6.61,-4.54,-0.57,4.03
2026-05-28,12.06,12.12,12.18,11.55,25158,30115822.88,5.25,1.08,0.13,4.74
2026-05-29,12.05,11.78,12.12,11.67,17238,20599796.85,3.71,-2.81,-0.34,3.25
2026-06-01,11.93,12.10,12.10,11.69,15061,18210758.09,3.48,2.72,0.32,2.84
2026-06-02,12.20,11.94,12.20,11.78,13012,15709820.88,3.47,-1.32,-0.16,2.45
2026-06-03,12.05,12.15,12.44,11.88,19972,24538106.73,4.69,1.76,0.21,3.77
2026-06-04,12.34,11.67,12.34,11.60,18608,22310196.22,6.09,-3.95,-0.48,3.51
2026-06-05,11.57,12.05,12.34,11.55,25083,30396038.73,6.77,3.26,0.38,4.73
2026-06-08,11.64,12.29,12.53,11.55,26269,32311711.22,8.13,1.99,0.24,4.95
2026-06-09,12.22,12.39,12.46,11.92,25144,30902653.95,4.39,0.81,0.10,4.74
2026-06-10,12.38,14.54,15.90,12.16,106632,156333169.79,30.19,17.35,2.15,20.11
2026-06-11,13.90,13.23,15.12,13.01,86624,119430843.36,14.51,-9.01,-1.31,16.33
2026-06-12,12.88,12.65,13.13,12.50,55440,70730782.26,4.76,-4.38,-0.58,10.45