2026-01-05,10.18,10.35,10.39,10.08,80809,85897304.38,3.04,1.47,0.15,0.80
2026-01-06,10.30,10.25,10.35,10.19,77736,82677840.78,1.55,-0.97,-0.10,0.77
2026-01-07,10.24,9.89,10.24,9.87,190447,198468212.29,3.61,-3.51,-0.36,1.88
2026-01-08,9.90,9.92,9.98,9.83,65255,67313660.21,1.52,0.30,0.03,0.64
2026-01-09,9.89,10.00,10.03,9.82,98464,101627524.70,2.12,0.81,0.08,0.97
2026-01-12,9.94,10.05,10.06,9.90,86670,90071593.35,1.60,0.50,0.05,0.85
2026-01-13,10.03,9.98,10.08,9.95,72761,75730147.56,1.29,-0.70,-0.07,0.71
2026-01-14,9.98,10.09,10.14,9.94,135515,142120074.88,2.00,1.10,0.11,1.33
2026-01-15,10.01,10.04,10.10,10.00,37790,39436924.98,0.99,-0.50,-0.05,0.37
2026-01-16,10.04,9.94,10.10,9.92,50318,52275232.80,1.79,-1.00,-0.10,0.49
2026-01-19,9.94,9.95,10.04,9.89,54226,56195997.72,1.51,0.10,0.01,0.53
2026-01-20,9.97,10.08,10.13,9.93,70195,73433372.98,2.01,1.31,0.13,0.69
2026-01-21,10.05,9.86,10.11,9.83,149280,153984216.09,2.78,-2.18,-0.22,1.46
2026-01-22,9.88,9.79,9.92,9.77,100595,102671034.00,1.52,-0.71,-0.07,0.98
2026-01-23,9.82,9.79,9.85,9.75,115571,117855170.19,1.02,0.00,0.00,1.13
2026-01-26,9.80,9.77,9.82,9.60,186061,188767099.53,2.25,-0.20,-0.02,1.82
2026-01-27,9.75,9.84,9.94,9.73,135814,139073093.32,2.15,0.72,0.07,1.33
2026-01-28,9.85,9.88,9.92,9.73,86151,88320554.80,1.93,0.41,0.04,0.84
2026-01-29,9.87,9.94,9.98,9.81,77067,79596345.50,1.72,0.61,0.06,0.75
2026-01-30,9.93,10.05,10.21,9.90,110034,115330883.81,3.12,1.11,0.11,1.08
2026-02-02,10.02,9.77,10.03,9.75,139462,143452320.70,2.79,-2.79,-0.28,1.36
2026-02-03,9.84,9.98,10.00,9.79,99447,102722194.41,2.15,2.15,0.21,0.97
2026-02-04,9.98,10.04,10.07,9.89,70184,72926309.56,1.80,0.60,0.06,0.69
2026-02-05,10.02,10.43,10.45,9.98,306467,328372231.21,4.68,3.88,0.39,3.00
2026-02-06,10.36,10.26,10.42,10.23,99652,106866761.40,1.82,-1.63,-0.17,0.97
2026-02-09,10.31,10.31,10.36,10.26,61774,66113538.96,0.97,0.49,0.05,0.60
2026-02-10,10.32,10.36,10.40,10.28,56855,61147340.61,1.16,0.48,0.05,0.56
2026-02-11,10.36,10.33,10.41,10.30,52567,56447907.90,1.06,-0.29,-0.03,0.51
2026-02-12,10.31,10.24,10.34,10.22,55296,58910444.97,1.16,-0.87,-0.09,0.54
2026-02-13,10.24,10.11,10.30,10.11,52060,55253367.25,1.86,-1.27,-0.13,0.51
2026-02-24,10.18,10.13,10.31,10.13,75495,79967815.90,1.78,0.20,0.02,0.74
2026-02-25,10.16,10.05,10.29,10.04,89311,94227734.52,2.47,-0.79,-0.08,0.87
2026-02-26,10.07,9.91,10.09,9.85,119959,124086313.52,2.39,-1.39,-0.14,1.17
2026-02-27,9.94,9.94,9.98,9.88,46842,48435999.94,1.01,0.30,0.03,0.46
2026-03-02,9.85,9.77,9.95,9.76,89477,91704146.42,1.91,-1.71,-0.17,0.88
2026-03-03,9.92,9.80,9.93,9.68,157139,159810320.98,2.56,0.31,0.03,1.54
2026-03-04,9.75,9.58,9.77,9.31,265921,263057264.53,4.69,-2.24,-0.22,2.60
2026-03-05,9.60,9.76,9.82,9.56,115756,117463299.12,2.71,1.88,0.18,1.13
2026-03-06,9.75,9.87,9.96,9.69,80297,82550503.31,2.77,1.13,0.11,0.79
2026-03-09,9.80,9.64,9.88,9.60,131898,133027581.20,2.84,-2.33,-0.23,1.29
2026-03-10,9.70,9.55,9.74,9.53,108394,108350537.90,2.18,-0.93,-0.09,1.06
2026-03-11,9.55,9.62,9.65,9.44,146207,145344919.80,2.20,0.73,0.07,1.43
2026-03-12,9.62,9.72,9.75,9.59,84499,85159868.13,1.66,1.04,0.10,0.83
2026-03-13,9.69,9.66,9.76,9.65,85076,85977783.59,1.13,-0.62,-0.06,0.83
2026-03-16,9.65,9.70,9.74,9.59,55201,55673435.38,1.55,0.41,0.04,0.54
2026-03-17,9.73,9.76,9.85,9.69,58657,59796575.78,1.65,0.62,0.06,0.57
2026-03-18,9.76,9.73,9.81,9.69,66426,67424240.47,1.23,-0.31,-0.03,0.65
2026-03-19,9.70,9.73,9.78,9.66,55091,55753060.00,1.23,0.00,0.00,0.54
2026-03-20,9.69,9.62,9.75,9.58,78986,79269355.30,1.75,-1.13,-0.11,0.77
2026-03-23,9.51,9.35,9.52,9.26,161214,157487512.54,2.70,-2.81,-0.27,1.58
2026-03-24,9.41,9.21,9.44,9.08,147004,141224749.09,3.85,-1.50,-0.14,1.44
2026-03-25,9.20,9.25,9.26,9.16,95210,91527675.01,1.09,0.43,0.04,0.93
2026-03-26,9.23,9.27,9.39,9.21,74322,72115695.64,1.95,0.22,0.02,0.73
2026-03-27,9.22,9.26,9.32,9.17,54917,52961914.08,1.62,-0.11,-0.01,0.54
2026-03-30,9.18,9.41,9.44,9.15,61210,59505726.24,3.13,1.62,0.15,0.60
2026-03-31,9.41,9.45,9.55,9.39,53673,52837285.50,1.70,0.43,0.04,0.53
2026-04-01,9.52,9.46,9.53,9.35,44630,44034753.63,1.90,0.11,0.01,0.44
2026-04-02,9.44,9.49,9.54,9.39,46176,45650505.34,1.59,0.32,0.03,0.45
2026-04-03,9.50,9.21,9.50,9.20,57350,55679452.00,3.16,-2.95,-0.28,0.56
2026-04-07,9.21,9.13,9.24,9.12,31594,30214842.95,1.30,-0.87,-0.08,0.31
2026-04-08,9.22,9.36,9.42,9.20,63672,61808481.45,2.41,2.52,0.23,0.62
2026-04-09,9.30,9.24,9.33,9.22,31516,30457441.85,1.18,-1.28,-0.12,0.31
2026-04-10,9.28,9.31,9.35,9.22,59381,57401440.27,1.41,0.76,0.07,0.58
2026-04-13,9.26,9.21,9.28,9.20,33212,31981081.14,0.86,-1.07,-0.10,0.32
2026-04-14,9.26,9.36,9.37,9.21,53872,52269501.87,1.74,1.63,0.15,0.53
2026-04-15,9.39,9.48,9.53,9.34,59112,58157131.60,2.03,1.28,0.12,0.58
2026-04-16,9.51,9.55,9.61,9.47,47662,47520971.33,1.48,0.74,0.07,0.47
2026-04-17,9.60,9.69,9.80,9.59,99016,100335776.20,2.20,1.47,0.14,0.97
2026-04-20,9.62,9.68,9.81,9.62,63872,64677355.11,1.96,-0.10,-0.01,0.62
2026-04-21,9.66,9.61,9.78,9.61,50155,50546255.60,1.76,-0.72,-0.07,0.49
2026-04-22,9.62,9.63,9.66,9.58,36224,36272654.76,0.83,0.21,0.02,0.35
2026-04-23,9.65,9.76,9.80,9.52,76729,77588846.57,2.91,1.35,0.13,0.75
2026-04-24,9.75,9.79,9.82,9.70,51972,52910188.76,1.23,0.31,0.03,0.51
2026-04-27,9.79,9.72,9.84,9.68,53029,53819800.96,1.63,-0.72,-0.07,0.52
2026-04-28,9.67,9.75,9.82,9.57,56960,57558302.32,2.57,0.31,0.03,0.56
2026-04-29,9.79,9.75,9.81,9.63,72059,72794817.10,1.85,0.00,0.00,0.71
2026-04-30,9.75,9.60,9.75,9.57,104185,104346981.22,1.85,-1.54,-0.15,1.02
2026-05-06,9.60,9.32,9.64,9.18,199056,193214577.70,4.79,-2.92,-0.28,1.95
2026-05-07,9.40,9.42,9.48,9.25,112371,109475253.80,2.47,1.07,0.10,1.10
2026-05-08,9.42,9.45,9.53,9.36,85701,84397233.82,1.80,0.32,0.03,0.84
2026-05-11,9.45,9.31,9.50,9.22,224815,218411196.60,2.96,-1.48,-0.14,2.20
2026-05-12,9.39,9.54,9.68,9.33,133478,132892789.10,3.76,2.47,0.23,1.31
2026-05-13,9.52,9.39,9.55,9.36,86363,84814543.79,1.99,-1.57,-0.15,0.84
2026-05-14,9.41,9.25,9.45,9.24,73663,71438344.62,2.24,-1.49,-0.14,0.72
2026-05-15,9.25,9.38,9.44,9.21,78211,76440976.70,2.49,1.41,0.13,0.77
2026-05-18,9.38,9.38,9.42,9.28,66288,64663257.28,1.49,0.00,0.00,0.65
2026-05-19,9.40,9.47,9.51,9.36,76175,75079010.05,1.60,0.96,0.09,0.75
2026-05-20,9.48,9.54,9.60,9.37,69873,66352475.84,2.43,0.74,0.07,0.68
2026-05-21,9.55,9.32,9.60,9.29,59351,55965359.80,3.25,-2.31,-0.22,0.58
2026-05-22,9.38,9.29,9.42,9.18,59711,55419538.07,2.58,-0.32,-0.03,0.58
2026-05-25,9.28,8.95,9.30,8.86,84057,76184946.40,4.74,-3.66,-0.34,0.82
2026-05-26,8.92,8.82,9.02,8.78,107663,95718775.46,2.68,-1.45,-0.13,1.05
2026-05-27,8.85,8.92,8.95,8.48,143703,125040372.03,5.33,1.13,0.10,1.41
2026-05-28,8.89,9.13,9.19,8.81,135844,123620600.96,4.26,2.35,0.21,1.33
2026-05-29,9.13,9.19,9.34,8.92,117492,108108300.00,4.60,0.66,0.06,1.15
2026-06-01,9.20,9.30,9.34,9.09,83540,77225247.16,2.72,1.20,0.11,0.82
2026-06-02,9.29,9.39,9.53,9.29,93894,88614844.91,2.58,0.97,0.09,0.92
2026-06-03,9.48,9.54,9.65,9.36,153223,145949970.87,3.09,1.60,0.15,1.50
2026-06-04,9.53,9.22,9.54,9.05,113889,105447282.98,5.14,-3.35,-0.32,1.11
2026-06-05,9.21,9.09,9.31,9.07,48962,44865839.88,2.60,-1.41,-0.13,0.48
2026-06-08,9.09,9.12,9.25,8.93,83291,75892355.82,3.52,0.33,0.03,0.81
2026-06-09,9.12,9.06,9.23,9.00,69597,63244912.48,2.52,-0.66,-0.06,0.68
2026-06-10,9.05,8.95,9.05,8.90,48785,43724961.68,1.66,-1.21,-0.11,0.48
2026-06-11,8.96,8.93,9.05,8.74,75801,67462021.14,3.46,-0.22,-0.02,0.74
2026-06-12,8.93,9.05,9.10,8.80,88354,79459413.16,3.36,1.34,0.12,0.86
2026-06-15,9.08,8.92,9.12,8.84,79715,71165090.62,3.09,-1.44,-0.13,0.78
2026-06-16,8.93,8.74,8.94,8.55,121232,105475499.52,4.37,-2.02,-0.18,1.19
2026-06-17,8.74,8.63,8.82,8.62,56788,49398781.55,2.29,-1.26,-0.11,0.56
2026-06-18,8.64,8.65,8.70,8.55,43377,37459810.08,1.74,0.23,0.02,0.42
2026-06-22,8.63,8.70,8.76,8.38,80867,69544042.40,4.39,0.58,0.05,0.79
2026-06-23,8.65,8.68,8.94,8.61,77655,67984417.72,3.79,-0.23,-0.02,0.76
2026-06-24,8.80,8.48,8.85,8.43,79772,68539251.52,4.84,-2.30,-0.20,0.78
2026-06-25,8.44,8.43,8.57,8.35,47815,40302808.02,2.59,-0.59,-0.05,0.47
2026-06-26,8.45,8.33,8.49,8.30,55781,46668562.70,2.25,-1.19,-0.10,0.55
2026-06-29,8.35,8.42,8.51,8.04,94727,78847443.96,5.64,1.08,0.09,0.93
2026-06-30,8.38,8.42,8.48,8.29,86190,72224300.40,2.26,0.00,0.00,0.84
2026-07-01,8.42,8.53,8.67,8.38,99286,84874227.30,3.44,1.31,0.11,0.97
2026-07-02,8.60,8.91,8.97,8.55,115271,101510414.16,4.92,4.45,0.38,1.13
2026-07-03,8.97,8.78,8.99,8.69,74822,65993880.66,3.37,-1.46,-0.13,0.73
2026-07-06,8.76,8.92,8.95,8.66,83993,74200956.20,3.30,1.59,0.14,0.82
2026-07-07,8.92,8.62,8.96,8.59,81198,70440005.90,4.15,-3.36,-0.30,0.79
2026-07-08,8.63,8.78,8.94,8.48,105544,92693847.10,5.34,1.86,0.16,1.03
2026-07-09,8.78,8.55,8.78,8.47,117266,100517514.56,3.53,-2.62,-0.23,1.15
2026-07-10,8.52,8.41,8.55,8.32,137471,115691881.28,2.69,-1.64,-0.14,1.34
2026-07-13,8.44,8.72,8.84,8.40,167193,145252901.84,5.23,3.69,0.31,1.64
2026-07-14,8.70,8.83,8.95,8.70,99818,88028932.62,2.87,1.26,0.11,0.98
2026-07-15,8.75,9.12,9.13,8.75,102272,92064922.46,4.30,3.28,0.29,1.00
2026-07-16,9.08,9.29,9.35,9.01,112204,103860713.29,3.73,1.86,0.17,1.10
2026-07-17,9.34,9.40,9.61,9.25,135137,128231318.68,3.88,1.18,0.11,1.32
2026-07-20,9.35,9.93,9.95,9.35,301141,294466279.83,6.38,5.64,0.53,2.95