2026-01-05,15.46,15.85,16.05,15.45,588452,975520744.00,3.91,3.26,0.50,5.52
2026-01-06,15.78,16.63,17.02,15.69,1113300,1934068810.00,8.39,4.92,0.78,10.44
2026-01-07,17.42,18.26,19.04,17.38,2371197,4542392617.00,9.98,9.80,1.63,22.23
2026-01-08,18.54,18.16,19.21,17.99,1890307,3677696132.00,6.68,-0.55,-0.10,17.72
2026-01-09,17.99,18.04,18.26,17.80,1103794,2093270081.00,2.53,-0.66,-0.12,10.35
2026-01-12,18.04,18.08,18.18,17.82,1006783,1903076389.00,2.00,0.22,0.04,9.44
2026-01-13,18.08,17.26,18.43,17.19,1121719,2091181739.00,6.86,-4.54,-0.82,10.52
2026-01-14,17.17,17.56,18.16,17.17,1015122,1879654610.00,5.74,1.74,0.30,9.52
2026-01-15,17.33,18.67,18.85,17.31,1841389,3530228641.00,8.77,6.32,1.11,17.27
2026-01-16,18.80,18.54,19.11,18.27,1380753,2698735339.00,4.50,-0.70,-0.13,12.95
2026-01-19,18.57,18.25,18.79,18.11,764291,1472595843.00,3.67,-1.56,-0.29,7.17
2026-01-20,18.17,18.05,18.25,17.64,862826,1623417995.00,3.34,-1.10,-0.20,8.09
2026-01-21,17.82,19.32,20.14,17.49,1822918,3622297761.00,14.68,7.04,1.27,17.09
2026-01-22,18.59,17.59,18.75,17.48,1810794,3394175552.00,6.57,-8.95,-1.73,16.98
2026-01-23,17.72,18.24,18.54,17.56,1340214,2522118424.00,5.57,3.70,0.65,12.57
2026-01-26,18.03,17.18,18.13,16.89,1134165,2072782820.00,6.80,-5.81,-1.06,10.63
2026-01-27,17.00,17.21,17.25,16.64,673366,1202387925.00,3.55,0.17,0.03,6.31
2026-01-28,17.26,17.52,17.55,17.03,779268,1420452844.00,3.02,1.80,0.31,7.31
2026-01-29,17.28,16.71,17.34,16.67,684080,1221689801.00,3.82,-4.62,-0.81,6.41
2026-01-30,16.62,16.72,16.84,16.05,568883,985962694.00,4.73,0.06,0.01,5.33
2026-02-02,16.53,16.08,16.70,16.07,431866,742090826.00,3.77,-3.83,-0.64,4.05
2026-02-03,16.35,16.64,16.64,16.25,444084,769465570.00,2.43,3.48,0.56,4.16
2026-02-04,16.48,16.39,16.55,16.14,351442,602823229.00,2.46,-1.50,-0.25,3.30
2026-02-05,16.20,15.90,16.25,15.80,401900,674095763.00,2.75,-2.99,-0.49,3.77
2026-02-06,15.75,15.83,16.08,15.70,265257,444367195.00,2.39,-0.44,-0.07,2.49
2026-02-09,16.17,16.33,16.44,16.09,369375,631734926.00,2.21,3.16,0.50,3.46
2026-02-10,16.26,16.33,16.65,16.24,390762,674262317.00,2.51,0.00,0.00,3.66
2026-02-11,16.21,16.25,16.55,16.16,257949,442963055.00,2.39,-0.49,-0.08,2.42
2026-02-12,16.30,16.38,16.45,16.25,319162,548840416.00,1.23,0.80,0.13,2.99
2026-02-13,16.45,16.72,16.99,16.45,629705,1109408259.00,3.30,2.08,0.34,5.90
2026-02-24,16.89,16.86,17.20,16.48,631893,1121413945.00,4.31,0.84,0.14,5.93
2026-02-25,16.83,17.41,17.44,16.63,774090,1396694658.00,4.80,3.26,0.55,7.26
2026-02-26,17.33,17.40,17.49,17.04,623281,1132932777.00,2.58,-0.06,-0.01,5.84
2026-02-27,17.16,17.25,17.27,17.05,422353,762818423.00,1.26,-0.86,-0.15,3.96
2026-03-02,16.80,16.84,17.16,16.70,508198,901518316.00,2.67,-2.38,-0.41,4.77
2026-03-03,16.78,15.53,17.04,15.51,707244,1193502947.00,9.09,-7.78,-1.31,6.63
2026-03-04,15.36,15.28,15.83,15.19,425682,691919443.00,4.12,-1.61,-0.25,3.99
2026-03-05,15.74,15.59,15.97,15.45,404466,668579625.00,3.40,2.03,0.31,3.79
2026-03-06,15.42,15.40,15.63,15.38,297775,483016915.00,1.60,-1.22,-0.19,2.79
2026-03-09,15.12,14.93,15.12,14.47,490951,759613178.00,4.22,-3.05,-0.47,4.60
2026-03-10,15.21,15.44,15.45,15.14,319230,514584934.00,2.08,3.42,0.51,2.99
2026-03-11,15.42,15.50,15.74,15.35,365249,594753367.00,2.53,0.39,0.06,3.42
2026-03-12,15.45,15.34,15.67,15.27,288066,467582780.00,2.58,-1.03,-0.16,2.70
2026-03-13,15.21,15.36,15.64,15.14,297906,481977161.00,3.26,0.13,0.02,2.79
2026-03-16,15.25,15.51,15.51,14.92,332860,532576034.00,3.84,0.98,0.15,3.12
2026-03-17,15.56,14.83,15.59,14.81,313416,497895359.00,5.03,-4.38,-0.68,2.94
2026-03-18,14.94,15.02,15.07,14.71,223371,349889616.00,2.43,1.28,0.19,2.09
2026-03-19,14.81,14.45,14.82,14.36,290747,445100687.00,3.06,-3.79,-0.57,2.73
2026-03-20,14.56,14.09,14.70,14.08,269120,407943296.00,4.29,-2.49,-0.36,2.52
2026-03-23,13.82,13.33,14.04,13.22,399812,570448827.00,5.82,-5.39,-0.76,3.75
2026-03-24,13.64,13.55,13.68,13.11,272589,382671517.00,4.28,1.65,0.22,2.56
2026-03-25,13.71,13.80,14.02,13.65,299700,436373295.00,2.73,1.85,0.25,2.81
2026-03-26,13.72,13.50,13.86,13.44,193315,276868099.00,3.04,-2.17,-0.30,1.81
2026-03-27,13.26,13.83,13.93,13.23,253261,365342853.00,5.19,2.44,0.33,2.37
2026-03-30,13.59,13.80,13.84,13.52,178134,256559037.00,2.31,-0.22,-0.03,1.67
2026-03-31,13.70,13.47,13.85,13.44,198356,284049532.00,2.97,-2.39,-0.33,1.86
2026-04-01,13.80,13.80,13.89,13.66,229618,332734949.00,1.71,2.45,0.33,2.15
2026-04-02,13.78,13.36,13.81,13.27,215569,305694260.00,3.91,-3.19,-0.44,2.02
2026-04-03,13.40,13.32,13.50,13.31,172340,242745174.00,1.42,-0.30,-0.04,1.62
2026-04-07,13.41,13.66,13.70,13.41,217171,310513472.00,2.18,2.55,0.34,2.04
2026-04-08,14.01,14.35,14.35,13.96,350674,522415307.00,2.86,5.05,0.69,3.29
2026-04-09,14.21,14.18,14.47,14.08,288199,432919922.00,2.72,-1.18,-0.17,2.70
2026-04-10,14.37,14.17,14.45,14.15,258788,388801393.00,2.12,-0.07,-0.01,2.43
2026-04-13,14.09,14.14,14.29,14.04,209532,312319417.00,1.76,-0.21,-0.03,1.96
2026-04-14,14.46,14.35,14.50,14.19,267272,402900767.00,2.19,1.49,0.21,2.51
2026-04-15,14.42,14.05,14.45,14.01,242913,362780030.00,3.07,-2.09,-0.30,2.28
2026-04-16,14.06,14.33,14.38,14.03,257247,385822022.00,2.49,1.99,0.28,2.41
2026-04-17,14.31,14.61,14.65,14.25,371500,566761115.00,2.79,1.95,0.28,3.48
2026-04-20,14.66,14.86,14.98,14.52,419222,652748351.00,3.15,1.71,0.25,3.93
2026-04-21,14.94,14.94,15.07,14.71,368029,575785477.00,2.42,0.54,0.08,3.45
2026-04-22,15.01,15.00,15.20,14.81,374393,588787782.00,2.61,0.40,0.06,3.51
2026-04-23,15.19,14.85,15.38,14.78,482522,764132229.00,4.00,-1.00,-0.15,4.52
2026-04-24,14.74,14.85,14.98,14.65,361202,563662671.00,2.22,0.00,0.00,3.39
2026-04-27,14.91,15.19,15.44,14.90,599161,960571512.00,3.64,2.29,0.34,5.62
2026-04-28,14.35,13.96,14.35,13.56,747263,1093912166.00,5.20,-8.10,-1.23,7.00
2026-04-29,13.86,14.09,14.25,13.82,380068,561566372.00,3.08,0.93,0.13,3.56
2026-04-30,14.05,13.72,14.28,13.64,485643,706692459.00,4.54,-2.63,-0.37,4.55
2026-05-06,14.00,14.52,14.79,14.00,605058,921528504.00,5.76,5.83,0.80,5.67
2026-05-07,14.61,14.94,14.98,14.39,428190,665921161.00,4.06,2.89,0.42,4.01
2026-05-08,14.74,14.58,14.82,14.49,376291,578662966.00,2.21,-2.41,-0.36,3.53
2026-05-11,14.79,15.07,15.25,14.71,517731,815685212.00,3.70,3.36,0.49,4.85
2026-05-12,15.06,14.86,15.06,14.70,382081,595949743.00,2.39,-1.39,-0.21,3.58
2026-05-13,14.73,15.42,15.49,14.63,551956,882799266.00,5.79,3.77,0.56,5.17
2026-05-14,15.49,15.15,15.67,15.15,588436,953327555.00,3.37,-1.75,-0.27,5.52
2026-05-15,15.64,15.48,16.05,15.30,841386,1386579149.00,4.95,2.18,0.33,7.89
2026-05-18,15.82,15.58,15.97,15.23,783006,1282135617.00,4.78,0.65,0.10,7.34
2026-05-19,15.34,15.58,15.65,15.03,685364,1105879402.00,3.98,0.00,0.00,6.42
2026-05-20,15.80,16.56,16.59,15.70,1334409,2288472365.00,5.71,6.29,0.98,12.51
2026-05-21,16.48,15.95,16.98,15.89,1214060,2091794687.00,6.58,-3.68,-0.61,11.38
2026-05-22,15.81,15.98,16.09,15.51,804686,1338146673.00,3.64,0.19,0.03,7.54
2026-05-25,16.08,17.02,17.42,15.87,1283399,2259832994.00,9.70,6.51,1.04,12.03
2026-05-26,16.84,16.38,16.85,15.99,918146,1575285829.00,5.05,-3.76,-0.64,8.61
2026-05-27,16.37,15.94,16.73,15.66,739374,1264947678.00,6.53,-2.69,-0.44,6.93
2026-05-28,15.62,16.25,16.34,15.25,641922,1073944062.00,6.84,1.94,0.31,6.02
2026-05-29,16.18,14.32,16.18,14.13,1004517,1585218361.00,12.62,-11.88,-1.93,9.42
2026-06-01,14.26,13.85,14.50,13.81,504545,749825550.00,4.82,-3.28,-0.47,4.73
2026-06-02,13.89,13.80,14.04,13.48,428805,622146163.00,4.04,-0.36,-0.05,4.02
2026-06-03,13.77,13.85,14.32,13.72,421694,621810849.00,4.35,0.36,0.05,3.95
2026-06-04,13.67,14.11,14.31,13.56,393790,582427080.00,5.42,1.88,0.26,3.69
2026-06-05,14.10,14.48,15.14,13.30,728588,1046375261.00,13.04,2.62,0.37,6.50
2026-06-08,13.90,13.80,14.39,13.69,465585,653225114.00,4.83,-4.70,-0.68,4.16
2026-06-09,14.07,14.98,15.02,13.88,724092,1052768660.00,8.26,8.55,1.18,6.46
2026-06-10,14.76,15.18,15.28,14.67,729562,1096126143.00,4.07,1.34,0.20,6.51
2026-06-11,15.18,16.04,16.38,15.05,1143496,1817660914.00,8.76,5.67,0.86,10.21
2026-06-12,16.64,15.01,16.65,14.88,1226487,1920212280.00,11.03,-6.42,-1.03,10.95
2026-06-15,15.22,15.67,15.73,14.88,676357,1046238249.00,5.66,4.40,0.66,6.04
2026-06-16,15.54,16.16,16.83,15.52,927219,1495692036.00,8.36,3.13,0.49,8.28
2026-06-17,15.81,16.62,16.65,15.81,895279,1469126917.00,5.20,2.85,0.46,7.99
2026-06-18,16.66,16.41,17.15,16.28,914857,1515828995.00,5.23,-1.26,-0.21,8.17
2026-06-22,16.62,17.07,17.22,16.52,1105983,1864851746.00,4.27,4.02,0.66,9.87
2026-06-23,17.41,17.16,17.80,16.87,1203852,2085974646.00,5.45,0.53,0.09,10.75
2026-06-24,16.85,18.08,18.27,16.61,1438779,2537530553.00,9.67,5.36,0.92,12.84
2026-06-25,18.15,17.77,18.25,17.27,1205180,2134984155.00,5.42,-1.71,-0.31,10.76
2026-06-26,17.68,18.53,19.16,17.55,1696978,3153628872.00,9.06,4.28,0.76,15.15
2026-06-29,18.92,19.42,20.85,18.36,2111583,4076037194.00,13.44,4.80,0.89,18.85
2026-06-30,19.82,21.42,21.52,19.20,1967862,4028362144.00,11.95,10.30,2.00,17.55
2026-07-01,20.98,20.71,22.46,20.52,1991777,4257518000.00,9.06,-3.31,-0.71,17.76
2026-07-02,20.14,21.93,23.22,19.00,2108101,4532623710.00,20.38,5.89,1.22,18.80
2026-07-03,21.40,19.17,21.70,19.16,1855801,3689235694.00,11.58,-12.59,-2.76,16.55
2026-07-06,19.18,18.27,19.35,17.95,1181104,2189885697.00,7.30,-4.69,-0.90,10.53
2026-07-07,18.24,18.36,18.70,17.87,815510,1496734811.00,4.54,0.49,0.09,7.27
2026-07-08,18.19,17.65,18.39,16.83,884963,1559036252.00,8.50,-3.87,-0.71,7.89
2026-07-09,18.01,18.96,19.05,17.77,1007516,1854679986.00,7.25,7.42,1.31,8.98
2026-07-10,19.20,17.59,19.83,17.59,1271268,2376160265.00,11.81,-7.23,-1.37,11.34
2026-07-13,17.57,16.66,17.87,16.58,797406,1369248762.00,7.33,-5.29,-0.93,7.11
2026-07-14,16.76,16.48,16.86,15.69,709336,1161348808.00,7.02,-1.08,-0.18,6.32
2026-07-15,16.67,15.38,16.98,15.29,702948,1110591932.00,10.25,-6.67,-1.10,6.27
2026-07-16,15.10,14.09,15.26,14.00,741590,1083814384.00,8.19,-8.39,-1.29,6.61
2026-07-17,14.10,13.22,14.18,13.20,761324,1045098652.00,6.96,-6.17,-0.87,6.79
2026-07-20,13.52,11.51,13.62,11.16,1111811,1354498131.00,18.61,-12.93,-1.71,9.91
2026-07-21,11.67,12.44,12.49,10.66,1035027,1211285680.00,15.90,8.08,0.93,9.23
2026-07-22,12.20,12.05,12.54,11.95,784390,961898644.00,4.74,-3.14,-0.39,6.99
2026-07-23,12.09,11.83,12.19,11.69,501155,596067452.00,4.15,-1.83,-0.22,4.47
2026-07-24,11.62,12.01,12.18,11.48,652238,778948524.00,5.92,1.52,0.18,5.82
2026-07-27,12.00,12.24,12.38,11.60,639768,775107362.00,6.49,1.92,0.23,5.70
2026-07-28,12.15,12.43,13.10,12.15,1088966,1374956906.00,7.76,1.55,0.19,9.71
2026-07-29,12.33,12.16,12.33,11.52,846740,1004652434.04,6.52,-2.17,-0.27,7.55