2026-01-05,26.45,26.93,27.40,26.45,18172,49269501.00,3.59,1.89,0.50,2.61
2026-01-06,26.93,27.47,27.78,26.85,22750,62427220.00,3.45,2.01,0.54,3.26
2026-01-07,28.41,29.90,32.38,27.57,101228,303253158.00,17.51,8.85,2.43,14.52
2026-01-08,30.90,31.82,32.60,30.50,117192,370998294.00,7.02,6.42,1.92,16.81
2026-01-09,31.75,30.52,31.88,29.85,78113,238759747.00,6.38,-4.09,-1.30,11.20
2026-01-12,30.28,31.30,31.90,30.10,61534,191520574.00,5.90,2.56,0.78,8.83
2026-01-13,32.23,33.50,35.45,32.20,92423,317360581.00,10.38,7.03,2.20,13.26
2026-01-14,32.93,34.75,35.69,32.93,81211,280857726.00,8.24,3.73,1.25,11.65
2026-01-15,34.21,33.99,35.38,33.30,46174,157351335.00,5.99,-2.19,-0.76,6.62
2026-01-16,34.71,35.77,36.70,34.41,73395,262102807.00,6.74,5.24,1.78,10.53
2026-01-19,35.45,34.78,35.45,34.01,44591,155284680.00,4.03,-2.77,-0.99,6.40
2026-01-20,34.69,34.03,35.75,33.50,36116,124279017.00,6.47,-2.16,-0.75,5.18
2026-01-21,34.01,36.47,37.00,33.51,54522,194795354.00,10.26,7.17,2.44,7.82
2026-01-22,36.70,35.96,36.80,34.81,37161,132506100.00,5.46,-1.40,-0.51,5.33
2026-01-23,35.88,38.24,38.75,35.47,53689,202135733.00,9.12,6.34,2.28,7.70
2026-01-26,38.25,37.12,38.25,36.11,51803,191164408.00,5.60,-2.93,-1.12,7.43
2026-01-27,37.22,38.72,39.40,36.10,62368,237845604.00,8.89,4.31,1.60,8.95
2026-01-28,38.73,37.07,39.37,36.65,50304,187886277.00,7.02,-4.26,-1.65,7.22
2026-01-29,37.07,36.41,38.90,36.10,60197,225547286.00,7.55,-1.78,-0.66,8.63
2026-01-30,36.22,36.64,37.15,35.33,37154,135444503.00,5.00,0.63,0.23,5.33
2026-02-02,36.70,36.67,37.88,36.35,28178,104838717.00,4.18,0.08,0.03,4.04
2026-02-03,36.81,37.40,37.85,36.41,33086,123022919.00,3.93,1.99,0.73,4.75
2026-02-04,37.48,39.28,41.09,37.45,59508,236417499.00,9.73,5.03,1.88,8.54
2026-02-05,39.82,38.26,40.16,37.80,36939,143097703.00,6.01,-2.60,-1.02,5.30
2026-02-06,37.90,38.81,40.23,37.46,30126,117332637.00,7.24,1.44,0.55,4.32
2026-02-09,39.50,39.34,40.26,38.60,30568,120871211.00,4.28,1.37,0.53,4.38
2026-02-10,39.40,40.62,41.56,38.50,42997,173862747.00,7.78,3.25,1.28,6.17
2026-02-11,40.58,39.56,41.90,39.41,31560,127505980.00,6.13,-2.61,-1.06,4.53
2026-02-12,39.56,39.29,39.78,39.00,20086,79348395.00,1.97,-0.68,-0.27,2.88
2026-02-13,39.25,40.00,40.85,39.25,28817,116219649.00,4.07,1.81,0.71,4.13
2026-02-24,40.47,40.64,41.33,39.51,21041,85368337.00,4.55,1.60,0.64,3.02
2026-02-25,40.90,41.44,41.92,40.18,31312,129433941.00,4.28,1.97,0.80,4.49
2026-02-26,41.35,41.25,41.87,40.80,23769,98706161.00,2.58,-0.46,-0.19,3.41
2026-02-27,41.48,42.23,42.70,40.84,30161,126990919.00,4.51,2.38,0.98,4.33
2026-03-02,41.25,42.32,42.87,40.80,39816,167242139.00,4.90,0.21,0.09,5.71
2026-03-03,42.32,39.40,42.69,39.31,42332,171944109.00,7.99,-6.90,-2.92,6.07
2026-03-04,38.83,41.05,42.78,38.52,63452,263265720.00,10.81,4.19,1.65,9.10
2026-03-05,41.87,43.13,44.70,41.38,50850,220628437.00,8.09,5.07,2.08,7.29
2026-03-06,42.62,49.06,49.50,42.62,88661,418945376.00,15.95,13.75,5.93,12.72
2026-03-09,47.84,47.31,47.90,44.90,75553,350374900.00,6.11,-3.57,-1.75,10.84
2026-03-10,48.62,52.52,53.39,48.43,88481,458501248.00,10.48,11.01,5.21,12.69
2026-03-11,51.92,50.98,53.28,50.30,60126,307946008.00,5.67,-2.93,-1.54,8.62
2026-03-12,50.50,48.40,50.99,48.00,54688,269325360.00,5.87,-5.06,-2.58,7.84
2026-03-13,48.30,48.25,50.15,47.20,41780,203587387.00,6.10,-0.31,-0.15,5.99
2026-03-16,47.90,49.04,50.13,46.72,37913,183520037.00,7.07,1.64,0.79,5.44
2026-03-17,49.20,46.90,50.78,46.85,40298,196333335.00,8.01,-4.36,-2.14,5.78
2026-03-18,47.39,46.97,47.90,46.08,33547,157832429.00,3.88,0.15,0.07,4.81
2026-03-19,46.91,45.53,46.91,45.16,30855,141585297.00,3.73,-3.07,-1.44,4.43
2026-03-20,45.90,43.94,46.85,43.94,34068,155079486.00,6.39,-3.49,-1.59,4.89
2026-03-23,43.63,40.63,43.63,40.39,45102,189487912.00,7.37,-7.53,-3.31,6.47
2026-03-24,41.56,42.16,42.39,40.51,32797,136319229.00,4.63,3.77,1.53,4.70
2026-03-25,42.16,42.26,44.16,42.13,28277,122017577.00,4.81,0.24,0.10,4.06
2026-03-26,41.88,41.06,42.14,40.82,23391,97022462.00,3.12,-2.84,-1.20,3.36
2026-03-27,39.96,41.18,41.85,39.32,19902,81837343.00,6.16,0.29,0.12,2.85
2026-03-30,40.40,40.23,41.10,39.84,24483,98867857.00,3.06,-2.31,-0.95,3.51
2026-03-31,39.90,39.14,40.80,39.11,22573,90138659.00,4.20,-2.71,-1.09,3.24
2026-04-01,40.14,40.06,40.78,39.53,18352,73541612.00,3.19,2.35,0.92,2.63
2026-04-02,39.44,38.74,40.66,38.40,24971,98605682.00,5.64,-3.30,-1.32,3.58
2026-04-03,39.24,37.60,39.60,37.20,31470,119789868.00,6.20,-2.94,-1.14,4.51
2026-04-07,37.63,37.21,38.15,37.04,22891,86266163.00,2.95,-1.04,-0.39,3.28
2026-04-08,37.92,40.25,40.38,37.92,28828,114273398.00,6.61,8.17,3.04,4.14
2026-04-09,40.02,39.75,40.02,39.30,22716,90223046.00,1.79,-1.24,-0.50,3.26
2026-04-10,39.90,40.72,41.23,39.90,23311,94859233.00,3.35,2.44,0.97,3.34
2026-04-13,40.32,39.45,40.32,39.16,26227,103930245.00,2.85,-3.12,-1.27,3.76
2026-04-14,39.88,39.23,40.07,38.80,30214,118486477.00,3.22,-0.56,-0.22,4.33
2026-04-15,39.07,39.00,39.65,38.86,17401,68394522.00,2.01,-0.59,-0.23,2.50
2026-04-16,39.30,39.92,40.10,38.45,19232,75848749.00,4.23,2.36,0.92,2.76
2026-04-17,40.38,41.27,42.68,39.92,36519,152304006.00,6.91,3.38,1.35,5.24
2026-04-20,41.23,42.40,43.56,40.80,39581,168196997.00,6.69,2.74,1.13,5.68
2026-04-21,42.17,42.00,42.76,41.30,29133,122525756.00,3.44,-0.94,-0.40,4.18
2026-04-22,42.49,41.29,42.68,40.77,29144,120965246.00,4.55,-1.69,-0.71,4.18
2026-04-23,41.31,40.16,41.31,39.90,21423,86929510.00,3.41,-2.74,-1.13,3.07
2026-04-24,40.42,41.85,42.27,40.12,29739,123835359.00,5.35,4.21,1.69,4.27
2026-04-27,42.02,42.23,42.38,40.22,33309,138329669.00,5.16,0.91,0.38,4.78
2026-04-28,42.46,45.75,46.78,42.24,74180,334941655.00,10.75,8.34,3.52,10.64
2026-04-29,45.59,45.70,45.94,44.81,42417,193029758.00,2.47,-0.11,-0.05,6.08
2026-04-30,45.70,48.30,49.88,44.99,57744,280783449.00,10.70,5.69,2.60,8.28
2026-05-06,48.90,49.10,49.59,47.05,59606,288612197.00,5.26,1.66,0.80,8.55
2026-05-07,49.49,52.83,55.45,49.15,115338,606614775.00,12.83,7.60,3.73,16.54
2026-05-08,51.74,52.20,53.37,51.00,55467,291130617.00,4.49,-1.19,-0.63,7.96
2026-05-11,52.02,53.70,54.07,51.71,57086,303120224.00,4.52,2.87,1.50,8.19
2026-05-12,53.30,51.40,53.90,51.12,48750,254174020.00,5.18,-4.28,-2.30,6.99
2026-05-13,51.40,51.99,52.50,50.65,34788,180818362.00,3.60,1.15,0.59,4.99
2026-05-14,52.52,54.73,55.85,51.61,61546,334511694.00,8.16,5.27,2.74,8.83
2026-05-15,54.61,53.60,55.04,52.50,48976,263774069.00,4.64,-2.06,-1.13,7.03
2026-05-18,53.22,55.31,55.71,52.22,37521,204331962.00,6.51,3.19,1.71,5.38
2026-05-19,55.34,56.15,56.23,51.90,48704,264653098.00,7.83,1.52,0.84,6.99
2026-05-20,55.59,57.02,57.68,54.90,37386,210525130.00,4.95,1.55,0.87,5.36
2026-05-21,57.40,53.58,61.56,53.44,85325,489534113.00,14.24,-6.03,-3.44,12.24
2026-05-22,54.22,58.87,60.26,53.28,84813,484766180.00,13.03,9.87,5.29,12.17
2026-05-25,58.86,58.77,59.55,56.48,52907,308107171.00,5.21,-0.17,-0.10,7.59
2026-05-26,58.77,61.85,62.44,58.00,70541,426084289.00,7.55,5.24,3.08,10.12
2026-05-27,61.72,61.02,64.75,60.06,69951,433951778.00,7.58,-1.34,-0.83,10.03
2026-05-28,60.62,59.70,61.50,57.00,69375,411095743.00,7.37,-2.16,-1.32,9.95
2026-05-29,60.00,52.53,60.03,51.45,93717,510273621.00,14.37,-12.01,-7.17,13.44
2026-06-01,51.60,51.14,53.46,50.61,46671,242004216.00,5.43,-2.65,-1.39,6.69
2026-06-02,50.80,52.80,53.49,49.12,54427,278838803.00,8.55,3.25,1.66,7.81
2026-06-03,52.74,53.20,54.35,51.51,35673,188538844.00,5.38,0.76,0.40,5.12
2026-06-04,51.81,52.47,53.00,51.22,25648,133705888.00,3.35,-1.37,-0.73,3.68
2026-06-05,52.27,52.52,54.88,51.50,28195,150280908.00,6.44,0.10,0.05,4.04
2026-06-08,50.79,50.02,52.20,49.00,28309,143150893.00,6.09,-4.76,-2.50,4.06
2026-06-09,51.35,51.82,51.97,49.60,19601,99991276.00,4.74,3.60,1.80,2.81
2026-06-10,51.11,50.62,51.32,49.86,20407,102855005.00,2.82,-2.32,-1.20,2.93
2026-06-11,50.97,54.65,56.14,49.65,50656,270540842.00,12.82,7.96,4.03,7.27
2026-06-12,56.00,53.00,57.25,52.41,48827,265445876.55,8.86,-3.02,-1.65,7.00