2026-01-05,20.11,20.17,20.23,20.07,4966,9993887.00,0.80,0.40,0.08,0.38
2026-01-06,20.17,20.40,20.48,20.00,2869,5801251.00,2.38,1.14,0.23,0.22
2026-01-07,20.08,19.90,20.36,19.72,6718,13418985.00,3.14,-2.45,-0.50,0.52
2026-01-08,19.73,19.92,20.22,19.73,4846,9673660.00,2.46,0.10,0.02,0.37
2026-01-09,19.92,19.53,19.92,19.48,8187,16093641.00,2.21,-1.96,-0.39,0.63
2026-01-12,19.53,19.15,19.53,18.95,9458,18018739.00,2.97,-1.95,-0.38,0.73
2026-01-13,19.15,18.89,19.15,18.86,3749,7096963.00,1.51,-1.36,-0.26,0.29
2026-01-14,18.90,18.89,19.07,18.81,3427,6495137.00,1.38,0.00,0.00,0.26
2026-01-15,18.86,19.10,19.20,18.61,3800,7175876.00,3.12,1.11,0.21,0.29
2026-01-16,18.95,19.10,19.18,18.80,3270,6212901.00,1.99,0.00,0.00,0.25
2026-01-19,19.07,19.29,19.35,18.92,3737,7183104.00,2.25,0.99,0.19,0.29
2026-01-20,19.26,19.79,20.05,19.20,5401,10600865.00,4.41,2.59,0.50,0.42
2026-01-21,19.70,20.08,20.52,19.70,5854,11819278.00,4.14,1.47,0.29,0.45
2026-01-22,20.08,20.10,20.17,19.43,4340,8605600.00,3.69,0.10,0.02,0.33
2026-01-23,20.04,20.02,20.20,19.91,2438,4881185.00,1.44,-0.40,-0.08,0.19
2026-01-26,20.02,20.04,20.09,19.72,3120,6215073.00,1.85,0.10,0.02,0.24
2026-01-27,20.30,20.69,20.90,19.80,11858,24101731.00,5.49,3.24,0.65,0.91
2026-01-28,20.67,20.88,20.98,20.28,10182,21054513.00,3.38,0.92,0.19,0.78
2026-01-29,20.68,20.51,20.92,20.50,3865,7988310.00,2.01,-1.77,-0.37,0.30
2026-01-30,20.45,20.16,20.52,20.08,4416,8926904.00,2.15,-1.71,-0.35,0.34
2026-02-02,20.16,19.91,20.25,19.90,4031,8087675.00,1.74,-1.24,-0.25,0.31
2026-02-03,19.95,20.16,20.18,19.95,2397,4814477.00,1.16,1.26,0.25,0.18
2026-02-04,20.14,20.20,20.30,20.11,2501,5057218.00,0.94,0.20,0.04,0.19
2026-02-05,20.20,19.98,20.27,19.85,1951,3928390.00,2.08,-1.09,-0.22,0.15
2026-02-06,20.00,20.36,20.39,19.92,3246,6590857.00,2.35,1.90,0.38,0.25
2026-02-09,20.56,20.33,20.56,20.03,3268,6619698.00,2.60,-0.15,-0.03,0.25
2026-02-10,20.12,20.20,20.26,20.09,2682,5414267.00,0.84,-0.64,-0.13,0.21
2026-02-11,20.13,20.05,20.23,20.04,2305,4641934.00,0.94,-0.74,-0.15,0.18
2026-02-12,20.05,20.00,20.16,19.93,3175,6364902.00,1.15,-0.25,-0.05,0.24
2026-02-13,19.95,20.00,20.15,19.92,1581,3167586.00,1.15,0.00,0.00,0.12
2026-02-24,20.00,20.20,20.20,19.83,4435,8867906.00,1.85,1.00,0.20,0.34
2026-02-25,20.22,20.50,20.65,20.06,5204,10600941.00,2.92,1.49,0.30,0.40
2026-02-26,20.48,20.13,20.48,20.07,3262,6594708.00,2.00,-1.80,-0.37,0.25
2026-02-27,20.13,20.28,20.28,20.00,3251,6544495.00,1.39,0.75,0.15,0.25
2026-03-02,19.92,19.93,20.09,19.89,4203,8388418.00,0.99,-1.73,-0.35,0.32
2026-03-03,19.93,19.40,19.97,19.40,4404,8692291.00,2.86,-2.66,-0.53,0.34
2026-03-04,19.20,19.61,19.68,19.20,4281,8306920.00,2.47,1.08,0.21,0.33
2026-03-05,19.72,19.48,19.79,19.38,2682,5248483.00,2.09,-0.66,-0.13,0.21
2026-03-06,19.48,19.55,19.69,19.30,3156,6150684.00,2.00,0.36,0.07,0.24
2026-03-09,19.40,19.59,19.59,19.22,2141,4149613.00,1.89,0.20,0.04,0.16
2026-03-10,19.72,19.86,19.93,19.62,2251,4455999.00,1.58,1.38,0.27,0.17
2026-03-11,19.88,19.75,19.88,19.61,2891,5696148.00,1.36,-0.55,-0.11,0.22
2026-03-12,19.81,19.85,19.92,19.65,2522,4989810.00,1.37,0.51,0.10,0.19
2026-03-13,19.76,19.69,19.94,19.69,2580,5103532.00,1.26,-0.81,-0.16,0.20
2026-03-16,19.69,19.73,19.79,19.58,2572,5051917.00,1.07,0.20,0.04,0.20
2026-03-17,19.60,20.72,20.72,19.60,9842,20161105.00,5.68,5.02,0.99,0.76
2026-03-18,21.00,21.40,21.65,20.83,18281,38760828.00,3.96,3.28,0.68,1.41
2026-03-19,21.20,21.70,21.79,21.19,10950,23581008.00,2.80,1.40,0.30,0.84
2026-03-20,21.68,20.88,21.68,20.62,10700,22419249.00,4.88,-3.78,-0.82,0.82
2026-03-23,20.68,19.92,20.68,19.85,9165,18446693.00,3.98,-4.60,-0.96,0.71
2026-03-24,20.15,20.30,20.38,20.10,4908,9918182.00,1.41,1.91,0.38,0.38
2026-03-25,20.30,20.38,20.74,20.15,5334,10821951.00,2.91,0.39,0.08,0.41
2026-03-26,20.28,20.45,20.65,20.20,1808,3683689.00,2.21,0.34,0.07,0.14
2026-03-27,20.42,20.67,20.67,20.27,1788,3666529.00,1.96,1.08,0.22,0.14
2026-03-30,20.85,20.93,21.32,20.61,4720,9887923.00,3.43,1.26,0.26,0.36
2026-03-31,20.56,20.87,20.90,20.30,6475,13327712.00,2.87,-0.29,-0.06,0.50
2026-04-01,20.86,21.38,21.69,20.78,5533,11783774.00,4.36,2.44,0.51,0.43
2026-04-02,21.20,20.98,21.38,20.85,3755,7904632.00,2.48,-1.87,-0.40,0.29
2026-04-03,20.98,20.65,20.99,20.50,2490,5144049.00,2.34,-1.57,-0.33,0.19
2026-04-07,20.45,20.45,20.69,20.33,2867,5869134.00,1.74,-0.97,-0.20,0.22
2026-04-08,20.65,20.67,20.79,20.58,3349,6913372.00,1.03,1.08,0.22,0.26
2026-04-09,20.55,20.52,20.63,20.34,4380,8942952.00,1.40,-0.73,-0.15,0.34
2026-04-10,20.53,20.49,20.61,20.42,4040,8285513.00,0.93,-0.15,-0.03,0.31
2026-04-13,20.40,20.75,21.25,20.30,5986,12433085.00,4.64,1.27,0.26,0.46
2026-04-14,20.77,20.71,20.80,20.42,3270,6751109.00,1.83,-0.19,-0.04,0.25
2026-04-15,20.76,20.42,20.76,20.40,5292,10870449.00,1.74,-1.40,-0.29,0.41
2026-04-16,20.49,20.69,20.69,20.45,4455,9170187.00,1.18,1.32,0.27,0.34
2026-04-17,20.69,20.32,20.73,20.20,7347,15020860.00,2.56,-1.79,-0.37,0.57
2026-04-20,20.32,20.50,20.59,20.02,4455,9077236.00,2.81,0.89,0.18,0.34
2026-04-21,20.40,20.25,20.50,20.08,5078,10274546.00,2.05,-1.22,-0.25,0.39
2026-04-22,20.18,20.24,20.33,20.05,5628,11345803.00,1.38,-0.05,-0.01,0.43
2026-04-23,20.30,21.25,21.25,20.18,19469,40893293.00,5.29,4.99,1.01,1.50
2026-04-27,21.19,21.58,21.87,20.28,21987,46352751.00,7.48,1.55,0.33,1.69
2026-04-28,22.66,22.66,22.66,22.66,1028,2329448.00,0.00,5.00,1.08,0.08
2026-04-29,23.79,22.05,23.79,21.99,41826,96900326.00,7.94,-2.69,-0.61,3.22
2026-04-30,21.49,22.02,22.68,21.00,26267,56743375.00,7.62,-0.14,-0.03,2.02
2026-05-06,21.91,22.00,22.62,21.90,9587,21259722.00,3.27,-0.09,-0.02,0.74
2026-05-07,21.90,23.10,23.10,21.88,20735,47291582.00,5.55,5.00,1.10,1.60
2026-05-08,23.11,23.29,23.89,22.83,20570,48009671.00,4.59,0.82,0.19,1.58
2026-05-11,23.23,22.55,23.23,22.43,14302,32501394.00,3.43,-3.18,-0.74,1.10
2026-05-12,22.55,21.92,22.55,21.75,14580,32123930.00,3.55,-2.79,-0.63,1.12
2026-05-13,21.95,22.28,22.48,21.90,8215,18243827.00,2.65,1.64,0.36,0.63
2026-05-14,22.30,21.58,22.30,21.50,13056,28452388.00,3.59,-3.14,-0.70,1.01
2026-05-15,21.69,21.80,21.80,21.18,5245,11348347.00,2.87,1.02,0.22,0.40
2026-05-18,21.68,21.41,21.83,21.20,7698,16473237.00,2.89,-1.79,-0.39,0.59
2026-05-19,21.42,21.60,21.85,21.42,5078,10966213.00,2.01,0.89,0.19,0.39
2026-05-20,21.55,21.14,21.60,21.09,5108,10872383.00,2.36,-2.13,-0.46,0.39
2026-05-21,21.03,20.50,21.22,20.39,5985,12466521.00,3.93,-3.03,-0.64,0.46
2026-05-22,20.50,20.20,20.70,19.91,12153,24537479.00,3.85,-1.46,-0.30,0.94
2026-05-25,20.26,20.11,20.37,19.83,11546,23087023.00,2.67,-0.45,-0.09,0.89
2026-05-26,21.12,21.12,21.12,21.12,756,1596672.00,0.00,5.02,1.01,0.06
2026-05-27,22.18,22.18,22.18,22.18,421,933778.00,0.00,5.02,1.06,0.03
2026-05-28,23.29,23.29,23.29,23.29,1175,2736575.00,0.00,5.00,1.11,0.09
2026-05-29,24.45,24.45,24.45,24.45,12447,30431961.00,0.00,4.98,1.16,0.96
2026-06-01,25.67,25.67,25.67,25.67,18961,48672913.00,0.00,4.99,1.22,1.46
2026-06-02,26.95,26.95,26.95,26.80,38698,104285029.00,0.58,4.99,1.28,2.98
2026-06-03,28.30,28.30,28.30,28.30,5297,14990397.00,0.00,5.01,1.35,0.41
2026-06-04,29.19,27.80,29.72,27.23,113628,325673320.00,8.80,-1.77,-0.50,8.75
2026-06-05,28.06,26.41,28.28,26.41,48875,131576437.00,6.73,-5.00,-1.39,3.77
2026-06-08,25.09,25.86,26.90,25.09,67129,172140243.00,6.85,-2.08,-0.55,5.17
2026-06-09,25.72,24.57,25.93,24.57,47192,117968366.00,5.26,-4.99,-1.29,3.64
2026-06-10,24.13,23.54,24.50,23.34,33896,80661603.00,4.72,-4.19,-1.03,2.61
2026-06-11,24.01,23.59,24.72,23.20,25030,60161365.00,6.46,0.21,0.05,1.93
2026-06-12,23.59,23.59,24.08,22.77,19140,44761556.00,5.55,0.00,0.00,1.47
2026-06-15,23.55,23.28,23.65,22.50,23441,53929607.00,4.87,-1.31,-0.31,1.81
2026-06-16,22.93,23.02,23.80,22.21,21975,50147416.00,6.83,-1.12,-0.26,1.69
2026-06-17,22.85,22.10,23.18,21.88,20766,46460360.00,5.65,-4.00,-0.92,1.60
2026-06-18,22.03,22.09,22.58,21.68,18910,41725622.00,4.07,-0.05,-0.01,1.46
2026-06-22,22.19,22.10,22.51,21.48,16826,36957700.00,4.66,0.05,0.01,1.30
2026-06-23,22.10,21.85,22.88,21.61,17591,38969922.00,5.75,-1.13,-0.25,1.36
2026-06-24,21.30,21.44,21.69,21.02,14325,30498864.00,3.07,-1.88,-0.41,1.10
2026-06-25,21.20,20.91,21.33,20.60,10291,21462217.00,3.40,-2.47,-0.53,0.79
2026-06-26,20.82,20.96,21.53,20.62,10699,22569169.00,4.35,0.24,0.05,0.82
2026-06-29,21.08,21.91,22.01,20.34,24686,52705178.00,7.97,4.53,0.95,1.90
2026-06-30,21.71,22.35,22.48,21.61,20278,44882132.00,3.97,2.01,0.44,1.56
2026-07-01,22.68,23.05,23.44,22.58,19036,43994308.00,3.85,3.13,0.70,1.47
2026-07-02,22.61,22.95,23.36,22.60,13754,31668601.00,3.30,-0.43,-0.10,1.06
2026-07-03,22.95,24.10,24.10,22.77,15912,37490043.00,5.80,5.01,1.15,1.23
2026-07-06,24.40,22.60,24.40,22.37,19802,45527595.00,8.42,-6.22,-1.50,1.53
2026-07-07,22.33,22.36,23.22,22.00,13310,29939740.00,5.40,-1.06,-0.24,1.03
2026-07-08,22.19,22.72,23.20,22.02,12914,29166055.00,5.28,1.61,0.36,0.99
2026-07-09,22.84,22.51,23.16,22.16,10894,24650442.00,4.40,-0.92,-0.21,0.84
2026-07-10,22.30,22.19,22.68,22.00,9884,22025634.00,3.02,-1.42,-0.32,0.76
2026-07-13,22.22,21.74,22.29,21.52,7647,16724684.00,3.47,-2.03,-0.45,0.59
2026-07-14,21.83,21.85,22.30,21.61,7481,16398616.00,3.17,0.51,0.11,0.58
2026-07-15,22.10,21.97,22.12,21.74,5262,11541980.00,1.74,0.55,0.12,0.41
2026-07-16,21.75,22.20,22.40,21.68,6329,14003538.00,3.28,1.05,0.23,0.49
2026-07-17,22.22,21.49,22.22,21.12,8286,17960010.00,4.95,-3.20,-0.71,0.64
2026-07-20,21.50,20.75,21.76,20.66,9289,19559033.00,5.12,-3.44,-0.74,0.72
2026-07-21,20.57,20.65,20.85,19.18,14763,29625750.00,8.05,-0.48,-0.10,1.14
2026-07-22,20.75,20.64,20.75,20.28,5218,10698377.00,2.28,-0.05,-0.01,0.40
2026-07-23,20.53,20.95,21.05,20.50,5093,10606055.00,2.66,1.50,0.31,0.39
2026-07-24,20.80,20.49,20.83,20.30,3047,6249247.00,2.53,-2.20,-0.46,0.23
2026-07-27,20.29,20.81,20.91,20.29,4203,8717272.00,3.03,1.56,0.32,0.32
2026-07-28,20.83,21.00,21.49,20.62,4693,9931404.00,4.18,0.91,0.19,0.36
2026-07-29,21.01,21.21,21.30,20.95,3575,7545769.00,1.67,1.00,0.21,0.28
2026-07-30,21.01,21.05,21.40,20.73,5345,11291353.00,3.16,-0.75,-0.16,0.41
2026-07-31,21.28,21.39,21.70,21.07,5111,10943578.00,2.99,1.62,0.34,0.39
2026-08-03,21.39,21.70,21.88,21.21,4959,10684261.00,3.13,1.45,0.31,0.38
2026-08-04,21.80,22.11,22.20,21.60,5955,13046912.00,2.76,1.89,0.41,0.46
2026-08-05,22.00,22.03,22.58,21.93,7882,17540039.00,2.94,-0.36,-0.08,0.61