2026-01-05,37.28,37.92,38.07,37.05,34553,130722168.00,2.74,1.72,0.64,3.66
2026-01-06,37.75,37.80,38.17,37.60,34985,132680924.00,1.50,-0.32,-0.12,3.70
2026-01-07,37.89,38.30,40.36,37.80,81748,319148968.00,6.77,1.32,0.50,8.65
2026-01-08,38.29,39.10,39.45,37.92,55494,216547357.00,3.99,2.09,0.80,5.87
2026-01-09,39.10,39.96,39.96,38.94,59602,236389339.00,2.61,2.20,0.86,6.31
2026-01-12,41.40,46.59,47.97,39.73,216464,957208643.00,20.62,16.59,6.63,22.91
2026-01-13,49.91,46.87,51.58,46.78,290553,1406113796.00,10.30,0.60,0.28,30.75
2026-01-14,45.58,48.62,51.38,44.91,243772,1175458477.00,13.80,3.73,1.75,25.80
2026-01-15,47.41,44.20,47.49,43.61,135651,612603774.00,7.98,-9.09,-4.42,14.36
2026-01-16,45.32,43.18,45.32,42.29,80889,349944535.00,6.86,-2.31,-1.02,8.56
2026-01-19,41.97,40.80,42.40,40.18,102502,420479515.00,5.14,-5.51,-2.38,10.85
2026-01-20,40.80,40.02,41.47,39.12,63390,254216402.00,5.76,-1.91,-0.78,6.71
2026-01-21,39.70,39.81,40.40,39.30,46501,186084915.00,2.75,-0.52,-0.21,4.92
2026-01-22,39.85,40.20,40.56,39.40,51763,207606224.00,2.91,0.98,0.39,5.48
2026-01-23,40.24,40.68,41.03,39.55,71235,288021512.00,3.68,1.19,0.48,7.54
2026-01-26,41.92,40.15,42.23,39.71,65137,263194251.00,6.19,-1.30,-0.53,6.89
2026-01-27,39.80,40.03,40.28,38.56,57220,225692453.00,4.28,-0.30,-0.12,6.06
2026-01-28,40.08,39.63,40.33,39.45,34904,139206376.00,2.20,-1.00,-0.40,3.69
2026-01-29,39.83,39.48,41.00,38.83,64087,257614450.00,5.48,-0.38,-0.15,6.78
2026-01-30,39.35,39.15,39.69,38.80,40137,157764833.00,2.25,-0.84,-0.33,4.25
2026-02-02,39.04,39.07,40.14,38.85,48406,191490824.00,3.30,-0.20,-0.08,5.12
2026-02-03,39.40,39.39,39.68,38.91,32388,127478166.00,1.97,0.82,0.32,3.43
2026-02-04,39.20,37.70,39.26,37.29,67818,258880121.00,5.00,-4.29,-1.69,7.18
2026-02-05,37.40,37.78,38.38,37.31,27111,102741754.00,2.84,0.21,0.08,2.87
2026-02-06,37.45,37.53,37.85,36.95,26503,99560949.00,2.38,-0.66,-0.25,2.80
2026-02-09,38.39,39.86,40.00,38.06,71327,280104233.00,5.17,6.21,2.33,7.55
2026-02-10,39.65,42.47,43.18,39.65,144439,605956347.00,8.86,6.55,2.61,15.29
2026-02-11,41.87,41.09,42.47,40.90,89047,370090415.00,3.70,-3.25,-1.38,9.42
2026-02-12,41.42,41.85,42.55,40.52,64204,266973300.00,4.94,1.85,0.76,6.79
2026-02-13,41.46,41.80,43.40,41.21,62301,264727944.00,5.23,-0.12,-0.05,6.59
2026-02-24,42.38,40.16,42.89,40.00,57192,231795004.00,6.91,-3.92,-1.64,6.05
2026-02-25,40.31,40.95,41.00,39.94,38753,157804328.00,2.64,1.97,0.79,4.10
2026-02-26,40.95,40.32,41.50,40.17,37680,153283394.00,3.25,-1.54,-0.63,3.99
2026-02-27,40.40,40.59,41.10,40.34,38401,156672083.00,1.88,0.67,0.27,4.06
2026-03-02,39.37,38.55,40.09,38.48,55107,215318086.00,3.97,-5.03,-2.04,5.83
2026-03-03,38.54,37.08,39.17,37.04,43041,163699068.00,5.53,-3.81,-1.47,4.55
2026-03-04,36.55,36.13,37.16,35.58,50408,182957765.00,4.26,-2.56,-0.95,5.33
2026-03-05,36.85,35.98,36.99,35.82,29230,106256605.00,3.24,-0.42,-0.15,3.09
2026-03-06,35.70,36.65,36.68,35.70,27256,99390894.00,2.72,1.86,0.67,2.88
2026-03-09,35.83,36.71,36.83,35.39,34025,122917563.00,3.93,0.16,0.06,3.60
2026-03-10,37.13,37.27,37.87,36.95,27967,104546724.00,2.51,1.53,0.56,2.96
2026-03-11,37.36,36.89,37.60,36.72,25185,93633257.00,2.36,-1.02,-0.38,2.67
2026-03-12,36.90,36.25,36.90,36.07,21566,78823347.00,2.25,-1.73,-0.64,2.28
2026-03-13,36.00,35.84,36.42,35.79,20624,74595985.00,1.74,-1.13,-0.41,2.18
2026-03-16,35.76,36.05,36.05,35.32,18178,65007628.00,2.04,0.59,0.21,1.92
2026-03-17,36.21,35.11,36.33,35.03,19046,67939524.00,3.61,-2.61,-0.94,2.02
2026-03-18,35.28,35.57,35.66,34.96,15156,53754070.00,1.99,1.31,0.46,1.60
2026-03-19,35.08,34.55,35.30,34.31,21897,76393571.00,2.78,-2.87,-1.02,2.32
2026-03-20,34.86,33.07,34.86,33.01,25482,86395248.00,5.35,-4.28,-1.48,2.70
2026-03-23,32.66,30.17,32.66,29.80,62985,195261999.00,8.65,-8.77,-2.90,6.67
2026-03-24,30.98,31.45,31.56,30.15,41633,128646534.00,4.67,4.24,1.28,4.41
2026-03-25,31.41,32.23,32.35,31.40,28410,91349169.00,3.02,2.48,0.78,3.01
2026-03-26,32.23,31.68,32.42,31.33,19715,62803118.00,3.38,-1.71,-0.55,2.09
2026-03-27,31.25,31.85,31.98,31.02,14299,45527204.00,3.03,0.54,0.17,1.51
2026-03-30,31.61,31.63,31.83,31.15,15889,50275376.00,2.14,-0.69,-0.22,1.68
2026-03-31,31.80,31.08,32.40,31.06,16958,53864169.00,4.24,-1.74,-0.55,1.79
2026-04-01,31.81,31.91,32.00,31.51,16684,53157294.00,1.58,2.67,0.83,1.77
2026-04-02,31.78,31.24,31.85,31.01,13688,43025697.00,2.63,-2.10,-0.67,1.45
2026-04-03,31.49,30.77,31.69,30.40,23011,70907948.00,4.13,-1.50,-0.47,2.44
2026-04-07,30.77,30.82,31.36,30.50,20506,63583670.00,2.79,0.16,0.05,2.17
2026-04-08,31.75,32.91,33.03,31.57,32522,105745094.00,4.74,6.78,2.09,3.44
2026-04-09,32.62,32.07,32.76,31.85,21052,67938720.00,2.77,-2.55,-0.84,2.23
2026-04-10,32.41,31.98,32.71,31.90,26153,84661892.00,2.53,-0.28,-0.09,2.77
2026-04-13,31.97,31.68,31.97,31.48,20724,65893568.00,1.53,-0.94,-0.30,2.19
2026-04-14,32.00,31.97,32.49,31.56,20132,64320721.00,2.94,0.92,0.29,2.13
2026-04-15,32.18,31.73,32.31,31.65,18546,59510051.00,2.06,-0.75,-0.24,1.96
2026-04-16,31.87,33.31,33.50,31.79,42117,138173051.00,5.39,4.98,1.58,4.46
2026-04-17,33.22,35.67,35.78,32.77,82070,283958676.00,9.04,7.08,2.36,8.69
2026-04-20,35.27,35.80,36.60,35.20,57414,206814702.00,3.92,0.36,0.13,6.08
2026-04-21,35.80,35.48,35.88,35.21,28018,99598126.00,1.87,-0.89,-0.32,2.97
2026-04-22,35.40,34.92,35.50,34.65,33050,115856842.00,2.40,-1.58,-0.56,3.50
2026-04-23,34.93,33.90,35.00,33.59,26522,90623821.00,4.04,-2.92,-1.02,2.81
2026-04-24,33.23,33.55,33.89,31.71,45738,150857095.00,6.43,-1.03,-0.35,4.84
2026-04-27,33.84,33.59,33.84,32.36,26293,87539449.00,4.41,0.12,0.04,2.78
2026-04-28,33.29,33.49,34.18,33.20,30798,103938222.00,2.92,-0.30,-0.10,3.26
2026-04-29,33.55,33.51,34.33,33.34,29323,99575690.00,2.96,0.06,0.02,3.10
2026-04-30,33.38,33.24,33.70,33.14,18959,63490471.00,1.67,-0.81,-0.27,2.01
2026-05-06,33.26,33.63,34.01,33.26,27016,91201205.00,2.26,1.17,0.39,2.86
2026-05-07,33.70,34.45,34.89,33.51,38284,131655412.00,4.10,2.44,0.82,4.05
2026-05-08,34.43,34.34,35.05,34.15,27475,95285834.00,2.61,-0.32,-0.11,2.91
2026-05-11,34.51,34.25,34.66,33.70,28245,96367714.00,2.80,-0.26,-0.09,2.99
2026-05-12,34.25,33.00,34.41,32.73,30445,101685185.00,4.91,-3.65,-1.25,3.22
2026-05-13,33.00,32.63,33.08,32.49,28843,94575593.00,1.79,-1.12,-0.37,3.05
2026-05-14,32.69,31.79,33.25,31.79,24915,80446155.00,4.47,-2.57,-0.84,2.64
2026-05-15,31.79,32.00,32.67,31.60,24549,79185751.00,3.37,0.66,0.21,2.60
2026-05-18,31.81,32.03,32.36,31.41,21865,69833595.00,2.97,0.09,0.03,2.31
2026-05-19,32.16,32.58,32.79,31.80,20033,64897221.00,3.09,1.72,0.55,2.12
2026-05-20,32.50,31.60,32.53,31.50,18915,60398389.00,3.16,-3.01,-0.98,2.00
2026-05-21,31.60,30.04,31.94,29.90,29078,90383892.00,6.46,-4.94,-1.56,3.08
2026-05-22,30.46,31.08,31.79,29.68,29622,91988478.00,7.02,3.46,1.04,3.13
2026-05-25,31.11,31.16,31.45,30.48,19379,60142257.00,3.12,0.26,0.08,2.05
2026-05-26,30.85,29.83,31.30,29.24,35392,105982630.00,6.61,-4.27,-1.33,3.75
2026-05-27,29.84,28.38,30.09,28.09,28721,82913277.00,6.70,-4.86,-1.45,3.04
2026-05-28,28.60,28.23,28.64,27.62,23100,65135364.00,3.59,-0.53,-0.15,2.44
2026-05-29,28.33,27.64,29.15,27.51,24568,69401604.00,5.81,-2.09,-0.59,2.60
2026-06-01,27.43,30.42,31.88,27.40,65021,197042232.00,16.21,10.06,2.78,6.88
2026-06-02,30.30,29.95,30.84,29.00,34531,102798470.00,6.05,-1.55,-0.47,3.65
2026-06-03,29.68,30.71,31.09,29.34,35323,107803743.00,5.84,2.54,0.76,3.74
2026-06-04,30.45,31.33,31.47,30.08,31188,96653937.00,4.53,2.02,0.62,3.30
2026-06-05,31.15,30.74,31.65,30.40,31650,97940561.00,3.99,-1.88,-0.59,3.35
2026-06-08,30.00,29.99,30.65,29.51,24691,74451963.00,3.71,-2.44,-0.75,2.61
2026-06-09,30.21,31.56,31.75,30.16,30843,96191175.00,5.30,5.24,1.57,3.26
2026-06-10,31.36,30.16,31.50,29.68,23813,72457796.00,5.77,-4.44,-1.40,2.52
2026-06-11,29.62,29.39,30.39,28.91,26454,77696693.00,4.91,-2.55,-0.77,2.80
2026-06-12,29.67,29.75,31.19,29.17,25099,75698437.00,6.87,1.22,0.36,2.66
2026-06-15,29.99,29.00,30.05,28.87,25738,75320019.00,3.97,-2.52,-0.75,2.72
2026-06-16,28.91,29.13,29.59,28.20,21193,61649804.00,4.79,0.45,0.13,2.24
2026-06-17,28.96,29.23,30.20,28.71,23137,68108498.00,5.12,0.34,0.10,2.45
2026-06-18,29.24,28.48,29.48,28.01,27690,79192313.00,5.03,-2.57,-0.75,2.93
2026-06-22,28.28,28.82,28.96,27.22,26794,75222429.00,6.11,1.19,0.34,2.84
2026-06-23,28.53,28.07,28.95,27.91,20210,57174670.00,3.61,-2.60,-0.75,2.14
2026-06-24,28.20,27.51,28.58,26.87,20990,57598828.00,6.09,-2.00,-0.56,2.22
2026-06-25,27.47,27.05,27.55,26.20,21720,58440921.00,4.91,-1.67,-0.46,2.30
2026-06-26,26.88,25.52,27.00,25.48,23850,61922305.00,5.62,-5.66,-1.53,2.52
2026-06-29,25.50,24.79,25.72,24.60,28016,70017175.00,4.39,-2.86,-0.73,2.96
2026-06-30,24.72,25.68,26.45,24.46,30922,79521718.00,8.03,3.59,0.89,3.27
2026-07-01,25.80,26.30,26.33,25.33,25833,67020816.00,3.89,2.41,0.62,2.73
2026-07-02,26.01,27.75,28.47,26.01,45766,127053001.00,9.35,5.51,1.45,4.84
2026-07-03,27.93,27.99,28.66,27.58,21147,59398525.00,3.89,0.86,0.24,2.24
2026-07-06,28.10,27.83,28.95,27.27,22482,63075570.00,6.00,-0.57,-0.16,2.38
2026-07-07,27.71,26.73,28.10,26.72,14187,38755235.00,4.96,-3.95,-1.10,1.50
2026-07-08,26.68,26.13,26.83,26.00,17006,44723761.00,3.11,-2.24,-0.60,1.80
2026-07-09,26.25,26.59,26.75,25.74,19229,50579127.00,3.87,1.76,0.46,2.03
2026-07-10,26.55,26.15,27.20,25.70,25591,67791784.00,5.64,-1.65,-0.44,2.71
2026-07-13,26.15,26.50,27.47,25.58,34722,91711877.00,7.23,1.34,0.35,3.67
2026-07-14,26.25,26.26,26.64,25.40,19439,50690975.00,4.68,-0.91,-0.24,2.06
2026-07-15,26.36,27.22,28.27,26.06,29257,80158619.00,8.42,3.66,0.96,3.10
2026-07-16,27.00,28.04,29.07,27.00,36812,104518311.00,7.60,3.01,0.82,3.90
2026-07-17,27.66,30.71,32.23,27.66,113429,345649914.00,16.30,9.52,2.67,12.00
2026-07-20,29.22,29.64,30.71,28.01,86967,254481476.00,8.79,-3.48,-1.07,9.20
2026-07-21,29.30,29.10,29.64,27.89,53313,153474705.00,5.90,-1.82,-0.54,5.64
2026-07-22,28.78,28.08,28.98,27.90,38505,108689492.00,3.71,-3.51,-1.02,4.07
2026-07-23,27.89,28.00,28.07,27.06,34591,95408860.00,3.60,-0.28,-0.08,3.66
2026-07-24,27.51,26.88,27.75,26.66,24658,66857033.00,3.89,-4.00,-1.12,2.61
2026-07-27,27.00,28.20,28.24,26.90,30848,86155323.00,4.99,4.91,1.32,3.26
2026-07-28,27.64,29.00,29.35,27.64,32443,93841839.00,6.06,2.84,0.80,3.43
2026-07-29,29.00,30.09,30.43,28.76,33547,99718666.00,5.76,3.76,1.09,3.55