2026-01-05,6.55,6.61,6.64,6.54,77427,52830863.00,1.54,1.54,0.10,0.78
2026-01-06,6.63,6.67,6.67,6.60,81258,55701341.00,1.06,0.91,0.06,0.82
2026-01-07,6.67,6.64,6.72,6.64,59274,40849922.00,1.20,-0.45,-0.03,0.60
2026-01-08,6.62,6.70,6.71,6.62,52985,36538642.00,1.36,0.90,0.06,0.54
2026-01-09,6.69,6.68,6.70,6.64,61764,42568805.00,0.90,-0.30,-0.02,0.62
2026-01-12,6.68,6.73,6.73,6.64,79746,55063251.00,1.35,0.75,0.05,0.81
2026-01-13,6.74,6.72,6.79,6.69,103312,71955379.00,1.49,-0.15,-0.01,1.04
2026-01-14,6.74,6.65,6.75,6.61,104302,72048057.00,2.08,-1.04,-0.07,1.05
2026-01-15,6.65,6.72,6.72,6.63,64612,44597086.00,1.35,1.05,0.07,0.65
2026-01-16,6.76,6.71,6.77,6.69,60452,42039899.00,1.19,-0.15,-0.01,0.61
2026-01-19,6.75,6.84,6.86,6.72,107343,75620770.00,2.09,1.94,0.13,1.09
2026-01-20,6.87,6.95,6.97,6.82,122016,86897964.00,2.19,1.61,0.11,1.23
2026-01-21,6.96,6.94,6.96,6.88,70374,50250737.00,1.15,-0.14,-0.01,0.71
2026-01-22,6.94,6.95,6.97,6.90,78345,56114292.00,1.01,0.14,0.01,0.79
2026-01-23,6.95,6.98,7.00,6.91,67471,48538594.00,1.29,0.43,0.03,0.68
2026-01-26,7.01,7.05,7.12,6.98,116108,84334830.00,2.01,1.00,0.07,1.17
2026-01-27,7.06,6.98,7.08,6.89,90517,64937894.00,2.70,-0.99,-0.07,0.92
2026-01-28,6.94,7.04,7.06,6.92,82398,59543543.00,2.01,0.86,0.06,0.83
2026-01-29,7.06,7.00,7.06,6.95,76932,55467439.00,1.56,-0.57,-0.04,0.78
2026-01-30,7.01,6.97,7.04,6.92,89769,64729396.00,1.71,-0.43,-0.03,0.91
2026-02-02,7.02,6.91,7.09,6.91,114376,82763334.00,2.58,-0.86,-0.06,1.16
2026-02-03,6.91,6.93,6.97,6.87,106397,75846152.00,1.45,0.29,0.02,1.08
2026-02-04,6.88,7.00,7.05,6.88,93559,67564323.00,2.45,1.01,0.07,0.95
2026-02-05,7.00,6.96,7.03,6.94,61657,44404376.00,1.29,-0.57,-0.04,0.62
2026-02-06,6.95,6.94,7.04,6.92,67485,48621334.00,1.72,-0.29,-0.02,0.68
2026-02-09,6.99,6.94,7.01,6.90,78723,56402971.00,1.59,0.00,0.00,0.80
2026-02-10,6.95,6.90,6.96,6.88,64460,45938786.00,1.15,-0.58,-0.04,0.65
2026-02-11,6.88,6.91,6.93,6.86,51054,36356532.00,1.01,0.14,0.01,0.52
2026-02-12,6.92,6.82,6.94,6.80,61826,43713460.00,2.03,-1.30,-0.09,0.63
2026-02-13,6.83,6.77,6.85,6.74,53228,37329104.00,1.61,-0.73,-0.05,0.54
2026-02-24,6.80,6.91,6.93,6.79,71018,50442826.00,2.07,2.07,0.14,0.72
2026-02-25,6.94,6.95,7.02,6.92,78123,56246300.00,1.45,0.58,0.04,0.79
2026-02-26,6.98,7.04,7.08,6.93,84520,60987949.00,2.16,1.29,0.09,0.85
2026-02-27,7.03,7.22,7.24,7.01,142601,105154038.00,3.27,2.56,0.18,1.44
2026-03-02,7.10,7.13,7.20,7.08,118645,87428709.00,1.66,-1.25,-0.09,1.20
2026-03-03,7.11,7.14,7.36,7.11,186413,138686258.00,3.51,0.14,0.01,1.88
2026-03-04,7.14,7.13,7.20,7.04,132805,97612608.00,2.24,-0.14,-0.01,1.34
2026-03-05,7.17,7.22,7.25,7.14,117070,86768148.00,1.54,1.26,0.09,1.18
2026-03-06,7.17,7.35,7.40,7.15,139822,105104954.00,3.46,1.80,0.13,1.41
2026-03-09,7.30,7.40,7.47,7.30,176329,134311229.00,2.31,0.68,0.05,1.78
2026-03-10,7.38,7.39,7.41,7.23,144587,109343249.00,2.43,-0.14,-0.01,1.46
2026-03-11,7.38,8.15,8.15,7.30,381938,311298692.00,11.50,10.28,0.76,3.86
2026-03-12,8.48,8.99,8.99,8.46,1096486,995343341.00,6.50,10.31,0.84,11.09
2026-03-13,8.98,8.56,9.38,8.49,1180202,1061384943.00,9.90,-4.78,-0.43,11.93
2026-03-16,8.45,8.78,8.93,8.30,970949,860690013.00,7.36,2.57,0.22,9.82
2026-03-17,8.48,9.48,9.68,8.36,1197319,1118353133.00,15.03,7.97,0.70,12.11
2026-03-18,9.06,9.16,9.35,8.79,883376,817506007.00,5.91,-3.38,-0.32,8.93
2026-03-19,8.82,9.51,10.03,8.66,974475,937037571.00,14.96,3.82,0.35,9.85
2026-03-20,9.44,9.58,9.71,9.04,762429,732951186.00,7.05,0.74,0.07,7.71
2026-03-23,9.27,10.16,10.43,9.08,990047,1000018402.00,14.09,6.05,0.58,10.01
2026-03-24,9.98,10.96,11.19,9.74,1093516,1165755278.00,14.27,7.87,0.80,11.06
2026-03-25,10.78,10.46,11.98,10.40,1446923,1633139798.00,14.42,-4.56,-0.50,14.63
2026-03-26,10.00,9.39,10.26,9.39,1154536,1143012524.00,8.32,-10.23,-1.07,11.67
2026-03-27,8.94,9.47,9.65,8.75,960657,893888949.00,9.58,0.85,0.08,9.71
2026-03-30,9.03,8.50,9.09,8.50,815116,725009577.00,6.23,-10.24,-0.97,8.24
2026-03-31,8.46,8.18,8.56,8.17,584774,500998888.00,4.59,-3.76,-0.32,5.91
2026-04-01,8.26,8.13,8.38,8.08,409850,344143369.00,3.67,-0.61,-0.05,4.14
2026-04-02,8.11,7.91,8.24,7.87,399495,328586950.00,4.55,-2.71,-0.22,4.04
2026-04-03,7.92,7.65,7.93,7.62,320483,253952707.00,3.92,-3.29,-0.26,3.24
2026-04-07,7.71,7.83,7.83,7.61,262496,209749164.00,2.88,2.35,0.18,2.65
2026-04-08,7.93,7.96,7.98,7.85,324410,264263934.00,1.66,1.66,0.13,3.28
2026-04-09,7.89,7.80,7.90,7.75,212813,170674508.00,1.88,-2.01,-0.16,2.15
2026-04-10,7.82,7.73,7.86,7.72,213940,171116893.00,1.79,-0.90,-0.07,2.16
2026-04-13,7.72,7.87,7.88,7.69,227869,182619349.00,2.46,1.81,0.14,2.30
2026-04-14,7.88,7.80,7.97,7.75,229583,184709761.00,2.80,-0.89,-0.07,2.32
2026-04-15,7.81,7.77,7.85,7.70,213962,171128701.00,1.92,-0.38,-0.03,2.16
2026-04-16,7.77,7.74,7.77,7.69,180759,143598909.00,1.03,-0.39,-0.03,1.83
2026-04-17,7.72,7.61,7.80,7.56,250172,196433256.00,3.10,-1.68,-0.13,2.53
2026-04-20,7.59,7.85,7.86,7.57,274986,219686562.00,3.81,3.15,0.24,2.78
2026-04-21,7.85,8.01,8.11,7.68,463245,376946248.00,5.48,2.04,0.16,4.68
2026-04-22,7.93,8.47,8.48,7.90,633917,539329440.00,7.24,5.74,0.46,6.41
2026-04-23,8.50,8.97,9.11,8.33,837860,744987054.00,9.21,5.90,0.50,8.47
2026-04-24,8.76,8.38,8.77,8.32,554779,486217657.00,5.02,-6.58,-0.59,5.61
2026-04-27,8.38,8.48,8.64,8.36,370022,323917847.00,3.34,1.19,0.10,3.74
2026-04-28,8.78,8.96,9.08,8.63,626768,570595506.00,5.31,5.66,0.48,6.34
2026-04-29,8.98,8.79,8.98,8.73,442613,399903304.00,2.79,-1.90,-0.17,4.47
2026-04-30,8.70,8.35,8.70,8.30,446314,386061487.00,4.55,-5.01,-0.44,4.51
2026-05-06,8.30,8.48,8.53,8.29,359162,310379730.00,2.87,1.56,0.13,3.63
2026-05-07,8.46,8.76,8.97,8.43,531317,478538364.00,6.37,3.30,0.28,5.37
2026-05-08,8.77,8.67,8.85,8.62,346280,309319540.00,2.63,-1.03,-0.09,3.50
2026-05-11,8.68,8.66,8.85,8.61,306007,273109222.00,2.77,-0.12,-0.01,3.09
2026-05-12,8.65,8.75,8.85,8.42,390533,348671493.00,4.97,1.04,0.09,3.95
2026-05-13,8.71,8.87,9.06,8.70,541477,496501025.00,4.11,1.37,0.12,5.47
2026-05-14,8.88,8.91,9.32,8.81,599207,553381482.00,5.75,0.45,0.04,6.06
2026-05-15,8.86,9.13,9.30,8.46,625053,564643349.00,9.43,2.47,0.22,6.32
2026-05-18,9.03,9.78,9.79,8.98,781298,759039768.00,8.87,7.12,0.65,7.90
2026-05-19,9.78,9.51,9.78,9.39,540348,526727827.00,3.99,-2.76,-0.27,5.46
2026-05-20,9.38,8.82,9.41,8.66,507395,466964312.00,7.89,-7.26,-0.69,5.13
2026-05-21,8.68,8.47,8.95,8.45,355893,317423194.00,5.67,-3.97,-0.35,3.60
2026-05-22,8.44,8.39,8.48,8.16,253004,215940669.00,3.78,-0.94,-0.08,2.56
2026-05-25,8.35,8.72,8.72,8.17,309563,268102855.00,6.56,3.93,0.33,3.13
2026-05-26,8.58,8.60,8.72,8.42,213790,187895564.00,3.44,-1.38,-0.12,2.16
2026-05-27,8.59,8.70,8.74,8.40,244235,215894409.00,3.95,1.16,0.10,2.47
2026-05-28,8.63,9.11,9.12,8.56,433154,396826173.00,6.44,4.71,0.41,4.38
2026-05-29,9.01,8.95,9.27,8.88,402033,374414789.00,4.28,-1.76,-0.16,4.06
2026-06-01,9.08,9.49,9.75,8.68,551687,517319254.00,11.96,6.03,0.54,5.58
2026-06-02,9.31,9.48,9.63,9.18,425741,410379976.00,4.74,-0.11,-0.01,4.30
2026-06-03,9.33,9.27,9.40,9.03,428149,403507143.00,3.90,-2.22,-0.21,4.33
2026-06-04,9.18,8.64,9.21,8.64,383283,349917235.00,6.15,-6.80,-0.63,3.88
2026-06-05,8.65,8.14,8.80,8.11,314489,270032346.00,7.99,-5.79,-0.50,3.18
2026-06-08,7.81,7.88,8.07,7.69,253533,206056810.00,4.67,-3.19,-0.26,2.56
2026-06-09,7.93,7.86,7.98,7.64,187323,150170312.00,4.31,-0.25,-0.02,1.89
2026-06-10,7.90,8.05,8.16,7.71,252461,207897121.00,5.73,2.42,0.19,2.55
2026-06-11,7.99,7.93,8.16,7.86,181276,149073827.00,3.73,-1.49,-0.12,1.83
2026-06-12,7.96,8.32,8.43,7.96,278862,235852285.00,5.93,4.92,0.39,2.82
2026-06-15,8.28,8.22,8.38,8.13,198597,167462016.00,3.00,-1.20,-0.10,2.01
2026-06-16,8.23,7.92,8.26,7.91,217705,179223994.00,4.26,-3.65,-0.30,2.20
2026-06-17,7.94,7.83,8.03,7.80,140938,114245404.00,2.90,-1.14,-0.09,1.42
2026-06-18,7.79,7.49,7.80,7.47,247072,192831742.00,4.21,-4.34,-0.34,2.50
2026-06-22,7.43,7.43,7.51,7.21,183638,138912107.00,4.01,-0.80,-0.06,1.86
2026-06-23,7.43,7.43,7.59,7.34,143451,109965074.00,3.36,0.00,0.00,1.45
2026-06-24,7.38,7.11,7.41,7.05,172442,126765670.00,4.85,-4.31,-0.32,1.74
2026-06-25,7.09,7.03,7.09,6.91,156671,112966124.00,2.53,-1.13,-0.08,1.58
2026-06-26,7.06,6.88,7.11,6.88,115151,82620068.00,3.27,-2.13,-0.15,1.16
2026-06-29,6.84,6.88,6.93,6.70,113423,79981131.00,3.34,0.00,0.00,1.15
2026-06-30,6.83,6.75,6.88,6.70,95636,66603212.00,2.62,-1.89,-0.13,0.97
2026-07-01,6.78,6.84,6.95,6.70,150380,106182294.00,3.70,1.33,0.09,1.52
2026-07-02,6.79,6.84,6.94,6.79,106403,75348023.00,2.19,0.00,0.00,1.08
2026-07-03,6.80,6.93,6.97,6.80,111635,79658786.00,2.49,1.32,0.09,1.13
2026-07-06,6.94,6.97,7.02,6.87,116351,83351274.00,2.16,0.58,0.04,1.18
2026-07-07,6.98,6.82,6.99,6.78,107202,75623366.00,3.01,-2.15,-0.15,1.08
2026-07-08,6.84,6.94,6.97,6.78,122215,84193389.00,2.79,1.76,0.12,1.24
2026-07-09,6.90,6.79,6.93,6.69,113742,77098322.00,3.46,-2.16,-0.15,1.15
2026-07-10,6.79,6.94,7.02,6.68,118337,81697734.00,5.01,2.21,0.15,1.20
2026-07-13,6.92,6.85,6.99,6.83,110081,75676871.00,2.31,-1.30,-0.09,1.11
2026-07-14,6.85,7.05,7.05,6.77,130708,91069814.00,4.09,2.92,0.20,1.32
2026-07-15,7.06,7.16,7.17,6.99,112490,80106659.00,2.55,1.56,0.11,1.14
2026-07-16,7.18,7.06,7.22,7.02,114864,81310898.00,2.79,-1.40,-0.10,1.16
2026-07-17,7.05,6.97,7.13,6.89,156782,110374916.00,3.40,-1.27,-0.09,1.59
2026-07-20,7.02,7.18,7.20,6.96,195967,139348387.00,3.44,3.01,0.21,1.98
2026-07-21,7.11,7.08,7.14,6.97,173401,122202748.00,2.37,-1.39,-0.10,1.75
2026-07-22,7.04,7.07,7.09,6.92,148594,104265660.00,2.40,-0.14,-0.01,1.50
2026-07-23,7.08,7.26,7.29,7.06,182776,131483617.00,3.25,2.69,0.19,1.85
2026-07-24,7.20,6.98,7.24,6.97,138623,98039689.00,3.72,-3.86,-0.28,1.40
2026-07-27,6.87,7.14,7.15,6.87,111298,79047698.00,4.01,2.29,0.16,1.13
2026-07-28,7.08,7.14,7.15,7.06,71024,50469235.00,1.26,0.00,0.00,0.72
2026-07-29,7.10,7.19,7.27,7.10,109096,78678481.00,2.38,0.70,0.05,1.10