2026-01-05,225.00,225.02,230.00,220.38,49988,1122332865.00,4.30,0.68,1.52,2.46
2026-01-06,225.05,229.65,238.50,222.80,65802,1532553461.00,6.98,2.06,4.63,3.24
2026-01-07,230.00,252.62,252.62,230.00,79312,1966265802.00,9.85,10.00,22.97,3.90
2026-01-08,258.71,230.10,258.76,228.36,120559,2927662552.00,12.03,-8.91,-22.52,5.93
2026-01-09,231.75,231.35,236.00,221.10,70291,1614525952.00,6.48,0.54,1.25,3.46
2026-01-12,229.98,243.50,246.00,225.98,81320,1931261907.00,8.65,5.25,12.15,4.00
2026-01-13,246.20,261.27,267.60,242.66,94553,2456161042.00,10.24,7.30,17.77,4.65
2026-01-14,261.00,258.07,264.99,250.00,76732,1987783214.00,5.74,-1.22,-3.20,3.77
2026-01-15,254.93,246.00,263.50,233.11,87783,2177507717.00,11.78,-4.68,-12.07,4.32
2026-01-16,249.10,239.65,251.00,234.00,79159,1891426717.00,6.91,-2.58,-6.35,3.89
2026-01-19,240.02,233.50,241.50,231.00,48447,1139291482.00,4.38,-2.57,-6.15,2.38
2026-01-20,210.16,210.15,225.00,210.15,82902,1769698871.00,6.36,-10.00,-23.35,4.08
2026-01-21,195.00,212.85,221.47,193.57,95812,2008060965.00,13.28,1.28,2.70,4.71
2026-01-22,221.00,213.97,222.22,213.20,59879,1298525219.00,4.24,0.53,1.12,2.95
2026-01-23,214.00,218.70,221.78,212.50,50626,1097976527.00,4.34,2.21,4.73,2.49
2026-01-26,213.13,199.60,217.94,196.83,94419,1910156316.00,9.65,-8.73,-19.10,4.65
2026-01-27,179.64,179.64,179.64,179.64,12711,228340404.00,0.00,-10.00,-19.96,0.63
2026-01-28,161.68,161.68,161.68,161.68,10957,177152776.00,0.00,-10.00,-17.96,0.54
2026-01-29,146.01,154.94,165.80,146.01,195032,3043645629.00,12.24,-4.17,-6.74,9.59
2026-01-30,150.96,165.70,168.80,150.46,164276,2652958875.00,11.84,6.94,10.76,8.08
2026-02-02,168.00,161.00,169.99,160.60,82966,1364064887.00,5.67,-2.84,-4.70,4.08
2026-02-03,164.00,172.70,173.35,160.00,88158,1485270918.00,8.29,7.27,11.70,4.34
2026-02-04,172.70,173.06,175.96,169.12,65721,1130487475.00,3.96,0.21,0.36,3.23
2026-02-05,170.60,170.70,173.60,168.60,44349,759807638.00,2.89,-1.36,-2.36,2.18
2026-02-06,169.02,168.01,172.30,166.32,49657,840834276.00,3.50,-1.58,-2.69,2.44
2026-02-09,172.60,164.97,175.50,158.02,87606,1463140984.00,10.40,-1.81,-3.04,4.31
2026-02-10,167.07,157.68,167.44,157.20,77378,1245382439.00,6.21,-4.42,-7.29,3.81
2026-02-11,157.68,156.54,159.75,155.01,46657,732931123.00,3.01,-0.72,-1.14,2.30
2026-02-12,162.20,158.85,167.00,158.68,82391,1341755373.00,5.31,1.48,2.31,4.05
2026-02-13,158.00,155.45,159.08,155.10,49007,768292139.00,2.51,-2.14,-3.40,2.41
2026-02-24,160.60,159.38,163.50,157.00,56700,910384995.00,4.18,2.53,3.93,2.79
2026-02-25,161.02,168.45,169.80,160.20,78385,1306197292.00,6.02,5.69,9.07,3.86
2026-02-26,169.89,162.92,169.89,159.10,77136,1253109306.00,6.41,-3.28,-5.53,3.79
2026-02-27,161.70,164.36,165.55,158.38,48707,792601728.00,4.40,0.88,1.44,2.40
2026-03-02,162.00,165.44,167.48,160.67,55581,912019281.00,4.14,0.66,1.08,2.73
2026-03-03,166.56,155.55,168.80,155.17,67960,1086956759.00,8.24,-5.98,-9.89,3.34
2026-03-04,154.90,154.50,157.38,153.54,39047,606701898.00,2.47,-0.68,-1.05,1.92
2026-03-05,158.00,155.60,158.95,154.72,37335,586423826.00,2.74,0.71,1.10,1.84
2026-03-06,154.91,154.00,156.51,153.03,31362,486317172.00,2.24,-1.03,-1.60,1.54
2026-03-09,148.00,150.36,152.00,141.00,63750,929726227.00,7.14,-2.36,-3.64,3.14
2026-03-10,153.88,156.24,156.68,152.51,48157,745412258.00,2.77,3.91,5.88,2.37
2026-03-11,157.00,155.00,159.00,154.68,43842,687391140.00,2.76,-0.79,-1.24,2.16
2026-03-12,154.51,150.64,155.70,148.77,38676,585064542.00,4.47,-2.81,-4.36,1.90
2026-03-13,150.39,145.93,151.88,145.02,38474,570371664.00,4.55,-3.13,-4.71,1.89
2026-03-16,146.27,155.79,160.52,143.98,98252,1521211065.00,11.33,6.76,9.86,4.83
2026-03-17,158.91,155.28,166.50,155.16,89431,1433571038.00,7.28,-0.33,-0.51,4.40
2026-03-18,156.11,155.38,157.99,152.02,46719,722942127.00,3.84,0.06,0.10,2.30
2026-03-19,154.00,149.83,157.00,149.00,47112,715211184.00,5.15,-3.57,-5.55,2.32
2026-03-20,151.67,148.53,154.60,147.00,50263,758140258.00,5.07,-0.87,-1.30,2.47
2026-03-23,143.30,133.80,145.00,133.68,79058,1091662322.00,7.62,-9.92,-14.73,3.89
2026-03-24,137.76,142.11,142.33,133.66,78161,1076760950.00,6.48,6.21,8.31,3.85
2026-03-25,144.95,142.46,145.25,141.50,47022,674401565.00,2.64,0.25,0.35,2.31
2026-03-26,141.85,140.34,143.85,139.73,34736,492258306.00,2.89,-1.49,-2.12,1.71
2026-03-27,137.16,140.40,141.19,134.87,37191,516728220.00,4.50,0.04,0.06,1.83
2026-03-30,138.39,140.31,144.69,137.84,40788,576392586.00,4.88,-0.06,-0.09,2.01
2026-03-31,140.30,138.41,141.17,135.67,37204,515671823.00,3.92,-1.35,-1.90,1.83
2026-04-01,141.83,139.10,142.56,138.74,39079,548071491.00,2.76,0.50,0.69,1.92
2026-04-02,138.31,132.89,138.94,132.15,52308,704980316.00,4.88,-4.46,-6.21,2.57
2026-04-03,135.00,129.86,135.00,127.96,51094,666983976.00,5.30,-2.28,-3.03,2.51
2026-04-07,129.86,128.80,132.35,126.26,52547,678124114.00,4.69,-0.82,-1.06,2.59
2026-04-08,133.36,141.68,141.68,131.00,61091,837182775.00,8.29,10.00,12.88,3.01
2026-04-09,141.99,148.23,152.00,141.67,97950,1442178266.00,7.29,4.62,6.55,4.82
2026-04-10,149.70,148.66,154.00,145.87,76039,1140112739.00,5.48,0.29,0.43,3.74
2026-04-13,148.00,144.46,150.82,143.30,63419,922594013.00,5.06,-2.83,-4.20,3.12
2026-04-14,145.73,146.25,147.46,143.33,54723,795913027.00,2.86,1.24,1.79,2.69
2026-04-15,146.00,143.33,150.71,142.30,60790,888443012.00,5.75,-2.00,-2.92,2.99
2026-04-16,143.82,142.91,144.86,141.38,50587,722655001.00,2.43,-0.29,-0.42,2.49
2026-04-17,142.00,147.30,148.55,141.00,73179,1069382751.00,5.28,3.07,4.39,3.60
2026-04-20,146.00,149.55,151.80,144.68,59221,884179217.00,4.83,1.53,2.25,2.91
2026-04-21,147.83,147.00,149.50,142.08,56558,824707632.00,4.96,-1.71,-2.55,2.78
2026-04-22,147.35,148.89,149.50,145.02,46554,686670860.00,3.05,1.29,1.89,2.29
2026-04-23,148.67,145.40,150.46,143.22,53531,784459411.00,4.86,-2.34,-3.49,2.63
2026-04-24,144.01,146.06,154.69,144.01,98018,1466122385.00,7.35,0.45,0.66,4.82
2026-04-27,148.63,146.21,150.90,144.54,73257,1078232307.00,4.35,0.10,0.15,3.60
2026-04-28,138.35,143.68,148.78,138.35,74283,1070110477.00,7.13,-1.73,-2.53,3.65
2026-04-29,145.37,158.05,158.05,145.37,57256,893755685.00,8.83,10.00,14.37,2.82
2026-04-30,161.20,142.25,167.48,142.25,144636,2153677575.00,15.96,-10.00,-15.80,7.12
2026-05-06,140.00,134.00,144.84,133.20,168580,2319531066.00,8.18,-5.80,-8.25,8.29
2026-05-07,136.00,143.00,143.85,132.30,155556,2179310539.00,8.62,6.72,9.00,7.65
2026-05-08,143.10,142.61,144.68,140.85,82215,1172287695.00,2.68,-0.27,-0.39,4.04
2026-05-11,140.96,137.39,142.61,137.03,89053,1231913930.00,3.91,-3.66,-5.22,4.38
2026-05-12,140.68,130.63,143.38,124.00,159534,2110031083.00,14.11,-4.92,-6.76,7.85
2026-05-13,127.85,122.81,129.68,122.03,144708,1797493899.00,5.86,-5.99,-7.82,7.12
2026-05-14,123.38,118.95,123.76,117.28,104232,1249877239.00,5.28,-3.14,-3.86,5.13
2026-05-15,119.99,117.49,124.26,115.50,105264,1259807935.00,7.36,-1.23,-1.46,5.18
2026-05-18,114.00,119.97,124.39,113.26,112322,1332597571.00,9.47,2.11,2.48,5.53
2026-05-19,119.98,125.40,125.52,118.00,109242,1336483916.00,6.27,4.53,5.43,5.37
2026-05-20,125.40,126.51,135.97,123.38,126039,1625127714.00,10.04,0.89,1.11,6.20
2026-05-21,128.81,120.27,129.51,120.04,86031,1067793515.00,7.49,-4.93,-6.24,4.23
2026-05-22,121.71,121.34,124.30,118.00,65737,793999313.00,5.24,0.89,1.07,3.23
2026-05-25,119.95,120.90,123.30,119.00,55316,667185383.00,3.54,-0.36,-0.44,2.72
2026-05-26,120.00,119.00,120.50,116.50,58951,697357119.00,3.31,-1.57,-1.90,2.90
2026-05-27,118.94,116.20,120.44,115.01,57058,670968016.00,4.56,-2.35,-2.80,2.81
2026-05-28,116.39,116.80,117.77,112.40,59309,682745584.00,4.62,0.52,0.60,2.92
2026-05-29,118.00,112.01,118.50,111.00,61046,695599190.00,6.42,-4.10,-4.79,3.00
2026-06-01,111.99,110.47,114.50,109.01,70145,782943454.00,4.90,-1.37,-1.54,3.45
2026-06-02,110.66,110.81,112.50,108.38,53711,591419495.00,3.73,0.31,0.34,2.64
2026-06-03,109.99,114.90,118.52,109.83,88648,1011022594.00,7.84,3.69,4.09,4.36
2026-06-04,117.42,126.39,126.39,117.19,93525,1155434091.00,8.01,10.00,11.49,4.60
2026-06-05,133.00,135.02,139.03,130.00,180413,2456821216.00,7.14,6.83,8.63,8.88
2026-06-08,135.02,129.33,137.37,128.85,178948,2383405088.00,6.31,-4.21,-5.69,8.80
2026-06-09,132.80,124.81,133.21,123.50,106400,1348054694.00,7.51,-3.49,-4.52,5.23
2026-06-10,122.56,115.77,123.75,114.81,91819,1083065163.00,7.16,-7.24,-9.04,4.52
2026-06-11,114.00,113.95,116.50,108.66,84312,952698025.00,6.77,-1.57,-1.82,4.15
2026-06-12,115.90,111.27,119.45,110.58,83273,947696155.00,7.78,-2.35,-2.68,4.10