2026-01-05,51.06,51.55,53.42,49.44,507981,2595781199.07,7.96,3.10,1.55,11.19
2026-01-06,51.04,56.72,56.72,50.57,578539,3178132012.89,11.93,10.03,5.17,12.75
2026-01-07,56.87,57.13,62.07,56.67,731052,4284915419.09,9.52,0.72,0.41,16.11
2026-01-08,57.10,62.86,62.86,57.10,710292,4354154525.45,10.08,10.03,5.73,15.65
2026-01-09,66.87,65.63,68.84,63.89,792837,5266744231.93,7.87,4.41,2.77,17.47
2026-01-12,66.59,70.61,72.20,64.87,613647,4208417467.45,11.17,7.59,4.98,13.52
2026-01-13,67.67,63.54,67.77,63.54,403925,2595931558.56,5.99,-10.01,-7.07,8.90
2026-01-14,61.88,59.24,64.51,57.97,666451,4071953693.38,10.29,-6.77,-4.30,14.68
2026-01-15,57.41,55.93,58.47,54.51,522241,2926976363.28,6.68,-5.59,-3.31,11.51
2026-01-16,56.24,54.72,56.74,53.83,351368,1936935939.22,5.20,-2.16,-1.21,7.74
2026-01-19,54.10,55.17,56.35,54.10,302625,1678529287.27,4.11,0.82,0.45,6.67
2026-01-20,55.87,53.05,56.12,52.47,319417,1721194135.70,6.62,-3.84,-2.12,7.04
2026-01-21,52.87,52.27,53.67,52.16,224920,1189995087.49,2.85,-1.47,-0.78,4.96
2026-01-22,52.35,53.80,54.05,52.35,261917,1407227535.99,3.25,2.93,1.53,5.77
2026-01-23,53.97,55.70,56.59,53.57,473460,2624133340.92,5.61,3.53,1.90,10.43
2026-01-26,55.15,51.83,55.15,51.40,367571,1940299095.54,6.73,-6.95,-3.87,8.10
2026-01-27,51.83,52.84,53.25,50.75,256609,1334896024.49,4.82,1.95,1.01,5.65
2026-01-28,52.78,52.00,53.27,51.49,179056,937692001.32,3.37,-1.59,-0.84,3.95
2026-01-29,51.68,51.15,52.50,50.90,166603,863061393.61,3.08,-1.63,-0.85,3.67
2026-01-30,51.07,50.15,51.42,49.66,174590,879866265.38,3.44,-1.96,-1.00,3.85
2026-02-02,50.88,50.30,51.75,50.10,151863,775293748.99,3.29,0.30,0.15,3.35
2026-02-03,50.87,52.91,53.20,50.73,242160,1266088031.39,4.91,5.19,2.61,5.34
2026-02-04,52.87,53.26,53.77,52.27,190448,1013943670.49,2.84,0.66,0.35,4.20
2026-02-05,52.54,52.32,53.66,52.07,138983,733877718.57,2.99,-1.76,-0.94,3.06
2026-02-06,51.88,51.72,52.99,51.64,140954,737160604.20,2.58,-1.15,-0.60,3.11
2026-02-09,52.47,52.73,53.03,52.07,133972,706479040.47,1.86,1.95,1.01,2.95
2026-02-10,52.72,51.66,52.72,51.47,110577,574880455.72,2.37,-2.03,-1.07,2.44
2026-02-11,51.61,51.15,52.32,51.06,101503,523645702.71,2.44,-0.99,-0.51,2.24
2026-02-12,51.10,51.58,51.87,50.58,94608,488478119.07,2.52,0.84,0.43,2.08
2026-02-13,51.47,50.93,51.83,50.84,88001,452886294.02,1.92,-1.26,-0.65,1.94
2026-02-24,51.27,51.25,51.93,51.05,81243,418979906.13,1.73,0.63,0.32,1.79
2026-02-25,51.17,51.71,52.03,50.89,117669,607713196.71,2.22,0.90,0.46,2.59
2026-02-26,51.53,53.19,53.44,51.04,188409,989699240.40,4.64,2.86,1.48,4.15
2026-02-27,52.88,52.75,53.49,52.55,145277,771093982.04,1.77,-0.83,-0.44,3.20
2026-03-02,53.24,54.18,54.37,52.42,262675,1410371745.95,3.70,2.71,1.43,5.79
2026-03-03,53.87,49.74,53.87,49.67,232101,1199018292.43,7.75,-8.19,-4.44,5.11
2026-03-04,48.97,50.98,51.54,48.82,153816,781790986.15,5.47,2.49,1.24,3.39
2026-03-05,51.67,50.57,52.07,49.87,123772,630635331.75,4.32,-0.80,-0.41,2.73
2026-03-06,50.44,51.85,52.47,50.17,140107,724764905.72,4.55,2.53,1.28,3.09
2026-03-09,51.13,50.81,51.17,49.67,129607,653536326.45,2.89,-2.01,-1.04,2.86
2026-03-10,51.88,55.90,55.90,51.88,281213,1563933766.91,7.91,10.02,5.09,6.20
2026-03-11,58.57,56.36,58.57,56.11,558541,3209045257.87,4.40,0.82,0.46,12.31
2026-03-12,56.89,59.83,61.95,56.65,576049,3432192230.32,9.40,6.16,3.47,12.69
2026-03-13,58.63,54.77,58.86,54.47,428244,2395763664.15,7.34,-8.46,-5.06,9.44
2026-03-16,55.97,57.45,58.52,55.97,384031,2203657960.14,4.66,4.89,2.68,8.46
2026-03-17,57.47,55.74,58.62,55.57,220787,1257218108.64,5.31,-2.98,-1.71,4.86
2026-03-18,56.82,60.05,61.33,56.18,456146,2712896297.75,9.24,7.73,4.31,10.05
2026-03-19,58.87,60.66,62.71,57.97,432452,2599521375.04,7.89,1.02,0.61,9.53
2026-03-20,61.78,63.31,63.87,60.37,485075,3022608485.68,5.77,4.37,2.65,10.69
2026-03-23,60.37,62.53,66.87,60.23,439759,2808303023.28,10.49,-1.23,-0.78,9.69
2026-03-24,63.05,66.91,68.80,62.11,509438,3327623738.97,10.70,7.00,4.38,11.22
2026-03-25,66.87,64.95,68.37,64.59,393711,2603193024.06,5.65,-2.93,-1.96,8.67
2026-03-26,64.64,61.85,64.87,60.96,318399,1992636367.99,6.02,-4.77,-3.10,7.02
2026-03-27,59.83,63.80,63.82,58.18,290145,1776867953.38,9.12,3.15,1.95,6.39
2026-03-30,61.73,66.35,68.37,61.73,330330,2170898969.24,10.41,4.00,2.55,7.28
2026-03-31,65.02,62.74,65.87,62.63,242475,1557248247.18,4.88,-5.44,-3.61,5.34
2026-04-01,64.75,65.24,66.02,63.15,242663,1575828241.73,4.57,3.98,2.50,5.35
2026-04-02,64.37,60.49,64.91,60.20,260951,1614032637.62,7.22,-7.28,-4.75,5.75
2026-04-03,60.49,60.52,62.70,58.57,238143,1450783436.57,6.83,0.05,0.03,5.25
2026-04-07,62.80,66.59,66.59,62.47,332969,2176888115.32,6.81,10.03,6.07,7.34
2026-04-08,70.90,70.98,72.37,68.87,384807,2713832305.17,5.26,6.59,4.39,8.48
2026-04-09,70.26,78.09,78.09,70.26,268439,2045586295.04,11.03,10.02,7.11,5.91
2026-04-10,76.53,76.10,77.16,74.07,406008,3079709698.71,3.96,-2.55,-1.99,8.95
2026-04-13,76.17,77.23,80.88,76.17,347816,2713350943.42,6.19,1.48,1.13,7.66
2026-04-14,76.87,78.55,81.62,75.09,369227,2887976141.22,8.46,1.71,1.32,8.14
2026-04-15,78.77,79.54,82.45,76.52,408285,3250582996.83,7.55,1.26,0.99,9.00
2026-04-16,78.20,76.17,78.65,75.39,399594,3068006404.14,4.10,-4.24,-3.37,8.80
2026-04-17,76.77,79.63,80.73,76.27,383025,3024439190.45,5.86,4.54,3.46,8.44
2026-04-20,78.84,80.33,83.50,78.68,410727,3321830389.22,6.05,0.88,0.70,9.05
2026-04-21,78.97,74.18,78.97,73.88,416558,3139166857.15,6.34,-7.66,-6.15,9.18
2026-04-22,73.70,76.32,77.19,72.90,326372,2465403221.20,5.78,2.88,2.14,7.19
2026-04-23,74.95,73.47,76.15,72.37,281890,2089592336.10,4.95,-3.73,-2.85,6.21
2026-04-24,72.87,76.68,80.30,69.67,545924,4107723622.81,14.47,4.37,3.21,12.03
2026-04-27,75.87,74.36,75.89,70.81,330556,2422222238.06,6.62,-3.03,-2.32,7.28
2026-04-28,72.90,69.14,73.27,69.10,293420,2068952120.28,5.61,-7.02,-5.22,6.46
2026-04-29,67.99,67.54,69.52,67.31,205005,1396932045.06,3.20,-2.31,-1.60,4.52
2026-04-30,68.57,73.06,74.31,67.82,428141,3069809988.29,9.61,8.17,5.52,9.43
2026-05-06,74.87,76.27,77.46,73.87,370080,2829797230.75,4.91,4.39,3.21,8.15
2026-05-07,76.27,77.19,77.75,74.96,257041,1974529649.02,3.66,1.21,0.92,5.66
2026-05-08,76.63,75.57,76.77,74.87,227559,1724237974.84,2.46,-2.10,-1.62,5.01
2026-05-11,76.55,76.23,77.88,74.66,307182,2352450252.45,4.26,0.87,0.66,6.77
2026-05-12,76.23,74.77,77.82,73.69,252473,1896747377.61,5.42,-1.92,-1.46,5.56
2026-05-13,73.97,73.66,74.44,71.91,235088,1725037352.89,3.38,-1.48,-1.11,5.18
2026-05-14,74.97,70.13,75.75,70.10,225379,1629087663.66,7.67,-4.79,-3.53,4.97
2026-05-15,69.77,69.28,71.10,67.47,207349,1433778202.60,5.18,-1.21,-0.85,4.57
2026-05-18,69.38,67.87,71.41,67.61,253193,1766168531.20,5.48,-2.04,-1.41,5.58
2026-05-19,67.67,72.78,73.28,66.27,321289,2259699960.25,10.33,7.23,4.91,7.08
2026-05-20,73.40,73.48,75.19,71.31,240258,1761885768.30,5.33,0.96,0.70,5.29
2026-05-21,73.83,72.09,78.80,71.89,378651,2834262130.57,9.40,-1.89,-1.39,8.34
2026-05-22,72.87,74.67,76.09,70.51,249481,1853967232.04,7.74,3.58,2.58,5.50
2026-05-25,75.07,76.57,77.47,73.22,293798,2234616367.81,5.69,2.54,1.90,6.47
2026-05-26,75.87,73.37,77.37,72.19,225589,1674873959.00,6.77,-4.18,-3.20,4.97
2026-05-27,73.41,69.36,76.17,69.05,265342,1928777913.79,9.70,-5.47,-4.01,5.85
2026-05-28,69.70,70.38,71.37,68.25,181542,1274807428.44,4.50,1.47,1.02,4.00
2026-05-29,70.26,65.02,71.17,64.72,216667,1458567930.75,9.16,-7.62,-5.36,4.77
2026-06-01,65.03,61.29,65.84,61.17,182180,1153005721.05,7.18,-5.74,-3.73,4.01
2026-06-02,61.87,60.62,61.88,58.86,180827,1096112755.41,4.93,-1.09,-0.67,3.98
2026-06-03,60.62,65.11,66.70,60.53,317216,2024852623.50,10.18,7.41,4.49,6.99
2026-06-04,66.52,67.78,69.77,66.38,342862,2341900418.22,5.21,4.10,2.67,7.55
2026-06-05,67.78,64.67,67.78,64.14,229902,1507592613.27,5.37,-4.59,-3.11,5.07
2026-06-08,61.98,59.55,63.90,59.22,228225,1393350247.13,7.24,-7.92,-5.12,5.03
2026-06-09,60.37,61.23,61.67,57.91,211084,1266727075.37,6.31,2.82,1.68,4.65
2026-06-10,60.89,62.28,63.19,59.76,214167,1323659204.61,5.60,1.71,1.05,4.72
2026-06-11,63.78,65.93,67.81,62.75,372755,2476348857.75,8.12,5.86,3.65,8.21
2026-06-12,66.73,63.92,69.04,63.68,258172,1717410384.08,8.13,-3.05,-2.01,5.69
2026-06-15,64.48,65.75,66.85,63.25,176320,1158461077.58,5.63,2.86,1.83,3.88
2026-06-16,65.87,62.99,66.37,62.53,197598,1265837883.03,5.84,-4.20,-2.76,4.35
2026-06-17,63.50,63.27,65.22,62.20,173263,1111203508.02,4.79,0.44,0.28,3.82
2026-06-18,62.67,63.40,65.32,62.05,154411,986486852.29,5.17,0.21,0.13,3.40
2026-06-22,63.76,60.05,65.36,59.47,224725,1376193341.45,9.29,-5.28,-3.35,4.95
2026-06-23,59.49,60.42,61.85,56.67,225009,1339876257.77,8.63,0.62,0.37,4.96
2026-06-24,61.72,66.48,66.48,61.67,143767,938724855.95,7.96,10.03,6.06,3.17
2026-06-25,69.67,73.14,73.14,69.28,543041,3933225627.06,5.81,10.02,6.66,11.96
2026-06-26,73.60,72.33,73.87,69.73,321246,2313090148.80,5.66,-1.11,-0.81,7.08
2026-06-29,72.87,71.62,75.01,69.77,239601,1722372972.29,7.24,-0.98,-0.71,5.28
2026-06-30,73.37,76.09,77.99,71.96,359023,2702309375.96,8.42,6.24,4.47,7.91
2026-07-01,76.07,80.07,81.80,75.16,392127,3069007856.63,8.73,5.23,3.98,8.64
2026-07-02,77.87,82.97,87.67,76.95,376085,3152177981.64,13.39,3.62,2.90,8.29
2026-07-03,84.62,83.57,90.56,83.21,316390,2707775624.52,8.86,0.72,0.60,6.97
2026-07-06,86.10,91.94,91.94,83.20,288224,2522432148.49,10.46,10.02,8.37,6.35
2026-07-07,93.59,90.02,93.74,87.07,365134,3300245262.09,7.25,-2.09,-1.92,8.04
2026-07-08,93.37,86.17,95.75,85.95,370641,3365913878.62,10.89,-4.28,-3.85,8.17
2026-07-09,86.41,83.63,87.85,77.87,405437,3330127037.44,11.58,-2.95,-2.54,8.93
2026-07-10,83.50,79.16,88.71,79.16,495203,4164465020.86,11.42,-5.34,-4.47,10.91
2026-07-13,78.18,75.87,81.27,74.36,347077,2694509181.71,8.73,-4.16,-3.29,7.65
2026-07-14,75.87,74.24,78.30,70.71,278996,2062157691.29,10.00,-2.15,-1.63,6.15
2026-07-15,73.79,70.23,74.46,69.89,164477,1178745311.43,6.16,-5.40,-4.01,3.62
2026-07-16,69.28,71.95,75.23,68.88,224985,1644969010.88,9.04,2.45,1.72,4.96
2026-07-17,71.63,64.76,72.00,64.76,222576,1486479882.23,10.06,-9.99,-7.19,4.90
2026-07-20,67.18,63.58,69.01,61.70,219007,1440534002.40,11.29,-1.82,-1.18,4.83
2026-07-21,64.50,66.98,67.16,58.46,229406,1461793216.28,13.68,5.35,3.40,5.05
2026-07-22,65.11,69.55,73.25,65.00,289819,2022001907.97,12.32,3.84,2.57,6.39
2026-07-23,69.55,66.14,72.50,65.40,206597,1416862618.07,10.21,-4.90,-3.41,4.55
2026-07-24,64.05,65.90,68.74,64.05,144216,964668489.67,7.09,-0.36,-0.24,3.18
2026-07-27,65.90,67.73,68.00,63.89,151786,1000093451.46,6.24,2.78,1.83,3.34
2026-07-28,66.79,61.62,67.70,61.18,155838,992443821.22,9.63,-9.02,-6.11,3.43
2026-07-29,62.00,61.08,62.99,58.30,148114,898504617.71,7.61,-0.88,-0.54,3.26