2026-01-05,25.52,26.35,26.56,25.52,12565,33669709.00,4.09,3.66,0.93,0.93
2026-01-06,26.50,25.87,26.64,25.83,10029,26673083.00,3.07,-1.82,-0.48,0.74
2026-01-07,25.97,26.06,26.08,25.73,4804,12759375.00,1.35,0.73,0.19,0.35
2026-01-08,25.94,26.10,26.34,25.94,7620,20350268.00,1.53,0.15,0.04,0.56
2026-01-09,26.10,26.16,26.16,25.75,7145,19001285.00,1.57,0.23,0.06,0.53
2026-01-12,26.38,26.14,26.38,25.78,11460,30533618.00,2.29,-0.08,-0.02,0.85
2026-01-13,26.28,26.38,26.55,26.06,8560,23110666.00,1.87,0.92,0.24,0.63
2026-01-14,26.51,26.28,26.61,25.88,8639,23250621.00,2.77,-0.38,-0.10,0.64
2026-01-15,26.20,26.69,26.86,26.20,8292,22615430.00,2.51,1.56,0.41,0.61
2026-01-16,26.69,26.56,26.99,26.40,6473,17623180.00,2.21,-0.49,-0.13,0.48
2026-01-19,26.80,27.12,27.23,26.67,6100,16828191.00,2.11,2.11,0.56,0.45
2026-01-20,27.12,27.13,27.60,27.09,7341,20509512.00,1.88,0.04,0.01,0.54
2026-01-21,27.21,27.28,27.38,26.85,5063,14079066.00,1.95,0.55,0.15,0.37
2026-01-22,27.41,27.45,27.59,27.14,5473,15347086.00,1.65,0.62,0.17,0.40
2026-01-23,27.42,27.16,27.59,27.14,6786,18921324.00,1.64,-1.06,-0.29,0.50
2026-01-26,27.16,27.42,27.70,27.16,9649,26981294.00,1.99,0.96,0.26,0.71
2026-01-27,27.48,27.48,27.55,26.76,7324,20386495.00,2.88,0.22,0.06,0.54
2026-01-28,27.45,27.17,27.48,27.12,5630,15725803.00,1.31,-1.13,-0.31,0.42
2026-01-29,27.07,27.18,27.42,26.73,4986,13839145.00,2.54,0.04,0.01,0.37
2026-01-30,27.29,27.23,28.00,27.01,13512,37875089.00,3.64,0.18,0.05,1.00
2026-02-02,27.28,26.26,27.50,26.20,14584,40124573.00,4.77,-3.56,-0.97,1.08
2026-02-03,26.42,27.05,27.19,26.39,13554,37216575.00,3.05,3.01,0.79,1.00
2026-02-04,26.92,26.90,27.33,26.71,6126,16906500.00,2.29,-0.55,-0.15,0.45
2026-02-05,26.97,26.98,27.21,26.82,4593,12679920.00,1.45,0.30,0.08,0.34
2026-02-06,27.11,27.18,27.40,26.75,8062,22441448.00,2.41,0.74,0.20,0.60
2026-02-09,27.31,27.50,27.79,27.20,5500,15430466.00,2.17,1.18,0.32,0.41
2026-02-10,27.59,27.54,27.90,27.31,8022,22599175.00,2.15,0.15,0.04,0.59
2026-02-11,27.54,27.46,27.80,27.39,6628,18665710.00,1.49,-0.29,-0.08,0.49
2026-02-12,27.46,26.99,27.50,26.95,5467,15213258.00,2.00,-1.71,-0.47,0.40
2026-02-13,27.12,26.48,27.50,26.31,11236,30800183.00,4.41,-1.89,-0.51,0.83
2026-02-24,26.59,27.08,27.24,26.41,11189,30825927.00,3.13,2.27,0.60,0.83
2026-02-25,27.08,27.22,27.40,26.93,7187,20017500.00,1.74,0.52,0.14,0.53
2026-02-26,27.22,26.95,27.29,26.76,5538,15255823.00,1.95,-0.99,-0.27,0.41
2026-02-27,26.85,26.69,26.93,26.42,6334,17252248.00,1.89,-0.96,-0.26,0.47
2026-03-02,26.47,26.06,26.73,25.77,11463,30616788.00,3.60,-2.36,-0.63,0.85
2026-03-03,25.99,25.60,26.26,25.55,8321,21999129.00,2.72,-1.77,-0.46,0.61
2026-03-04,25.60,25.17,25.60,25.00,9113,23567049.00,2.34,-1.68,-0.43,0.67
2026-03-05,25.37,25.36,26.27,25.17,5994,15612481.00,4.37,0.75,0.19,0.44
2026-03-06,25.18,25.97,26.05,25.16,7276,19228796.00,3.51,2.41,0.61,0.54
2026-03-09,25.73,25.54,25.91,25.17,6763,17659783.00,2.85,-1.66,-0.43,0.50
2026-03-10,25.68,26.19,26.25,25.68,5169,13765457.00,2.23,2.55,0.65,0.38
2026-03-11,26.19,25.95,26.36,25.79,4356,11594035.00,2.18,-0.92,-0.24,0.32
2026-03-12,25.84,25.72,26.09,25.60,4513,11912689.00,1.89,-0.89,-0.23,0.33
2026-03-13,25.75,25.64,25.93,25.45,4888,12880647.00,1.87,-0.31,-0.08,0.36
2026-03-16,25.57,25.44,25.74,25.29,5552,14463655.00,1.76,-0.78,-0.20,0.41
2026-03-17,25.46,25.15,25.67,25.11,5759,14952603.00,2.20,-1.14,-0.29,0.43
2026-03-18,25.15,25.48,25.58,25.01,5611,14514869.00,2.27,1.31,0.33,0.41
2026-03-19,25.47,24.83,25.70,24.76,6373,16352183.00,3.69,-2.55,-0.65,0.47
2026-03-20,24.85,24.22,25.12,24.21,7189,18068164.00,3.66,-2.46,-0.61,0.53
2026-03-23,24.10,22.90,24.10,22.64,11101,26365555.00,6.03,-5.45,-1.32,0.82
2026-03-24,23.24,24.15,24.15,22.92,8768,21215887.00,5.37,5.46,1.25,0.65
2026-03-25,24.22,24.11,24.40,23.97,8219,20326485.00,1.78,-0.17,-0.04,0.61
2026-03-26,24.01,23.68,24.28,23.36,10644,25955229.00,3.82,-1.78,-0.43,0.79
2026-03-27,23.37,24.18,24.32,23.36,9530,23415946.00,4.05,2.11,0.50,0.70
2026-03-30,24.07,24.80,25.30,23.99,20588,52487368.00,5.42,2.56,0.62,1.52
2026-03-31,25.29,25.64,25.68,24.80,20563,53165140.00,3.55,3.39,0.84,1.52
2026-04-01,25.70,26.05,26.40,25.32,22657,59696617.00,4.21,1.60,0.41,1.67
2026-04-02,26.20,25.86,26.55,25.47,14908,39717310.00,4.15,-0.73,-0.19,1.10
2026-04-03,25.89,24.88,26.09,24.78,13325,34586060.00,5.07,-3.79,-0.98,0.98
2026-04-07,24.88,24.86,25.73,24.28,18025,46252139.00,5.83,-0.08,-0.02,1.33
2026-04-08,25.50,25.27,25.50,25.03,14396,37247757.00,1.89,1.65,0.41,1.06
2026-04-09,25.09,24.80,25.39,24.53,10587,26967662.00,3.40,-1.86,-0.47,0.78
2026-04-10,24.92,25.28,25.40,24.62,8957,22987065.00,3.15,1.94,0.48,0.66
2026-04-13,25.37,24.81,25.37,24.56,8247,20933454.00,3.20,-1.86,-0.47,0.61
2026-04-14,25.17,24.82,25.17,24.47,7261,18393308.00,2.82,0.04,0.01,0.54
2026-04-15,24.93,25.19,25.45,24.63,13540,34800633.00,3.30,1.49,0.37,1.00
2026-04-16,25.27,25.99,26.29,25.04,16004,42460369.00,4.96,3.18,0.80,1.18
2026-04-17,25.92,25.60,26.13,25.34,13348,35054767.00,3.04,-1.50,-0.39,0.99
2026-04-20,25.60,25.65,25.74,25.32,9029,23570462.00,1.64,0.20,0.05,0.67
2026-04-21,25.39,25.38,26.00,25.22,8884,23175251.00,3.04,-1.05,-0.27,0.66
2026-04-22,25.23,25.32,25.51,24.94,7950,20577371.00,2.25,-0.24,-0.06,0.59
2026-04-23,25.32,25.12,25.32,24.87,5949,15255077.00,1.78,-0.79,-0.20,0.44
2026-04-24,25.15,25.43,25.47,24.80,11798,30274909.00,2.67,1.23,0.31,0.87
2026-04-27,25.19,25.53,25.93,25.00,10916,28348791.00,3.66,0.39,0.10,0.81
2026-04-28,25.30,26.00,26.34,25.30,14464,38390265.00,4.07,1.84,0.47,1.07
2026-04-29,25.90,26.43,26.64,25.90,10444,28172835.00,2.85,1.65,0.43,0.77
2026-04-30,26.61,26.54,26.81,26.15,13403,36446711.00,2.50,0.42,0.11,0.99
2026-05-06,26.69,26.98,27.04,26.29,14232,38763591.00,2.83,1.66,0.44,1.05
2026-05-07,26.92,26.86,27.08,26.66,10827,29694226.00,1.56,-0.44,-0.12,0.80
2026-05-08,26.86,26.95,27.04,26.45,10168,27841546.00,2.20,0.34,0.09,0.75
2026-05-11,26.99,27.80,28.20,26.72,17782,50175174.00,5.49,3.15,0.85,1.31
2026-05-12,27.72,27.35,28.15,27.19,11706,32797227.00,3.45,-1.62,-0.45,0.86
2026-05-13,27.60,27.16,27.65,26.95,10236,28558101.00,2.56,-0.69,-0.19,0.76
2026-05-14,27.12,27.78,28.30,26.77,16566,46608402.00,5.63,2.28,0.62,1.22
2026-05-15,27.79,26.93,27.87,26.77,12849,35778082.00,3.96,-3.06,-0.85,0.95
2026-05-18,26.90,26.52,26.99,26.24,8773,23748039.00,2.78,-1.52,-0.41,0.65
2026-05-19,27.12,26.32,27.12,25.92,7564,20380274.00,4.52,-0.75,-0.20,0.56
2026-05-20,26.33,26.16,26.59,25.76,7959,21217458.00,3.15,-0.61,-0.16,0.59
2026-05-21,26.01,26.00,26.86,25.88,15254,40972107.00,3.75,-0.61,-0.16,1.13
2026-05-22,26.00,26.12,26.32,25.65,11290,29997696.00,2.58,0.46,0.12,0.83
2026-05-25,26.13,25.41,26.23,25.21,10908,28725377.00,3.91,-2.72,-0.71,0.81
2026-05-26,25.38,25.61,25.96,24.93,9867,25703785.00,4.05,0.79,0.20,0.73
2026-05-27,25.23,25.13,25.61,25.01,7955,20570093.00,2.34,-1.87,-0.48,0.59
2026-05-28,25.30,25.42,25.70,24.74,10535,27297083.00,3.82,1.15,0.29,0.78
2026-05-29,25.42,24.97,25.57,24.80,9231,23655867.00,3.03,-1.77,-0.45,0.68
2026-06-01,24.97,25.41,25.80,24.41,14585,37720781.00,5.57,1.76,0.44,1.08
2026-06-02,25.41,25.08,25.55,24.79,9307,24024927.00,2.99,-1.30,-0.33,0.69
2026-06-03,24.81,25.00,25.15,24.55,6636,16899640.00,2.39,-0.32,-0.08,0.49
2026-06-04,25.39,25.35,25.45,24.70,6829,17609673.00,3.00,1.40,0.35,0.50
2026-06-05,25.50,25.47,25.99,25.33,9078,23304536.00,2.60,0.47,0.12,0.67
2026-06-08,24.73,25.00,25.79,24.73,10567,26683948.00,4.16,-1.85,-0.47,0.78
2026-06-09,25.32,25.10,25.50,24.83,5100,12828112.00,2.68,0.40,0.10,0.38
2026-06-10,25.10,25.59,25.70,24.77,8908,22496882.00,3.71,1.95,0.49,0.66
2026-06-11,25.50,25.63,25.95,24.94,10914,27786617.00,3.95,0.16,0.04,0.81
2026-06-12,25.77,25.59,25.91,25.40,6701,17212799.00,1.99,-0.16,-0.04,0.49
2026-06-15,25.69,25.23,25.69,25.00,9321,23499531.00,2.70,-1.41,-0.36,0.69
2026-06-16,25.12,24.69,25.54,24.35,10437,25686187.00,4.72,-2.14,-0.54,0.77
2026-06-17,24.69,24.45,24.69,24.30,4705,11497956.00,1.58,-0.97,-0.24,0.35
2026-06-18,24.45,24.70,24.90,24.11,8193,20156087.00,3.23,1.02,0.25,0.60
2026-06-22,25.35,24.64,25.35,24.00,8408,20500582.00,5.47,-0.24,-0.06,0.62
2026-06-23,24.35,26.48,27.10,24.34,28979,76599968.00,11.20,7.47,1.84,2.14
2026-06-24,25.80,25.45,26.49,25.39,22198,57176806.00,4.15,-3.89,-1.03,1.64
2026-06-25,25.27,24.88,25.36,24.41,14159,35048321.00,3.73,-2.24,-0.57,1.05
2026-06-26,24.73,24.15,24.87,24.06,8711,21111180.00,3.26,-2.93,-0.73,0.64