2026-01-05,6.38,6.35,6.39,6.32,286342,185338129.00,1.10,-0.31,-0.02,0.91
2026-01-06,6.35,6.38,6.39,6.34,257515,167085800.00,0.79,0.47,0.03,0.82
2026-01-07,6.39,6.42,6.48,6.37,289907,189493859.00,1.72,0.63,0.04,0.92
2026-01-08,6.41,6.39,6.46,6.39,210588,137560254.00,1.09,-0.47,-0.03,0.67
2026-01-09,6.39,6.41,6.41,6.36,251589,163754050.00,0.78,0.31,0.02,0.80
2026-01-12,6.41,6.41,6.42,6.37,317580,206862306.00,0.78,0.00,0.00,1.01
2026-01-13,6.43,6.56,6.71,6.38,794668,528621876.00,5.15,2.34,0.15,2.53
2026-01-14,6.56,6.51,6.60,6.48,505904,336374853.00,1.83,-0.76,-0.05,1.61
2026-01-15,6.49,6.44,6.52,6.43,297104,195708636.00,1.38,-1.08,-0.07,0.94
2026-01-16,6.45,6.47,6.58,6.44,375910,248911699.00,2.17,0.47,0.03,1.20
2026-01-19,6.47,6.46,6.49,6.41,278085,182735504.00,1.24,-0.15,-0.01,0.88
2026-01-20,6.47,6.56,6.57,6.45,476918,317428520.00,1.86,1.55,0.10,1.52
2026-01-21,6.55,6.55,6.58,6.51,253294,168620569.00,1.07,-0.15,-0.01,0.81
2026-01-22,6.55,6.60,6.60,6.55,269083,180274993.00,0.76,0.76,0.05,0.86
2026-01-23,6.61,6.58,6.62,6.57,254109,170404824.00,0.76,-0.30,-0.02,0.81
2026-01-26,6.58,6.59,6.61,6.53,338349,226246567.00,1.22,0.15,0.01,1.08
2026-01-27,6.58,6.45,6.62,6.43,345394,228316166.00,2.88,-2.12,-0.14,1.10
2026-01-28,6.44,6.55,6.63,6.43,417255,278631447.00,3.10,1.55,0.10,1.33
2026-01-29,6.55,6.58,6.60,6.51,316283,210955840.00,1.37,0.46,0.03,1.01
2026-01-30,6.58,6.67,6.68,6.54,607487,409589307.00,2.13,1.37,0.09,1.93
2026-02-02,6.66,6.44,6.66,6.43,477198,317368805.00,3.45,-3.45,-0.23,1.52
2026-02-03,6.47,6.49,6.52,6.44,241140,159224024.00,1.24,0.78,0.05,0.77
2026-02-04,6.49,6.60,6.61,6.45,356409,238381706.00,2.47,1.69,0.11,1.13
2026-02-05,6.60,6.55,6.61,6.54,247534,165684538.00,1.06,-0.76,-0.05,0.79
2026-02-06,6.55,6.50,6.59,6.50,243659,162220650.00,1.37,-0.76,-0.05,0.77
2026-02-09,6.53,6.52,6.56,6.49,222870,148079491.00,1.08,0.31,0.02,0.71
2026-02-10,6.54,6.48,6.54,6.47,202197,133589069.00,1.07,-0.61,-0.04,0.64
2026-02-11,6.49,6.52,6.53,6.46,159916,105914892.00,1.08,0.62,0.04,0.51
2026-02-12,6.51,6.45,6.52,6.45,171626,113066724.00,1.07,-1.07,-0.07,0.55
2026-02-13,6.46,6.36,6.47,6.35,240117,156587322.00,1.86,-1.40,-0.09,0.76
2026-02-24,6.41,6.50,6.52,6.38,249872,164723759.00,2.20,2.20,0.14,0.79
2026-02-25,6.48,6.55,6.62,6.48,327551,219354019.00,2.15,0.77,0.05,1.04
2026-02-26,6.55,6.51,6.58,6.49,182542,121150251.00,1.37,-0.61,-0.04,0.58
2026-02-27,6.52,6.51,6.54,6.48,154218,102207807.00,0.92,0.00,0.00,0.49
2026-03-02,6.47,6.48,6.53,6.42,312002,205963723.00,1.69,-0.46,-0.03,0.99
2026-03-03,6.48,6.40,6.50,6.36,357099,233132201.00,2.16,-1.23,-0.08,1.14
2026-03-04,6.37,6.27,6.41,6.27,299162,192938508.00,2.19,-2.03,-0.13,0.95
2026-03-05,6.31,6.26,6.34,6.25,240763,154387779.00,1.44,-0.16,-0.01,0.77
2026-03-06,6.27,6.36,6.37,6.25,256252,165201190.00,1.92,1.60,0.10,0.82
2026-03-09,6.33,6.35,6.38,6.28,248074,159864742.00,1.57,-0.16,-0.01,0.79
2026-03-10,6.36,6.37,6.42,6.33,210518,136652241.00,1.42,0.31,0.02,0.67
2026-03-11,6.37,6.43,6.45,6.30,295883,192776655.00,2.35,0.94,0.06,0.94
2026-03-12,6.44,6.55,6.57,6.43,411574,273517281.00,2.18,1.87,0.12,1.31
2026-03-13,6.54,6.57,6.64,6.53,414177,278315266.00,1.68,0.31,0.02,1.32
2026-03-16,6.55,6.44,6.59,6.44,293459,193578619.00,2.28,-1.98,-0.13,0.93
2026-03-17,6.45,6.42,6.50,6.42,188605,124072963.00,1.24,-0.31,-0.02,0.60
2026-03-18,6.44,6.36,6.46,6.30,242918,157388895.00,2.49,-0.93,-0.06,0.77
2026-03-19,6.32,6.24,6.36,6.23,287940,184072217.00,2.04,-1.89,-0.12,0.92
2026-03-20,6.27,6.14,6.32,6.14,271892,172489493.00,2.88,-1.60,-0.10,0.86
2026-03-23,6.12,5.78,6.13,5.75,484574,291629431.00,6.19,-5.86,-0.36,1.54
2026-03-24,5.86,5.93,5.94,5.77,220096,131372665.00,2.94,2.60,0.15,0.70
2026-03-25,5.93,6.01,6.04,5.91,254565,155824358.00,2.19,1.35,0.08,0.81
2026-03-26,6.02,5.97,6.03,5.96,141616,86434544.00,1.16,-0.67,-0.04,0.45
2026-03-27,5.93,5.92,5.97,5.89,216663,131113683.00,1.34,-0.84,-0.05,0.69
2026-03-30,5.90,6.08,6.21,5.83,361483,221319903.00,6.42,2.70,0.16,1.15
2026-03-31,5.96,6.24,6.31,5.96,582886,369192648.00,5.76,2.63,0.16,1.85
2026-04-01,6.28,6.09,6.28,6.06,404182,252020365.00,3.53,-2.40,-0.15,1.29
2026-04-02,6.07,5.99,6.07,5.95,232299,142064405.00,1.97,-1.64,-0.10,0.74
2026-04-03,5.97,5.94,6.00,5.91,155108,94106829.00,1.50,-0.83,-0.05,0.49
2026-04-07,5.95,5.93,5.98,5.89,146017,88270546.00,1.52,-0.17,-0.01,0.46
2026-04-08,5.98,6.08,6.08,5.97,244004,150295883.00,1.85,2.53,0.15,0.78
2026-04-09,6.05,5.96,6.06,5.96,146022,89259816.00,1.64,-1.97,-0.12,0.46
2026-04-10,5.99,5.97,6.03,5.96,126385,77327673.00,1.17,0.17,0.01,0.40
2026-04-13,5.94,5.93,5.96,5.92,109118,66142567.00,0.67,-0.67,-0.04,0.35
2026-04-14,5.95,5.98,6.02,5.93,130028,79214040.00,1.52,0.84,0.05,0.41
2026-04-15,5.98,6.02,6.03,5.98,128287,78619975.00,0.84,0.67,0.04,0.41
2026-04-16,6.02,6.01,6.04,5.99,107130,65714950.00,0.83,-0.17,-0.01,0.34
2026-04-17,6.02,6.04,6.05,6.00,107340,65997598.00,0.83,0.50,0.03,0.34
2026-04-20,6.05,6.03,6.07,6.01,134218,82727557.00,0.99,-0.17,-0.01,0.43
2026-04-21,6.02,6.05,6.07,6.01,124457,76809392.00,1.00,0.33,0.02,0.40
2026-04-22,6.04,6.03,6.06,6.01,115289,70961882.00,0.83,-0.33,-0.02,0.37
2026-04-23,5.99,5.93,6.09,5.90,288718,175614124.00,3.15,-1.66,-0.10,0.92
2026-04-24,5.93,5.87,5.93,5.83,179011,107155795.00,1.69,-1.01,-0.06,0.57
2026-04-27,5.87,5.81,5.89,5.81,178458,106207887.00,1.36,-1.02,-0.06,0.57
2026-04-28,5.81,5.83,5.85,5.80,131050,77860499.00,0.86,0.34,0.02,0.42
2026-04-29,5.86,5.91,5.93,5.84,198135,119349152.00,1.54,1.37,0.08,0.63
2026-04-30,5.90,5.82,5.91,5.81,218562,130356772.00,1.69,-1.52,-0.09,0.70
2026-05-06,5.85,5.81,5.87,5.80,234891,139631948.00,1.20,-0.17,-0.01,0.75
2026-05-07,5.82,5.83,5.86,5.80,221052,131587629.00,1.03,0.34,0.02,0.70
2026-05-08,5.84,5.81,5.86,5.81,202607,120474598.00,0.86,-0.34,-0.02,0.64
2026-05-11,5.81,5.81,5.83,5.77,236817,140011200.00,1.03,0.00,0.00,0.75
2026-05-12,5.81,5.82,5.86,5.80,191108,113676827.00,1.03,0.17,0.01,0.61
2026-05-13,5.82,5.84,5.89,5.81,226797,135555348.00,1.37,0.34,0.02,0.72
2026-05-14,5.85,5.74,5.85,5.74,231012,136037406.00,1.88,-1.71,-0.10,0.73
2026-05-15,5.75,5.63,5.78,5.62,217586,126577305.00,2.79,-1.92,-0.11,0.69
2026-05-18,5.63,5.60,5.66,5.59,132804,76195786.00,1.24,-0.53,-0.03,0.42
2026-05-19,5.61,5.61,5.63,5.58,129034,73823443.00,0.89,0.18,0.01,0.41
2026-05-20,5.62,5.55,5.62,5.46,217857,122898375.00,2.85,-1.07,-0.06,0.69
2026-05-21,5.55,5.47,5.61,5.46,148353,83910270.00,2.70,-1.44,-0.08,0.47
2026-05-22,5.48,5.45,5.52,5.45,172144,96505558.00,1.28,-0.37,-0.02,0.55
2026-05-25,5.46,5.68,5.82,5.46,372095,215069973.00,6.61,4.22,0.23,1.18
2026-05-26,5.68,5.56,5.68,5.51,223216,126625197.00,2.99,-2.11,-0.12,0.71
2026-05-27,5.55,5.50,5.57,5.46,145039,81573075.00,1.98,-1.08,-0.06,0.46
2026-05-28,5.49,5.49,5.53,5.43,147124,82384362.00,1.82,-0.18,-0.01,0.47
2026-05-29,5.54,5.63,5.68,5.53,279058,160518065.00,2.73,2.55,0.14,0.89
2026-06-01,5.66,5.66,5.67,5.59,186763,107594377.00,1.42,0.53,0.03,0.59
2026-06-02,5.65,5.68,5.70,5.61,186465,107742844.00,1.59,0.35,0.02,0.59
2026-06-03,5.68,5.58,5.69,5.53,190771,109156362.00,2.82,-1.76,-0.10,0.61
2026-06-04,5.55,5.46,5.61,5.44,192290,108045480.00,3.05,-2.15,-0.12,0.61
2026-06-05,5.47,5.39,5.51,5.38,205540,114482319.00,2.38,-1.28,-0.07,0.65
2026-06-08,5.39,5.32,5.43,5.28,195021,106309729.00,2.78,-1.30,-0.07,0.62
2026-06-09,5.31,5.35,5.40,5.29,146951,80265435.00,2.07,0.56,0.03,0.47
2026-06-10,5.34,5.34,5.35,5.29,119827,65127087.00,1.12,-0.19,-0.01,0.38
2026-06-11,5.34,5.25,5.36,5.24,133696,72162936.00,2.25,-1.69,-0.09,0.43
2026-06-12,5.28,5.39,5.39,5.25,213187,116421579.00,2.67,2.67,0.14,0.68
2026-06-15,5.39,5.39,5.48,5.34,210301,116263096.00,2.60,0.00,0.00,0.67
2026-06-16,5.40,5.31,5.41,5.28,171654,93220502.00,2.41,-1.48,-0.08,0.55
2026-06-17,5.31,5.33,5.38,5.25,175406,95082808.00,2.45,0.38,0.02,0.56
2026-06-18,5.34,5.32,5.35,5.26,152052,82476939.00,1.69,-0.19,-0.01,0.48
2026-06-22,5.31,5.30,5.33,5.18,203671,109416293.00,2.82,-0.38,-0.02,0.65
2026-06-23,5.29,5.31,5.43,5.27,255829,139859797.00,3.02,0.19,0.01,0.81
2026-06-24,5.29,5.23,5.33,5.18,163182,87208509.00,2.82,-1.51,-0.08,0.52
2026-06-25,5.22,5.13,5.24,5.13,146073,77211020.00,2.10,-1.91,-0.10,0.46
2026-06-26,5.13,5.15,5.27,5.09,254114,134988154.00,3.51,0.39,0.02,0.81
2026-06-29,5.17,5.16,5.23,5.05,209765,110620071.00,3.50,0.19,0.01,0.67
2026-06-30,5.13,5.09,5.16,5.04,183084,95136792.00,2.33,-1.36,-0.07,0.58
2026-07-01,5.09,5.14,5.17,5.06,136212,71448634.00,2.16,0.98,0.05,0.43
2026-07-02,5.13,5.18,5.21,5.12,146034,77068250.00,1.75,0.78,0.04,0.46
2026-07-03,5.16,5.22,5.23,5.16,126699,67423632.00,1.35,0.77,0.04,0.40
2026-07-06,5.23,5.26,5.27,5.18,172131,92139491.00,1.72,0.77,0.04,0.55
2026-07-07,5.27,5.17,5.29,5.13,136952,72578138.00,3.04,-1.71,-0.09,0.44
2026-07-08,5.17,5.27,5.28,5.12,151367,80918538.00,3.09,1.93,0.10,0.48
2026-07-09,5.26,5.25,5.28,5.20,144074,77190402.00,1.52,-0.38,-0.02,0.46
2026-07-10,5.24,5.27,5.30,5.19,157891,84860369.00,2.10,0.38,0.02,0.50
2026-07-13,5.25,5.34,5.34,5.23,190303,103372105.00,2.09,1.33,0.07,0.61
2026-07-14,5.33,5.38,5.42,5.31,190125,104501589.00,2.06,0.75,0.04,0.60
2026-07-15,5.38,5.49,5.53,5.35,206756,115661944.00,3.35,2.04,0.11,0.66
2026-07-16,5.51,5.42,5.53,5.38,216921,120462131.00,2.73,-1.28,-0.07,0.69
2026-07-17,5.44,5.42,5.55,5.41,259308,145359180.00,2.58,0.00,0.00,0.82
2026-07-20,5.43,5.45,5.51,5.40,222422,124150459.00,2.03,0.55,0.03,0.71
2026-07-21,5.45,5.45,5.62,5.44,315799,178497662.00,3.30,0.00,0.00,1.00
2026-07-22,5.44,5.43,5.47,5.34,218897,120692098.00,2.39,-0.37,-0.02,0.70
2026-07-23,5.41,5.44,5.47,5.38,116206,64593058.00,1.66,0.18,0.01,0.37
2026-07-24,5.45,5.35,5.49,5.34,188273,104167600.00,2.76,-1.65,-0.09,0.60
2026-07-27,5.34,5.41,5.43,5.34,157211,86715273.00,1.68,1.12,0.06,0.50
2026-07-28,5.40,5.40,5.43,5.31,245347,134570439.00,2.22,-0.18,-0.01,0.78
2026-07-29,5.42,5.50,5.58,5.42,255432,143899642.00,2.96,1.85,0.10,0.81
2026-07-30,5.51,5.57,5.59,5.48,261034,147742654.00,2.00,1.27,0.07,0.83
2026-07-31,5.60,5.65,5.65,5.53,259340,144973313.00,2.15,1.44,0.08,0.82
2026-08-03,5.63,5.74,5.76,5.62,250266,143264213.00,2.48,1.59,0.09,0.80
2026-08-04,5.74,5.59,5.76,5.59,244335,138109612.00,2.96,-2.61,-0.15,0.78
2026-08-05,5.60,5.47,5.62,5.47,271967,149600226.00,2.68,-2.15,-0.12,0.87