2026-01-05,3.88,3.86,3.89,3.84,146656,56803270.00,1.29,-0.52,-0.02,1.22
2026-01-06,3.85,3.91,3.91,3.84,152449,59459269.00,1.81,1.30,0.05,1.27
2026-01-07,3.91,3.86,3.91,3.85,166635,64824080.00,1.53,-1.28,-0.05,1.39
2026-01-08,3.84,3.87,3.87,3.83,115324,44682053.00,1.04,0.26,0.01,0.96
2026-01-09,3.88,3.89,3.91,3.87,142588,55681549.00,1.03,0.52,0.02,1.19
2026-01-12,3.89,4.00,4.00,3.89,335340,133530618.00,2.83,2.83,0.11,2.79
2026-01-13,4.00,3.93,4.01,3.92,214812,85490503.00,2.25,-1.75,-0.07,1.79
2026-01-14,3.94,3.94,4.00,3.90,277763,110508622.00,2.54,0.25,0.01,2.31
2026-01-15,3.93,3.90,3.94,3.87,173592,68055191.00,1.78,-1.02,-0.04,1.45
2026-01-16,3.91,3.86,3.93,3.85,146894,57222005.00,2.05,-1.03,-0.04,1.22
2026-01-19,3.87,3.93,3.94,3.85,157898,61910768.00,2.33,1.81,0.07,1.32
2026-01-20,3.92,3.91,3.94,3.88,158920,62388981.00,1.53,-0.51,-0.02,1.32
2026-01-21,3.89,3.90,3.91,3.87,109007,42673206.00,1.02,-0.26,-0.01,0.91
2026-01-22,3.91,3.96,3.96,3.91,184112,73027061.00,1.28,1.54,0.06,1.53
2026-01-23,3.95,3.98,3.98,3.94,167374,66684236.00,1.01,0.51,0.02,1.39
2026-01-26,3.98,3.96,3.99,3.92,177918,70478277.00,1.76,-0.50,-0.02,1.48
2026-01-27,3.96,3.90,3.96,3.85,184563,72069759.00,2.78,-1.52,-0.06,1.54
2026-01-28,3.89,3.87,3.92,3.87,147840,57881561.00,1.28,-0.77,-0.03,1.23
2026-01-29,3.87,3.88,3.92,3.83,159711,62312286.00,2.33,0.26,0.01,1.33
2026-01-30,3.87,3.85,3.93,3.82,214481,83332870.00,2.84,-0.77,-0.03,1.79
2026-02-02,3.78,3.69,3.82,3.69,240841,90688363.00,3.38,-4.16,-0.16,2.01
2026-02-03,3.70,3.74,3.75,3.70,132730,49717000.00,1.36,1.36,0.05,1.11
2026-02-04,3.73,3.79,3.79,3.72,124357,47131060.00,1.87,1.34,0.05,1.04
2026-02-05,3.79,3.77,3.82,3.76,106065,40351253.00,1.58,-0.53,-0.02,0.88
2026-02-06,3.76,3.77,3.81,3.74,99274,37737293.00,1.86,0.00,0.00,0.83
2026-02-09,3.78,3.79,3.82,3.78,102073,38984868.00,1.06,0.53,0.02,0.85
2026-02-10,3.80,3.83,3.84,3.78,136092,52162645.00,1.58,1.06,0.04,1.13
2026-02-11,3.83,3.80,3.83,3.78,94062,35943877.00,1.31,-0.78,-0.03,0.78
2026-02-12,3.80,3.73,3.81,3.72,149935,56549196.00,2.37,-1.84,-0.07,1.25
2026-02-13,3.74,3.69,3.75,3.69,94133,35230177.00,1.61,-1.07,-0.04,0.78
2026-02-24,3.72,3.77,3.78,3.71,112215,42392308.00,1.90,2.17,0.08,0.94
2026-02-25,3.76,3.80,3.83,3.76,164209,62849379.00,1.86,0.80,0.03,1.37
2026-02-26,3.87,4.11,4.18,3.87,1447826,599851561.00,8.16,8.16,0.31,12.06
2026-02-27,3.98,4.02,4.07,3.97,937584,378632701.00,2.43,-2.19,-0.09,7.81
2026-03-02,4.12,4.04,4.14,4.00,636527,259455840.00,3.48,0.50,0.02,5.30
2026-03-03,4.08,4.09,4.18,4.07,795181,330240676.00,2.72,1.24,0.05,6.63
2026-03-04,4.04,3.97,4.04,3.89,538194,214847486.00,3.67,-2.93,-0.12,4.48
2026-03-05,3.99,3.96,4.03,3.94,349362,139894262.00,2.27,-0.25,-0.01,2.91
2026-03-06,3.92,4.03,4.04,3.91,307641,123525629.00,3.28,1.77,0.07,2.56
2026-03-09,4.03,4.00,4.05,3.95,288603,115934374.00,2.48,-0.74,-0.03,2.40
2026-03-10,4.00,3.97,4.00,3.94,274843,109517932.00,1.50,-0.75,-0.03,2.29
2026-03-11,3.95,3.96,3.96,3.92,218612,86501418.00,1.01,-0.25,-0.01,1.82
2026-03-12,3.97,4.05,4.07,3.94,414423,167616786.00,3.28,2.27,0.09,3.45
2026-03-13,4.02,3.97,4.04,3.95,306041,122857215.00,2.22,-1.98,-0.08,2.55
2026-03-16,3.99,4.12,4.14,3.98,482614,198621950.00,4.03,3.78,0.15,4.02
2026-03-17,4.08,4.05,4.12,4.04,301374,123387599.00,1.94,-1.70,-0.07,2.51
2026-03-18,4.04,3.99,4.05,3.95,259922,104341267.00,2.47,-1.48,-0.06,2.17
2026-03-19,3.98,3.90,4.02,3.89,284407,112515591.00,3.26,-2.26,-0.09,2.37
2026-03-20,3.90,3.77,3.92,3.76,268346,103061938.00,4.10,-3.33,-0.13,2.24
2026-03-23,3.71,3.51,3.73,3.51,294594,106837968.00,5.84,-6.90,-0.26,2.45
2026-03-24,3.57,3.63,3.64,3.51,219434,79111025.00,3.70,3.42,0.12,1.83
2026-03-25,3.64,3.69,3.70,3.61,174435,64345213.00,2.48,1.65,0.06,1.45
2026-03-26,3.70,3.76,3.93,3.69,313950,119757838.00,6.50,1.90,0.07,2.62
2026-03-27,3.71,3.73,3.76,3.69,188428,70496754.00,1.86,-0.80,-0.03,1.57
2026-03-30,3.70,3.74,3.74,3.65,157674,58675599.00,2.41,0.27,0.01,1.31
2026-03-31,3.72,3.67,3.78,3.67,150019,56163581.00,2.94,-1.87,-0.07,1.25
2026-04-01,3.72,3.69,3.74,3.66,107640,39907720.00,2.18,0.54,0.02,0.90
2026-04-02,3.66,3.63,3.69,3.61,111831,41001672.00,2.17,-1.63,-0.06,0.93
2026-04-03,3.66,3.56,3.68,3.54,117594,42300602.00,3.86,-1.93,-0.07,0.98
2026-04-07,3.60,3.69,3.69,3.55,156390,57223296.00,3.93,3.65,0.13,1.30
2026-04-08,3.73,3.75,3.78,3.65,259247,97015790.00,3.52,1.63,0.06,2.16
2026-04-09,3.70,3.63,3.70,3.60,206145,75493042.00,2.67,-3.20,-0.12,1.72
2026-04-10,3.63,3.70,3.75,3.63,220600,81784071.00,3.31,1.93,0.07,1.84
2026-04-13,3.67,3.64,3.67,3.61,158321,57812632.00,1.62,-1.62,-0.06,1.32
2026-04-14,3.65,3.64,3.66,3.60,118488,43224315.00,1.65,0.00,0.00,0.99
2026-04-15,3.63,3.61,3.66,3.60,104184,37995943.00,1.65,-0.82,-0.03,0.87
2026-04-16,3.61,3.63,3.63,3.59,96627,35041419.00,1.11,0.55,0.02,0.81
2026-04-17,3.61,3.58,3.62,3.57,97693,35232686.00,1.38,-1.38,-0.05,0.81
2026-04-20,3.58,3.58,3.59,3.56,109166,39258270.00,0.84,0.00,0.00,0.91
2026-04-21,3.59,3.55,3.60,3.53,126115,45080244.00,1.96,-0.84,-0.03,1.05
2026-04-22,3.56,3.56,3.56,3.53,73583,26252343.00,0.85,0.28,0.01,0.61
2026-04-23,3.57,3.53,3.57,3.52,94212,33489364.00,1.40,-0.84,-0.03,0.79
2026-04-24,3.53,3.59,3.61,3.52,144574,52002396.00,2.55,1.70,0.06,1.20
2026-04-27,3.56,3.58,3.58,3.47,153089,54260778.00,3.06,-0.28,-0.01,1.28
2026-04-28,3.55,3.50,3.57,3.49,144696,51137836.00,2.23,-2.23,-0.08,1.21
2026-04-29,3.48,3.56,3.57,3.48,129242,46103702.00,2.57,1.71,0.06,1.08
2026-04-30,3.58,3.56,3.58,3.54,95424,34160871.00,1.12,0.00,0.00,0.80
2026-05-06,3.56,3.57,3.59,3.55,108878,39070727.00,1.12,0.28,0.01,0.91
2026-05-07,3.58,3.55,3.59,3.54,105119,37622977.00,1.40,-0.56,-0.02,0.88
2026-05-08,3.54,3.62,3.64,3.54,171424,62131657.00,2.82,1.97,0.07,1.43
2026-05-11,3.62,3.59,3.64,3.56,155352,55976728.00,2.21,-0.83,-0.03,1.29
2026-05-12,3.58,3.53,3.59,3.52,121628,43396853.00,1.95,-1.67,-0.06,1.01
2026-05-13,3.53,3.55,3.55,3.52,110117,39157855.00,0.85,0.57,0.02,0.92
2026-05-14,3.54,3.49,3.55,3.49,104617,36893948.00,1.69,-1.69,-0.06,0.87
2026-05-15,3.50,3.48,3.51,3.47,85735,30055807.00,1.15,-0.29,-0.01,0.71
2026-05-18,3.46,3.42,3.47,3.39,124743,42915155.00,2.30,-1.72,-0.06,1.04
2026-05-19,3.41,3.45,3.46,3.40,62322,21526436.00,1.75,0.88,0.03,0.52
2026-05-20,3.43,3.38,3.44,3.37,86545,29496965.00,2.03,-2.03,-0.07,0.72
2026-05-21,3.39,3.32,3.43,3.31,83079,28199191.00,3.55,-1.78,-0.06,0.69
2026-05-22,3.35,3.35,3.37,3.31,85705,28789523.00,1.81,0.90,0.03,0.71
2026-05-25,3.35,3.33,3.38,3.30,89817,30083567.00,2.39,-0.60,-0.02,0.75
2026-05-26,3.32,3.27,3.32,3.25,103018,33921329.00,2.10,-1.80,-0.06,0.86
2026-05-27,3.27,3.20,3.27,3.17,117100,37748690.00,3.06,-2.14,-0.07,0.98
2026-05-28,3.20,3.22,3.25,3.17,85140,27550474.00,2.50,0.63,0.02,0.71
2026-05-29,3.20,3.20,3.27,3.19,104513,34006744.00,2.48,-0.62,-0.02,0.87
2026-06-01,3.19,3.31,3.31,3.16,140247,46110882.00,4.69,3.44,0.11,1.17
2026-06-02,3.30,3.23,3.31,3.21,107301,34922351.00,3.02,-2.42,-0.08,0.89
2026-06-03,3.24,3.21,3.25,3.20,63376,20374143.00,1.55,-0.62,-0.02,0.53
2026-06-04,3.21,3.17,3.22,3.15,91499,29099261.00,2.18,-1.25,-0.04,0.76
2026-06-05,3.17,3.24,3.28,3.16,113536,36705298.00,3.79,2.21,0.07,0.95
2026-06-08,3.20,3.16,3.24,3.12,126915,40272584.00,3.70,-2.47,-0.08,1.06
2026-06-09,3.16,3.14,3.17,3.11,75013,23543870.00,1.90,-0.63,-0.02,0.63
2026-06-10,3.14,3.13,3.14,3.09,90726,28212494.00,1.59,-0.32,-0.01,0.76
2026-06-11,3.10,3.06,3.12,3.02,98843,30220264.00,3.19,-2.24,-0.07,0.82
2026-06-12,3.08,3.11,3.13,3.06,106747,33134777.00,2.29,1.63,0.05,0.89
2026-06-15,3.12,3.14,3.20,3.12,95913,30332211.00,2.57,0.96,0.03,0.80
2026-06-16,3.14,3.12,3.14,3.08,83783,25990744.00,1.91,-0.64,-0.02,0.70
2026-06-17,3.12,3.04,3.12,3.03,85295,26064701.00,2.88,-2.56,-0.08,0.71
2026-06-18,3.02,3.02,3.06,2.97,85805,25861297.00,2.96,-0.66,-0.02,0.71
2026-06-22,3.02,3.02,3.04,2.94,108483,32301013.00,3.31,0.00,0.00,0.90
2026-06-23,3.02,3.07,3.12,3.00,133158,41026181.00,3.97,1.66,0.05,1.11
2026-06-24,3.05,2.98,3.06,2.97,116183,34872677.00,2.93,-2.93,-0.09,0.97
2026-06-25,2.97,2.96,3.00,2.93,81658,24151393.00,2.35,-0.67,-0.02,0.68
2026-06-26,2.96,2.90,2.96,2.88,101445,29556705.00,2.70,-2.03,-0.06,0.85