2026-01-05,42.90,46.65,47.55,41.77,117326,531559436.00,13.56,9.46,4.03,11.43
2026-01-06,45.91,47.08,49.22,43.92,97929,453564133.00,11.36,0.92,0.43,9.54
2026-01-07,46.70,46.24,47.28,44.78,57655,267393505.00,5.31,-1.78,-0.84,5.62
2026-01-08,45.20,45.07,46.64,44.20,68448,310249109.00,5.28,-2.53,-1.17,6.67
2026-01-09,45.60,46.90,47.88,44.78,72250,334542688.00,6.88,4.06,1.83,7.04
2026-01-12,46.90,47.80,49.40,45.19,87000,412867901.00,8.98,1.92,0.90,8.47
2026-01-13,48.80,43.23,49.15,43.11,69189,311370077.00,12.64,-9.56,-4.57,6.74
2026-01-14,42.74,43.41,45.56,42.65,55214,243102771.00,6.73,0.42,0.18,5.38
2026-01-15,42.50,44.10,44.95,42.21,41568,181731685.00,6.31,1.59,0.69,4.05
2026-01-16,43.74,48.70,50.08,43.74,86619,411804955.00,14.38,10.43,4.60,8.44
2026-01-19,47.87,50.95,52.75,47.40,69080,346625018.00,10.99,4.62,2.25,6.73
2026-01-20,51.16,48.95,51.30,48.27,47500,235663931.00,5.95,-3.93,-2.00,4.63
2026-01-21,49.00,51.31,52.27,47.40,51098,257548289.00,9.95,4.82,2.36,4.98
2026-01-22,50.90,51.21,53.40,49.90,44443,230103933.00,6.82,-0.19,-0.10,4.33
2026-01-23,52.38,53.08,56.15,51.80,58502,315950579.00,8.49,3.65,1.87,5.70
2026-01-26,52.55,48.21,53.12,47.30,53859,266901393.00,10.96,-9.17,-4.87,5.25
2026-01-27,48.20,51.19,51.40,46.90,44880,222721121.00,9.33,6.18,2.98,4.37
2026-01-28,50.68,48.13,51.19,47.79,34582,169777290.00,6.64,-5.98,-3.06,3.37
2026-01-29,46.88,47.59,51.09,46.48,34970,170637139.00,9.58,-1.12,-0.54,3.41
2026-01-30,48.22,47.69,49.08,46.55,22530,107600850.00,5.32,0.21,0.10,2.19
2026-02-02,47.07,44.76,47.49,44.65,24583,112618173.00,5.96,-6.14,-2.93,2.39
2026-02-03,45.60,46.43,47.10,45.60,24031,111664276.00,3.35,3.73,1.67,2.34
2026-02-04,46.89,44.66,46.89,43.78,28457,127598144.00,6.70,-3.81,-1.77,2.77
2026-02-05,44.14,44.77,45.54,44.14,17593,79383502.00,3.13,0.25,0.11,1.71
2026-02-06,44.70,43.83,44.70,43.19,22699,100098427.00,3.37,-2.10,-0.94,2.21
2026-02-09,44.74,45.23,45.58,43.71,23766,106420589.00,4.27,3.19,1.40,2.31
2026-02-10,45.23,45.06,45.37,44.24,17392,78158273.00,2.50,-0.38,-0.17,1.69
2026-02-11,45.06,44.68,46.53,44.53,16189,73401504.00,4.44,-0.84,-0.38,1.58
2026-02-12,45.20,50.49,51.68,44.65,64703,316009263.00,15.73,13.00,5.81,6.30
2026-02-13,49.84,47.98,50.54,47.84,35107,173041534.00,5.35,-4.97,-2.51,3.42
2026-02-24,48.72,47.90,48.72,44.93,35843,167039865.00,7.90,-0.17,-0.08,3.49
2026-02-25,47.97,48.45,49.00,46.71,23674,113725955.00,4.78,1.15,0.55,2.31
2026-02-26,48.30,54.26,55.40,47.44,66187,343621586.00,16.43,11.99,5.81,6.45
2026-02-27,52.93,52.20,54.29,51.95,28905,152533639.00,4.31,-3.80,-2.06,2.82
2026-03-02,51.26,52.01,53.69,51.17,34867,182957671.00,4.83,-0.36,-0.19,3.40
2026-03-03,52.13,48.00,52.13,47.90,34243,168975897.00,8.13,-7.71,-4.01,3.34
2026-03-04,46.90,45.41,47.59,44.90,34327,157185197.00,5.60,-5.40,-2.59,3.34
2026-03-05,46.40,46.89,47.26,45.50,26306,122421230.00,3.88,3.26,1.48,2.56
2026-03-06,46.40,46.37,47.09,45.80,16827,78383818.00,2.75,-1.11,-0.52,1.64
2026-03-09,44.91,44.45,45.07,42.70,23351,102405711.00,5.11,-4.14,-1.92,2.27
2026-03-10,45.12,45.74,46.14,45.00,18435,84241684.00,2.56,2.90,1.29,1.80
2026-03-11,46.37,44.14,47.29,44.13,28161,128099852.00,6.91,-3.50,-1.60,2.74
2026-03-12,43.90,42.38,44.23,41.90,21517,92383709.00,5.28,-3.99,-1.76,2.10
2026-03-13,42.26,41.40,42.75,41.20,14538,60959147.00,3.66,-2.31,-0.98,1.42
2026-03-16,41.08,41.81,41.88,40.59,11361,46996357.00,3.12,0.99,0.41,1.11
2026-03-17,41.88,39.72,42.00,39.60,17329,70421940.00,5.74,-5.00,-2.09,1.69
2026-03-18,39.51,40.78,40.84,39.51,11560,46566561.00,3.35,2.67,1.06,1.13
2026-03-19,40.20,39.55,40.70,39.20,9081,36236917.00,3.68,-3.02,-1.23,0.88
2026-03-20,39.70,38.42,40.40,38.38,14841,58498621.00,5.11,-2.86,-1.13,1.45
2026-03-23,37.34,35.96,38.10,34.90,21770,80470151.00,8.33,-6.40,-2.46,2.12
2026-03-24,36.90,38.08,38.27,36.61,21924,82087500.00,4.62,5.90,2.12,2.14
2026-03-25,38.39,38.65,39.45,37.90,13445,52302163.00,4.07,1.50,0.57,1.31
2026-03-26,39.35,37.90,39.35,37.55,9872,37751906.00,4.66,-1.94,-0.75,0.96
2026-03-27,37.22,39.28,39.88,37.22,17923,70065588.00,7.02,3.64,1.38,1.75
2026-03-30,38.87,39.67,40.10,38.50,13948,55320117.00,4.07,0.99,0.39,1.36
2026-03-31,39.60,39.20,40.76,39.00,20825,83008057.00,4.44,-1.18,-0.47,2.03
2026-04-01,40.27,39.12,40.27,38.61,17117,67070365.00,4.23,-0.20,-0.08,1.67
2026-04-02,38.90,38.05,39.08,37.72,10050,38628272.00,3.48,-2.74,-1.07,0.98
2026-04-03,38.18,37.91,38.68,37.72,10430,39896272.00,2.52,-0.37,-0.14,1.02
2026-04-07,38.78,38.30,38.88,37.81,12089,46435254.00,2.82,1.03,0.39,1.18
2026-04-08,39.30,40.97,41.01,38.97,27708,111660700.00,5.33,6.97,2.67,2.70
2026-04-09,40.71,39.79,40.71,39.62,21139,84792893.00,2.66,-2.88,-1.18,2.06
2026-04-10,39.90,40.00,40.89,39.43,22159,89350390.00,3.67,0.53,0.21,2.16
2026-04-13,39.65,40.90,41.18,39.52,20463,82951682.00,4.15,2.25,0.90,1.99
2026-04-14,41.23,43.25,43.93,40.70,33730,144250984.00,7.90,5.75,2.35,3.29
2026-04-15,43.26,41.99,43.90,41.93,28798,123339313.00,4.55,-2.91,-1.26,2.81
2026-04-16,42.02,42.63,43.39,41.41,25051,106252581.00,4.72,1.52,0.64,2.44
2026-04-17,42.46,43.19,43.58,42.25,21632,93498322.00,3.12,1.31,0.56,2.11
2026-04-20,42.90,43.30,44.18,42.13,25728,110921369.00,4.75,0.25,0.11,2.51
2026-04-21,42.90,43.18,43.48,42.11,23838,102027519.00,3.16,-0.28,-0.12,2.32
2026-04-22,43.40,43.65,44.10,42.60,18033,78624165.00,3.47,1.09,0.47,1.76
2026-04-23,43.45,42.74,43.81,41.70,24839,106126442.00,4.83,-2.08,-0.91,2.42
2026-04-24,43.37,42.50,43.67,42.33,19025,81838278.00,3.14,-0.56,-0.24,1.85
2026-04-27,42.12,42.64,42.98,41.99,17236,73482467.00,2.33,0.33,0.14,1.68
2026-04-28,43.70,42.99,44.01,42.84,32183,140075425.00,2.74,0.82,0.35,3.13
2026-04-29,43.41,44.64,45.57,42.70,31786,142314902.00,6.68,3.84,1.65,3.10
2026-04-30,44.25,46.08,46.44,44.25,27431,125833393.00,4.91,3.23,1.44,2.67
2026-05-06,45.91,46.73,47.40,45.78,30132,141413761.00,3.52,1.41,0.65,2.93
2026-05-07,47.00,48.91,49.13,46.40,29382,140739203.00,5.84,4.67,2.18,2.86
2026-05-08,48.57,49.20,49.84,48.17,26782,131481346.00,3.41,0.59,0.29,2.61
2026-05-11,49.90,48.89,50.75,48.58,32406,160139948.00,4.41,-0.63,-0.31,3.16
2026-05-12,48.86,47.78,49.26,47.26,24445,117415650.00,4.09,-2.27,-1.11,2.38
2026-05-13,48.00,47.86,48.60,47.65,17445,83795673.00,1.99,0.17,0.08,1.70
2026-05-14,48.45,47.81,49.73,47.50,18533,89356152.00,4.66,-0.10,-0.05,1.81
2026-05-15,49.50,50.38,53.56,49.00,65614,336460729.00,9.54,5.38,2.57,6.39
2026-05-18,49.13,50.77,52.50,49.13,49068,249201609.00,6.69,0.77,0.39,4.78
2026-05-19,50.27,53.62,53.87,49.79,57313,299269114.00,8.04,5.61,2.85,5.58
2026-05-20,53.88,52.35,54.94,51.55,40119,210412684.00,6.32,-2.37,-1.27,3.91
2026-05-21,52.30,54.46,57.28,52.04,56010,308186673.00,10.01,4.03,2.11,5.46
2026-05-22,54.00,55.85,56.50,52.00,44848,243023775.00,8.26,2.55,1.39,4.37
2026-05-25,56.42,54.78,56.69,53.00,47845,261378188.00,6.61,-1.92,-1.07,4.66
2026-05-26,54.23,52.45,54.50,51.55,36864,193342276.00,5.39,-4.25,-2.33,3.59
2026-05-27,53.17,52.82,55.00,52.20,37989,202845978.00,5.34,0.71,0.37,3.70
2026-05-28,52.00,52.50,53.77,50.83,31559,166273957.00,5.57,-0.61,-0.32,3.07
2026-05-29,53.55,47.38,53.69,47.08,52708,259543365.00,12.59,-9.75,-5.12,5.13
2026-06-01,46.99,46.39,48.81,46.09,28198,133656255.00,5.74,-2.09,-0.99,2.75
2026-06-02,47.40,46.68,48.47,46.25,27720,130351143.00,4.79,0.63,0.29,2.70
2026-06-03,46.59,48.66,51.35,45.68,37920,185444615.00,12.15,4.24,1.98,3.69
2026-06-04,48.51,48.41,49.39,47.70,23177,112683144.00,3.47,-0.51,-0.25,2.26
2026-06-05,48.00,49.16,50.48,47.41,25186,124007011.00,6.34,1.55,0.75,2.45
2026-06-08,47.45,49.14,50.40,47.10,28155,138061114.00,6.71,-0.04,-0.02,2.74
2026-06-09,50.53,48.64,50.53,47.62,25305,123792675.00,5.92,-1.02,-0.50,2.46
2026-06-10,47.67,47.64,49.32,46.81,18132,86597665.00,5.16,-2.06,-1.00,1.77
2026-06-11,47.01,46.56,47.90,45.85,18110,84300781.00,4.30,-2.27,-1.08,1.76
2026-06-12,47.44,45.76,48.38,45.72,21408,100434209.00,5.71,-1.72,-0.80,2.09
2026-06-15,46.25,49.90,50.13,46.02,29952,145635374.00,8.98,9.05,4.14,2.92
2026-06-16,50.19,49.58,50.50,48.61,21396,106077283.00,3.79,-0.64,-0.32,2.08
2026-06-17,49.50,50.66,51.15,48.54,25033,125384454.00,5.26,2.18,1.08,2.44
2026-06-18,50.01,54.68,55.15,50.01,40637,216726364.00,10.15,7.94,4.02,3.96
2026-06-22,54.14,53.15,54.30,51.08,39055,206266554.00,5.89,-2.80,-1.53,3.80
2026-06-23,52.81,63.78,63.78,52.30,90254,537333385.00,21.60,20.00,10.63,8.79
2026-06-24,63.55,61.37,63.90,59.70,72395,443061132.00,6.59,-3.78,-2.41,7.05
2026-06-25,61.11,59.00,62.26,58.38,60938,363992102.00,6.32,-3.86,-2.37,5.94
2026-06-26,58.38,58.15,59.87,56.77,50824,295562185.00,5.25,-1.44,-0.85,4.95
2026-06-29,57.57,54.07,58.80,52.00,60494,330839589.00,11.69,-7.02,-4.08,5.89