2026-01-05,46.40,47.05,47.24,46.27,17426,82515837.00,2.09,1.38,0.64,3.42
2026-01-06,47.12,47.62,48.09,47.03,20133,96635095.00,2.25,1.21,0.57,3.95
2026-01-07,47.51,48.06,48.63,47.32,23949,115967155.00,2.75,0.92,0.44,4.70
2026-01-08,47.90,48.13,48.44,47.41,16659,80764448.00,2.14,0.15,0.07,3.27
2026-01-09,48.07,48.59,48.72,47.87,22515,109700268.00,1.77,0.96,0.46,4.42
2026-01-12,48.67,48.04,48.90,47.71,28737,139423999.00,2.45,-1.13,-0.55,5.64
2026-01-13,48.24,47.17,48.66,46.74,42414,204415782.00,4.00,-1.81,-0.87,8.33
2026-01-14,47.41,46.66,48.02,46.11,46010,218447903.00,4.05,-1.08,-0.51,9.04
2026-01-15,46.66,47.58,48.10,46.41,29536,141303498.00,3.62,1.97,0.92,5.80
2026-01-16,48.41,47.95,49.60,47.43,45982,224058208.00,4.56,0.78,0.37,9.03
2026-01-19,47.71,49.61,49.90,47.63,58549,290619918.00,4.73,3.46,1.66,11.50
2026-01-20,50.11,48.86,50.60,48.61,53410,266187534.00,4.01,-1.51,-0.75,10.49
2026-01-21,48.67,49.29,49.47,48.14,32656,161490392.00,2.72,0.88,0.43,6.41
2026-01-22,49.51,48.55,49.59,48.36,30574,150321784.00,2.50,-1.50,-0.74,6.00
2026-01-23,48.90,51.35,52.02,48.90,65590,336520855.00,6.43,5.77,2.80,12.88
2026-01-26,51.99,51.61,52.95,50.99,58910,309127807.00,3.82,0.51,0.26,11.57
2026-01-27,51.40,50.80,51.48,49.12,34988,176676122.00,4.57,-1.57,-0.81,6.87
2026-01-28,50.60,51.70,51.73,49.61,28791,146500791.00,4.17,1.77,0.90,5.65
2026-01-29,52.09,50.33,52.11,50.09,27077,138318023.00,3.91,-2.65,-1.37,5.32
2026-01-30,49.74,48.22,50.07,47.83,26341,129199853.00,4.45,-4.19,-2.11,5.17
2026-02-02,48.10,46.46,49.21,46.39,25188,121746612.00,5.85,-3.65,-1.76,4.95
2026-02-03,47.41,46.87,47.51,45.92,18308,86171533.00,3.42,0.88,0.41,3.60
2026-02-04,46.24,46.61,47.15,46.18,15750,73857386.00,2.07,-0.55,-0.26,3.09
2026-02-05,46.22,45.33,46.34,45.22,15376,70711349.00,2.40,-2.75,-1.28,3.02
2026-02-06,45.13,45.35,45.81,44.74,11721,53689101.00,2.36,0.04,0.02,2.30
2026-02-09,45.89,46.16,46.27,45.72,11318,52535866.00,1.21,1.79,0.81,2.22
2026-02-10,46.17,46.31,46.57,45.92,10130,47259445.00,1.41,0.32,0.15,1.99
2026-02-11,46.24,46.11,46.74,46.00,9020,42211132.00,1.60,-0.43,-0.20,1.77
2026-02-12,45.92,46.68,46.77,45.77,11420,53480650.00,2.17,1.24,0.57,2.24
2026-02-13,46.21,45.65,46.43,45.61,14360,66315034.00,1.76,-2.21,-1.03,2.82
2026-02-24,45.73,46.46,46.59,45.73,11332,52965138.00,1.88,1.77,0.81,2.23
2026-02-25,46.45,46.84,47.00,46.17,12146,57139881.00,1.79,0.82,0.38,2.39
2026-02-26,46.84,47.71,47.80,46.69,20027,95481135.00,2.37,1.86,0.87,3.93
2026-02-27,47.71,47.36,47.71,46.94,12547,59785848.00,1.61,-0.73,-0.35,2.46
2026-03-02,46.84,46.19,47.30,46.01,16267,76216197.00,2.72,-2.47,-1.17,3.19
2026-03-03,46.46,45.75,48.64,45.62,29979,142773482.00,6.54,-0.95,-0.44,5.89
2026-03-04,45.14,45.16,46.56,44.96,16360,75228458.00,3.50,-1.29,-0.59,3.21
2026-03-05,45.74,45.61,47.01,45.29,16720,77835848.00,3.81,1.00,0.45,3.28
2026-03-06,45.66,46.89,47.47,45.28,31225,147938515.00,4.80,2.81,1.28,6.13
2026-03-09,46.31,46.87,47.20,44.74,24411,112928711.00,5.25,-0.04,-0.02,4.79
2026-03-10,47.16,47.46,47.96,46.61,20030,95779220.00,2.88,1.26,0.59,3.93
2026-03-11,47.83,49.74,50.11,47.23,57094,282907990.00,6.07,4.80,2.28,11.21
2026-03-12,49.60,49.11,49.62,48.47,30766,151813020.00,2.31,-1.27,-0.63,6.04
2026-03-13,49.51,48.58,49.90,48.38,31792,157794712.00,3.10,-1.08,-0.53,6.24
2026-03-16,48.48,47.85,48.57,47.22,18663,89605316.00,2.78,-1.50,-0.73,3.67
2026-03-17,47.23,43.84,47.23,43.66,41068,187178683.00,7.46,-8.38,-4.01,8.07
2026-03-18,43.85,44.38,44.47,42.73,21873,95893856.00,3.97,1.23,0.54,4.30
2026-03-19,43.64,43.51,44.38,43.41,12399,54811121.00,2.19,-1.96,-0.87,2.44
2026-03-20,43.41,44.89,46.49,43.41,30656,139712352.00,7.08,3.17,1.38,6.02
2026-03-23,44.11,41.91,44.89,41.68,24382,105861069.00,7.15,-6.64,-2.98,4.79
2026-03-24,42.93,43.01,43.23,41.65,13168,56516139.00,3.77,2.62,1.10,2.59
2026-03-25,42.94,43.94,44.09,42.94,12054,53174938.00,2.67,2.16,0.93,2.37
2026-03-26,43.93,42.81,43.93,42.48,12980,56465571.00,3.30,-2.57,-1.13,2.55
2026-03-27,42.41,43.29,44.01,42.12,13924,60525628.00,4.41,1.12,0.48,2.73
2026-03-30,40.61,39.78,41.10,39.51,33106,133494767.00,3.67,-8.11,-3.51,6.50
2026-03-31,39.79,40.02,40.29,39.51,13532,54571085.00,1.96,0.60,0.24,2.66
2026-04-01,40.42,40.06,40.79,39.75,16310,66286700.00,2.60,0.10,0.04,3.20
2026-04-02,39.88,38.00,39.91,37.92,21060,82344000.00,4.97,-5.14,-2.06,4.14
2026-04-03,38.11,36.66,38.19,36.21,16606,61922944.00,5.21,-3.53,-1.34,3.26
2026-04-07,36.78,36.67,37.21,36.47,10967,40836046.00,2.02,0.03,0.01,2.15
2026-04-08,37.41,38.69,38.69,37.29,19297,74003192.00,3.82,5.51,2.02,3.79
2026-04-09,38.50,38.33,38.64,38.01,11494,44536262.00,1.63,-0.93,-0.36,2.26
2026-04-10,38.61,39.46,40.45,38.60,23058,92167507.00,4.83,2.95,1.13,4.53
2026-04-13,39.31,39.57,39.67,38.96,11563,46005732.00,1.80,0.28,0.11,2.27
2026-04-14,40.19,40.39,40.39,39.62,11792,47697859.00,1.95,2.07,0.82,2.32
2026-04-15,40.61,40.86,41.55,40.51,18589,76948204.00,2.57,1.16,0.47,3.65
2026-04-16,40.81,41.19,41.32,40.56,10931,45251037.00,1.86,0.81,0.33,2.15
2026-04-17,40.99,41.61,41.74,40.86,13631,56938543.00,2.14,1.02,0.42,2.68
2026-04-20,41.70,41.54,41.94,41.16,13029,54522868.00,1.87,-0.17,-0.07,2.56
2026-04-21,41.50,41.17,41.60,40.71,12905,53470961.00,2.14,-0.89,-0.37,2.53
2026-04-22,41.17,41.66,41.79,40.53,11854,49298301.00,3.06,1.19,0.49,2.33
2026-04-23,41.87,40.63,41.90,40.28,10951,45113573.00,3.89,-2.47,-1.03,2.15
2026-04-24,40.56,39.91,40.59,39.82,13327,54158285.00,1.90,-1.77,-0.72,2.62
2026-04-27,38.61,38.77,39.27,36.81,32461,124217621.00,6.16,-2.86,-1.14,6.37
2026-04-28,38.61,38.85,39.74,38.48,15292,60341307.00,3.25,0.21,0.08,3.00
2026-04-29,38.46,39.66,40.09,38.45,13377,53459412.00,4.22,2.08,0.81,2.63
2026-04-30,39.69,39.10,39.69,38.72,9949,39226489.00,2.45,-1.41,-0.56,1.95
2026-05-06,39.42,40.61,40.88,39.31,24403,99180881.00,4.02,3.86,1.51,4.79
2026-05-07,40.61,40.20,40.85,40.09,13209,53772819.00,1.87,-1.01,-0.41,2.59
2026-05-08,40.17,39.89,40.18,39.28,16686,66769356.00,2.24,-0.77,-0.31,3.28
2026-05-11,39.89,38.99,40.08,38.81,20832,82762742.00,3.18,-2.26,-0.90,4.09
2026-05-12,38.99,38.37,39.03,38.23,14710,57271441.00,2.05,-1.59,-0.62,2.89
2026-05-13,38.34,39.24,40.16,38.02,16706,66383676.00,5.58,2.27,0.87,3.28
2026-05-14,39.60,37.89,39.76,37.83,14720,57008340.00,4.92,-3.44,-1.35,2.89
2026-05-15,37.74,38.08,38.99,37.14,15784,60468254.00,4.88,0.50,0.19,3.10
2026-05-18,37.84,38.82,38.96,37.31,14540,56528038.00,4.33,1.94,0.74,2.86
2026-05-19,38.82,40.19,40.36,38.36,21324,85640154.00,5.15,3.53,1.37,4.19
2026-05-20,40.41,40.35,41.39,39.54,17906,72694306.00,4.60,0.40,0.16,3.52
2026-05-21,40.35,38.35,40.59,38.23,16034,63986671.00,5.85,-4.96,-2.00,3.15
2026-05-22,38.48,39.50,39.84,38.12,13244,52433349.00,4.49,3.00,1.15,2.60
2026-05-25,39.61,38.98,40.11,38.64,14572,57897567.00,3.72,-1.32,-0.52,2.86
2026-05-26,38.98,38.88,40.29,37.86,18101,71319730.00,6.23,-0.26,-0.10,3.55
2026-05-27,38.84,38.40,39.53,38.21,17650,69195047.00,3.40,-1.23,-0.48,3.47
2026-05-28,38.11,38.51,38.66,37.53,12520,48138609.00,2.94,0.29,0.11,2.46
2026-05-29,40.09,39.14,41.91,38.40,35088,139805623.00,9.11,1.64,0.63,6.89
2026-06-01,38.46,38.62,40.19,38.20,25976,102689846.00,5.08,-1.33,-0.52,5.10
2026-06-02,38.71,37.98,39.53,37.11,22615,86922587.00,6.27,-1.66,-0.64,4.44
2026-06-03,38.02,37.16,38.04,36.71,17520,66162010.00,3.50,-2.16,-0.82,3.44
2026-06-04,37.22,36.60,37.40,36.25,10775,39578768.00,3.09,-1.51,-0.56,2.12
2026-06-05,36.59,36.85,38.37,35.43,17725,65053282.00,8.03,0.68,0.25,3.48
2026-06-08,36.03,34.79,36.26,34.27,15943,56167286.00,5.40,-5.59,-2.06,3.13
2026-06-09,34.94,35.07,35.15,34.38,8889,30936511.00,2.21,0.80,0.28,1.75
2026-06-10,35.31,33.61,35.31,33.00,14708,49694971.00,6.59,-4.16,-1.46,2.89
2026-06-11,33.31,33.24,33.58,32.91,8268,27437626.00,1.99,-1.10,-0.37,1.62
2026-06-12,33.50,34.10,34.69,33.50,13824,47294979.00,3.58,2.59,0.86,2.71
2026-06-15,35.50,36.01,36.27,34.31,18682,66600959.00,5.75,5.60,1.91,3.67
2026-06-16,36.13,37.66,37.87,35.28,20533,75597838.00,7.19,4.58,1.65,4.03
2026-06-17,37.59,37.87,38.16,37.00,13034,49173219.00,3.08,0.56,0.21,2.56
2026-06-18,38.18,37.09,38.43,36.82,11734,43846461.00,4.25,-2.06,-0.78,2.30
2026-06-22,36.85,37.52,37.74,35.90,13727,50466654.00,4.96,1.16,0.43,2.70
2026-06-23,37.72,37.21,37.72,36.81,10386,38575031.00,2.43,-0.83,-0.31,2.04
2026-06-24,37.22,36.84,37.32,36.08,9868,36157925.00,3.33,-0.99,-0.37,1.94
2026-06-25,36.35,35.42,36.84,35.18,10641,37924288.00,4.51,-3.85,-1.42,2.09
2026-06-26,35.42,35.07,36.18,34.71,10295,36483505.00,4.15,-0.99,-0.35,2.02
2026-06-29,34.71,33.99,34.92,33.28,10729,36401382.00,4.68,-3.08,-1.08,2.11
2026-06-30,33.63,33.98,34.13,33.22,11670,39269904.00,2.68,-0.03,-0.01,2.29
2026-07-01,34.21,33.54,34.21,32.65,16448,54701262.00,4.59,-1.29,-0.44,3.23
2026-07-02,33.33,34.12,34.99,32.96,14595,49952966.00,6.05,1.73,0.58,2.87
2026-07-03,34.26,34.38,35.01,34.05,11274,39041931.00,2.81,0.76,0.26,2.21
2026-07-06,34.43,33.57,34.99,33.50,8864,30060489.00,4.33,-2.36,-0.81,1.74
2026-07-07,33.34,32.61,34.00,32.59,9001,29787507.00,4.20,-2.86,-0.96,1.77
2026-07-08,32.88,31.25,32.88,31.15,9661,30586451.00,5.31,-4.17,-1.36,1.90
2026-07-09,31.00,33.15,33.15,30.69,16423,52071666.00,7.87,6.08,1.90,3.23
2026-07-10,33.21,33.32,33.79,32.82,10625,35539496.00,2.93,0.51,0.17,2.09
2026-07-13,33.08,31.78,33.66,31.60,7575,24497871.00,6.18,-4.62,-1.54,1.49
2026-07-14,31.60,32.39,32.50,31.17,5637,17964273.00,4.19,1.92,0.61,1.11
2026-07-15,33.00,33.10,33.30,32.27,6905,22648068.00,3.18,2.19,0.71,1.36
2026-07-16,33.10,33.10,34.66,32.58,11647,39227565.00,6.28,0.00,0.00,2.29
2026-07-17,33.07,32.02,33.30,31.60,9163,29661690.00,5.14,-3.26,-1.08,1.80
2026-07-20,32.15,30.87,32.58,30.36,10600,33207568.00,6.93,-3.59,-1.15,2.08
2026-07-21,30.65,30.82,31.00,29.76,11158,33883060.00,4.02,-0.16,-0.05,2.19
2026-07-22,30.76,29.93,30.81,29.78,7321,22099147.00,3.34,-2.89,-0.89,1.44
2026-07-23,29.79,30.93,31.03,29.60,8044,24672218.00,4.78,3.34,1.00,1.58
2026-07-24,30.80,30.02,30.92,30.01,5751,17472629.00,2.94,-2.94,-0.91,1.13
2026-07-27,30.00,30.22,30.72,29.31,5935,18005395.00,4.70,0.67,0.20,1.17
2026-07-28,30.23,29.87,30.39,29.65,7017,21018645.00,2.45,-1.16,-0.35,1.38
2026-07-29,29.88,30.51,30.70,29.51,7627,23081388.00,3.98,2.14,0.64,1.50