2026-01-05,4.34,4.34,4.35,4.32,246891,109815075.76,0.69,0.00,0.00,0.78
2026-01-06,4.34,4.39,4.39,4.33,232512,104096989.04,1.38,1.15,0.05,0.74
2026-01-07,4.39,4.37,4.40,4.35,223500,100250722.38,1.14,-0.46,-0.02,0.71
2026-01-08,4.36,4.35,4.37,4.34,187138,83524272.28,0.69,-0.46,-0.02,0.59
2026-01-09,4.35,4.38,4.38,4.34,258044,115585140.76,0.92,0.69,0.03,0.82
2026-01-12,4.37,4.42,4.42,4.36,261046,117469578.22,1.37,0.91,0.04,0.83
2026-01-13,4.42,4.41,4.43,4.39,268879,121498489.95,0.90,-0.23,-0.01,0.85
2026-01-14,4.41,4.37,4.43,4.34,409237,184322466.56,2.04,-0.91,-0.04,1.29
2026-01-15,4.37,4.37,4.40,4.36,226776,101727366.06,0.92,0.00,0.00,0.72
2026-01-16,4.37,4.35,4.39,4.34,216461,96683051.26,1.14,-0.46,-0.02,0.68
2026-01-19,4.34,4.37,4.38,4.34,189814,84937877.77,0.92,0.46,0.02,0.60
2026-01-20,4.37,4.42,4.42,4.36,331099,149379131.17,1.37,1.14,0.05,1.05
2026-01-21,4.41,4.41,4.42,4.38,233527,105275091.36,0.90,-0.23,-0.01,0.74
2026-01-22,4.41,4.45,4.45,4.40,325860,148097495.31,1.13,0.91,0.04,1.03
2026-01-23,4.45,4.45,4.45,4.43,246697,112283290.19,0.45,0.00,0.00,0.78
2026-01-26,4.45,4.47,4.50,4.43,459395,210317992.47,1.57,0.45,0.02,1.45
2026-01-27,4.47,4.43,4.47,4.38,325922,147720107.75,2.01,-0.89,-0.04,1.03
2026-01-28,4.42,4.48,4.49,4.41,405363,185461084.44,1.81,1.13,0.05,1.28
2026-01-29,4.46,4.50,4.54,4.44,420606,193480418.68,2.23,0.45,0.02,1.33
2026-01-30,4.49,4.47,4.51,4.42,323850,148182723.04,2.00,-0.67,-0.03,1.02
2026-02-02,4.46,4.34,4.47,4.33,518071,233276229.12,3.13,-2.91,-0.13,1.64
2026-02-03,4.36,4.36,4.39,4.33,323168,144375621.99,1.38,0.46,0.02,1.02
2026-02-04,4.35,4.44,4.46,4.35,471104,213678226.10,2.52,1.83,0.08,1.49
2026-02-05,4.45,4.42,4.46,4.42,299117,136076941.60,0.90,-0.45,-0.02,0.95
2026-02-06,4.42,4.41,4.44,4.39,246751,111685600.95,1.13,-0.23,-0.01,0.78
2026-02-09,4.43,4.44,4.46,4.42,237968,108281519.80,0.91,0.68,0.03,0.75
2026-02-10,4.44,4.45,4.48,4.42,255101,116357649.62,1.35,0.23,0.01,0.81
2026-02-11,4.46,4.48,4.51,4.45,292488,134474744.20,1.35,0.67,0.03,0.92
2026-02-12,4.49,4.44,4.49,4.43,228254,104293112.14,1.34,-0.89,-0.04,0.72
2026-02-13,4.44,4.38,4.44,4.37,297393,134102194.92,1.58,-1.35,-0.06,0.94
2026-02-24,4.42,4.45,4.46,4.41,291219,132522907.25,1.14,1.60,0.07,0.92
2026-02-25,4.44,4.50,4.55,4.44,519318,240001779.94,2.47,1.12,0.05,1.64
2026-02-26,4.50,4.50,4.53,4.46,236974,108975443.85,1.56,0.00,0.00,0.75
2026-02-27,4.50,4.59,4.62,4.49,463876,216563762.09,2.89,2.00,0.09,1.47
2026-03-02,4.60,4.57,4.63,4.52,516756,241954831.91,2.40,-0.44,-0.02,1.63
2026-03-03,4.58,4.53,4.62,4.52,838006,392465204.02,2.19,-0.88,-0.04,2.65
2026-03-04,4.49,4.43,4.50,4.40,595573,271758541.58,2.21,-2.21,-0.10,1.88
2026-03-05,4.46,4.42,4.46,4.41,416168,188914947.76,1.13,-0.23,-0.01,1.32
2026-03-06,4.43,4.51,4.52,4.38,409881,187175080.04,3.17,2.04,0.09,1.30
2026-03-09,4.48,4.47,4.55,4.45,341790,156886922.60,2.22,-0.89,-0.04,1.08
2026-03-10,4.47,4.48,4.49,4.46,264897,121478507.12,0.67,0.22,0.01,0.84
2026-03-11,4.48,4.52,4.53,4.42,367628,168367877.96,2.46,0.89,0.04,1.16
2026-03-12,4.50,4.55,4.56,4.49,328331,152457669.44,1.55,0.66,0.03,1.04
2026-03-13,4.55,4.52,4.59,4.51,317060,147657640.91,1.76,-0.66,-0.03,1.00
2026-03-16,4.53,4.57,4.58,4.50,338449,157614074.88,1.77,1.11,0.05,1.07
2026-03-17,4.59,4.54,4.62,4.53,304250,142501995.03,1.97,-0.66,-0.03,0.96
2026-03-18,4.53,4.51,4.57,4.48,271612,125682172.68,1.98,-0.66,-0.03,0.86
2026-03-19,4.49,4.46,4.52,4.44,256432,117656493.40,1.77,-1.11,-0.05,0.81
2026-03-20,4.45,4.54,4.62,4.44,581223,270599572.84,4.04,1.79,0.08,1.84
2026-03-23,4.52,4.27,4.54,4.25,823478,368765458.76,6.39,-5.95,-0.27,2.60
2026-03-24,4.33,4.40,4.40,4.28,389926,173686965.32,2.81,3.04,0.13,1.23
2026-03-25,4.41,4.51,4.55,4.36,560299,257294637.86,4.32,2.50,0.11,1.77
2026-03-26,4.51,4.53,4.57,4.50,406266,188674013.49,1.55,0.44,0.02,1.28
2026-03-27,4.49,4.47,4.51,4.43,302637,138658090.25,1.77,-1.32,-0.06,0.96
2026-03-30,4.43,4.49,4.49,4.39,261715,119050169.70,2.24,0.45,0.02,0.83
2026-03-31,4.47,4.48,4.54,4.46,276304,127638084.57,1.78,-0.22,-0.01,0.87
2026-04-01,4.52,4.48,4.54,4.46,221855,102127157.70,1.79,0.00,0.00,0.70
2026-04-02,4.47,4.48,4.52,4.45,224208,102962739.24,1.56,0.00,0.00,0.71
2026-04-03,4.47,4.44,4.50,4.41,244065,111192282.25,2.01,-0.89,-0.04,0.77
2026-04-07,4.43,4.46,4.47,4.40,234919,106558760.24,1.58,0.45,0.02,0.74
2026-04-08,4.48,4.54,4.54,4.47,345966,160067374.84,1.57,1.79,0.08,1.09
2026-04-09,4.52,4.50,4.55,4.50,236765,109585431.64,1.10,-0.88,-0.04,0.75
2026-04-10,4.52,4.53,4.54,4.50,262923,121856638.32,0.89,0.67,0.03,0.83
2026-04-13,4.52,4.48,4.55,4.47,239128,110147517.84,1.77,-1.10,-0.05,0.76
2026-04-14,4.50,4.47,4.50,4.45,202158,92527989.72,1.12,-0.22,-0.01,0.64
2026-04-15,4.48,4.49,4.49,4.45,203598,93343639.08,0.89,0.45,0.02,0.64
2026-04-16,4.48,4.45,4.50,4.44,203900,93198474.92,1.34,-0.89,-0.04,0.64
2026-04-17,4.45,4.44,4.46,4.42,189109,85900790.84,0.90,-0.22,-0.01,0.60
2026-04-20,4.44,4.41,4.45,4.40,196156,88772827.54,1.13,-0.68,-0.03,0.62
2026-04-21,4.42,4.45,4.47,4.41,209854,95520182.57,1.36,0.91,0.04,0.66
2026-04-22,4.45,4.43,4.47,4.42,182991,83361974.64,1.12,-0.45,-0.02,0.58
2026-04-23,4.45,4.39,4.46,4.37,293865,132642178.84,2.03,-0.90,-0.04,0.93
2026-04-24,4.41,4.36,4.41,4.35,231610,103780415.68,1.37,-0.68,-0.03,0.73
2026-04-27,4.36,4.36,4.38,4.35,182816,81762667.63,0.69,0.00,0.00,0.58
2026-04-28,4.36,4.40,4.40,4.36,196352,88142587.55,0.92,0.92,0.04,0.62
2026-04-29,4.39,4.42,4.43,4.38,204809,92618727.19,1.14,0.45,0.02,0.65
2026-04-30,4.41,4.42,4.43,4.38,201808,91139502.76,1.13,0.00,0.00,0.64
2026-05-06,4.42,4.42,4.43,4.41,221936,100575967.09,0.45,0.00,0.00,0.70
2026-05-07,4.43,4.46,4.47,4.42,266172,121440200.95,1.13,0.90,0.04,0.84
2026-05-08,4.45,4.48,4.50,4.44,322535,147955953.06,1.35,0.45,0.02,1.02
2026-05-11,4.48,4.47,4.49,4.44,248241,113556695.21,1.12,-0.22,-0.01,0.78
2026-05-12,4.47,4.48,4.52,4.47,292520,134741187.87,1.12,0.22,0.01,0.92
2026-05-13,4.48,4.52,4.53,4.47,289549,133648689.70,1.34,0.89,0.04,0.92
2026-05-14,4.53,4.52,4.59,4.48,409119,190428532.53,2.43,0.00,0.00,1.29
2026-05-15,4.51,4.40,4.53,4.38,376821,171421446.88,3.32,-2.65,-0.12,1.19
2026-05-18,4.41,4.41,4.46,4.37,239265,108053624.60,2.05,0.23,0.01,0.76
2026-05-19,4.42,4.46,4.47,4.41,224282,102113979.19,1.36,1.13,0.05,0.71
2026-05-20,4.45,4.40,4.46,4.38,216294,97693854.96,1.79,-1.35,-0.06,0.68
2026-05-21,4.41,4.38,4.48,4.37,342849,155383353.92,2.50,-0.45,-0.02,1.08
2026-05-22,4.39,4.37,4.40,4.36,260192,116676489.48,0.91,-0.23,-0.01,0.82
2026-05-25,4.38,4.37,4.40,4.35,171266,76775981.25,1.14,0.00,0.00,0.54
2026-05-26,4.36,4.39,4.39,4.34,196102,87650377.76,1.14,0.46,0.02,0.62
2026-05-27,4.39,4.35,4.41,4.33,211068,94387769.68,1.82,-0.91,-0.04,0.67
2026-05-28,4.34,4.31,4.35,4.26,295202,130274289.96,2.07,-0.92,-0.04,0.93
2026-05-29,4.31,4.36,4.39,4.29,275491,123018461.99,2.32,1.16,0.05,0.87
2026-06-01,4.36,4.39,4.40,4.30,269679,120558935.16,2.29,0.69,0.03,0.85
2026-06-02,4.38,4.37,4.41,4.36,207074,93049903.11,1.14,-0.46,-0.02,0.65
2026-06-03,4.38,4.33,4.38,4.31,235104,104429533.64,1.60,-0.92,-0.04,0.74
2026-06-04,4.32,4.29,4.35,4.27,247716,109250040.22,1.85,-0.92,-0.04,0.78
2026-06-05,4.28,4.28,4.32,4.27,163984,72217411.35,1.17,-0.23,-0.01,0.52
2026-06-08,4.25,4.16,4.26,4.10,417426,178890921.61,3.74,-2.80,-0.12,1.32
2026-06-09,4.16,4.12,4.18,4.10,221877,94031578.62,1.92,-0.96,-0.04,0.70
2026-06-10,4.10,4.13,4.13,4.06,207662,87384834.50,1.70,0.24,0.01,0.66
2026-06-11,4.12,4.11,4.14,4.09,139724,58971060.26,1.21,-0.48,-0.02,0.44
2026-06-12,4.12,4.23,4.24,4.11,295313,126817224.31,3.16,2.92,0.12,0.93
2026-06-15,4.23,4.32,4.33,4.22,292492,128995133.19,2.60,2.13,0.09,0.92
2026-06-16,4.30,4.25,4.30,4.23,190140,82982334.00,1.62,-1.62,-0.07,0.60
2026-06-17,4.25,4.22,4.25,4.21,117944,51236819.06,0.94,-0.71,-0.03,0.37
2026-06-18,4.23,4.19,4.24,4.15,152223,65334923.12,2.13,-0.71,-0.03,0.48
2026-06-22,4.19,4.18,4.19,4.11,191520,81550560.76,1.91,-0.24,-0.01,0.61
2026-06-23,4.20,4.22,4.29,4.19,209127,88900428.78,2.39,0.96,0.04,0.66
2026-06-24,4.25,4.16,4.25,4.15,147555,61717249.14,2.37,-1.42,-0.06,0.47
2026-06-25,4.15,4.12,4.17,4.11,155052,64041600.15,1.44,-0.96,-0.04,0.49
2026-06-26,4.12,4.08,4.13,4.06,175106,71494338.19,1.70,-0.97,-0.04,0.55