2026-01-05,49.36,49.71,50.53,49.02,78283,471876624.00,3.06,0.71,0.35,1.14
2026-01-06,49.71,50.11,50.39,49.57,73182,442422942.00,1.65,0.80,0.40,1.06
2026-01-07,50.06,48.66,50.06,48.46,105303,625114022.00,3.19,-2.89,-1.45,1.53
2026-01-08,48.32,49.06,49.23,47.90,66089,390588834.00,2.73,0.82,0.40,0.96
2026-01-09,49.06,50.31,50.36,48.95,91618,553138755.00,2.87,2.55,1.25,1.33
2026-01-12,50.48,49.06,50.71,48.52,124240,738067647.00,4.35,-2.48,-1.25,1.81
2026-01-13,49.06,49.11,49.65,47.91,117438,693730394.00,3.55,0.10,0.05,1.71
2026-01-14,49.19,48.62,49.81,48.30,113082,672546010.00,3.07,-1.00,-0.49,1.64
2026-01-15,49.56,49.99,51.02,49.23,168443,1024234584.00,3.68,2.82,1.37,2.45
2026-01-16,51.65,47.76,51.90,47.59,241941,1438512314.00,8.62,-4.46,-2.23,3.52
2026-01-19,47.77,48.93,50.23,47.77,233611,1395832926.00,5.15,2.45,1.17,3.40
2026-01-20,49.18,47.43,50.06,46.90,221519,1284509751.00,6.46,-3.07,-1.50,3.22
2026-01-21,47.43,47.86,48.40,47.06,145512,844481680.00,2.83,0.91,0.43,2.12
2026-01-22,47.98,48.37,49.15,47.92,90813,533029778.00,2.57,1.07,0.51,1.32
2026-01-23,48.37,49.20,49.60,48.36,122577,730183227.00,2.56,1.72,0.83,1.78
2026-01-26,49.56,48.35,49.56,47.91,118602,694944834.00,3.35,-1.73,-0.85,1.72
2026-01-27,48.58,50.50,50.81,48.35,219855,1332371453.00,5.09,4.45,2.15,3.20
2026-01-28,50.56,48.94,50.56,47.78,186259,1097539921.00,5.50,-3.09,-1.56,2.71
2026-01-29,48.31,47.56,48.40,47.40,105315,608965079.00,2.04,-2.82,-1.38,1.53
2026-01-30,47.38,45.74,47.38,44.89,175615,973137482.00,5.24,-3.83,-1.82,2.55
2026-02-02,45.39,44.45,45.82,44.40,136730,744786619.00,3.10,-2.82,-1.29,1.99
2026-02-03,44.94,45.69,45.79,44.42,91863,502641167.00,3.08,2.79,1.24,1.34
2026-02-04,45.56,46.48,46.61,45.39,97962,548545256.00,2.67,1.73,0.79,1.42
2026-02-05,46.23,45.98,46.23,45.14,77751,430943274.00,2.35,-1.08,-0.50,1.13
2026-02-06,45.56,46.23,46.77,45.27,68791,386160708.00,3.26,0.54,0.25,1.00
2026-02-09,46.65,47.50,47.68,46.60,80030,458308052.00,2.34,2.75,1.27,1.16
2026-02-10,47.31,47.07,47.60,46.75,60476,345257912.00,1.79,-0.91,-0.43,0.88
2026-02-11,47.47,47.21,47.73,46.98,52028,298599575.00,1.59,0.30,0.14,0.76
2026-02-12,47.19,46.85,47.22,46.40,62399,353697284.00,1.74,-0.76,-0.36,0.91
2026-02-13,46.68,46.28,46.80,46.16,59527,334757553.00,1.37,-1.22,-0.57,0.87
2026-02-24,46.66,47.66,47.99,46.23,90533,518448948.00,3.80,2.98,1.38,1.32
2026-02-25,47.66,47.70,48.05,47.15,69508,400590119.00,1.89,0.08,0.04,1.01
2026-02-26,47.70,49.81,50.28,47.22,185419,1103334785.00,6.42,4.42,2.11,2.70
2026-02-27,49.30,48.90,49.46,48.79,76875,456658232.00,1.35,-1.83,-0.91,1.12
2026-03-02,48.06,48.91,50.21,47.85,109751,655177741.00,4.83,0.02,0.01,1.60
2026-03-03,48.91,49.14,50.31,48.46,144785,866644617.00,3.78,0.47,0.23,2.11
2026-03-04,48.73,49.90,50.86,48.40,140174,849416168.00,5.01,1.55,0.76,2.04
2026-03-05,51.23,50.56,51.23,50.03,183769,1127924940.00,2.40,1.32,0.66,2.67
2026-03-06,50.06,50.19,51.33,49.94,104965,642546869.00,2.75,-0.73,-0.37,1.53
2026-03-09,49.56,50.65,51.19,47.18,179709,1079609932.00,7.99,0.92,0.46,2.61
2026-03-10,50.65,52.64,52.84,50.40,177601,1119151652.00,4.82,3.93,1.99,2.58
2026-03-11,52.52,52.63,53.55,51.56,148834,947859766.00,3.78,-0.02,-0.01,2.16
2026-03-12,52.63,54.85,56.48,51.46,276792,1812677327.00,9.54,4.22,2.22,4.02
2026-03-13,55.40,55.57,57.74,55.30,287318,1961087630.00,4.45,1.31,0.72,4.18
2026-03-16,57.15,55.33,58.09,54.38,209866,1422271661.00,6.68,-0.43,-0.24,3.05
2026-03-17,54.23,55.03,57.49,54.23,192798,1301463678.00,5.89,-0.54,-0.30,2.80
2026-03-18,54.75,53.54,55.03,52.76,180521,1166017404.00,4.13,-2.71,-1.49,2.62
2026-03-19,53.33,52.85,54.74,52.52,133722,863541702.00,4.15,-1.29,-0.69,1.94
2026-03-20,53.52,53.13,54.88,52.49,139721,905515079.00,4.52,0.53,0.28,2.03
2026-03-23,52.27,51.90,53.57,51.54,138467,876754056.00,3.82,-2.32,-1.23,2.01
2026-03-24,52.62,51.91,52.69,50.89,106383,665234607.00,3.47,0.02,0.01,1.55
2026-03-25,51.96,52.50,53.47,51.23,91815,583385496.00,4.32,1.14,0.59,1.34
2026-03-26,52.73,48.27,52.74,47.55,278234,1667964388.00,9.89,-8.06,-4.23,4.05
2026-03-27,47.44,47.69,48.69,46.46,203072,1171366370.00,4.62,-1.20,-0.58,2.95
2026-03-30,48.73,50.48,50.81,47.77,221748,1329901024.00,6.37,5.85,2.79,3.22
2026-03-31,50.40,50.01,51.10,49.79,112049,682996809.00,2.60,-0.93,-0.47,1.63
2026-04-01,51.58,50.61,51.61,50.02,93703,573038920.00,3.18,1.20,0.60,1.36
2026-04-02,50.61,50.26,51.98,49.86,97637,599040499.00,4.19,-0.69,-0.35,1.42
2026-04-03,50.16,48.05,50.23,47.95,95783,562947027.00,4.54,-4.40,-2.21,1.39
2026-04-07,48.23,48.32,49.46,47.63,74455,437379484.00,3.81,0.56,0.27,1.08
2026-04-08,49.31,49.56,49.73,48.75,112130,671245266.00,2.03,2.57,1.24,1.63
2026-04-09,48.89,47.85,48.89,46.93,196957,1139619253.00,3.95,-3.45,-1.71,2.86
2026-04-10,48.14,47.98,49.40,47.92,117294,688624462.00,3.09,0.27,0.13,1.71
2026-04-13,47.69,48.23,48.48,47.38,83108,483183110.00,2.29,0.52,0.25,1.21
2026-04-14,48.26,48.96,48.98,47.42,94942,553927993.00,3.23,1.51,0.73,1.38
2026-04-15,49.32,48.90,49.56,48.57,80327,477228856.00,2.02,-0.12,-0.06,1.17
2026-04-16,49.14,49.26,49.37,48.61,87295,518542099.00,1.55,0.74,0.36,1.27
2026-04-17,49.39,49.61,50.56,49.28,99904,602361689.00,2.60,0.71,0.35,1.45
2026-04-20,49.69,50.40,50.98,49.32,137084,836271953.00,3.35,1.59,0.79,1.99
2026-04-21,50.67,50.47,51.21,50.01,112775,688805610.00,2.38,0.14,0.07,1.64
2026-04-22,51.97,55.57,55.57,51.96,213381,1414443414.00,7.15,10.11,5.10,3.10
2026-04-23,55.53,54.49,55.88,53.23,341253,2251965868.00,4.77,-1.94,-1.08,4.96
2026-04-24,54.40,53.93,55.57,53.14,169811,1115173037.00,4.46,-1.03,-0.56,2.47
2026-04-27,53.98,52.99,54.65,52.73,189085,1227537468.00,3.56,-1.74,-0.94,2.75
2026-04-28,52.67,51.36,53.31,51.15,129683,813881582.00,4.08,-3.08,-1.63,1.89
2026-04-29,50.98,52.39,53.12,50.66,132680,837876067.00,4.79,2.01,1.03,1.93
2026-04-30,52.07,51.34,52.17,50.56,151604,940706099.00,3.07,-2.00,-1.05,2.20
2026-05-06,51.94,51.56,52.34,51.30,161662,1013789276.00,2.03,0.43,0.22,2.35
2026-05-07,51.98,52.06,52.07,51.12,127910,801637673.00,1.84,0.97,0.50,1.86
2026-05-08,51.82,50.97,51.97,50.29,167148,1028675546.00,3.23,-2.09,-1.09,2.43
2026-05-11,50.97,51.20,51.96,50.97,155060,963886627.00,1.94,0.45,0.23,2.25
2026-05-12,51.39,51.29,52.57,50.21,200475,1249535461.00,4.61,0.18,0.09,2.92
2026-05-13,51.36,52.90,52.98,51.36,217305,1380347970.00,3.16,3.14,1.61,3.16
2026-05-14,53.07,50.75,53.32,50.67,173482,1084919595.00,5.01,-4.06,-2.15,2.52
2026-05-15,50.29,48.45,50.61,48.03,209892,1239090851.00,5.08,-4.53,-2.30,3.05
2026-05-18,47.90,48.53,49.66,47.81,98970,584944411.00,3.82,0.17,0.08,1.44
2026-05-19,48.72,49.13,49.15,47.63,104866,615749027.00,3.13,1.24,0.60,1.52
2026-05-20,48.65,48.40,49.00,47.44,107879,628374664.00,3.18,-1.49,-0.73,1.57
2026-05-21,48.65,47.27,48.94,47.06,114604,667038351.00,3.88,-2.33,-1.13,1.67
2026-05-22,47.46,47.05,47.65,46.55,92964,528766580.00,2.33,-0.47,-0.22,1.35
2026-05-25,47.61,47.05,47.61,46.33,90007,510521338.00,2.72,0.00,0.00,1.31
2026-05-26,46.60,46.00,47.17,45.51,108088,496906629.00,3.53,-2.23,-1.05,1.31
2026-05-27,46.01,44.81,46.45,44.52,131069,593878963.00,4.20,-2.59,-1.19,1.59
2026-05-28,44.78,43.61,44.78,43.20,200405,877589039.00,3.53,-2.68,-1.20,2.43
2026-05-29,43.98,44.70,45.49,43.23,219932,979094996.00,5.18,2.50,1.09,2.67
2026-06-01,45.08,43.88,45.45,43.85,146531,651558103.00,3.58,-1.83,-0.82,1.78
2026-06-02,43.75,42.60,43.88,41.50,223738,947194396.00,5.42,-2.92,-1.28,2.71
2026-06-03,42.58,42.17,42.77,41.80,100954,426871062.00,2.28,-1.01,-0.43,1.22
2026-06-04,42.10,41.15,42.10,40.78,145761,602049774.00,3.13,-2.42,-1.02,1.77
2026-06-05,41.05,40.21,41.23,40.16,129750,525874837.00,2.60,-2.28,-0.94,1.57
2026-06-08,39.45,38.92,40.55,38.21,135791,532394984.00,5.82,-3.21,-1.29,1.65
2026-06-09,39.19,39.01,39.36,38.28,114504,444951114.00,2.77,0.23,0.09,1.39
2026-06-10,39.00,37.59,39.00,37.32,188428,714156593.00,4.31,-3.64,-1.42,2.28
2026-06-11,39.92,40.42,40.95,37.75,445666,1757488210.00,8.51,7.53,2.83,5.40
2026-06-12,40.02,41.60,42.40,39.46,367160,1495736557.00,7.27,2.92,1.18,4.45
2026-06-15,41.11,41.31,42.61,40.83,253863,1057313173.00,4.28,-0.70,-0.29,3.08
2026-06-16,41.12,40.82,41.69,40.56,171741,705659525.00,2.74,-1.19,-0.49,2.08
2026-06-17,41.22,40.87,41.70,40.53,154969,635153435.00,2.87,0.12,0.05,1.88
2026-06-18,40.75,39.93,40.97,39.61,197105,790418687.00,3.33,-2.30,-0.94,2.39
2026-06-22,39.80,40.62,40.69,39.15,168742,674670438.00,3.86,1.73,0.69,2.05
2026-06-23,40.62,39.55,41.10,39.33,143145,575123177.00,4.36,-2.63,-1.07,1.74
2026-06-24,39.42,39.47,39.64,38.71,105107,412000640.00,2.35,-0.20,-0.08,1.27
2026-06-25,39.39,39.22,39.57,38.85,115569,452724678.00,1.82,-0.63,-0.25,1.40
2026-06-26,39.68,38.02,40.28,38.00,150547,587381231.00,5.81,-3.06,-1.20,1.83
2026-06-29,37.82,41.82,41.82,37.68,288601,1171167177.00,10.89,9.99,3.80,3.50
2026-06-30,41.86,41.51,42.56,41.16,231475,963290621.00,3.35,-0.74,-0.31,2.81
2026-07-01,41.52,42.50,42.68,39.80,301323,1247628082.00,6.94,2.38,0.99,3.65
2026-07-02,41.96,43.36,44.07,41.80,301797,1309398059.00,5.34,2.02,0.86,3.66
2026-07-03,43.45,43.75,44.25,42.87,186255,811071251.00,3.18,0.90,0.39,2.26
2026-07-06,43.32,42.04,43.32,41.72,167696,709130799.00,3.66,-3.91,-1.71,2.03
2026-07-07,42.23,40.56,42.23,40.30,152581,626158624.00,4.59,-3.52,-1.48,1.85
2026-07-08,40.50,39.86,40.87,39.43,117600,470679135.00,3.55,-1.73,-0.70,1.43
2026-07-09,39.73,39.00,39.96,37.66,193943,748295351.00,5.77,-2.16,-0.86,2.35
2026-07-10,38.62,39.98,40.77,38.31,168624,666049881.00,6.31,2.51,0.98,2.04
2026-07-13,39.56,40.30,40.60,38.80,162922,650417388.00,4.50,0.80,0.32,1.98