2026-01-05,20.40,20.72,20.73,20.32,244067,504522020.00,2.03,2.42,0.49,2.88
2026-01-06,20.80,21.74,21.76,20.80,597581,1287652143.00,4.63,4.92,1.02,7.06
2026-01-07,22.08,21.63,22.13,21.46,488851,1066107985.00,3.08,-0.51,-0.11,5.77
2026-01-08,21.58,21.67,21.96,21.50,322346,704254226.00,2.13,0.18,0.04,3.81
2026-01-09,21.67,21.95,22.08,21.55,359304,791180018.00,2.45,1.29,0.28,4.24
2026-01-12,22.06,22.28,22.28,21.76,481807,1064745620.00,2.37,1.50,0.33,5.69
2026-01-13,22.46,21.60,22.53,21.52,407602,896831305.00,4.53,-3.05,-0.68,4.81
2026-01-14,21.54,21.47,21.96,21.21,391544,850581375.00,3.47,-0.60,-0.13,4.63
2026-01-15,21.28,21.73,21.74,21.26,236722,513119086.00,2.24,1.21,0.26,2.80
2026-01-16,21.95,22.19,22.34,21.90,385963,857984625.00,2.02,2.12,0.46,4.56
2026-01-19,22.45,22.30,22.62,22.17,353712,795737256.00,2.03,0.50,0.11,4.18
2026-01-20,22.18,22.15,22.45,22.00,250260,556835916.00,2.02,-0.67,-0.15,2.96
2026-01-21,22.05,22.64,22.77,22.00,418418,948317357.00,3.48,2.21,0.49,4.94
2026-01-22,22.72,22.43,22.85,22.32,315358,712500776.00,2.34,-0.93,-0.21,3.73
2026-01-23,22.46,23.30,23.36,22.41,523416,1207549432.00,4.24,3.88,0.87,6.18
2026-01-26,23.42,23.26,24.08,23.08,574584,1360355724.00,4.29,-0.17,-0.04,6.79
2026-01-27,23.01,23.14,23.46,22.60,350914,810573610.00,3.70,-0.52,-0.12,4.15
2026-01-28,23.23,23.58,23.67,22.91,422402,991447835.00,3.28,1.90,0.44,4.99
2026-01-29,23.57,23.00,23.63,22.90,436998,1018517411.00,3.10,-2.46,-0.58,5.16
2026-01-30,22.49,22.15,22.77,21.45,453817,1003285601.00,5.74,-3.70,-0.85,5.36
2026-02-02,21.79,20.95,21.90,20.92,315287,677470597.00,4.42,-5.42,-1.20,3.72
2026-02-03,21.36,21.42,21.42,20.95,225022,479676835.00,2.24,2.24,0.47,2.66
2026-02-04,21.30,21.14,21.38,20.85,206867,438152533.00,2.47,-1.31,-0.28,2.44
2026-02-05,20.90,20.50,20.92,20.26,246513,508416725.00,3.12,-3.03,-0.64,2.91
2026-02-06,20.55,21.32,22.08,20.40,495229,1062888794.00,8.20,4.00,0.82,5.85
2026-02-09,21.47,21.88,22.14,21.46,294562,645976789.00,3.19,2.63,0.56,3.48
2026-02-10,21.76,21.76,21.96,21.64,180238,394373858.00,1.46,-0.55,-0.12,2.13
2026-02-11,21.64,21.95,22.37,21.60,232254,515229227.00,3.54,0.87,0.19,2.74
2026-02-12,21.93,22.58,22.65,21.80,287186,645422649.00,3.87,2.87,0.63,3.39
2026-02-13,22.38,22.27,22.75,22.24,241114,545251870.00,2.26,-1.37,-0.31,2.85
2026-02-24,22.57,22.59,22.72,22.23,202873,459378929.00,2.20,1.44,0.32,2.40
2026-02-25,22.78,24.86,24.86,22.68,755275,1822393960.00,9.65,10.05,2.27,8.92
2026-02-26,25.43,25.19,26.18,24.95,1146733,2925686561.00,4.95,1.33,0.33,13.55
2026-02-27,24.91,25.87,26.08,24.91,769267,1978021230.00,4.64,2.70,0.68,9.09
2026-03-02,25.56,25.65,26.48,25.10,851599,2188978602.00,5.33,-0.85,-0.22,10.06
2026-03-03,25.50,24.04,25.79,23.88,680718,1690984184.00,7.45,-6.28,-1.61,8.04
2026-03-04,23.61,23.92,24.68,23.45,480082,1164612229.00,5.12,-0.50,-0.12,5.67
2026-03-05,24.45,23.74,24.53,23.49,396508,955024596.00,4.35,-0.75,-0.18,4.68
2026-03-06,23.54,23.36,23.85,23.30,301671,711903629.00,2.32,-1.60,-0.38,3.56
2026-03-09,22.88,22.85,23.03,21.86,408237,916598146.00,5.01,-2.18,-0.51,4.82
2026-03-10,23.26,23.39,23.55,22.91,318395,744368508.00,2.80,2.36,0.54,3.76
2026-03-11,23.43,23.02,23.80,22.96,302531,708145078.00,3.59,-1.58,-0.37,3.57
2026-03-12,23.00,22.50,23.06,22.25,259773,589002172.00,3.52,-2.26,-0.52,3.07
2026-03-13,22.32,21.97,22.58,21.93,227053,506223130.00,2.89,-2.36,-0.53,2.68
2026-03-16,21.90,22.08,22.10,21.30,305066,666493447.00,3.64,0.50,0.11,3.60
2026-03-17,22.24,21.16,22.27,21.13,273508,592738095.00,5.16,-4.17,-0.92,3.23
2026-03-18,21.27,21.38,21.45,21.00,205011,436897381.00,2.13,1.04,0.22,2.42
2026-03-19,20.97,20.76,21.03,20.66,224076,468824632.00,1.73,-2.90,-0.62,2.65
2026-03-20,21.13,20.54,21.34,20.50,231952,487696386.00,4.05,-1.06,-0.22,2.74
2026-03-23,20.09,19.00,20.13,18.89,349585,686493034.00,6.04,-7.50,-1.54,4.13
2026-03-24,19.38,19.50,19.57,18.71,265026,508980071.00,4.53,2.63,0.50,3.13
2026-03-25,19.76,20.32,20.57,19.75,355671,723603686.00,4.21,4.21,0.82,4.20
2026-03-26,20.28,19.95,20.37,19.85,202862,409120257.00,2.56,-1.82,-0.37,2.40
2026-03-27,19.40,20.76,20.88,19.38,338812,697018567.00,7.52,4.06,0.81,4.00
2026-03-30,20.31,21.00,21.15,20.30,296118,620350318.00,4.09,1.16,0.24,3.50
2026-03-31,20.82,20.38,20.89,20.33,225677,466367049.00,2.67,-2.95,-0.62,2.67
2026-04-01,20.79,20.54,20.85,20.40,179793,371505827.00,2.21,0.79,0.16,2.12
2026-04-02,20.40,19.99,20.50,19.82,180645,364975777.00,3.31,-2.68,-0.55,2.13
2026-04-03,19.98,20.18,20.50,19.79,214295,434605210.00,3.55,0.95,0.19,2.53
2026-04-07,20.22,20.20,20.46,20.02,159756,325122076.00,2.18,0.10,0.02,1.89
2026-04-08,20.65,21.21,21.24,20.58,336851,707489146.00,3.27,5.00,1.01,3.98
2026-04-09,20.91,21.26,21.38,20.80,309812,659157774.00,2.73,0.24,0.05,3.66
2026-04-10,21.60,21.65,22.10,21.49,400139,876051540.00,2.87,1.83,0.39,4.73
2026-04-13,21.61,22.53,22.67,21.61,472916,1061595635.00,4.90,4.06,0.88,5.59
2026-04-14,22.55,22.68,22.79,22.18,454687,1028433602.00,2.71,0.67,0.15,5.37
2026-04-15,22.75,21.96,22.75,21.85,441117,982728548.00,3.97,-3.17,-0.72,5.21
2026-04-16,21.82,22.23,22.28,21.68,300590,665990609.00,2.73,1.23,0.27,3.55
2026-04-17,22.22,23.19,24.00,22.15,578246,1351071273.00,8.32,4.32,0.96,6.83
2026-04-20,23.57,25.52,25.52,23.48,1073308,2686578655.00,8.80,10.05,2.33,12.68
2026-04-21,25.06,24.78,25.43,24.60,852011,2125996258.00,3.25,-2.90,-0.74,10.06
2026-04-22,24.61,26.70,27.20,24.60,1116770,2932757735.00,10.49,7.75,1.92,13.19
2026-04-23,26.72,25.85,27.44,25.72,927279,2457930755.00,6.44,-3.18,-0.85,10.95
2026-04-24,25.63,26.52,27.07,25.16,997848,2634100879.00,7.39,2.59,0.67,11.79
2026-04-27,26.80,26.60,27.65,26.21,1108219,2989881388.00,5.43,0.30,0.08,13.09
2026-04-28,26.42,26.53,27.30,25.65,887390,2348518870.00,6.20,-0.26,-0.07,10.48
2026-04-29,26.41,26.73,26.98,26.09,632094,1690430424.00,3.35,0.75,0.20,7.47
2026-04-30,26.55,27.27,27.48,26.55,881294,2397550829.00,3.48,2.02,0.54,10.41
2026-05-06,28.26,27.98,29.19,27.93,1181783,3364861538.00,4.62,2.60,0.71,13.96
2026-05-07,28.19,29.23,29.74,28.00,910621,2657319286.00,6.22,4.47,1.25,10.76
2026-05-08,28.50,30.30,31.49,28.41,1017690,3077748789.00,10.54,3.66,1.07,12.02
2026-05-11,31.20,32.77,33.34,31.03,1302337,4270155533.00,7.62,8.15,2.47,15.38
2026-05-12,32.77,31.82,32.77,30.39,961029,3042652398.00,7.26,-2.90,-0.95,11.35
2026-05-13,30.89,31.02,31.82,30.55,985116,3061432627.00,3.99,-2.51,-0.80,11.64
2026-05-14,31.11,32.19,33.32,30.58,1292043,4191751654.00,8.83,3.77,1.17,15.26
2026-05-15,31.88,30.48,32.80,30.10,1056797,3294916184.00,8.39,-5.31,-1.71,12.48
2026-05-18,30.38,30.52,31.71,30.10,778212,2422890641.00,5.28,0.13,0.04,9.19
2026-05-19,30.28,30.51,30.56,29.43,669777,2015213539.00,3.70,-0.03,-0.01,7.91
2026-05-20,30.22,30.68,31.18,30.08,674843,2077564882.00,3.61,0.56,0.17,7.97
2026-05-21,31.38,28.82,31.89,28.65,855281,2599653413.00,10.56,-6.06,-1.86,10.10
2026-05-22,28.90,29.66,30.00,28.90,679149,2014310817.00,3.82,2.91,0.84,8.02
2026-05-25,30.11,30.28,30.30,28.93,684777,2043038509.00,4.62,2.09,0.62,8.09
2026-05-26,29.89,29.00,29.90,28.50,557714,1625199795.00,4.62,-4.23,-1.28,6.59
2026-05-27,29.23,28.03,29.50,27.91,548774,1580274749.00,5.48,-3.34,-0.97,6.48
2026-05-28,28.77,30.84,30.84,28.40,1144002,3447355928.00,8.70,10.02,2.81,13.51
2026-05-29,30.90,28.40,31.50,28.16,1016575,3004074431.00,10.83,-7.91,-2.44,12.01
2026-06-01,28.40,27.17,28.67,27.13,590366,1641974754.00,5.42,-4.33,-1.23,6.97
2026-06-02,27.49,27.77,28.22,26.66,471853,1305303723.00,5.74,2.21,0.60,5.57
2026-06-03,27.70,29.06,30.29,27.70,784190,2309877902.00,9.33,4.65,1.29,9.26
2026-06-04,28.48,29.35,29.57,28.47,537677,1572926918.00,3.79,1.00,0.29,6.35
2026-06-05,28.70,29.12,30.26,28.41,652190,1926755853.00,6.30,-0.78,-0.23,7.70
2026-06-08,27.66,27.65,29.09,27.39,541519,1530470854.00,5.84,-5.05,-1.47,6.40
2026-06-09,28.06,29.31,29.34,27.24,582793,1663263147.00,7.59,6.00,1.66,6.88
2026-06-10,28.70,32.24,32.24,28.70,1148937,3573136663.00,12.08,10.00,2.93,13.57
2026-06-11,32.43,34.24,35.10,32.08,1782000,5997890958.00,9.37,6.20,2.00,21.05
2026-06-12,35.70,32.99,36.07,32.45,1759959,6001647634.00,10.57,-3.65,-1.25,20.79
2026-06-15,33.18,35.55,35.55,32.12,1398256,4779316365.00,10.40,7.76,2.56,16.52
2026-06-16,35.26,39.11,39.11,35.01,855289,3248922683.00,11.53,10.01,3.56,10.10
2026-06-17,38.81,39.79,40.78,38.40,1675236,6646653382.00,6.09,1.74,0.68,19.79
2026-06-18,38.79,42.51,43.51,38.79,1335872,5497319332.00,11.86,6.84,2.72,15.78
2026-06-22,45.22,46.76,46.76,44.96,774099,3588668223.00,4.23,10.00,4.25,9.14
2026-06-23,49.01,48.35,50.67,46.46,1607867,7815265936.00,9.00,3.40,1.59,18.99
2026-06-24,47.00,51.76,52.22,45.05,1537734,7588295012.00,14.83,7.05,3.41,18.16
2026-06-25,51.26,56.16,56.90,49.80,1369640,7293297974.00,13.72,8.50,4.40,16.18
2026-06-26,56.15,60.76,61.63,54.80,1443577,8375616379.00,12.16,8.19,4.60,17.05
2026-06-29,58.98,66.27,66.29,57.60,1557780,9672295379.00,14.30,9.07,5.51,18.40
2026-06-30,64.52,66.60,69.40,59.66,1448754,9298783418.00,14.70,0.50,0.33,17.11
2026-07-01,64.00,59.94,69.00,59.94,1433477,9258574105.00,13.60,-10.00,-6.66,16.93
2026-07-02,53.95,57.81,62.77,53.95,1427400,8327463878.00,14.71,-3.55,-2.13,16.86
2026-07-03,57.00,54.30,58.33,53.47,1295548,7152550613.00,8.41,-6.07,-3.51,15.30
2026-07-06,55.33,50.89,55.99,50.53,1097054,5763796558.00,10.06,-6.28,-3.41,12.96
2026-07-07,51.59,55.98,55.98,50.46,833797,4559045958.00,10.85,10.00,5.09,9.85
2026-07-08,57.80,53.98,59.95,53.20,1391207,7808708038.00,12.06,-3.57,-2.00,16.43
2026-07-09,55.25,59.38,59.38,53.80,1318474,7555888606.00,10.34,10.00,5.40,15.57
2026-07-10,62.00,60.00,64.13,59.67,1611161,10043089102.00,7.51,1.04,0.62,19.03
2026-07-13,58.20,54.00,62.25,54.00,1183381,6693593654.00,13.75,-10.00,-6.00,13.98
2026-07-14,53.04,52.63,54.84,49.49,1250909,6526449837.00,9.91,-2.54,-1.37,14.78
2026-07-15,54.00,47.65,54.00,47.37,940428,4642282091.00,12.60,-9.46,-4.98,11.11
2026-07-16,45.95,43.79,47.55,43.18,879325,3986616481.00,9.17,-8.10,-3.86,10.39
2026-07-17,43.79,39.85,44.78,39.49,821285,3478983565.00,12.08,-9.00,-3.94,9.70
2026-07-20,42.30,35.87,42.30,35.87,857960,3286534291.00,16.14,-9.99,-3.98,10.13
2026-07-21,35.87,39.46,39.46,32.28,1181500,4278407488.00,20.02,10.01,3.59,13.96
2026-07-22,39.45,40.64,42.48,39.00,1195453,4916915325.00,8.82,2.99,1.18,14.12
2026-07-23,41.12,41.57,42.50,40.00,892251,3694898181.00,6.15,2.29,0.93,10.54
2026-07-24,41.00,44.00,45.05,40.61,1364993,5869981643.00,10.68,5.85,2.43,16.12
2026-07-27,43.30,46.96,47.70,41.08,1469031,6650086246.00,15.05,6.73,2.96,17.35