2026-01-05,32.76,33.60,33.90,32.36,107881,362310998.00,4.70,2.56,0.84,9.73
2026-01-06,33.37,33.85,33.99,33.14,108631,368928508.00,2.53,0.74,0.25,9.80
2026-01-07,33.61,32.94,33.61,32.92,89353,299695570.00,2.04,-2.69,-0.91,8.06
2026-01-08,32.95,34.48,34.80,32.91,139248,476899731.00,5.74,4.68,1.54,12.56
2026-01-09,34.59,34.28,35.00,34.01,118001,410177064.00,2.87,-0.58,-0.20,10.64
2026-01-12,33.98,34.36,34.46,33.98,103131,357002871.00,1.40,0.23,0.08,9.30
2026-01-13,34.36,32.61,34.36,32.51,96157,322134734.00,5.38,-5.09,-1.75,8.67
2026-01-14,32.57,32.84,33.48,32.51,73625,245412986.00,2.97,0.71,0.23,6.64
2026-01-15,32.71,32.75,33.26,32.38,52139,172682304.00,2.68,-0.27,-0.09,4.70
2026-01-16,33.16,33.83,33.95,32.94,89553,303821667.00,3.08,3.30,1.08,8.08
2026-01-19,33.84,34.01,34.11,33.31,69217,236593089.00,2.36,0.53,0.18,6.24
2026-01-20,34.01,34.22,34.40,33.53,78558,270556509.00,2.56,0.62,0.21,7.09
2026-01-21,34.11,33.91,34.19,33.31,59080,202279636.00,2.57,-0.91,-0.31,5.33
2026-01-22,33.71,34.17,34.49,33.71,68473,236349650.00,2.30,0.77,0.26,6.18
2026-01-23,34.11,34.76,34.85,33.97,92925,323953138.00,2.58,1.73,0.59,8.38
2026-01-26,34.31,33.00,34.36,32.88,98299,333506136.00,4.26,-5.06,-1.76,8.87
2026-01-27,32.63,32.36,32.87,31.37,64693,209794656.00,4.55,-1.94,-0.64,5.84
2026-01-28,32.15,31.69,32.27,31.61,48291,155403091.00,2.04,-2.07,-0.67,4.36
2026-01-29,31.57,31.33,31.99,30.91,40618,129649044.00,3.41,-1.14,-0.36,3.66
2026-01-30,31.51,31.09,31.58,30.35,39823,124826595.00,3.93,-0.77,-0.24,3.59
2026-02-02,31.33,30.27,31.39,30.24,31246,97677683.00,3.70,-2.64,-0.82,2.82
2026-02-03,30.52,31.07,31.12,30.52,30594,95823244.00,1.98,2.64,0.80,2.76
2026-02-04,30.99,30.81,31.16,30.57,24506,76570509.00,1.90,-0.84,-0.26,2.21
2026-02-05,30.61,30.22,30.76,30.19,23775,73214765.00,1.85,-1.91,-0.59,2.14
2026-02-06,30.38,30.74,31.11,30.15,33419,104177133.00,3.18,1.72,0.52,3.01
2026-02-09,31.00,31.09,31.17,30.82,23731,74627402.00,1.14,1.14,0.35,2.14
2026-02-10,31.10,31.29,31.49,30.89,25185,79486762.00,1.93,0.64,0.20,2.27
2026-02-11,31.41,30.97,31.54,30.96,23693,74880294.00,1.85,-1.02,-0.32,2.14
2026-02-12,30.93,31.03,31.17,30.83,20584,64742810.00,1.10,0.19,0.06,1.86
2026-02-13,31.06,30.81,31.36,30.79,20704,65176045.00,1.84,-0.71,-0.22,1.87
2026-02-24,31.18,31.36,31.44,30.96,24646,78017677.00,1.56,1.79,0.55,2.22
2026-02-25,31.51,31.49,31.65,31.25,27060,86168245.00,1.28,0.41,0.13,2.44
2026-02-26,31.49,32.04,32.27,31.29,46861,151401576.00,3.11,1.75,0.55,4.23
2026-02-27,31.92,32.03,32.06,31.68,28849,93154497.00,1.19,-0.03,-0.01,2.60
2026-03-02,31.49,30.65,31.65,30.62,44146,138790044.00,3.22,-4.31,-1.38,3.98
2026-03-03,30.68,29.23,31.02,29.22,47024,142296385.00,5.87,-4.63,-1.42,4.24
2026-03-04,28.72,29.30,29.70,28.69,26630,79175994.00,3.46,0.24,0.07,2.40
2026-03-05,29.86,29.75,30.14,29.66,24967,75606083.00,1.64,1.54,0.45,2.25
2026-03-06,29.67,29.95,30.07,29.59,18490,56062389.00,1.61,0.67,0.20,1.67
2026-03-09,29.41,29.90,30.10,29.18,28586,85516592.00,3.07,-0.17,-0.05,2.58
2026-03-10,30.21,30.59,30.66,30.11,23349,72103382.00,1.84,2.31,0.69,2.11
2026-03-11,30.60,30.78,31.05,30.47,34347,107200639.00,1.90,0.62,0.19,3.10
2026-03-12,31.59,37.01,37.01,31.27,369368,1320198464.00,18.65,20.24,6.23,33.32
2026-03-13,39.21,37.92,40.46,36.11,473535,1843493884.00,11.75,2.46,0.91,42.72
2026-03-16,37.16,38.30,40.16,35.41,329792,1252893634.00,12.53,1.00,0.38,29.75
2026-03-17,37.53,40.60,42.15,36.91,417728,1681847750.00,13.68,6.01,2.30,37.68
2026-03-18,38.61,38.92,40.11,36.63,309775,1178488710.00,8.57,-4.14,-1.68,27.94
2026-03-19,37.17,36.93,38.64,36.49,210945,797887882.00,5.52,-5.11,-1.99,19.03
2026-03-20,36.51,36.27,37.81,34.09,227263,826845816.00,10.07,-1.79,-0.66,20.50
2026-03-23,34.61,35.59,37.13,34.61,167898,609935063.00,6.95,-1.87,-0.68,15.15
2026-03-24,36.29,35.45,36.39,33.15,193841,686667880.00,9.10,-0.39,-0.14,17.49
2026-03-25,35.46,34.80,36.59,34.58,208739,750230105.00,5.67,-1.83,-0.65,18.83
2026-03-26,34.81,32.61,34.81,32.49,193046,651939052.00,6.67,-6.29,-2.19,17.41
2026-03-27,31.69,31.94,32.28,30.79,123907,397996835.00,4.57,-2.05,-0.67,11.18
2026-03-30,31.19,31.62,32.18,30.58,105515,333873952.00,5.01,-1.00,-0.32,9.52
2026-03-31,31.61,29.78,31.75,29.73,132481,411147032.00,6.39,-5.82,-1.84,11.95
2026-04-01,30.61,30.27,30.71,30.01,90269,276587254.00,2.35,1.65,0.49,8.14
2026-04-02,29.95,29.01,30.61,28.90,101007,301844423.00,5.65,-4.16,-1.26,9.11
2026-04-03,29.51,27.63,29.51,27.61,87720,250193263.00,6.55,-4.76,-1.38,7.91
2026-04-07,27.72,28.07,28.21,27.53,58834,166600518.00,2.46,1.59,0.44,5.31
2026-04-08,29.07,29.77,29.88,28.62,103181,306662532.00,4.49,6.06,1.70,9.31
2026-04-09,29.25,29.25,29.55,29.01,72390,214717768.00,1.81,-1.75,-0.52,6.53
2026-04-10,29.46,29.57,30.19,29.46,78385,236396901.00,2.50,1.09,0.32,7.07
2026-04-13,29.61,29.99,30.16,29.26,75091,227419833.00,3.04,1.42,0.42,6.77
2026-04-14,30.05,30.70,30.70,29.89,103484,318089756.00,2.70,2.37,0.71,9.34
2026-04-15,30.71,30.23,30.91,30.12,85007,261873925.00,2.57,-1.53,-0.47,7.67
2026-04-16,30.25,30.54,30.63,30.01,69797,215222066.00,2.05,1.03,0.31,6.30
2026-04-17,30.52,31.78,32.26,30.01,161120,517139815.00,7.37,4.06,1.24,14.53
2026-04-20,31.75,32.34,32.35,31.21,122311,392918804.00,3.59,1.76,0.56,11.03
2026-04-21,31.36,30.18,31.36,29.89,148282,455261911.00,4.55,-6.68,-2.16,13.38
2026-04-22,29.99,29.88,29.99,29.42,86248,259686880.00,1.89,-0.99,-0.30,7.78
2026-04-23,29.91,29.34,29.97,29.11,67185,199879137.00,2.88,-1.81,-0.54,6.06
2026-04-24,29.37,28.84,29.75,28.76,58811,173753132.00,3.37,-1.70,-0.50,5.31
2026-04-27,28.79,28.98,29.17,28.57,40709,119391628.00,2.08,0.49,0.14,3.67
2026-04-28,28.88,27.91,28.88,27.76,61379,174809351.00,3.86,-3.69,-1.07,5.54
2026-04-29,27.64,28.47,28.60,27.64,42934,123378909.00,3.44,2.01,0.56,3.87
2026-04-30,28.28,28.30,28.58,28.02,36351,104045491.00,1.97,-0.60,-0.17,3.28
2026-05-06,28.51,28.84,29.11,28.51,54259,158653141.00,2.12,1.91,0.54,4.89
2026-05-07,29.04,29.24,29.32,28.83,54038,159726722.00,1.70,1.39,0.40,4.87
2026-05-08,29.01,29.62,29.65,28.73,74141,220217162.00,3.15,1.30,0.38,6.69
2026-05-11,29.64,29.33,29.79,29.23,66244,197382711.00,1.89,-0.98,-0.29,5.98
2026-05-12,29.47,28.96,29.71,28.92,57484,170335891.00,2.69,-1.26,-0.37,5.19
2026-05-13,28.63,28.99,29.40,28.62,53664,158103047.00,2.69,0.10,0.03,4.84
2026-05-14,29.02,27.73,29.17,27.73,62041,178135132.00,4.97,-4.35,-1.26,5.60
2026-05-15,28.03,28.17,28.67,27.51,59579,169648369.00,4.18,1.59,0.44,5.37
2026-05-18,28.08,27.70,28.14,27.42,39041,109795838.00,2.56,-1.67,-0.47,3.52
2026-05-19,27.70,27.88,27.91,27.20,44378,124134557.00,2.56,0.65,0.18,4.00
2026-05-20,27.80,26.95,27.80,26.78,49375,135282595.00,3.66,-3.34,-0.93,4.45
2026-05-21,27.09,26.07,27.23,26.01,51229,138928968.00,4.53,-3.27,-0.88,4.62
2026-05-22,26.16,26.51,26.69,25.83,32948,88261861.00,3.30,1.69,0.44,2.97
2026-05-25,26.61,26.03,26.78,25.81,40921,108411470.00,3.66,-1.81,-0.48,3.69
2026-05-26,25.89,25.61,25.89,25.13,37121,95919226.00,2.92,-1.61,-0.42,3.35
2026-05-27,25.61,24.82,25.87,24.68,36028,91815351.00,4.65,-3.08,-0.79,3.25
2026-05-28,25.12,25.91,26.42,25.11,68216,179276675.00,5.28,4.39,1.09,6.15
2026-05-29,25.91,25.00,26.51,24.89,47736,123612686.00,6.25,-3.51,-0.91,4.31
2026-06-01,24.91,25.28,25.56,24.91,23264,59800330.00,2.60,1.12,0.28,2.10
2026-06-02,25.13,24.51,25.28,24.16,33331,82911818.00,4.43,-3.05,-0.77,3.01
2026-06-03,24.81,24.29,24.81,24.09,26589,65981058.00,2.94,-0.90,-0.22,2.40
2026-06-04,24.28,23.87,24.35,23.70,28690,69794581.00,2.68,-1.73,-0.42,2.59
2026-06-05,24.19,24.20,24.68,23.17,47573,115891747.00,6.33,1.38,0.33,4.29
2026-06-08,23.66,23.46,24.46,23.22,33253,80472721.00,5.12,-3.06,-0.74,3.00
2026-06-09,23.62,23.76,23.89,23.26,23271,55841881.00,2.69,1.28,0.30,2.10
2026-06-10,23.47,23.16,23.67,22.77,26566,62415324.00,3.79,-2.53,-0.60,2.40
2026-06-11,23.03,23.01,23.22,22.60,20906,48534305.00,2.68,-0.65,-0.15,1.89
2026-06-12,23.26,23.73,24.04,23.01,34710,83654944.00,4.48,3.13,0.72,3.13
2026-06-15,23.73,24.29,24.30,23.73,38273,93844473.00,2.40,2.36,0.56,3.45
2026-06-16,24.59,24.12,24.59,23.81,36859,90236479.00,3.21,-0.70,-0.17,3.33
2026-06-17,23.86,24.03,24.33,23.81,29631,72187551.00,2.16,-0.37,-0.09,2.67
2026-06-18,24.38,23.88,24.38,23.66,31261,75095420.00,3.00,-0.62,-0.15,2.82
2026-06-22,23.75,24.16,24.37,23.21,37460,88947338.00,4.86,1.17,0.28,3.38
2026-06-23,23.88,23.63,24.39,23.53,30549,73189121.00,3.56,-2.19,-0.53,2.76
2026-06-24,23.67,22.93,23.67,22.68,37415,85855844.00,4.19,-2.96,-0.70,3.38
2026-06-25,22.80,22.35,22.99,22.11,34695,77681612.00,3.84,-2.53,-0.58,3.13
2026-06-26,22.51,22.60,23.45,21.98,58593,133307571.00,6.58,1.12,0.25,5.29
2026-06-29,22.18,22.07,22.60,21.68,45224,99547973.00,4.07,-2.35,-0.53,4.08
2026-06-30,22.07,22.34,22.48,21.72,32758,72872935.00,3.44,1.22,0.27,2.96
2026-07-01,22.32,23.00,23.37,22.00,50681,114986288.00,6.13,2.95,0.66,4.57
2026-07-02,22.85,22.48,23.20,22.45,37995,86875228.00,3.26,-2.26,-0.52,3.43
2026-07-03,22.55,24.36,24.67,22.43,82964,197692190.00,9.96,8.36,1.88,7.48
2026-07-06,24.23,23.24,24.36,23.10,56977,134345941.00,5.17,-4.60,-1.12,5.14
2026-07-07,23.50,22.58,23.87,22.48,44786,103587297.00,5.98,-2.84,-0.66,4.04
2026-07-08,22.57,21.40,22.57,21.38,45926,99819051.00,5.27,-5.23,-1.18,4.14
2026-07-09,21.20,21.30,21.50,20.56,32674,68738620.00,4.39,-0.47,-0.10,2.95
2026-07-10,21.38,21.80,22.54,20.96,45157,98807955.00,7.42,2.35,0.50,4.07
2026-07-13,21.55,20.38,21.71,20.38,38224,79446611.00,6.10,-6.51,-1.42,3.45
2026-07-14,20.38,20.67,20.68,19.88,24753,50243258.00,3.93,1.42,0.29,2.23
2026-07-15,20.57,20.66,20.93,20.43,18997,39273117.00,2.42,-0.05,-0.01,1.71
2026-07-16,20.58,20.74,21.12,20.34,24043,50009145.00,3.78,0.39,0.08,2.17
2026-07-17,20.80,19.98,21.28,19.85,34553,70691669.00,6.89,-3.66,-0.76,3.12
2026-07-20,19.96,19.56,20.39,19.10,33925,67107325.00,6.46,-2.10,-0.42,3.06
2026-07-21,19.56,19.76,19.90,18.62,33342,64598882.00,6.54,1.02,0.20,3.01
2026-07-22,19.70,19.19,19.80,19.00,23297,44959022.00,4.05,-2.88,-0.57,2.10
2026-07-23,19.18,19.89,19.93,19.12,26211,51442594.00,4.22,3.65,0.70,2.36
2026-07-24,19.60,19.45,19.93,19.45,21152,41545337.00,2.41,-2.21,-0.44,1.91
2026-07-27,19.30,20.33,20.37,19.28,27252,54794964.00,5.60,4.52,0.88,2.46