2026-01-05,28.52,28.96,29.49,28.50,65594,190831615.00,3.48,1.86,0.53,3.57
2026-01-06,29.00,29.32,29.78,28.71,93522,272973400.00,3.69,1.24,0.36,5.09
2026-01-07,29.32,29.31,29.58,28.92,65293,190668579.00,2.25,-0.03,-0.01,3.56
2026-01-08,29.31,30.67,31.59,28.97,127521,387751964.00,8.94,4.64,1.36,6.95
2026-01-09,30.64,30.95,30.99,30.30,75402,231613965.00,2.25,0.91,0.28,4.11
2026-01-12,31.02,32.10,33.30,31.02,114025,368265742.00,7.37,3.72,1.15,6.21
2026-01-13,31.82,31.24,32.13,31.01,110174,347326385.00,3.49,-2.68,-0.86,6.00
2026-01-14,31.12,30.36,31.58,29.95,100501,309227227.00,5.22,-2.82,-0.88,5.47
2026-01-15,30.07,29.88,30.47,29.70,55389,165666501.00,2.54,-1.58,-0.48,3.02
2026-01-16,29.87,30.19,30.66,29.53,60536,182238497.00,3.78,1.04,0.31,3.30
2026-01-19,29.99,29.45,30.09,29.34,67567,200354476.00,2.48,-2.45,-0.74,3.68
2026-01-20,29.44,28.86,29.55,28.38,57226,165296108.00,3.97,-2.00,-0.59,3.12
2026-01-21,28.75,28.37,28.88,28.27,55013,156742650.00,2.11,-1.70,-0.49,3.00
2026-01-22,28.27,29.50,29.78,28.23,98281,284496546.00,5.46,3.98,1.13,5.35
2026-01-23,29.63,28.68,29.73,28.58,68861,198617147.00,3.90,-2.78,-0.82,3.75
2026-01-26,28.51,27.58,28.85,27.50,89993,251794488.00,4.71,-3.84,-1.10,4.90
2026-01-27,27.65,27.21,27.67,26.00,75087,201860969.00,6.06,-1.34,-0.37,4.09
2026-01-28,27.07,27.06,27.34,26.72,50133,135408205.00,2.28,-0.55,-0.15,2.73
2026-01-29,27.06,26.72,27.66,26.71,56156,152466692.00,3.51,-1.26,-0.34,3.06
2026-01-30,26.55,27.23,27.27,26.55,44832,120978539.00,2.69,1.91,0.51,2.44
2026-02-02,27.15,27.24,28.20,27.01,54403,150736201.00,4.37,0.04,0.01,2.96
2026-02-03,27.40,27.56,27.64,27.00,38081,104059283.00,2.35,1.17,0.32,2.07
2026-02-04,27.54,28.49,28.70,27.28,65194,184201776.00,5.15,3.37,0.93,3.55
2026-02-05,28.50,28.58,29.42,28.28,66161,191972402.00,4.00,0.32,0.09,3.60
2026-02-06,29.30,30.50,32.00,28.82,182469,559137563.00,11.13,6.72,1.92,9.94
2026-02-09,30.50,30.77,31.19,30.10,112198,345001907.00,3.57,0.89,0.27,6.11
2026-02-10,30.63,29.37,30.99,29.31,84278,251113514.00,5.46,-4.55,-1.40,4.59
2026-02-11,29.42,28.13,29.42,28.08,90896,258712512.00,4.56,-4.22,-1.24,4.95
2026-02-12,28.12,28.15,28.55,27.93,54922,154955005.00,2.20,0.07,0.02,2.99
2026-02-13,28.00,28.07,28.40,27.95,37945,106945402.00,1.60,-0.28,-0.08,2.07
2026-02-24,28.36,27.54,28.39,27.53,47242,131341745.00,3.06,-1.89,-0.53,2.57
2026-02-25,27.75,27.95,28.06,27.40,35999,100114016.00,2.40,1.49,0.41,1.96
2026-02-26,27.92,28.23,28.39,27.89,35353,99454201.00,1.79,1.00,0.28,1.93
2026-02-27,28.33,28.90,29.28,27.70,66344,189664251.00,5.60,2.37,0.67,3.61
2026-03-02,28.56,28.15,28.76,27.77,59116,166595888.00,3.43,-2.60,-0.75,3.22
2026-03-03,28.15,26.86,28.75,26.72,66546,182887618.00,7.21,-4.58,-1.29,3.62
2026-03-04,26.60,27.10,27.70,26.34,50284,136950397.00,5.06,0.89,0.24,2.74
2026-03-05,27.64,27.22,27.64,26.96,37665,102428857.00,2.51,0.44,0.12,2.05
2026-03-06,27.18,27.48,27.92,27.13,41449,114329416.00,2.90,0.96,0.26,2.26
2026-03-09,27.00,27.27,27.76,26.61,54561,147491446.00,4.18,-0.76,-0.21,2.97
2026-03-10,27.65,27.65,27.70,27.35,28206,77656368.00,1.28,1.39,0.38,1.54
2026-03-11,27.65,26.96,27.65,26.90,37163,100769996.00,2.71,-2.50,-0.69,2.02
2026-03-12,26.90,27.15,27.78,26.80,40720,110930269.00,3.64,0.70,0.19,2.22
2026-03-13,27.03,26.48,27.11,26.41,35173,94206873.00,2.58,-2.47,-0.67,1.92
2026-03-16,26.39,26.73,27.04,26.02,37207,98557224.00,3.85,0.94,0.25,2.03
2026-03-17,26.73,25.85,26.75,25.75,37643,98576403.00,3.74,-3.29,-0.88,2.05
2026-03-18,25.90,25.58,26.13,25.20,37721,96032707.00,3.60,-1.04,-0.27,2.05
2026-03-19,25.50,24.87,25.50,24.67,48240,120823731.00,3.24,-2.78,-0.71,2.63
2026-03-20,25.13,24.28,25.75,24.28,46186,115405577.00,5.91,-2.37,-0.59,2.52
2026-03-23,23.96,23.80,24.80,23.10,77779,187398277.00,7.00,-1.98,-0.48,4.24
2026-03-24,24.22,26.23,26.27,24.22,88631,224563180.00,8.61,10.21,2.43,4.83
2026-03-25,26.49,27.15,27.19,25.88,79401,211520781.00,4.99,3.51,0.92,4.32
2026-03-26,27.02,26.97,27.67,26.85,56976,154591804.00,3.02,-0.66,-0.18,3.10
2026-03-27,26.63,27.41,27.50,26.53,44158,120078239.00,3.60,1.63,0.44,2.41
2026-03-30,27.41,27.25,27.46,26.78,39230,106553596.00,2.48,-0.58,-0.16,2.14
2026-03-31,27.25,27.64,28.35,27.25,77638,216577776.00,4.04,1.43,0.39,4.23
2026-04-01,27.98,28.03,28.22,27.67,48556,135684935.00,1.99,1.41,0.39,2.64
2026-04-02,28.15,27.12,28.15,26.91,52609,144014426.00,4.42,-3.25,-0.91,2.87
2026-04-03,27.07,27.02,27.40,26.74,34052,92228532.00,2.43,-0.37,-0.10,1.85
2026-04-07,26.95,27.53,27.56,26.81,31259,85263249.00,2.78,1.89,0.51,1.70
2026-04-08,28.13,29.10,29.48,27.99,91677,263615882.00,5.41,5.70,1.57,4.99
2026-04-09,28.82,28.95,29.17,28.62,45618,131576419.00,1.89,-0.52,-0.15,2.48
2026-04-10,29.05,29.30,29.62,29.00,59263,173690415.00,2.14,1.21,0.35,3.23
2026-04-13,29.40,30.13,30.88,29.22,101261,305644378.00,5.67,2.83,0.83,5.52
2026-04-14,30.50,30.22,30.50,29.69,52620,158493520.00,2.69,0.30,0.09,2.87
2026-04-15,30.32,29.41,30.50,29.20,55080,164242803.00,4.30,-2.68,-0.81,3.00
2026-04-16,29.38,29.08,29.53,28.68,62698,181557328.00,2.89,-1.12,-0.33,3.41
2026-04-17,28.98,28.63,29.05,28.41,44837,128511342.00,2.20,-1.55,-0.45,2.44
2026-04-20,28.66,28.40,29.15,28.16,43987,125507179.00,3.46,-0.80,-0.23,2.40
2026-04-21,28.41,29.43,29.72,28.24,90450,264125166.00,5.21,3.63,1.03,4.93
2026-04-22,29.14,29.36,29.43,28.70,64352,187373977.00,2.48,-0.24,-0.07,3.51
2026-04-23,29.28,28.43,30.07,28.38,57665,167943710.00,5.76,-3.17,-0.93,3.14
2026-04-24,28.44,27.84,28.44,27.68,40335,112673070.00,2.67,-2.08,-0.59,2.20
2026-04-27,27.67,28.79,28.91,27.32,58709,165621346.00,5.71,3.41,0.95,3.20
2026-04-28,28.58,28.77,28.98,28.25,45557,130439655.00,2.54,-0.07,-0.02,2.48
2026-04-29,28.76,28.96,29.08,28.16,49462,142441953.00,3.20,0.66,0.19,2.69
2026-04-30,28.81,30.58,30.70,28.65,113848,343594485.00,7.08,5.59,1.62,6.20
2026-05-06,30.59,30.76,31.11,30.20,81952,251156834.00,2.98,0.59,0.18,4.47
2026-05-07,30.80,32.41,32.64,30.63,113625,363298393.00,6.53,5.36,1.65,6.27
2026-05-08,32.70,34.59,34.98,32.30,215564,728172329.00,8.27,6.73,2.18,11.89
2026-05-11,35.01,34.70,35.67,34.17,147198,515407609.00,4.34,0.32,0.11,8.12
2026-05-12,34.66,35.20,36.00,34.19,100980,357075975.00,5.22,1.44,0.50,5.57
2026-05-13,35.05,35.07,36.00,34.50,70842,248968336.00,4.26,-0.37,-0.13,3.91
2026-05-14,35.07,35.07,36.45,34.81,92565,329169291.00,4.68,0.00,0.00,5.11
2026-05-15,35.15,33.66,35.79,33.50,104219,358636666.00,6.53,-4.02,-1.41,5.75
2026-05-18,33.70,33.38,34.47,32.84,97352,327092017.00,4.84,-0.83,-0.28,5.37
2026-05-19,33.39,34.19,34.46,32.71,83130,278705853.00,5.24,2.43,0.81,4.59
2026-05-20,33.88,33.47,34.58,33.30,51742,174653821.00,3.74,-2.11,-0.72,2.85
2026-05-21,33.63,31.37,33.80,31.14,72057,233780424.00,7.95,-6.27,-2.10,3.97
2026-05-22,31.55,33.19,33.33,31.14,77892,252561893.00,6.98,5.80,1.82,4.30
2026-05-25,33.22,33.00,33.74,32.51,55606,182375718.00,3.71,-0.57,-0.19,3.07
2026-05-26,33.00,31.94,33.00,31.50,58674,188019160.00,4.55,-3.21,-1.06,3.24
2026-05-27,31.85,30.10,32.58,29.84,79061,241482761.00,8.58,-5.76,-1.84,4.36
2026-05-28,30.04,31.86,32.08,30.04,80194,251341909.00,6.78,5.85,1.76,4.42
2026-05-29,31.86,29.96,32.33,29.61,84070,254381884.00,8.54,-5.96,-1.90,4.64
2026-06-01,29.87,29.18,29.88,28.88,57399,168659701.00,3.34,-2.60,-0.78,3.17
2026-06-02,29.20,28.77,29.53,27.58,54219,154577716.00,6.68,-1.41,-0.41,2.99
2026-06-03,29.20,28.33,29.48,28.01,41735,120364276.00,5.11,-1.53,-0.44,2.30
2026-06-04,28.34,27.61,28.66,27.35,42066,116880975.00,4.62,-2.54,-0.72,2.32
2026-06-05,27.61,26.92,27.61,26.50,43465,117597530.00,4.02,-2.50,-0.69,2.40
2026-06-08,25.98,25.90,27.25,25.60,49774,131150928.00,6.13,-3.79,-1.02,2.75
2026-06-09,26.42,26.75,26.94,25.83,40997,108688770.00,4.29,3.28,0.85,2.26
2026-06-10,26.57,26.06,26.57,25.71,45623,118985030.00,3.21,-2.58,-0.69,2.52
2026-06-11,26.00,27.21,27.97,25.71,94215,254706270.00,8.67,4.41,1.15,5.20
2026-06-12,27.75,26.75,27.79,26.46,69519,187214515.00,4.89,-1.69,-0.46,3.83
2026-06-15,26.66,27.50,27.50,26.60,44769,121037316.00,3.36,2.80,0.75,2.47
2026-06-16,27.50,28.12,28.38,27.33,52821,147934576.00,3.82,2.25,0.62,2.91
2026-06-17,28.27,26.99,28.27,26.75,63220,172216019.00,5.41,-4.02,-1.13,3.49
2026-06-18,26.80,26.82,27.24,26.46,45968,122936644.00,2.89,-0.63,-0.17,2.54
2026-06-22,26.67,26.90,26.99,25.68,71236,188460106.00,4.88,0.30,0.08,3.93
2026-06-23,26.64,28.12,28.78,26.47,89465,250071811.00,8.59,4.54,1.22,4.94
2026-06-24,28.28,27.40,28.60,26.72,85149,233060433.00,6.69,-2.56,-0.72,4.70
2026-06-25,27.42,28.26,29.50,27.18,91234,261733811.00,8.47,3.14,0.86,5.03
2026-06-26,27.87,27.00,29.77,26.72,103556,287891755.00,10.79,-4.46,-1.26,5.71
2026-06-29,26.85,25.43,27.26,25.03,80705,208674450.00,8.26,-5.81,-1.57,4.45
2026-06-30,25.51,28.37,28.86,25.34,129208,352348801.00,13.84,11.56,2.94,7.13
2026-07-01,28.62,27.94,29.08,27.60,86802,243907436.00,5.22,-1.52,-0.43,4.79
2026-07-02,27.94,26.81,27.98,26.80,97701,266314499.00,4.22,-4.04,-1.13,5.39
2026-07-03,27.14,28.08,28.54,26.68,82910,229861493.00,6.94,4.74,1.27,4.57
2026-07-06,28.43,26.00,28.45,25.98,91943,245135847.00,8.80,-7.41,-2.08,5.07
2026-07-07,26.04,24.70,26.28,24.55,63312,159816465.00,6.65,-5.00,-1.30,3.49
2026-07-08,24.70,23.55,24.75,23.44,61298,146191631.00,5.30,-4.66,-1.15,3.38
2026-07-09,23.66,23.46,24.25,22.68,54177,126309523.00,6.67,-0.38,-0.09,2.99
2026-07-10,23.31,22.93,23.94,22.91,59007,138238410.00,4.39,-2.26,-0.53,3.26
2026-07-13,22.97,20.08,23.24,19.88,94673,198483277.00,14.65,-12.43,-2.85,5.22
2026-07-14,20.37,19.81,20.37,19.26,70241,139095731.00,5.53,-1.34,-0.27,3.87
2026-07-15,19.91,19.89,20.56,19.58,50508,100467220.00,4.95,0.40,0.08,2.79
2026-07-16,19.70,20.08,20.74,19.00,60414,120939824.00,8.75,0.96,0.19,3.33
2026-07-17,20.09,18.32,20.26,18.21,80388,152571809.00,10.21,-8.76,-1.76,4.43
2026-07-20,18.60,16.88,18.69,16.40,94131,163708494.00,12.50,-7.86,-1.44,5.19
2026-07-21,16.90,17.17,17.17,14.34,141617,226742206.00,16.77,1.72,0.29,7.81
2026-07-22,16.87,18.90,19.54,16.77,149035,275342170.00,16.13,10.08,1.73,8.22
2026-07-23,18.72,18.35,19.40,17.90,91005,169092647.00,7.94,-2.91,-0.55,5.02
2026-07-24,18.17,17.38,18.45,17.22,56511,99812649.00,6.70,-5.29,-0.97,3.12
2026-07-27,17.38,17.97,18.03,17.16,45005,79528893.00,5.01,3.39,0.59,2.48
2026-07-28,17.86,17.52,18.23,17.45,41204,73356681.00,4.34,-2.50,-0.45,2.27
2026-07-29,17.53,17.42,17.75,17.02,58315,101183817.00,4.17,-0.57,-0.10,3.22