2026-01-05,26.19,26.88,26.89,26.19,261678,707252901.00,2.68,2.99,0.78,1.24
2026-01-06,26.90,26.96,26.96,26.74,184169,502377873.00,0.82,0.30,0.08,0.87
2026-01-07,26.89,26.93,27.24,26.85,192735,528603293.00,1.45,-0.11,-0.03,0.91
2026-01-08,26.96,27.06,27.19,26.94,186940,513619336.00,0.93,0.48,0.13,0.88
2026-01-09,27.06,27.26,27.36,27.01,178305,492106859.00,1.29,0.74,0.20,0.84
2026-01-12,27.29,27.46,27.54,27.14,226821,628986291.00,1.47,0.73,0.20,1.07
2026-01-13,27.54,27.79,28.21,27.52,340279,964099195.00,2.51,1.20,0.33,1.61
2026-01-14,27.96,27.68,28.32,27.37,365497,1035260584.00,3.42,-0.40,-0.11,1.73
2026-01-15,27.53,27.43,27.83,27.31,175834,490523572.00,1.88,-0.90,-0.25,0.83
2026-01-16,27.47,27.20,27.75,27.13,174336,483330064.00,2.26,-0.84,-0.23,0.82
2026-01-19,27.09,27.05,27.28,26.98,158088,434521177.00,1.10,-0.55,-0.15,0.75
2026-01-20,27.09,27.07,27.47,27.03,184179,508379573.00,1.63,0.07,0.02,0.87
2026-01-21,27.04,27.01,27.27,26.85,165996,456028815.00,1.55,-0.22,-0.06,0.78
2026-01-22,27.01,26.86,27.13,26.83,174996,478359394.00,1.11,-0.56,-0.15,0.83
2026-01-23,26.96,27.18,27.33,26.96,209859,578192465.00,1.38,1.19,0.32,0.99
2026-01-26,27.33,27.77,27.95,27.10,393896,1102156181.00,3.13,2.17,0.59,1.86
2026-01-27,27.99,27.29,28.06,27.00,300859,833702768.00,3.82,-1.73,-0.48,1.42
2026-01-28,27.30,26.57,27.32,26.56,303274,826046276.00,2.78,-2.64,-0.72,1.43
2026-01-29,26.48,26.73,26.74,26.21,289384,776741419.00,1.99,0.60,0.16,1.37
2026-01-30,26.73,26.28,26.98,26.18,209081,561534403.00,2.99,-1.68,-0.45,0.99
2026-02-02,26.14,25.86,26.31,25.84,177118,469074929.00,1.79,-1.60,-0.42,0.84
2026-02-03,25.91,25.95,26.07,25.61,172022,451114108.00,1.78,0.35,0.09,0.81
2026-02-04,25.96,26.25,26.25,25.73,145621,383777780.00,2.00,1.16,0.30,0.69
2026-02-05,26.21,26.21,26.41,26.11,116596,310505417.00,1.14,-0.15,-0.04,0.55
2026-02-06,26.29,26.29,26.36,26.08,127682,340439238.00,1.07,0.31,0.08,0.60
2026-02-09,26.31,26.43,26.55,26.30,113836,305407993.00,0.95,0.53,0.14,0.54
2026-02-10,26.48,26.69,26.85,26.31,153387,414823976.00,2.04,0.98,0.26,0.72
2026-02-11,26.73,26.84,27.05,26.65,148659,405144598.00,1.50,0.56,0.15,0.70
2026-02-12,26.83,26.48,26.85,26.46,123550,332836636.00,1.45,-1.34,-0.36,0.58
2026-02-13,26.41,26.18,26.56,26.17,103862,277753023.00,1.47,-1.13,-0.30,0.49
2026-02-24,26.29,26.14,26.34,26.12,122535,325582061.00,0.84,-0.15,-0.04,0.58
2026-02-25,26.21,26.09,26.70,26.05,289750,774108196.00,2.49,-0.19,-0.05,1.37
2026-02-26,26.18,26.12,26.38,26.06,147873,392914246.00,1.23,0.11,0.03,0.70
2026-02-27,26.12,26.09,26.21,26.03,126172,334239277.00,0.69,-0.11,-0.03,0.60
2026-03-02,25.90,25.75,25.99,25.50,213113,556868693.00,1.88,-1.30,-0.34,1.01
2026-03-03,25.71,25.11,25.86,25.06,197494,509126523.00,3.11,-2.49,-0.64,0.93
2026-03-04,24.75,24.62,25.01,24.53,177194,444881351.00,1.91,-1.95,-0.49,0.84
2026-03-05,24.90,24.84,25.11,24.74,115602,292356080.00,1.50,0.89,0.22,0.55
2026-03-06,24.80,25.52,25.53,24.76,154907,398266782.00,3.10,2.74,0.68,0.73
2026-03-09,25.31,25.33,25.45,25.07,135916,349128341.00,1.49,-0.74,-0.19,0.64
2026-03-10,25.46,25.78,25.84,25.45,126244,329240021.00,1.54,1.78,0.45,0.60
2026-03-11,25.71,25.58,25.77,25.47,131669,341642314.00,1.16,-0.78,-0.20,0.62
2026-03-12,25.58,25.36,25.61,25.19,120028,309318782.00,1.64,-0.86,-0.22,0.57
2026-03-13,25.21,25.16,25.45,25.11,110503,283432669.00,1.34,-0.79,-0.20,0.52
2026-03-16,25.17,25.22,25.38,24.96,96625,247247960.00,1.67,0.24,0.06,0.46
2026-03-17,25.31,25.32,25.71,25.27,142572,368998234.00,1.74,0.40,0.10,0.67
2026-03-18,25.32,25.37,25.41,25.09,96272,246766059.00,1.26,0.20,0.05,0.45
2026-03-19,25.16,24.87,25.29,24.79,101226,257177884.00,1.97,-1.97,-0.50,0.48
2026-03-20,24.90,24.47,25.15,24.45,124512,312844390.00,2.81,-1.61,-0.40,0.59
2026-03-23,24.12,23.41,24.27,23.22,213837,514999652.00,4.29,-4.33,-1.06,1.01
2026-03-24,23.71,23.92,23.94,23.41,134875,324843430.00,2.26,2.18,0.51,0.64
2026-03-25,24.59,24.97,25.10,24.41,235389,594555673.00,2.88,4.39,1.05,1.11
2026-03-26,25.00,24.90,25.26,24.85,142379,362177037.00,1.64,-0.28,-0.07,0.67
2026-03-27,24.81,25.74,25.79,24.73,227422,588886171.00,4.26,3.37,0.84,1.07
2026-03-30,25.70,26.27,26.33,25.51,324332,858794408.00,3.19,2.06,0.53,1.53
2026-03-31,26.32,26.24,26.79,26.21,294973,792779894.00,2.21,-0.11,-0.03,1.39
2026-04-01,26.55,26.68,26.76,26.12,288363,776515470.00,2.44,1.68,0.44,1.36
2026-04-02,26.63,26.67,26.96,26.44,320875,870021748.00,1.95,-0.04,-0.01,1.51
2026-04-03,26.34,26.31,26.56,26.23,195764,523933929.00,1.24,-1.35,-0.36,0.92
2026-04-07,26.49,26.29,26.61,25.93,167632,448342146.00,2.58,-0.08,-0.02,0.79
2026-04-08,26.57,26.41,26.65,26.11,213667,571511709.00,2.05,0.46,0.12,1.01
2026-04-09,26.25,26.17,26.61,26.07,182252,486076649.00,2.04,-0.91,-0.24,0.86
2026-04-10,26.13,26.09,26.38,26.00,153613,407903019.00,1.45,-0.31,-0.08,0.73
2026-04-13,25.94,25.96,26.15,25.79,124640,328478671.00,1.38,-0.50,-0.13,0.59
2026-04-14,25.94,26.07,26.07,25.62,167254,438075119.00,1.73,0.42,0.11,0.79
2026-04-15,26.52,26.41,26.70,26.16,309835,830374746.00,2.07,1.30,0.34,1.46
2026-04-16,26.48,26.31,26.48,26.22,158259,422524212.00,0.98,-0.38,-0.10,0.75
2026-04-17,26.21,25.76,26.21,25.68,203199,533013913.00,2.01,-2.09,-0.55,0.96
2026-04-20,25.69,25.48,25.73,25.40,150972,391140915.00,1.28,-1.09,-0.28,0.71
2026-04-21,25.48,25.24,25.66,25.14,134746,345728389.00,2.04,-0.94,-0.24,0.64
2026-04-22,25.26,25.20,25.43,25.09,176432,451986734.00,1.35,-0.16,-0.04,0.83
2026-04-23,25.28,25.18,25.44,25.09,156610,401413949.00,1.39,-0.08,-0.02,0.74
2026-04-24,25.27,24.99,25.28,24.87,122440,311197942.00,1.63,-0.75,-0.19,0.58
2026-04-27,24.91,24.98,25.02,24.83,115903,293407475.00,0.76,-0.04,-0.01,0.55
2026-04-28,25.11,24.91,25.50,24.81,246744,629713102.00,2.76,-0.28,-0.07,1.16
2026-04-29,25.07,24.89,25.27,24.67,251895,637134722.00,2.41,-0.08,-0.02,1.19
2026-04-30,24.88,24.50,24.88,24.50,276406,690482370.00,1.53,-1.57,-0.39,1.30
2026-05-06,24.44,24.38,24.57,24.29,235099,582101765.00,1.14,-0.49,-0.12,1.11
2026-05-07,24.40,24.34,24.58,24.27,207069,512504019.00,1.27,-0.16,-0.04,0.98
2026-05-08,24.38,24.43,24.51,24.31,194754,482879013.00,0.82,0.37,0.09,0.92
2026-05-11,24.57,25.00,25.03,24.44,395057,993455517.00,2.42,2.33,0.57,1.86
2026-05-12,24.91,24.93,25.23,24.57,310544,783216625.00,2.64,-0.28,-0.07,1.47
2026-05-13,24.79,24.58,24.87,24.54,194695,486950240.00,1.32,-1.40,-0.35,0.92
2026-05-14,24.63,24.11,24.79,24.11,216529,536387712.00,2.77,-1.91,-0.47,1.02
2026-05-15,24.09,23.74,24.23,23.64,189185,460003080.00,2.45,-1.53,-0.37,0.89
2026-05-18,23.70,23.67,23.71,23.38,141763,339315138.00,1.39,-0.29,-0.07,0.67
2026-05-19,23.63,23.80,23.85,23.60,104478,252278400.00,1.06,0.55,0.13,0.49
2026-05-20,23.71,23.63,23.86,23.56,109702,263956538.00,1.26,-0.71,-0.17,0.52
2026-05-21,23.67,23.32,23.99,23.29,196034,471592781.00,2.96,-1.31,-0.31,0.93
2026-05-22,23.39,23.01,23.46,22.91,214305,504530257.00,2.36,-1.33,-0.31,1.01
2026-05-25,22.98,22.91,23.09,22.69,149513,347333653.00,1.74,-0.43,-0.10,0.71
2026-05-26,22.85,22.78,22.97,22.69,115736,268403270.00,1.22,-0.57,-0.13,0.55
2026-05-27,22.79,22.93,23.11,22.37,227542,525613200.00,3.25,0.66,0.15,1.07
2026-05-28,22.82,22.36,22.96,22.25,164019,375309008.00,3.10,-2.49,-0.57,0.77
2026-05-29,22.38,22.86,23.21,22.38,261665,607323399.00,3.71,2.24,0.50,1.24
2026-06-01,22.87,22.60,23.21,22.52,250491,581874987.00,3.02,-1.14,-0.26,1.18
2026-06-02,22.56,22.33,22.63,22.26,187444,426840517.00,1.64,-1.19,-0.27,0.88
2026-06-03,22.25,21.79,22.38,21.73,246386,548584201.00,2.91,-2.42,-0.54,1.16
2026-06-04,21.81,21.43,21.89,21.29,183953,402688593.00,2.75,-1.65,-0.36,0.87
2026-06-05,21.70,21.63,21.89,21.60,163752,362446324.00,1.35,0.93,0.20,0.77
2026-06-08,21.42,21.26,21.78,21.06,161094,350677031.00,3.33,-1.71,-0.37,0.76
2026-06-09,21.27,21.44,21.47,20.99,115178,249611904.00,2.26,0.85,0.18,0.54
2026-06-10,21.38,21.72,21.76,21.31,153772,338322279.00,2.10,1.31,0.28,0.73
2026-06-11,21.61,21.39,21.76,21.28,158037,345261226.00,2.21,-1.52,-0.33,0.75
2026-06-12,21.46,21.97,22.04,21.30,193665,429776314.00,3.46,2.71,0.58,0.91
2026-06-15,21.96,21.92,22.17,21.78,167995,374577601.00,1.78,-0.23,-0.05,0.79
2026-06-16,21.92,21.46,21.92,21.46,167196,368133026.00,2.10,-2.10,-0.46,0.79
2026-06-17,21.41,21.19,21.56,21.09,183188,396373635.00,2.19,-1.26,-0.27,0.86
2026-06-18,21.14,21.40,21.69,20.86,202986,441771815.00,3.92,0.99,0.21,0.96
2026-06-22,21.31,21.67,21.69,20.66,238774,513386303.00,4.81,1.26,0.27,1.13
2026-06-23,21.65,21.87,22.39,21.56,318056,713713074.00,3.83,0.92,0.20,1.50
2026-06-24,21.96,22.11,22.48,21.82,334057,754563795.00,3.02,1.10,0.24,1.58
2026-06-25,21.79,21.79,22.09,21.23,288670,634971689.00,3.89,-1.45,-0.32,1.36
2026-06-26,21.64,20.82,22.02,20.81,262912,570184987.00,5.55,-4.45,-0.97,1.24
2026-06-29,20.73,22.34,22.36,20.46,513531,1140390847.00,9.13,7.30,1.52,2.42
2026-06-30,22.34,22.08,22.34,21.68,346056,773149332.00,2.95,-1.16,-0.26,1.63
2026-07-01,21.82,22.73,22.80,21.51,451176,1023877075.00,5.84,2.94,0.65,2.13
2026-07-02,22.77,22.64,23.24,22.57,381803,886716137.00,2.95,-0.40,-0.09,1.80
2026-07-03,22.81,22.90,23.14,22.53,297851,690907418.00,2.69,1.15,0.26,1.41
2026-07-06,22.89,23.69,23.85,22.62,532407,1271215481.00,5.37,3.45,0.79,2.51
2026-07-07,23.43,22.80,23.51,22.80,344080,809834444.00,3.00,-3.76,-0.89,1.62
2026-07-08,22.81,22.56,23.26,22.49,238662,554527898.00,3.38,-1.05,-0.24,1.13
2026-07-09,22.35,22.56,22.99,22.11,266629,609150725.00,3.90,0.00,0.00,1.26
2026-07-10,22.49,23.06,23.35,22.08,377606,878157121.00,5.63,2.22,0.50,1.78
2026-07-13,22.91,23.40,23.49,22.86,375176,884805717.00,2.73,1.47,0.34,1.77
2026-07-14,23.16,23.66,23.85,22.98,395775,946950270.00,3.72,1.11,0.26,1.87
2026-07-15,23.48,24.45,24.57,23.36,596389,1471871947.00,5.11,3.34,0.79,2.82
2026-07-16,24.21,24.32,24.79,23.85,496056,1223366577.00,3.84,-0.53,-0.13,2.34
2026-07-17,24.08,23.01,24.31,22.96,480129,1142901187.00,5.55,-5.39,-1.31,2.27
2026-07-20,22.96,23.61,23.62,22.85,359222,851566485.00,3.35,2.61,0.60,1.70
2026-07-21,23.40,23.30,23.63,22.94,321911,761378120.00,2.92,-1.31,-0.31,1.52
2026-07-22,23.11,23.58,23.84,23.04,295434,705400120.00,3.43,1.20,0.28,1.39
2026-07-23,23.25,23.32,23.45,23.08,207186,489628169.00,1.57,-1.10,-0.26,0.98
2026-07-24,23.12,22.28,23.26,22.25,292815,675673492.00,4.33,-4.46,-1.04,1.38
2026-07-27,22.35,22.75,22.85,22.22,192487,436005411.00,2.83,2.11,0.47,0.91
2026-07-28,22.62,22.62,22.89,22.52,137164,310714727.00,1.63,-0.57,-0.13,0.65
2026-07-29,22.63,23.00,23.10,22.63,176178,404253592.00,2.08,1.68,0.38,0.83