2026-01-05,40.16,40.52,40.96,39.51,15443,63256216.00,3.63,1.35,0.54,1.90
2026-01-06,40.49,40.56,41.60,39.98,17383,72021801.00,4.00,0.10,0.04,2.14
2026-01-07,40.57,41.66,42.80,39.95,29446,124812061.00,7.03,2.71,1.10,3.62
2026-01-08,41.64,41.23,41.70,40.76,11187,46755815.00,2.26,-1.03,-0.43,1.38
2026-01-09,41.23,42.40,42.50,41.09,14980,63949778.00,3.42,2.84,1.17,1.84
2026-01-12,42.42,42.32,42.85,42.01,13649,58834108.00,1.98,-0.19,-0.08,1.68
2026-01-13,42.48,43.06,43.93,42.09,19625,85727587.00,4.35,1.75,0.74,2.42
2026-01-14,43.07,42.64,43.15,42.02,11342,49103958.00,2.62,-0.98,-0.42,1.40
2026-01-15,42.28,42.53,43.65,42.28,8780,38155667.00,3.21,-0.26,-0.11,1.08
2026-01-16,43.28,43.03,43.28,42.57,6049,26447336.00,1.67,1.18,0.50,0.74
2026-01-19,43.03,42.75,43.86,42.37,12940,56415069.00,3.46,-0.65,-0.28,1.59
2026-01-20,42.75,42.36,43.14,42.11,7633,33026376.00,2.41,-0.91,-0.39,0.94
2026-01-21,43.15,44.50,46.70,42.49,36689,168149116.00,9.94,5.05,2.14,4.52
2026-01-22,44.24,44.34,45.29,43.62,22242,100495542.00,3.75,-0.36,-0.16,2.74
2026-01-23,44.34,44.01,44.52,43.44,13893,61836931.00,2.44,-0.74,-0.33,1.71
2026-01-26,44.00,42.36,44.09,42.11,13654,59197624.00,4.50,-3.75,-1.65,1.68
2026-01-27,42.70,42.59,42.89,40.71,14082,60262000.00,5.15,0.54,0.23,1.73
2026-01-28,42.59,42.25,42.73,41.95,7885,33913192.00,1.83,-0.80,-0.34,0.97
2026-01-29,42.25,44.30,44.61,41.96,33780,150498369.00,6.27,4.85,2.05,4.16
2026-01-30,44.09,45.17,45.76,43.86,24069,109762536.00,4.29,1.96,0.87,2.96
2026-02-02,44.70,44.06,45.50,44.02,20913,95135387.00,3.28,-2.46,-1.11,2.57
2026-02-03,44.67,45.67,45.90,44.48,14773,68026306.00,3.22,3.65,1.61,1.82
2026-02-04,45.67,44.62,45.89,43.95,13809,62526000.00,4.25,-2.30,-1.05,1.70
2026-02-05,44.57,44.25,45.02,43.65,12210,55012504.00,3.07,-0.83,-0.37,1.50
2026-02-06,43.80,44.49,44.90,43.41,10324,46474276.00,3.37,0.54,0.24,1.27
2026-02-09,44.68,45.02,45.33,44.27,7265,33147451.00,2.38,1.19,0.53,0.89
2026-02-10,45.18,44.65,45.18,44.49,5713,25988643.00,1.53,-0.82,-0.37,0.70
2026-02-11,44.65,45.48,45.48,44.52,7099,32554910.00,2.15,1.86,0.83,0.87
2026-02-12,45.48,44.72,46.21,44.43,8196,37508292.00,3.91,-1.67,-0.76,1.01
2026-02-13,44.66,41.38,44.66,41.32,23869,103064251.00,7.47,-7.47,-3.34,2.94
2026-02-24,42.08,41.20,42.18,40.91,13859,58216908.00,3.07,-0.43,-0.18,1.71
2026-02-25,41.35,41.59,41.80,40.95,8733,36751996.00,2.06,0.95,0.39,1.07
2026-02-26,41.66,42.13,42.29,40.96,7548,31987657.00,3.20,1.30,0.54,0.93
2026-02-27,42.02,41.83,42.41,41.61,6093,25905737.00,1.90,-0.71,-0.30,0.75
2026-03-02,40.98,40.08,41.55,39.81,10957,45052528.00,4.16,-4.18,-1.75,1.35
2026-03-03,40.24,40.37,40.68,39.76,10169,41631924.00,2.30,0.72,0.29,1.25
2026-03-04,39.89,38.56,40.51,38.28,16390,65331263.00,5.52,-4.48,-1.81,2.02
2026-03-05,38.99,39.35,39.58,38.88,7959,31760561.00,1.82,2.05,0.79,0.98
2026-03-06,39.22,35.84,39.62,35.39,71350,265328785.00,10.75,-8.92,-3.51,8.78
2026-03-09,35.11,34.32,35.16,33.45,39516,137300405.00,4.77,-4.24,-1.52,4.86
2026-03-10,34.46,35.04,35.04,34.38,21226,75416961.00,1.92,2.10,0.72,2.61
2026-03-11,35.07,35.75,36.94,35.07,25536,94073621.00,5.34,2.03,0.71,3.14
2026-03-12,35.74,35.43,35.77,35.22,11150,40287959.00,1.54,-0.90,-0.32,1.37
2026-03-13,35.20,35.75,36.25,35.20,9459,34505116.00,2.96,0.90,0.32,1.16
2026-03-16,35.75,35.73,35.92,35.24,9884,35825673.00,1.90,-0.06,-0.02,1.22
2026-03-17,35.77,35.68,36.30,35.52,12836,46901904.00,2.18,-0.14,-0.05,1.58
2026-03-18,35.75,35.81,35.88,35.37,6254,22730295.00,1.43,0.36,0.13,0.77
2026-03-19,35.30,34.29,35.64,34.16,9489,33607376.00,4.13,-4.24,-1.52,1.17
2026-03-20,34.35,33.99,34.84,33.88,7173,25181154.00,2.80,-0.87,-0.30,0.88
2026-03-23,33.73,32.13,33.73,32.01,13050,43622678.00,5.06,-5.47,-1.86,1.61
2026-03-24,32.80,32.60,32.80,31.60,13791,45286977.00,3.73,1.46,0.47,1.70
2026-03-25,32.58,33.30,33.57,32.56,9936,33689290.00,3.10,2.15,0.70,1.22
2026-03-26,33.31,32.29,33.67,32.02,12278,40909165.00,4.95,-3.03,-1.01,1.51
2026-03-27,31.80,32.38,32.66,31.77,12755,42227890.00,2.76,0.28,0.09,1.57
2026-03-30,32.50,31.88,32.65,31.57,15268,49825392.00,3.34,-1.54,-0.50,1.88
2026-03-31,31.96,31.90,32.89,31.76,12848,42353021.00,3.54,0.06,0.02,1.58
2026-04-01,32.44,32.90,32.90,32.17,9776,32548985.00,2.29,3.13,1.00,1.20
2026-04-02,32.68,32.00,32.89,31.80,8183,26919739.00,3.31,-2.74,-0.90,1.01
2026-04-03,32.00,31.30,32.19,31.24,5505,17770299.00,2.97,-2.19,-0.70,0.68
2026-04-07,31.30,31.80,32.10,31.30,6555,21335646.00,2.56,1.60,0.50,0.81
2026-04-08,32.63,33.48,33.59,31.87,14376,48456557.00,5.41,5.28,1.68,1.77
2026-04-09,33.34,32.65,33.52,32.55,7544,25296666.00,2.90,-2.48,-0.83,0.93
2026-04-10,32.90,33.27,33.69,32.72,8761,29887581.00,2.97,1.90,0.62,1.08
2026-04-13,33.30,33.40,33.60,32.97,8428,28674899.00,1.89,0.39,0.13,1.04
2026-04-14,33.42,33.13,33.60,32.90,8045,27226690.00,2.10,-0.81,-0.27,0.99
2026-04-15,33.30,32.55,33.37,32.40,12149,40530740.00,2.93,-1.75,-0.58,1.50
2026-04-16,32.63,33.22,33.33,32.41,11714,39552988.00,2.83,2.06,0.67,1.44
2026-04-17,33.24,33.56,33.95,32.99,21965,75060209.00,2.89,1.02,0.34,2.70
2026-04-20,33.44,34.30,34.38,33.11,18146,62766390.00,3.78,2.21,0.74,2.23
2026-04-21,34.01,34.44,34.45,33.93,10055,35111855.00,1.52,0.41,0.14,1.24
2026-04-22,34.58,34.24,34.58,33.93,6743,23502067.00,1.89,-0.58,-0.20,0.83
2026-04-23,34.12,33.56,34.22,33.28,10288,35267753.00,2.75,-1.99,-0.68,1.27
2026-04-24,33.50,33.90,34.47,32.11,22778,77546648.00,7.03,1.01,0.34,2.80
2026-04-27,33.69,34.36,34.74,32.82,27661,95492690.00,5.66,1.36,0.46,3.40
2026-04-28,33.80,34.98,35.13,32.64,37592,130860636.00,7.25,1.80,0.62,4.63
2026-04-29,34.61,35.20,35.50,33.60,37757,133282781.00,5.43,0.63,0.22,4.65
2026-04-30,35.20,36.62,37.71,34.84,42756,159823962.00,8.15,4.03,1.42,5.26
2026-05-06,37.08,37.43,37.96,35.87,35005,132397210.00,5.71,2.21,0.81,4.31
2026-05-07,37.46,37.41,37.88,36.90,22965,87355013.00,2.62,-0.05,-0.02,2.83
2026-05-08,37.33,38.28,38.62,37.12,22643,87758818.00,4.01,2.33,0.87,2.79
2026-05-11,38.60,38.32,38.79,37.79,20584,80198217.00,2.61,0.10,0.04,2.53
2026-05-12,38.05,37.36,38.65,37.15,18496,70893331.00,3.91,-2.51,-0.96,2.28
2026-05-13,37.01,37.36,37.84,36.90,14571,55498424.00,2.52,0.00,0.00,1.79
2026-05-14,37.29,38.38,38.74,37.10,22039,85346139.00,4.39,2.73,1.02,2.71
2026-05-15,38.23,38.46,38.83,37.79,14878,57996822.00,2.71,0.21,0.08,1.83
2026-05-18,38.31,37.72,38.34,37.17,14033,53622802.00,3.04,-1.92,-0.74,1.73
2026-05-19,37.74,37.34,38.40,37.10,12512,47751149.00,3.45,-1.01,-0.38,1.54
2026-05-20,37.34,37.60,37.96,36.92,12124,46207959.00,2.79,0.70,0.26,1.49
2026-05-21,37.80,36.59,38.45,36.30,15602,59744225.00,5.72,-2.69,-1.01,1.92
2026-05-22,36.57,36.32,36.90,36.06,10498,39059817.00,2.30,-0.74,-0.27,1.29
2026-05-25,36.55,37.07,37.18,35.60,14175,52791149.00,4.35,2.06,0.75,1.74
2026-05-26,36.69,36.47,37.53,35.88,9139,34052802.00,4.45,-1.62,-0.60,1.12
2026-05-27,36.01,35.70,36.72,35.50,9853,36033558.00,3.35,-2.11,-0.77,1.21
2026-05-28,35.49,35.81,36.16,35.27,7951,28914032.00,2.49,0.31,0.11,0.98
2026-05-29,35.85,34.56,36.21,34.40,8994,32086333.00,5.05,-3.49,-1.25,1.11
2026-06-01,34.57,34.63,35.41,34.18,6990,24810524.00,3.56,0.20,0.07,0.86
2026-06-02,34.62,33.82,34.68,33.64,5700,19762091.00,3.00,-2.34,-0.81,0.70
2026-06-03,33.83,33.30,34.15,32.94,6837,23386497.00,3.58,-1.54,-0.52,0.84
2026-06-04,33.28,32.86,33.32,32.51,6824,22934654.00,2.43,-1.32,-0.44,0.84
2026-06-05,33.01,33.63,34.34,32.56,10750,36913882.00,5.42,2.34,0.77,1.32
2026-06-08,32.60,32.26,33.66,31.89,11032,36736879.00,5.26,-4.07,-1.37,1.36
2026-06-09,32.61,32.77,33.71,32.31,8290,27235798.00,4.34,1.58,0.51,1.02
2026-06-10,32.18,32.26,32.77,31.85,7732,24908296.00,2.81,-1.56,-0.51,0.95
2026-06-11,31.85,31.59,32.29,31.32,5460,17270909.00,3.01,-2.08,-0.67,0.67
2026-06-12,31.92,31.47,32.57,31.30,8482,27074060.00,4.02,-0.38,-0.12,1.04
2026-06-15,31.79,33.52,33.99,31.64,14438,47899286.00,7.47,6.51,2.05,1.78
2026-06-16,33.45,33.38,34.28,33.04,9388,31555312.00,3.70,-0.42,-0.14,1.16
2026-06-17,33.39,32.84,33.46,32.69,6011,19825144.00,2.31,-1.62,-0.54,0.74
2026-06-18,32.51,32.20,32.84,32.05,5540,17908530.00,2.41,-1.95,-0.64,0.68
2026-06-22,31.99,30.81,32.25,30.02,16381,50099844.00,6.93,-4.32,-1.39,2.02
2026-06-23,30.87,31.64,32.24,30.84,10089,31953532.00,4.54,2.69,0.83,1.24
2026-06-24,31.64,31.19,31.74,30.41,10189,31457641.00,4.20,-1.42,-0.45,1.25
2026-06-25,30.40,30.05,31.16,29.71,9498,28713023.00,4.65,-3.66,-1.14,1.17
2026-06-26,29.75,30.73,31.80,29.20,20543,63852938.00,8.65,2.26,0.68,2.53
2026-06-29,30.72,30.41,31.29,29.45,13065,39691164.00,5.99,-1.04,-0.32,1.61
2026-06-30,30.41,30.18,30.87,29.72,8339,25093606.00,3.78,-0.76,-0.23,1.03
2026-07-01,30.15,30.20,31.00,29.51,11546,34912045.00,4.94,0.07,0.02,1.42
2026-07-02,31.60,31.74,32.78,30.63,23269,73763190.31,7.12,5.10,1.54,2.86